2	1.01488	13	0.25372	-10	1000	36.1799	0.13682	0.05133	72.7186
3	1.06441	13	0.266102	-10	1000	36.629	0.13056	0.05759	69.3914
1	1.11597	13	0.278992	-10	1000	36.8967	0.13705	0.0511	72.8408
4	1.15322	13	0.288305	-10	1000	36.9559	0.13686	0.05129	72.7398
2	1.20542	13	0.301355	-10	1000	36.6092	0.1363	0.0523	72.2694
3	1.25569	13	0.313922	-10	1000	36.8712	0.13453	0.05407	71.3309
1	1.30348	13	0.32587	-10	1000	37.056	0.13596	0.05264	72.0891
4	1.34577	13	0.336443	-10	1000	37.1226	0.13612	0.05248	72.1739
2	1.39617	13	0.349043	-10	1000	36.9701	0.13544	0.05385	71.5516
3	1.44465	13	0.361163	-10	1000	37.0737	0.13571	0.05358	71.6942
1	1.49197	13	0.372993	-10	1000	37.1294	0.13516	0.05413	71.4037
4	1.53786	13	0.384465	-10	1000	37.1814	0.13565	0.05364	71.6625
2	1.58682	13	0.396705	-10	1000	37.1326	0.13504	0.05511	71.0176
3	1.63352	13	0.40838	-10	1000	37.1407	0.13537	0.05478	71.1912
1	1.68194	13	0.420485	-10	1000	37.0804	0.13498	0.05517	70.9861
4	1.72979	13	0.432448	-10	1000	37.1169	0.13568	0.05447	71.3542
2	1.77813	13	0.444533	-10	1000	37.1133	0.13517	0.05622	70.6254
3	1.8247	13	0.456175	-10	1000	37.0836	0.13564	0.05575	70.871
1	1.87361	13	0.468403	-10	1000	36.9935	0.13526	0.05613	70.6724
4	1.92241	13	0.480603	-10	1000	37.0025	0.13602	0.05537	71.0695
2	1.97063	13	0.492658	-10	1000	37.0075	0.13554	0.05745	70.2316
3	2.01809	13	0.504523	-10	1000	36.9643	0.13616	0.05683	70.5529
1	2.06709	13	0.516773	-10	1000	36.8937	0.13575	0.05724	70.3404
4	2.11634	13	0.529085	-10	1000	36.8703	0.1365	0.05649	70.7291
2	2.16475	13	0.541188	-10	1000	36.867	0.13604	0.05869	69.8608
3	2.21348	13	0.55337	-10	1000	36.8161	0.13678	0.05795	70.2408
1	2.26239	13	0.565598	-10	1000	36.7799	0.13632	0.05841	70.0046
4	2.31211	13	0.578028	-10	1000	36.7264	0.13709	0.05764	70.4
2	2.36076	13	0.59019	-10	1000	36.7179	0.13662	0.05993	69.509
3	2.41076	13	0.60269	-10	1000	36.6556	0.13744	0.05911	69.9262
1	2.45955	13	0.614888	-10	1000	36.6505	0.13693	0.05962	69.6668
4	2.50999	13	0.627498	-10	1000	36.5723	0.13774	0.05881	70.0789
2	2.55879	13	0.639698	-10	1000	36.5698	0.13724	0.06123	69.149
3	2.60994	13	0.652485	-10	1000	36.49	0.13812	0.06035	69.5924
1	2.65867	13	0.664668	-10	1000	36.5085	0.13758	0.06089	69.3203
4	2.7101	13	0.677525	-10	1000	36.409	0.13845	0.06002	69.7587
2	2.75892	13	0.68973	-10	1000	36.4231	0.1379	0.06263	68.7678
3	2.81119	13	0.702798	-10	1000	36.3209	0.13884	0.06169	69.2365
1	2.85987	13	0.714968	-10	1000	36.3586	0.13825	0.06228	68.9423
4	2.91248	13	0.72812	-10	1000	36.2387	0.13919	0.06134	69.4111
2	2.96125	13	0.740313	-10	1000	36.2752	0.1386	0.06411	68.3735
3	3.01464	13	0.75366	-10	1000	36.1479	0.13958	0.06313	68.857
1	3.06329	13	0.765823	-10	1000	36.2029	0.13896	0.06375	68.5511
4	3.11721	13	0.779303	-10	1000	36.0613	0.13997	0.06274	69.0494
2	3.16585	13	0.791463	-10	1000	36.1229	0.13932	0.0657	67.9543
3	3.2205	13	0.805125	-10	1000	35.9689	0.14037	0.06465	68.4665
1	3.26905	13	0.817263	-10	1000	36.0437	0.1397	0.06532	68.1397
4	3.32439	13	0.831098	-10	1000	35.8774	0.14079	0.06423	68.6713
2	3.37287	13	0.843218	-10	1000	35.965	0.14009	0.06737	67.5263
3	3.42891	13	0.857228	-10	1000	35.7824	0.1412	0.06626	68.0613
1	3.4773	13	0.869325	-10	1000	35.8798	0.14049	0.06697	67.7191
4	3.53419	13	0.883548	-10	1000	35.6852	0.14165	0.06581	68.2782
2	3.58243	13	0.895608	-10	1000	35.7992	0.1409	0.06918	67.0697
3	3.64007	13	0.910018	-10	1000	35.5865	0.14209	0.06799	67.6361
1	3.68822	13	0.922055	-10	1000	35.71	0.14133	0.06875	67.2744
4	3.74679	13	0.936698	-10	1000	35.4833	0.14257	0.06751	67.8646
2	3.79476	13	0.94869	-10	1000	35.6237	0.14178	0.07111	66.5978
3	3.85419	13	0.963548	-10	1000	35.3793	0.14305	0.06984	67.1943
1	3.90202	13	0.975505	-10	1000	35.532	0.14224	0.07065	66.8138
4	3.96244	13	0.99061	-10	1000	35.2704	0.14356	0.06933	67.4339
2	4.01006	13	1.00252	-10	1000	35.4385	0.14272	0.07319	66.1016
3	4.07151	13	1.01788	-10	1000	35.1592	0.14409	0.07182	66.7361
1	4.11891	13	1.02973	-10	1000	35.3429	0.14322	0.07269	66.3332
4	4.18142	13	1.04536	-10	1000	35.044	0.14463	0.07128	66.9862
2	4.2286	13	1.05715	-10	1000	35.2419	0.14374	0.07547	65.5718
3	4.29228	13	1.07307	-10	1000	34.9239	0.14521	0.074	66.2424
1	4.3392	13	1.0848	-10	1000	35.1388	0.1443	0.07491	65.8273
4	4.40408	13	1.10102	-10	1000	34.7993	0.14582	0.07339	66.5207
2	4.45072	13	1.11268	-10	1000	35.0292	0.14488	0.07797	65.0123
3	4.51693	13	1.12923	-10	1000	34.6693	0.14646	0.07639	65.7213
1	4.56325	13	1.14081	-10	1000	34.9172	0.1455	0.07735	65.2906
4	4.63083	13	1.15771	-10	1000	34.5338	0.14714	0.07571	66.0265
2	4.67682	13	1.1692	-10	1000	34.7972	0.14616	0.08075	64.4132
3	4.74591	13	1.18648	-10	1000	34.3912	0.14786	0.07905	65.1624
1	4.79152	13	1.19788	-10	1000	34.6724	0.14686	0.08005	64.7217
4	4.86219	13	1.21555	-10	1000	34.2417	0.14862	0.07829	65.4973
2	4.90741	13	1.22685	-10	1000	34.5392	0.14761	0.08389	63.7624
3	4.9798	13	1.24495	-10	1000	34.0833	0.14944	0.08206	64.5529
1	5.02458	13	1.25614	-10	1000	34.3979	0.14842	0.08308	64.1123
4	5.09884	13	1.27471	-10	1000	33.9159	0.15033	0.08117	64.9374
2	5.14313	13	1.28578	-10	1000	34.2478	0.14929	0.08748	63.0528
3	5.21939	13	1.30485	-10	1000	33.7384	0.15128	0.08549	63.8932
1	5.26316	13	1.31579	-10	1000	34.0862	0.15023	0.08654	63.4498
4	5.3416	13	1.3354	-10	1000	33.5504	0.15231	0.08446	64.3283
2	5.3848	13	1.3462	-10	1000	33.9154	0.15125	0.09163	62.2736
3	5.46555	13	1.36639	-10	1000	33.3509	0.15342	0.08946	63.167
1	5.50817	13	1.37704	-10	1000	33.7296	0.15236	0.09052	62.7306
4	5.59146	13	1.39786	-10	1000	33.1371	0.15463	0.08825	63.6652
2	5.63342	13	1.40835	-10	1000	33.5297	0.15357	0.09645	61.4231
3	5.71946	13	1.42986	-10	1000	32.9095	0.15595	0.09407	62.375
1	5.76073	13	1.44018	-10	1000	33.3143	0.1549	0.09512	61.955
4	5.84975	13	1.46244	-10	1000	32.6659	0.1574	0.09262	62.955
2	5.89027	13	1.47257	-10	1000	33.0795	0.15636	0.10212	60.4921
3	5.98257	13	1.49564	-10	1000	32.4036	0.15899	0.09949	61.5096
1	6.02229	13	1.50557	-10	1000	32.8235	0.15798	0.1005	61.1188
4	6.11816	13	1.52954	-10	1000	32.1222	0.16075	0.09773	62.1905
2	6.15703	13	1.53926	-10	1000	32.5447	0.15978	0.10889	59.4707
3	6.2568	13	1.5642	-10	1000	31.8191	0.1627	0.10597	60.5576
1	6.29475	13	1.57369	-10	1000	32.2377	0.16177	0.1069	60.2114
4	6.39885	13	1.59971	-10	1000	31.4942	0.16488	0.10379	61.369
2	6.4358	13	1.60895	-10	1000	31.9068	0.16399	0.11705	58.3511
3	6.54457	13	1.63614	-10	1000	31.1445	0.16729	0.11375	59.5253
1	6.58048	13	1.64512	-10	1000	31.5361	0.16646	0.11458	59.23
4	6.69452	13	1.67363	-10	1000	30.7705	0.17001	0.11103	60.4932
2	6.72926	13	1.68231	-10	1000	31.1441	0.16923	0.12692	57.1433
3	6.8489	13	1.71222	-10	1000	30.3686	0.17301	0.12314	58.4197
1	6.8825	13	1.72062	-10	1000	30.693	0.17233	0.12382	58.1901
4	7.00864	13	1.75216	-10	1000	29.9423	0.17647	0.11968	59.588
2	7.04083	13	1.76021	-10	1000	30.2405	0.17582	0.13891	55.8638
3	7.17361	13	1.7934	-10	1000	29.4826	0.1802	0.13453	57.2554
1	7.20459	13	1.80115	-10	1000	29.6735	0.17969	0.13504	57.0934
4	7.3457	13	1.83642	-10	1000	29.036	0.1847	0.13003	58.6852
2	7.37475	13	1.84369	-10	1000	29.2857	0.18402	0.15318	54.573
3	7.52203	13	1.88051	-10	1000	28.4387	0.1887	0.1485	55.9609
1	7.5509	13	1.88772	-10	1000	28.1066	0.1888	0.1484	55.9905
4	7.71082	13	1.9277	-10	1000	28.325	0.19288	0.14432	57.2005
2	7.73711	13	1.93428	-10	1000	29.1946	0.19414	0.16378	54.2412
3	7.87764	13	1.96941	-10	1000	26.3585	0.1906	0.16732	53.2521
1	7.905	13	1.97625	-10	1000	23.7401	0.18498	0.17294	51.6819
4	7.97861	13	1.99465	-10	1000	27.5523	0.10096	0.25696	28.2074
2	8.06583	13	2.01646	-10	1000	30.4601	0.16082	0.11684	57.9198
3	8.11172	13	2.02793	-10	1000	28.9179	0.18876	0.0889	67.9824
1	8.17049	13	2.04262	-10	1000	24.6705	0.17281	0.10485	62.238
4	8.23314	13	2.05828	-10	1000	27.8318	0.12141	0.15625	43.7261
2	8.31428	13	2.07857	-10	1000	30.1385	0.14378	0.11039	56.5684
3	8.3731	13	2.09327	-10	1000	28.2347	0.19591	0.05826	77.0783
1	8.44123	13	2.11031	-10	1000	24.0259	0.18938	0.06479	74.5092
4	8.57174	13	2.14293	-10	1000	26.9669	0.19863	0.05554	78.1485
2	8.62453	13	2.15613	-10	1000	27.7274	0.18329	0.16555	52.5427
3	8.70375	13	2.17594	-10	1000	29.5999	0.14818	0.20066	42.4779
1	8.76388	13	2.19097	-10	1000	31.2567	0.16319	0.18565	46.7808
4	8.82238	13	2.20559	-10	1000	32.1092	0.16369	0.18515	46.9241
2	8.8732	13	2.2183	-10	1000	42.3466	0.15107	0.12144	55.4365
3	8.89556	13	2.22389	-10	1000	42.0377	0.07318	0.19933	26.8541
1	8.90624	13	2.22656	-10	1000	41.8741	0.03304	0.23947	12.1243
2	8.93903	13	2.23476	-10	1000	43.6739	0.03652	0.23599	13.4013
4	8.93903	13	2.23476	-10	1000	43.6739	0.06582	0.20669	24.1532
1	8.93908	13	2.23477	-10	1000	43.6698	3e-05	0.06582	0.0455581
3	8.93911	13	2.23478	-10	1000	43.6726	9e-05	0.06576	0.136674
2	8.95774	13	2.23943	-10	1000	44.2803	0.01867	1e-05	99.9465
1	8.96532	13	2.24133	-10	1000	45.5394	0.00759	0.01109	40.6317
4	8.96532	13	2.24133	-10	1000	45.5394	0.02622	-0.00754	140.364
2	9.00728	13	2.25182	-10	1000	56.1299	0.04194	0.0076	84.6589
3	9.02393	13	2.25598	-10	1000	55.0196	0.05862	-0.00908	118.329
