0	29.92	1	-1	0	inf
0.01	29.9217	1	0.01	-1	100
0.126	33.6686	3	-1	0.126	100
0.129	33.624	2	-1	0.129	100
0.129	33.624	4	-1	0.129	100
0.136	32.9719	3	0.01	-1	100
0.139	32.7544	2	0.01	-1	100
0.139	32.7544	4	0.01	-1	100
0.14	32.7833	1	-1	0.13	100
0.15	32.6743	1	0.01	-1	7.14286
0.253	35.1519	3	-1	0.117	7.14286
0.261	34.9945	2	-1	0.122	7.14286
0.261	34.9945	4	-1	0.122	7.14286
0.263	34.7939	3	0.01	-1	7.14286
0.271	36.6297	2	0.01	-1	7.14286
0.271	36.6297	4	0.01	-1	7.14286
0.272	36.6431	1	-1	0.122	7.14286
0.282	36.393	1	0.01	-1	7.57576
0.368	37.4406	3	-1	0.105	7.57576
0.378	37.1683	3	0.01	-1	7.57576
0.384	37.2352	2	-1	0.113	7.57576
0.384	37.2352	4	-1	0.113	7.57576
0.394	39.9251	2	0.01	-1	7.57576
0.394	39.9251	4	0.01	-1	7.57576
0.395	39.9252	1	-1	0.113	7.57576
0.405	39.56	1	0.01	-1	8.13008
0.48	39.6602	3	-1	0.102	8.13008
0.49	39.314	3	0.01	-1	8.13008
0.499	39.3361	4	-1	0.105	8.13008
0.5	39.295	2	-1	0.106	8.13008
0.51	42.2928	2	0.01	-1	8.13008
0.51	42.2928	4	0.011	-1	8.13008
0.511	42.2833	1	-1	0.106	8.13008
0.521	41.8386	1	0.01	-1	8.62069
0.586	41.3929	3	-1	0.096	8.62069
0.596	40.9864	3	0.01	-1	8.62069
0.61	40.927	4	-1	0.1	8.62069
0.611	40.8784	2	-1	0.101	8.62069
0.62	43.3346	4	0.01	-1	8.62069
0.621	43.276	2	0.01	-1	8.62069
0.621	43.276	1	-1	0.1	8.62069
0.621	43.276	3	-1	0.025	8.62069
0.631	42.0474	1	0.01	-1	9.09091
0.631	42.0474	3	0.01	-1	9.09091
0.718	41.4078	3	-1	0.087	9.09091
0.722	41.2379	4	-1	0.102	9.09091
0.728	40.8555	3	0.01	-1	9.09091
0.729	40.8087	1	-1	0.098	9.09091
0.729	40.8087	2	-1	0.108	9.09091
0.732	40.4312	4	0.01	-1	9.09091
0.739	40.4337	1	0.01	-1	9.25926
0.739	40.4337	2	0.01	-1	9.25926
0.828	40.2922	3	-1	0.1	9.25926
0.836	39.9732	4	-1	0.104	9.25926
0.838	39.7251	3	0.01	-1	9.25926
0.84	39.6463	1	-1	0.101	9.25926
0.846	39.4319	4	0.01	-1	9.25926
0.847	39.3947	2	-1	0.108	9.25926
0.85	39.4394	1	0.01	-1	9.00901
0.857	39.1746	2	0.01	-1	9.00901
0.942	39.4127	4	-1	0.096	9.00901
0.943	39.3762	3	-1	0.105	9.00901
0.952	37.6	4	0.01	-1	9.00901
0.953	37.5684	3	0.01	-1	9.00901
0.955	37.5878	1	-1	0.105	9.00901
0.957	37.5246	4	-1	0.005	9.00901
0.965	37.4215	1	0.01	-1	8.69565
0.966	37.3932	2	-1	0.109	8.69565
0.968	37.1943	4	0.011	-1	8.69565
0.976	36.9755	2	0.01	-1	8.69565
1.065	37.8798	3	-1	0.112	8.69565
1.076	37.5193	3	0.011	-1	8.69565
1.076	37.5193	1	-1	0.111	8.69565
1.076	37.5193	4	-1	0.108	8.69565
1.087	37.078	1	0.011	-1	8.19672
1.087	37.078	4	0.011	-1	8.19672
1.088	37.0896	2	-1	0.112	8.19672
1.099	36.8029	2	0.011	-1	8.19672
1.188	37.7566	3	-1	0.112	8.19672
1.196	37.4985	4	-1	0.109	8.19672
1.199	37.1217	3	0.011	-1	8.19672
1.2	37.0949	1	-1	0.113	8.19672
1.2	37.0949	3	-1	0.001	8.19672
1.207	36.3324	4	0.011	-1	8.19672
1.211	36.2446	1	0.011	-1	8.06452
1.211	36.2446	3	0.011	-1	8.06452
1.212	36.2595	2	-1	0.113	8.06452
1.223	36.0103	2	0.011	-1	8.06452
1.318	37.2679	4	-1	0.111	8.06452
1.325	37.0717	1	-1	0.114	8.06452
1.325	37.0717	3	-1	0.114	8.06452
1.329	36.6386	4	0.011	-1	8.06452
1.336	35.2452	1	0.011	-1	8
1.336	35.2452	3	0.011	-1	8
1.337	35.2641	2	-1	0.114	8
1.348	35.0477	2	0.011	-1	8
1.443	36.6135	4	-1	0.114	8
1.452	36.3879	1	-1	0.116	8
1.452	36.3879	3	-1	0.116	8
1.454	36.1756	4	0.011	-1	8
1.463	37.9639	1	0.011	-1	7.87402
1.463	37.9639	3	0.011	-1	7.87402
1.464	37.9719	2	-1	0.116	7.87402
1.475	37.6433	2	0.011	-1	7.87402
1.558	38.305	4	-1	0.104	7.87402
1.569	37.9694	4	0.011	-1	7.87402
1.573	38.0014	1	-1	0.11	7.87402
1.573	38.0014	3	-1	0.11	7.87402
1.584	40.8303	1	0.011	-1	8.26446
1.584	40.8303	3	0.011	-1	8.26446
1.585	40.8268	2	-1	0.11	8.26446
1.596	40.3878	2	0.011	-1	8.26446
1.669	40.2761	4	-1	0.1	8.26446
1.68	39.8685	4	0.011	-1	8.26446
1.688	39.8709	1	-1	0.104	8.26446
1.688	39.8709	3	-1	0.104	8.26446
1.699	43.0258	1	0.011	-1	8.69565
1.699	43.0258	3	0.011	-1	8.69565
1.7	43.0134	2	-1	0.104	8.69565
1.711	42.4927	2	0.011	-1	8.69565
1.775	41.907	4	-1	0.095	8.69565
1.786	41.4376	4	0.011	-1	8.69565
1.798	41.3657	3	-1	0.099	8.69565
1.799	41.3155	1	-1	0.1	8.69565
1.809	44.079	3	0.011	-1	8.69565
1.81	44.0175	1	0.011	-1	9.00901
1.81	44.0175	2	-1	0.099	9.00901
1.81	44.0175	4	-1	0.024	9.00901
1.821	42.6143	2	0.011	-1	9.00901
1.821	42.6143	4	0.011	-1	9.00901
1.906	41.8243	4	-1	0.085	9.00901
1.91	41.6476	1	-1	0.1	9.00901
1.91	41.6476	3	-1	0.101	9.00901
1.917	40.7495	4	0.011	-1	9.00901
1.921	39.4651	1	0.011	-1	9.00901
1.921	39.4651	3	0.011	-1	9.00901
1.922	39.467	2	-1	0.101	9.00901
1.933	39.0913	2	0.011	-1	9.00901
2.02	39.3467	4	-1	0.103	9.00901
2.028	39.0592	1	-1	0.107	9.00901
2.028	39.0592	3	-1	0.107	9.00901
2.031	38.7093	4	0.011	-1	9.00901
2.039	36.2489	1	0.011	-1	8.47458
2.039	36.2489	3	0.011	-1	8.47458
2.04	36.2639	2	-1	0.107	8.47458
2.051	36.0061	2	0.011	-1	8.47458
2.143	37.2364	4	-1	0.112	8.47458
2.152	36.9789	1	-1	0.113	8.47458
2.152	36.9789	3	-1	0.113	8.47458
2.154	36.7642	4	0.011	-1	8.47458
2.163	34.7614	1	0.011	-1	8.06452
2.163	34.7614	3	0.011	-1	8.06452
2.164	34.7821	2	-1	0.113	8.06452
2.175	34.5784	2	0.011	-1	8.06452
2.27	36.2946	4	-1	0.116	8.06452
2.28	36.0556	1	-1	0.117	8.06452
2.28	36.0556	3	-1	0.117	8.06452
2.282	35.8462	4	0.012	-1	8.06452
2.291	37.9086	1	0.011	-1	7.8125
2.291	37.9086	3	0.011	-1	7.8125
2.292	37.9168	2	-1	0.117	7.8125
2.303	37.5896	2	0.011	-1	7.8125
2.385	38.2599	4	-1	0.103	7.8125
2.396	37.9277	4	0.011	-1	7.8125
2.401	37.9684	1	-1	0.11	7.8125
2.401	37.9684	3	-1	0.11	7.8125
2.412	40.9395	1	0.011	-1	8.26446
2.412	40.9395	3	0.011	-1	8.26446
2.413	40.9355	2	-1	0.11	8.26446
2.424	40.4935	2	0.011	-1	8.26446
2.496	40.3548	4	-1	0.1	8.26446
2.507	39.9465	4	0.011	-1	8.26446
2.516	39.9461	1	-1	0.104	8.26446
2.516	39.9461	3	-1	0.104	8.26446
2.527	43.2354	1	0.011	-1	8.69565
2.527	43.2354	3	0.011	-1	8.69565
2.528	43.2222	2	-1	0.104	8.69565
2.539	42.6951	2	0.011	-1	8.69565
2.601	42.0784	4	-1	0.094	8.69565
2.612	41.6037	4	0.011	-1	8.69565
2.626	41.5105	3	-1	0.099	8.69565
2.627	41.4595	1	-1	0.1	8.69565
2.637	44.2338	3	0.011	-1	8.69565
2.638	44.1714	1	0.011	-1	9.00901
2.638	44.1714	2	-1	0.099	9.00901
2.638	44.1714	4	-1	0.026	9.00901
2.649	42.747	2	0.011	-1	9.00901
2.649	42.747	4	0.011	-1	9.00901
2.733	41.9236	4	-1	0.084	9.00901
2.738	41.702	1	-1	0.1	9.00901
2.738	41.702	3	-1	0.101	9.00901
2.744	40.9284	4	0.011	-1	9.00901
2.749	39.5864	1	0.011	-1	9.00901
2.749	39.5864	3	0.011	-1	9.00901
2.75	39.5877	2	-1	0.101	9.00901
2.761	39.2086	2	0.011	-1	9.00901
2.846	39.4239	4	-1	0.102	9.00901
2.856	39.0623	1	-1	0.107	9.00901
2.856	39.0623	3	-1	0.107	9.00901
2.858	38.8289	4	0.012	-1	9.00901
2.867	36.0747	1	0.011	-1	8.47458
2.867	36.0747	3	0.011	-1	8.47458
2.868	36.0903	2	-1	0.107	8.47458
2.879	35.8393	2	0.011	-1	8.47458
2.97	37.1097	4	-1	0.112	8.47458
2.98	36.8278	1	-1	0.113	8.47458
2.98	36.8278	3	-1	0.113	8.47458
2.982	36.6147	4	0.012	-1	8.47458
2.991	34.5322	1	0.011	-1	8.06452
2.991	34.5322	3	0.011	-1	8.06452
2.992	34.5538	2	-1	0.113	8.06452
3.003	34.3582	2	0.011	-1	8.06452
3.098	36.1444	4	-1	0.116	8.06452
3.108	35.9096	1	-1	0.117	8.06452
3.108	35.9096	3	-1	0.117	8.06452
3.11	35.7017	4	0.012	-1	8.06452
3.119	37.6743	1	0.011	-1	7.8125
3.119	37.6743	3	0.011	-1	7.8125
3.12	37.6834	2	-1	0.117	7.8125
3.131	37.3646	2	0.011	-1	7.8125
3.213	38.0984	4	-1	0.103	7.8125
3.224	37.7739	4	0.011	-1	7.8125
3.229	37.8176	1	-1	0.11	7.8125
3.23	37.7841	3	-1	0.111	7.8125
3.24	40.5753	1	0.011	-1	8.26446
3.241	40.5296	3	0.011	-1	8.26446
3.241	40.5296	2	-1	0.11	8.26446
3.252	40.1061	2	0.011	-1	8.26446
3.324	40.0635	4	-1	0.1	8.26446
3.335	39.6685	4	0.011	-1	8.26446
3.344	39.6778	3	-1	0.103	8.26446
3.345	39.635	1	-1	0.105	8.26446
3.355	42.6228	3	0.011	-1	8.26446
3.356	42.5677	1	0.011	-1	8.62069
3.356	42.5677	2	-1	0.104	8.62069
3.356	42.5677	4	-1	0.021	8.62069
3.367	41.2198	2	0.011	-1	8.62069
3.367	41.2198	4	0.011	-1	8.62069
3.455	40.8257	4	-1	0.088	8.62069
3.459	40.6638	1	-1	0.103	8.62069
3.459	40.6638	3	-1	0.104	8.62069
3.466	39.7952	4	0.011	-1	8.62069
3.47	38.5173	1	0.011	-1	8.77193
3.47	38.5173	3	0.011	-1	8.77193
3.471	38.5231	2	-1	0.104	8.77193
3.482	38.1852	2	0.011	-1	8.77193
3.571	38.7191	4	-1	0.105	8.77193
3.579	38.4509	1	-1	0.109	8.77193
3.579	38.4509	3	-1	0.109	8.77193
3.582	38.1085	4	0.011	-1	8.77193
3.59	35.7586	1	0.011	-1	8.33333
3.59	35.7586	3	0.011	-1	8.33333
3.591	35.7755	2	-1	0.109	8.33333
3.602	35.5385	2	0.011	-1	8.33333
3.695	36.925	4	-1	0.113	8.33333
3.704	36.6817	1	-1	0.114	8.33333
3.704	36.6817	3	-1	0.114	8.33333
3.706	36.4686	4	0.011	-1	8.33333
3.715	35.534	1	0.011	-1	8
3.715	35.534	3	0.011	-1	8
3.716	35.5515	2	-1	0.114	8
3.727	35.3187	2	0.011	-1	8
3.816	36.7211	4	-1	0.11	8
3.827	36.4484	4	0.011	-1	8
3.83	36.4907	1	-1	0.115	8
3.831	36.4632	3	-1	0.116	8
3.841	39.041	1	0.011	-1	7.93651
3.842	39.0023	3	0.011	-1	7.93651
3.842	39.0023	2	-1	0.115	7.93651
3.853	38.6371	2	0.011	-1	7.93651
3.929	38.9839	4	-1	0.102	7.93651
3.94	38.6304	4	0.011	-1	7.93651
3.949	38.6772	1	-1	0.108	7.93651
3.949	38.6772	3	-1	0.107	7.93651
3.96	41.9841	1	0.011	-1	8.40336
3.96	41.9841	3	0.011	-1	8.40336
3.961	41.9759	2	-1	0.108	8.40336
3.972	41.4986	2	0.011	-1	8.40336
4.037	41.1325	4	-1	0.097	8.40336
4.047	40.7366	4	0.01	-1	8.40336
4.061	40.691	3	-1	0.101	8.40336
4.062	40.6433	1	-1	0.102	8.40336
4.071	43.2446	3	0.01	-1	8.40336
4.072	43.1863	1	0.01	-1	8.92857
4.072	43.1863	2	-1	0.1	8.92857
4.072	43.1863	4	-1	0.025	8.92857
4.082	41.9009	2	0.01	-1	8.92857
4.082	41.9009	4	0.01	-1	8.92857
4.167	41.3132	4	-1	0.085	8.92857
4.174	41.0215	1	-1	0.102	8.92857
4.174	41.0215	3	-1	0.103	8.92857
4.177	40.6405	4	0.01	-1	8.92857
4.184	40.264	1	0.01	-1	8.92857
4.184	40.264	3	0.01	-1	8.92857
4.185	40.2626	2	-1	0.103	8.92857
4.195	39.8919	2	0.01	-1	8.92857
4.278	39.9087	4	-1	0.101	8.92857
4.288	39.5289	4	0.01	-1	8.92857
4.29	39.5325	1	-1	0.106	8.92857
4.29	39.5325	3	-1	0.106	8.92857
4.3	36.7455	1	0.01	-1	8.62069
4.3	36.7455	3	0.01	-1	8.62069
4.301	36.7584	2	-1	0.106	8.62069
4.311	36.5042	2	0.01	-1	8.62069
4.398	37.5314	4	-1	0.11	8.62069
4.408	37.2371	4	0.01	-1	8.62069
4.412	37.281	1	-1	0.112	8.62069
4.412	37.281	3	-1	0.112	8.62069
4.422	36.1967	1	0.01	-1	8.19672
4.422	36.1967	3	0.01	-1	8.19672
4.423	36.2115	2	-1	0.112	8.19672
4.433	35.9722	2	0.01	-1	8.19672
4.52	37.1555	4	-1	0.112	8.19672
4.53	36.8898	4	0.01	-1	8.19672
4.536	36.9635	1	-1	0.114	8.19672
4.536	36.9635	3	-1	0.114	8.19672
4.546	39.5336	1	0.01	-1	8.06452
4.546	39.5336	3	0.01	-1	8.06452
4.547	39.5352	2	-1	0.114	8.06452
4.557	39.1811	2	0.01	-1	8.06452
4.632	39.3826	4	-1	0.102	8.06452
4.642	39.0464	4	0.01	-1	8.06452
4.652	39.0819	3	-1	0.106	8.06452
4.653	39.0419	1	-1	0.107	8.06452
4.662	41.8311	3	0.01	-1	8.06452
4.663	41.7795	1	0.01	-1	8.54701
4.663	41.7795	2	-1	0.106	8.54701
4.663	41.7795	4	-1	0.021	8.54701
4.673	40.514	2	0.01	-1	8.54701
4.673	40.514	4	0.01	-1	8.54701
4.761	40.3325	4	-1	0.088	8.54701
4.767	40.1028	3	-1	0.105	8.54701
4.771	39.8111	4	0.01	-1	8.54701
4.772	39.7689	1	-1	0.109	8.54701
4.772	39.7689	2	-1	0.099	8.54701
4.777	39.1641	3	0.01	-1	8.54701
4.782	39.1799	1	0.01	-1	8.40336
4.782	39.1799	2	0.01	-1	8.40336
4.874	39.421	4	-1	0.103	8.40336
4.884	39.0603	4	0.01	-1	8.40336
4.884	39.0603	3	-1	0.107	8.40336
4.885	39.0232	2	-1	0.103	8.40336
4.894	38.7914	3	0.01	-1	8.40336
4.895	38.7569	2	0.01	-1	8.40336
4.895	38.7569	1	-1	0.113	8.40336
4.905	38.4051	1	0.01	-1	8.13008
4.99	38.8649	4	-1	0.106	8.13008
5	38.509	4	0.01	-1	8.13008
5.001	38.515	2	-1	0.106	8.13008
5.001	38.515	3	-1	0.107	8.13008
5.011	37.9495	2	0.01	-1	8.13008
5.011	37.9495	3	0.01	-1	8.13008
5.012	37.9577	1	-1	0.107	8.13008
5.022	37.6541	1	0.01	-1	8.54701
5.11	38.3492	4	-1	0.11	8.54701
5.118	38.0709	3	-1	0.107	8.54701
5.12	37.8247	4	0.01	-1	8.54701
5.121	37.7954	2	-1	0.11	8.54701
5.121	37.7954	4	-1	0.001	8.54701
5.128	37.0114	3	0.01	-1	8.54701
5.131	36.9509	2	0.01	-1	8.54701
5.131	36.9509	4	0.01	-1	8.54701
5.132	36.9629	1	-1	0.11	8.54701
5.142	36.7113	1	0.01	-1	8.33333
5.236	37.7335	3	-1	0.108	8.33333
5.244	37.5031	2	-1	0.113	8.33333
5.244	37.5031	4	-1	0.113	8.33333
5.246	37.2801	3	0.01	-1	8.33333
5.254	38.9272	2	0.01	-1	8.33333
5.254	38.9272	4	0.01	-1	8.33333
5.255	38.9314	1	-1	0.113	8.33333
5.265	38.6006	1	0.01	-1	8.13008
5.35	38.9976	3	-1	0.104	8.13008
5.36	38.6587	3	0.01	-1	8.13008
5.362	38.6692	2	-1	0.108	8.13008
5.362	38.6692	4	-1	0.108	8.13008
5.372	39.9891	2	0.01	-1	8.13008
5.372	39.9891	4	0.01	-1	8.13008
5.373	39.989	1	-1	0.108	8.13008
5.383	39.6145	1	0.01	-1	8.47458
5.462	39.7115	3	-1	0.102	8.47458
5.472	39.3533	3	0.01	-1	8.47458
5.477	39.3656	2	-1	0.105	8.47458
5.477	39.3656	4	-1	0.105	8.47458
5.487	41.8583	2	0.01	-1	8.47458
5.487	41.8583	4	0.01	-1	8.47458
5.488	41.8507	1	-1	0.105	8.47458
5.498	41.4126	1	0.01	-1	8.69565
5.57	41.0444	3	-1	0.098	8.69565
5.58	40.6429	3	0.01	-1	8.69565
5.588	40.6208	4	-1	0.101	8.69565
5.589	40.5747	2	-1	0.102	8.69565
5.598	43.0011	4	0.01	-1	8.69565
5.599	42.9449	2	0.01	-1	8.69565
5.599	42.9449	1	-1	0.101	8.69565
5.599	42.9449	3	-1	0.019	8.69565
5.609	41.7643	1	0.01	-1	9.00901
5.609	41.7643	3	0.01	-1	9.00901
5.698	41.2107	3	-1	0.089	9.00901
5.7	41.1258	4	-1	0.102	9.00901
5.708	40.6586	3	0.01	-1	9.00901
5.709	40.6135	1	-1	0.1	9.00901
5.709	40.6135	2	-1	0.11	9.00901
5.711	40.3643	4	0.011	-1	9.00901
5.719	40.3651	1	0.01	-1	9.09091
5.719	40.3651	2	0.01	-1	9.09091
5.809	40.2481	3	-1	0.101	9.09091
5.815	40.0075	4	-1	0.104	9.09091
5.819	39.5085	3	0.01	-1	9.09091
5.82	39.4702	1	-1	0.101	9.09091
5.825	39.2393	4	0.01	-1	9.09091
5.826	39.2026	2	-1	0.107	9.09091
5.83	39.2366	1	0.01	-1	9.00901
5.836	39.0154	2	0.01	-1	9.00901
5.924	39.3079	3	-1	0.105	9.00901
5.924	39.3079	4	-1	0.099	9.00901
5.934	37.5405	3	0.01	-1	9.00901
5.934	37.5405	4	0.01	-1	9.00901
5.936	37.5601	1	-1	0.106	9.00901
5.938	37.4975	4	-1	0.004	9.00901
5.946	37.4742	1	0.01	-1	8.62069
5.947	37.4455	2	-1	0.111	8.62069
5.949	37.2628	4	0.011	-1	8.62069
5.957	37.0404	2	0.01	-1	8.62069
6.045	37.9181	3	-1	0.111	8.62069
6.055	37.5932	3	0.01	-1	8.62069
6.057	37.6124	1	-1	0.111	8.62069
6.058	37.5803	4	-1	0.109	8.62069
6.067	37.3078	1	0.01	-1	8.26446
6.068	37.2801	4	0.01	-1	8.26446
6.068	37.2801	2	-1	0.111	8.26446
6.078	37.007	2	0.01	-1	8.26446
6.166	37.8939	3	-1	0.111	8.26446
6.176	37.5717	3	0.01	-1	8.26446
6.177	37.5814	4	-1	0.109	8.26446
6.178	37.5524	1	-1	0.111	8.26446
6.187	37.1504	4	0.01	-1	8.26446
6.188	37.1205	1	0.01	-1	8.26446
6.188	37.1205	2	-1	0.11	8.26446
6.198	36.8514	2	0.01	-1	8.26446
6.287	37.7947	3	-1	0.111	8.26446
6.297	37.4826	3	0.01	-1	8.26446
6.297	37.4826	4	-1	0.11	8.26446
6.299	37.4243	1	-1	0.111	8.26446
6.307	37.0091	4	0.01	-1	8.26446
6.308	36.9804	2	-1	0.11	8.26446
6.308	36.9804	4	-1	0.001	8.26446
6.31	36.7663	1	0.011	-1	8.19672
6.318	36.5526	2	0.01	-1	8.19672
6.318	36.5526	4	0.01	-1	8.19672
6.407	37.5833	3	-1	0.11	8.19672
6.417	37.3041	3	0.01	-1	8.19672
6.419	37.3256	1	-1	0.109	8.19672
6.424	37.1888	4	-1	0.106	8.19672
6.429	36.9557	1	0.01	-1	8.40336
6.43	36.9262	2	-1	0.112	8.40336
6.434	36.8825	4	0.01	-1	8.40336
6.44	36.7055	2	0.01	-1	8.40336
6.525	37.6411	3	-1	0.108	8.40336
6.535	37.3752	3	0.01	-1	8.40336
6.535	37.3752	1	-1	0.106	8.40336
6.545	37.1168	1	0.01	-1	8.62069
6.548	37.1504	4	-1	0.114	8.62069
6.553	36.9909	2	-1	0.113	8.62069
6.558	36.8896	4	0.01	-1	8.62069
6.563	36.7331	2	0.01	-1	8.62069
6.641	37.5792	3	-1	0.106	8.62069
6.65	37.3469	1	-1	0.105	8.62069
6.652	37.1331	3	0.011	-1	8.62069
6.66	36.9364	1	0.01	-1	8.69565
6.674	37.0958	4	-1	0.116	8.69565
6.677	36.9979	2	-1	0.114	8.69565
6.684	36.7323	4	0.01	-1	8.69565
6.687	36.6381	2	0.01	-1	8.69565
6.759	37.4482	3	-1	0.107	8.69565
6.765	37.2947	1	-1	0.105	8.69565
6.769	36.9126	3	0.01	-1	8.69565
6.775	36.7672	1	0.01	-1	8.69565
6.8	37.0593	4	-1	0.116	8.69565
6.802	36.995	2	-1	0.115	8.69565
6.81	36.5322	4	0.01	-1	8.69565
6.812	36.4716	2	0.01	-1	8.69565
6.877	37.2583	3	-1	0.108	8.69565
6.882	37.1301	1	-1	0.107	8.69565
6.887	36.7522	3	0.01	-1	8.69565
6.892	36.6289	1	0.01	-1	8.54701
6.926	37.0417	4	-1	0.116	8.54701
6.927	37.011	2	-1	0.115	8.54701
6.936	36.3539	4	0.01	-1	8.54701
6.937	36.3255	2	0.01	-1	8.54701
6.996	37.0875	3	-1	0.109	8.54701
7.001	36.9567	1	-1	0.109	8.54701
7.006	36.6537	3	0.01	-1	8.54701
7.011	36.5266	1	0.01	-1	8.40336
7.05	37.0194	4	-1	0.114	8.40336
7.051	36.9904	2	-1	0.114	8.40336
7.06	36.3072	4	0.01	-1	8.40336
7.061	36.2802	2	0.01	-1	8.40336
7.117	37.0199	3	-1	0.111	8.40336
7.122	36.8855	1	-1	0.111	8.40336
7.127	36.5877	3	0.01	-1	8.40336
7.132	36.4574	1	0.01	-1	8.26446
7.173	36.9888	4	-1	0.113	8.26446
7.174	36.9608	2	-1	0.113	8.26446
7.183	36.3524	4	0.01	-1	8.26446
7.184	36.3259	2	0.01	-1	8.26446
7.239	37.0435	3	-1	0.112	8.26446
7.244	36.9066	1	-1	0.112	8.26446
7.249	36.544	3	0.01	-1	8.26446
7.254	36.4132	1	0.01	-1	8.19672
7.296	36.9649	4	-1	0.113	8.19672
7.297	36.937	2	-1	0.113	8.19672
7.306	36.4901	4	0.01	-1	8.19672
7.307	36.4629	2	0.01	-1	8.19672
7.361	37.1408	3	-1	0.112	8.19672
7.366	37.0045	1	-1	0.112	8.19672
7.371	36.5506	3	0.01	-1	8.19672
7.376	36.4223	1	0.01	-1	8.19672
7.419	36.9839	4	-1	0.113	8.19672
7.42	36.9552	2	-1	0.113	8.19672
7.429	36.7054	4	0.01	-1	8.19672
7.43	36.6765	2	0.01	-1	8.19672
7.482	37.2902	3	-1	0.111	8.19672
7.486	37.1829	1	-1	0.11	8.19672
7.492	36.5641	3	0.01	-1	8.19672
7.496	36.4648	1	0.01	-1	8.33333
7.543	37.0605	2	-1	0.113	8.33333
7.543	37.0605	4	-1	0.114	8.33333
7.553	36.9352	2	0.01	-1	8.33333
7.553	36.9352	4	0.01	-1	8.33333
7.601	37.4549	3	-1	0.109	8.33333
7.604	37.3754	1	-1	0.108	8.33333
7.611	36.6069	3	0.01	-1	8.33333
7.614	36.5343	1	0.01	-1	8.47458
7.667	37.1738	2	-1	0.114	8.47458
7.668	37.1419	3	-1	0.057	8.47458
7.668	37.1419	4	-1	0.115	8.47458
7.677	36.1512	2	0.01	-1	8.47458
7.678	35.4667	3	0.01	-1	8.47458
7.678	35.4667	4	0.01	-1	8.47458
7.723	36.2039	1	-1	0.109	8.47458
7.733	35.986	1	0.01	-1	8.40336
7.789	36.7823	3	-1	0.111	8.40336
7.794	36.6564	2	-1	0.117	8.40336
7.799	36.7141	3	0.01	-1	8.40336
7.8	36.6855	3	-1	0.001	8.40336
7.8	36.6855	4	-1	0.122	8.40336
7.804	36.2538	2	0.01	-1	8.40336
7.81	32.9049	3	0.01	-1	8.40336
7.81	32.9049	4	0.01	-1	8.40336
7.847	33.8813	1	-1	0.114	8.40336
7.857	33.7436	1	0.01	-1	8.06452
7.926	35.2511	2	-1	0.122	8.06452
7.927	35.2285	3	-1	0.117	8.06452
7.936	35.7752	2	0.01	-1	8.06452
7.937	35.7535	3	0.01	-1	8.06452
7.937	35.7535	4	-1	0.127	8.06452
7.947	35.5104	4	0.01	-1	8.06452
7.973	35.9533	1	-1	0.116	8.06452
7.983	35.7365	1	0.01	-1	7.93651
8.049	36.7224	3	-1	0.112	7.93651
8.052	36.647	2	-1	0.116	7.93651
8.06	37.1548	3	0.011	-1	7.93651
8.061	37.1245	3	-1	0.001	7.93651
8.063	37.3058	2	0.011	-1	7.93651
8.064	37.2782	4	-1	0.117	7.93651
8.072	33.6153	3	0.011	-1	7.93651
8.075	33.5661	4	0.011	-1	7.93651
8.096	34.0823	1	-1	0.113	7.93651
8.107	33.9281	1	0.011	-1	8.06452
8.172	35.3131	3	-1	0.1	8.06452
8.183	35.1168	3	0.011	-1	8.06452
8.184	35.1362	2	-1	0.121	8.06452
8.185	35.1125	3	-1	0.002	8.06452
8.195	36.8972	2	0.011	-1	8.06452
8.196	36.8725	3	0.011	-1	8.06452
8.197	36.8847	4	-1	0.122	8.06452
8.208	36.548	4	0.011	-1	8.06452
8.219	36.6943	1	-1	0.112	8.06452
8.23	36.4453	1	0.011	-1	8.13008
8.294	37.2247	3	-1	0.098	8.13008
8.305	36.9583	3	0.011	-1	8.13008
8.309	37.0049	2	-1	0.114	8.13008
8.31	36.9722	3	-1	0.005	8.13008
8.32	39.0167	2	0.011	-1	8.13008
8.321	38.9846	3	0.011	-1	8.13008
8.324	38.9953	4	-1	0.116	8.13008
8.334	38.5917	1	-1	0.104	8.13008
8.336	38.1533	4	0.012	-1	8.13008
8.345	37.9049	1	0.011	-1	8.69565
8.415	38.3808	3	-1	0.094	8.69565
8.426	38.0683	3	0.011	-1	8.69565
8.43	38.0967	2	-1	0.11	8.69565
8.431	38.0591	3	-1	0.005	8.69565
8.441	40.4005	2	0.011	-1	8.69565
8.442	40.3632	3	0.011	-1	8.69565
8.446	40.3553	1	-1	0.101	8.69565
8.449	40.2442	4	-1	0.113	8.69565
8.457	38.3872	1	0.011	-1	8.92857
8.46	38.2716	4	0.011	-1	8.92857
8.533	38.675	3	-1	0.091	8.92857
8.544	38.3519	3	0.011	-1	8.92857
8.55	38.3876	2	-1	0.109	8.92857
8.551	38.3487	4	-1	0.091	8.92857
8.561	41.1643	2	0.011	-1	8.92857
8.562	41.1133	4	0.011	-1	8.92857
8.562	41.1133	1	-1	0.105	8.92857
8.573	40.6884	1	0.011	-1	8.62069
8.641	40.4823	3	-1	0.097	8.62069
8.652	40.0771	3	0.011	-1	8.62069
8.664	40.0663	4	-1	0.102	8.62069
8.666	39.9756	2	-1	0.105	8.62069
8.675	41.9155	4	0.011	-1	8.62069
8.676	41.8624	1	-1	0.103	8.62069
8.676	41.8624	3	-1	0.024	8.62069
8.678	41.6185	2	0.012	-1	8.62069
8.687	40.8171	1	0.011	-1	8.77193
8.687	40.8171	3	0.011	-1	8.77193
8.779	40.5295	4	-1	0.104	8.77193
8.783	40.3511	2	-1	0.105	8.77193
8.783	40.3511	3	-1	0.096	8.77193
8.79	39.4925	4	0.011	-1	8.77193
8.794	39.4538	2	0.011	-1	8.77193
8.794	39.4538	3	0.011	-1	8.77193
8.795	39.4558	1	-1	0.108	8.77193
8.806	39.0717	1	0.011	-1	8.40336
8.892	39.3384	4	-1	0.102	8.40336
8.898	39.1178	3	-1	0.104	8.40336
8.903	38.3772	4	0.011	-1	8.40336
8.904	38.3434	2	-1	0.11	8.40336
8.904	38.3434	4	-1	0.001	8.40336
8.909	37.7824	3	0.011	-1	8.40336
8.915	37.1143	2	0.011	-1	8.40336
8.915	37.1143	4	0.011	-1	8.40336
8.916	37.1258	1	-1	0.11	8.40336
8.927	36.8178	1	0.011	-1	8.26446
9.017	37.7798	4	-1	0.102	8.26446
9.021	37.6642	3	-1	0.112	8.26446
9.028	36.4801	4	0.011	-1	8.26446
9.029	36.452	2	-1	0.114	8.26446
9.029	36.452	4	-1	0.001	8.26446
9.032	36.1423	3	0.011	-1	8.26446
9.04	34.3545	2	0.011	-1	8.26446
9.04	34.3545	4	0.011	-1	8.26446
9.041	34.377	1	-1	0.114	8.26446
9.052	34.1697	1	0.011	-1	8
9.152	36.0835	3	-1	0.12	8
9.154	36.0296	2	-1	0.114	8
9.163	36.6953	3	0.011	-1	8
9.164	36.6707	3	-1	0.001	8
9.164	36.6707	4	-1	0.124	8
9.166	36.4621	2	0.012	-1	8
9.175	34.4141	3	0.011	-1	8
9.175	34.4141	4	0.011	-1	8
9.176	34.4355	1	-1	0.124	8
9.187	34.2158	1	0.011	-1	7.40741
9.273	35.8916	3	-1	0.098	7.40741
9.282	35.6806	2	-1	0.116	7.40741
9.284	36.0604	3	0.011	-1	7.40741
9.285	36.0363	3	-1	0.001	7.40741
9.293	37.8806	2	0.011	-1	7.40741
9.294	37.8486	4	-1	0.119	7.40741
9.296	37.1616	3	0.011	-1	7.40741
9.305	36.9021	4	0.011	-1	7.40741
9.305	36.9021	1	-1	0.118	7.40741
9.316	36.6115	1	0.011	-1	7.75194
9.382	37.3968	3	-1	0.086	7.75194
9.393	37.1139	3	0.011	-1	7.75194
9.405	37.2481	2	-1	0.112	7.75194
9.406	37.2153	3	-1	0.013	7.75194
9.416	40.662	2	0.011	-1	7.75194
9.417	40.6228	3	0.011	-1	7.75194
9.418	40.6199	4	-1	0.113	7.75194
9.422	40.4341	1	-1	0.106	7.75194
9.429	39.072	4	0.011	-1	7.75194
9.433	38.9444	1	0.011	-1	8.54701
9.495	39.1498	3	-1	0.078	8.54701
9.506	38.8236	3	0.011	-1	8.54701
9.521	38.8822	2	-1	0.105	8.54701
9.522	38.8391	4	-1	0.093	8.54701
9.532	42.9855	2	0.011	-1	8.54701
9.533	42.9246	4	0.011	-1	8.54701
9.533	42.9246	1	-1	0.1	8.54701
9.544	42.4409	1	0.011	-1	9.00901
9.599	41.8901	3	-1	0.093	9.00901
9.61	41.455	3	0.011	-1	9.00901
9.632	41.3036	1	-1	0.088	9.00901
9.632	41.3036	2	-1	0.1	9.00901
9.643	46.0611	1	0.011	-1	10.101
9.643	46.0611	2	0.011	-1	10.101
9.644	46.0354	4	-1	0.111	10.101
9.655	45.2421	4	0.011	-1	10.101
9.698	44.358	3	-1	0.088	10.101
9.709	43.8122	3	0.011	-1	10.101
9.727	43.5251	1	-1	0.084	10.101
9.729	43.4305	4	-1	0.074	10.101
9.738	43.0451	1	0.011	-1	10.5263
9.739	42.9844	2	-1	0.096	10.5263
9.741	42.7784	4	0.012	-1	10.5263
9.75	42.2565	2	0.011	-1	10.5263
9.8	41.7942	3	-1	0.091	10.5263
9.811	41.3371	3	0.011	-1	10.5263
9.831	41.2171	1	-1	0.093	10.5263
9.832	41.1765	4	-1	0.091	10.5263
9.842	40.9708	1	0.011	-1	9.61538
9.843	40.9217	4	0.011	-1	9.61538
9.854	40.8745	2	-1	0.104	9.61538
9.865	40.3589	2	0.011	-1	9.61538
9.909	40.2866	3	-1	0.098	9.61538
9.92	39.8606	3	0.011	-1	9.61538
9.942	39.8684	1	-1	0.1	9.61538
9.943	39.8296	4	-1	0.1	9.61538
9.953	39.8889	1	0.011	-1	9.00901
9.954	39.8489	4	0.011	-1	9.00901
9.97	39.8574	2	-1	0.105	9.00901
9.981	39.4334	2	0.011	-1	9.00901
