0	50.4471	1	0	0	inf
0	50.4471	4	0	0	inf
0.001	50.3704	1	0.001	0	1000
0.029	47.1649	2	0	0.029	1000
0.032	46.7862	4	0.032	0	1000
0.069	43.1019	3	0	0.069	1000
0.072	42.7928	2	0.043	0	1000
0.111	39.5701	1	0	0.11	1000
0.114	39.2733	3	0.045	0	1000
0.147	36.9701	4	0	0.115	1000
0.152	36.5923	1	0.041	0	6.62252
0.195	34.1095	2	0	0.123	6.62252
0.197	33.9677	4	0.05	0	6.62252
0.228	32.4491	3	0	0.114	6.62252
0.234	32.0968	2	0.039	0	6.62252
0.286	30.0567	1	0	0.134	6.62252
0.289	29.8926	3	0.061	0	6.62252
0.314	29.0691	4	0	0.117	6.62252
0.322	28.7485	1	0.036	0	5.88235
0.374	27.4023	2	0	0.14	5.88235
0.377	27.2729	4	0.063	0	5.88235
0.401	26.7498	3	0	0.112	5.88235
0.41	26.4664	2	0.036	0	5.88235
0.469	25.52	1	0	0.147	5.88235
0.472	25.4157	3	0.071	0	5.88235
0.492	25.1424	4	0	0.115	5.88235
0.502	24.9177	1	0.033	0	5.55556
0.561	24.3739	2	0	0.151	5.55556
0.564	24.2879	4	0.072	0	5.55556
0.583	24.1324	3	0	0.111	5.55556
0.595	23.9265	2	0.034	0	5.55556
0.657	23.6589	1	0	0.155	5.55556
0.66	23.5802	3	0.077	0	5.55556
0.677	23.5082	4	0	0.113	5.55556
0.69	23.35	1	0.033	0	5.31915
0.751	23.2929	2	0	0.156	5.31915
0.754	23.2252	4	0.077	0	5.31915
0.771	23.1996	3	0	0.111	5.31915
0.785	23.0649	2	0.034	0	5.31915
0.847	23.1518	1	0	0.157	5.31915
0.85	23.0833	3	0.079	0	5.31915
0.866	23.089	4	0	0.112	5.31915
0.881	22.986	1	0.034	0	5.2356
0.942	23.1716	2	0	0.157	5.2356
0.945	23.1092	4	0.079	0	5.2356
0.961	23.135	3	0	0.111	5.2356
0.977	23.0497	2	0.035	0	5.2356
1.037	23.2978	1	0	0.156	5.2356
1.04	23.232	3	0.079	0	5.2356
1.056	23.2729	4	0	0.111	5.2356
1.073	23.2079	1	0.036	0	5.20833
1.132	23.499	2	0	0.155	5.20833
1.135	23.4355	4	0.079	0	5.20833
1.151	23.4858	3	0	0.111	5.20833
1.168	23.4101	2	0.036	0	5.20833
1.227	23.7383	1	0	0.154	5.20833
1.23	23.6744	3	0.079	0	5.20833
1.246	23.7334	4	0	0.111	5.20833
1.263	23.6723	1	0.036	0	5.26316
1.321	24.0183	2	0	0.153	5.26316
1.324	23.953	4	0.078	0	5.26316
1.34	24.0166	3	0	0.11	5.26316
1.358	23.9698	2	0.037	0	5.26316
1.414	24.3186	1	0	0.151	5.26316
1.417	24.2514	3	0.077	0	5.26316
1.434	24.327	4	0	0.11	5.26316
1.452	24.2924	1	0.038	0	5.29101
1.508	24.6517	2	0	0.15	5.29101
1.511	24.583	4	0.077	0	5.29101
1.528	24.6616	3	0	0.111	5.29101
1.546	24.6412	2	0.038	0	5.29101
1.6	24.9915	1	0	0.148	5.29101
1.603	24.9209	3	0.075	0	5.29101
1.62	24.998	4	0	0.109	5.29101
1.639	24.9503	1	0.039	0	5.34759
1.693	25.3125	2	0	0.147	5.34759
1.696	25.2408	4	0.076	0	5.34759
1.713	25.3215	3	0	0.11	5.34759
1.732	25.2926	2	0.039	0	5.34759
1.784	25.6456	1	0	0.145	5.34759
1.787	25.5724	3	0.074	0	5.34759
1.805	25.663	4	0	0.109	5.34759
1.824	25.6405	1	0.04	0	5.40541
1.876	25.9965	2	0	0.144	5.40541
1.88	25.9125	4	0.075	0	5.40541
1.898	26.0044	3	0	0.111	5.40541
1.917	26.0447	2	0.041	0	5.40541
1.966	26.3657	1	0	0.142	5.40541
1.97	26.2552	3	0.072	0	5.40541
1.988	26.3455	4	0	0.108	5.40541
2.008	26.3277	1	0.042	0	5.43478
2.057	26.6679	2	0	0.14	5.43478
2.061	26.5758	4	0.073	0	5.43478
2.079	26.6678	3	0	0.109	5.43478
2.099	26.67	2	0.042	0	5.43478
2.147	27.003	1	0	0.139	5.43478
2.151	26.8955	3	0.072	0	5.43478
2.169	26.9889	4	0	0.108	5.43478
2.19	26.9959	1	0.043	0	5.49451
2.237	27.3279	2	0	0.138	5.49451
2.241	27.2226	4	0.072	0	5.49451
2.259	27.3176	3	0	0.108	5.49451
2.28	27.3166	2	0.043	0	5.49451
2.326	27.6482	1	0	0.136	5.49451
2.33	27.5437	3	0.071	0	5.49451
2.349	27.6501	4	0	0.108	5.49451
2.37	27.6879	1	0.044	0	5.55556
2.415	28.0066	2	0	0.135	5.55556
2.419	27.8904	4	0.07	0	5.55556
2.438	27.9979	3	0	0.108	5.55556
2.459	28.0248	2	0.044	0	5.55556
2.503	28.3415	1	0	0.133	5.55556
2.507	28.2346	3	0.069	0	5.55556
2.526	28.3388	4	0	0.107	5.55556
2.547	28.3197	1	0.044	0	5.64972
2.592	28.6515	2	0	0.133	5.64972
2.596	28.5344	4	0.07	0	5.64972
2.614	28.6333	3	0	0.107	5.64972
2.636	28.6479	2	0.044	0	5.64972
2.678	28.9599	1	0	0.131	5.64972
2.682	28.8464	3	0.068	0	5.64972
2.702	28.9673	4	0	0.106	5.64972
2.723	28.9879	1	0.045	0	5.68182
2.767	29.317	2	0	0.131	5.68182
2.771	29.1971	4	0.069	0	5.68182
2.79	29.3096	3	0	0.108	5.68182
2.811	29.3523	2	0.044	0	5.68182
2.852	29.6542	1	0	0.129	5.68182
2.856	29.5344	3	0.066	0	5.68182
2.876	29.6544	4	0	0.105	5.68182
2.897	29.6594	1	0.045	0	5.74713
2.939	29.9754	2	0	0.128	5.74713
2.943	29.8537	4	0.067	0	5.74713
2.962	29.9646	3	0	0.106	5.74713
2.984	29.9926	2	0.045	0	5.74713
3.024	30.2926	1	0	0.127	5.74713
3.028	30.1668	3	0.066	0	5.74713
3.048	30.2898	4	0	0.105	5.74713
3.07	30.3339	1	0.046	0	5.78035
3.11	30.6341	2	0	0.126	5.78035
3.114	30.5064	4	0.066	0	5.78035
3.133	30.6163	3	0	0.105	5.78035
3.156	30.6296	2	0.046	0	5.78035
3.195	30.9278	1	0	0.125	5.78035
3.199	30.7985	3	0.066	0	5.78035
3.219	30.924	4	0	0.105	5.78035
3.241	30.9557	1	0.046	0	5.84795
3.28	31.256	2	0	0.124	5.84795
3.284	31.1257	4	0.065	0	5.84795
3.303	31.2381	3	0	0.104	5.84795
3.326	31.2355	2	0.046	0	5.84795
3.364	31.5348	1	0	0.123	5.84795
3.368	31.4023	3	0.065	0	5.84795
3.388	31.5319	4	0	0.104	5.84795
3.41	31.5523	1	0.046	0	5.91716
3.448	31.8546	2	0	0.122	5.91716
3.452	31.7223	4	0.064	0	5.91716
3.472	31.8527	3	0	0.104	5.91716
3.494	31.8867	2	0.046	0	5.91716
3.532	32.1882	1	0	0.122	5.91716
3.536	32.0506	3	0.064	0	5.91716
3.555	32.1681	4	0	0.103	5.91716
3.578	32.176	1	0.046	0	5.95238
3.614	32.4657	2	0	0.12	5.95238
3.618	32.3298	4	0.063	0	5.95238
3.638	32.4611	3	0	0.102	5.95238
3.661	32.4814	2	0.047	0	5.95238
3.698	32.783	1	0	0.12	5.95238
3.702	32.6417	3	0.064	0	5.95238
3.721	32.763	4	0	0.103	5.95238
3.744	32.7564	1	0.046	0	6.0241
3.78	33.057	2	0	0.119	6.0241
3.784	32.9193	4	0.063	0	6.0241
3.804	33.0566	3	0	0.102	6.0241
3.826	33.0653	2	0.046	0	6.0241
3.862	33.3678	1	0	0.118	6.0241
3.866	33.2257	3	0.062	0	6.0241
3.885	33.3501	4	0	0.101	6.0241
3.908	33.3235	1	0.046	0	6.09756
3.943	33.6252	2	0	0.117	6.09756
3.947	33.4836	4	0.062	0	6.09756
3.966	33.6113	3	0	0.1	6.09756
3.99	33.6121	2	0.047	0	6.09756
4.024	33.9078	1	0	0.116	6.09756
4.028	33.7622	3	0.062	0	6.09756
4.048	33.9068	4	0	0.101	6.09756
4.071	33.9226	1	0.047	0	6.13497
4.106	34.2302	2	0	0.116	6.13497
4.11	34.0837	4	0.062	0	6.13497
4.129	34.2157	3	0	0.101	6.13497
4.152	34.202	2	0.046	0	6.13497
4.186	34.5054	1	0	0.115	6.13497
4.19	34.36	3	0.061	0	6.13497
4.209	34.4927	4	0	0.099	6.13497
4.233	34.4929	1	0.047	0	6.17284
4.266	34.7883	2	0	0.114	6.17284
4.27	34.6363	4	0.061	0	6.17284
4.289	34.7715	3	0	0.099	6.17284
4.313	34.7404	2	0.047	0	6.17284
4.346	35.0461	1	0	0.113	6.17284
4.35	34.8992	3	0.061	0	6.17284
4.369	35.0377	4	0	0.099	6.17284
4.393	35.0242	1	0.047	0	6.25
4.426	35.3327	2	0	0.113	6.25
4.43	35.1788	4	0.061	0	6.25
4.449	35.3215	3	0	0.099	6.25
4.473	35.3379	2	0.047	0	6.25
4.505	35.6364	1	0	0.112	6.25
4.509	35.4833	3	0.06	0	6.25
4.528	35.6245	4	0	0.098	6.25
4.552	35.5948	1	0.047	0	6.28931
4.584	35.9004	2	0	0.111	6.28931
4.588	35.7466	4	0.06	0	6.28931
4.607	35.8918	3	0	0.098	6.28931
4.631	35.8844	2	0.047	0	6.28931
4.663	36.1923	1	0	0.111	6.28931
4.667	36.0354	3	0.06	0	6.28931
4.686	36.1832	4	0	0.098	6.28931
4.71	36.2044	1	0.047	0	6.32911
4.741	36.5004	2	0	0.11	6.32911
4.745	36.3421	4	0.059	0	6.32911
4.764	36.488	3	0	0.097	6.32911
4.788	36.4575	2	0.047	0	6.32911
4.819	36.7604	1	0	0.109	6.32911
4.823	36.6019	3	0.059	0	6.32911
4.842	36.752	4	0	0.097	6.32911
4.866	36.7493	1	0.047	0	6.41026
4.896	37.0424	2	0	0.108	6.41026
4.9	36.8816	4	0.058	0	6.41026
4.919	37.0318	3	0	0.096	6.41026
4.943	36.9804	2	0.047	0	6.41026
4.974	37.2943	1	0	0.108	6.41026
4.978	37.1345	3	0.059	0	6.41026
4.996	37.274	4	0	0.096	6.41026
5.021	37.2582	1	0.047	0	6.45161
5.05	37.551	2	0	0.107	6.45161
5.054	37.3871	4	0.058	0	6.45161
5.073	37.544	3	0	0.095	6.45161
5.098	37.5412	2	0.048	0	6.45161
5.127	37.8361	1	0	0.106	6.45161
5.131	37.67	3	0.058	0	6.45161
5.15	37.8294	4	0	0.096	6.45161
5.174	37.7891	1	0.047	0	6.53595
5.204	38.1037	2	0	0.106	6.53595
5.208	37.9417	4	0.058	0	6.53595
5.226	38.0869	3	0	0.095	6.53595
5.251	38.0663	2	0.047	0	6.53595
5.279	38.3574	1	0	0.105	6.53595
5.284	38.1603	3	0.058	0	6.53595
5.303	38.3265	4	0	0.095	6.53595
5.327	38.3577	1	0.048	0	6.53595
5.355	38.6476	2	0	0.104	6.53595
5.36	38.4376	4	0.057	0	6.53595
5.378	38.5894	3	0	0.094	6.53595
5.403	38.5907	2	0.048	0	6.53595
5.43	38.8764	1	0	0.103	6.53595
5.435	38.6733	3	0.057	0	6.53595
5.454	38.8456	4	0	0.094	6.53595
5.478	38.8641	1	0.048	0	6.62252
5.506	39.1648	2	0	0.103	6.62252
5.511	38.9566	4	0.057	0	6.62252
5.529	39.1138	3	0	0.094	6.62252
5.553	39.0871	2	0.047	0	6.62252
5.58	39.3828	1	0	0.102	6.62252
5.585	39.1765	3	0.056	0	6.62252
5.603	39.3376	4	0	0.092	6.62252
5.628	39.3434	1	0.048	0	6.66667
5.655	39.6429	2	0	0.102	6.66667
5.66	39.4328	4	0.057	0	6.66667
5.678	39.5969	3	0	0.093	6.66667
5.702	39.5516	2	0.047	0	6.66667
5.729	39.8606	1	0	0.101	6.66667
5.734	39.6535	3	0.056	0	6.66667
5.752	39.8232	4	0	0.092	6.66667
5.776	39.8096	1	0.047	0	6.75676
5.803	40.1219	2	0	0.101	6.75676
5.808	39.9117	4	0.056	0	6.75676
5.826	40.0842	3	0	0.092	6.75676
5.85	40.0915	2	0.047	0	6.75676
5.876	40.3906	1	0	0.1	6.75676
5.881	40.1766	3	0.055	0	6.75676
5.899	40.3497	4	0	0.091	6.75676
5.923	40.3111	1	0.047	0	6.80272
5.95	40.6324	2	0	0.1	6.80272
5.955	40.4225	4	0.056	0	6.80272
5.972	40.5801	3	0	0.091	6.80272
5.997	40.5652	2	0.047	0	6.80272
6.022	40.8602	1	0	0.099	6.80272
6.027	40.6422	3	0.055	0	6.80272
6.045	40.8222	4	0	0.09	6.80272
6.07	40.8339	1	0.048	0	6.80272
6.096	41.1459	2	0	0.099	6.80272
6.101	40.9288	4	0.056	0	6.80272
6.118	41.0907	3	0	0.091	6.80272
6.143	41.0545	2	0.047	0	6.80272
6.168	41.3589	1	0	0.098	6.80272
6.173	41.1423	3	0.055	0	6.80272
6.191	41.3279	4	0	0.09	6.80272
6.215	41.3094	1	0.047	0	6.89655
6.241	41.6314	2	0	0.098	6.89655
6.246	41.4124	4	0.055	0	6.89655
6.263	41.5813	3	0	0.09	6.89655
6.288	41.5999	2	0.047	0	6.89655
6.312	41.8916	1	0	0.097	6.89655
6.317	41.669	3	0.054	0	6.89655
6.335	41.8567	4	0	0.089	6.89655
6.36	41.8836	1	0.048	0	6.89655
6.385	42.19	2	0	0.097	6.89655
6.39	41.9638	4	0.055	0	6.89655
6.407	42.1329	3	0	0.09	6.89655
6.432	42.1173	2	0.047	0	6.89655
6.456	42.4144	1	0	0.096	6.89655
6.461	42.1917	3	0.054	0	6.89655
6.478	42.3616	4	0	0.088	6.89655
6.503	42.28	1	0.047	0	6.99301
6.528	42.6034	2	0	0.096	6.99301
6.533	42.38	4	0.055	0	6.99301
6.55	42.5598	3	0	0.089	6.99301
6.574	42.525	2	0.046	0	6.99301
6.598	42.8367	1	0	0.095	6.99301
6.603	42.6145	3	0.053	0	6.99301
6.62	42.7944	4	0	0.087	6.99301
6.645	42.7692	1	0.047	0	7.04225
6.669	43.0829	2	0	0.095	7.04225
6.674	42.8533	4	0.054	0	7.04225
6.691	43.038	3	0	0.088	7.04225
6.716	43.0555	2	0.047	0	7.04225
6.739	43.3536	1	0	0.094	7.04225
6.744	43.1258	3	0.053	0	7.04225
6.761	43.3077	4	0	0.087	7.04225
6.786	43.2477	1	0.047	0	7.0922
6.81	43.5692	2	0	0.094	7.0922
6.815	43.3396	4	0.054	0	7.0922
6.831	43.5068	3	0	0.087	7.0922
6.856	43.414	2	0.046	0	7.0922
6.879	43.7302	1	0	0.093	7.0922
6.884	43.506	3	0.053	0	7.0922
6.901	43.7001	4	0	0.086	7.0922
6.926	43.7004	1	0.047	0	7.14286
6.949	44.0137	2	0	0.093	7.14286
6.954	43.7778	4	0.053	0	7.14286
6.97	43.9514	3	0	0.086	7.14286
6.996	43.9111	2	0.047	0	7.14286
7.018	44.2145	1	0	0.092	7.14286
7.023	43.9846	3	0.053	0	7.14286
7.04	44.1828	4	0	0.086	7.14286
7.065	44.1538	1	0.047	0	7.19424
7.088	44.4764	2	0	0.092	7.19424
7.093	44.2422	4	0.053	0	7.19424
7.109	44.421	3	0	0.086	7.19424
7.134	44.3432	2	0.046	0	7.19424
7.157	44.6737	1	0	0.092	7.19424
7.162	44.4422	3	0.053	0	7.19424
7.178	44.6263	4	0	0.085	7.19424
7.203	44.5831	1	0.046	0	7.24638
7.225	44.899	2	0	0.091	7.24638
7.23	44.6657	4	0.052	0	7.24638
7.246	44.8501	3	0	0.084	7.24638
7.272	44.8144	2	0.047	0	7.24638
7.294	45.1325	1	0	0.091	7.24638
7.299	44.8922	3	0.053	0	7.24638
7.315	45.082	4	0	0.085	7.24638
7.34	45.0151	1	0.046	0	7.29927
7.362	45.3413	2	0	0.09	7.29927
7.367	45.1116	4	0.052	0	7.29927
7.383	45.3018	3	0	0.084	7.29927
7.408	45.2281	2	0.046	0	7.29927
7.43	45.5568	1	0	0.09	7.29927
7.435	45.3155	3	0.052	0	7.29927
7.451	45.5134	4	0	0.084	7.29927
7.476	45.4997	1	0.046	0	7.35294
7.497	45.8114	2	0	0.089	7.35294
7.502	45.5759	4	0.051	0	7.35294
7.518	45.7699	3	0	0.083	7.35294
7.543	45.6646	2	0.046	0	7.35294
7.565	46.0024	1	0	0.089	7.35294
7.57	45.7634	3	0.052	0	7.35294
7.585	45.9412	4	0	0.083	7.35294
7.611	45.8854	1	0.046	0	7.40741
7.632	46.2083	2	0	0.089	7.40741
7.637	45.9682	4	0.052	0	7.40741
7.653	46.1732	3	0	0.083	7.40741
7.678	46.1378	2	0.046	0	7.40741
7.699	46.4619	1	0	0.088	7.40741
7.704	46.221	3	0.051	0	7.40741
7.72	46.4267	4	0	0.083	7.40741
7.745	46.4067	1	0.046	0	7.46269
7.766	46.7299	2	0	0.088	7.46269
7.771	46.4844	4	0.051	0	7.46269
7.786	46.6657	3	0	0.082	7.46269
7.812	46.5916	2	0.046	0	7.46269
7.833	46.9219	1	0	0.088	7.46269
7.838	46.6797	3	0.052	0	7.46269
7.853	46.8647	4	0	0.082	7.46269
7.879	46.8111	1	0.046	0	7.46269
7.899	47.1249	2	0	0.087	7.46269
7.904	46.8781	4	0.051	0	7.46269
7.919	47.0658	3	0	0.081	7.46269
7.945	46.9514	2	0.046	0	7.46269
7.966	47.2953	1	0	0.087	7.46269
7.971	47.0533	3	0.052	0	7.46269
7.986	47.2486	4	0	0.082	7.46269
8.011	47.1742	1	0.045	0	7.57576
8.032	47.521	2	0	0.087	7.57576
8.037	47.2772	4	0.051	0	7.57576
8.052	47.4748	3	0	0.081	7.57576
8.077	47.4199	2	0.045	0	7.57576
8.097	47.7473	1	0	0.086	7.57576
8.102	47.4997	3	0.05	0	7.57576
8.117	47.6984	4	0	0.08	7.57576
8.143	47.6705	1	0.046	0	7.57576
8.163	47.9986	2	0	0.086	7.57576
8.168	47.7494	4	0.051	0	7.57576
8.183	47.9486	3	0	0.081	7.57576
8.208	47.8494	2	0.045	0	7.57576
8.228	48.1843	1	0	0.085	7.57576
8.233	47.9382	3	0.05	0	7.57576
8.248	48.1415	4	0	0.08	7.57576
8.273	48.0673	1	0.045	0	7.69231
8.293	48.4048	2	0	0.085	7.69231
8.298	48.1554	4	0.05	0	7.69231
8.313	48.3619	3	0	0.08	7.69231
8.338	48.3162	2	0.045	0	7.69231
8.358	48.6541	1	0	0.085	7.69231
8.363	48.4028	3	0.05	0	7.69231
8.377	48.5826	4	0	0.079	7.69231
8.403	48.4699	1	0.045	0	7.69231
8.422	48.795	2	0	0.084	7.69231
8.427	48.5457	4	0.05	0	7.69231
8.442	48.7576	3	0	0.079	7.69231
8.467	48.6672	2	0.045	0	7.69231
8.487	49.0175	1	0	0.084	7.69231
8.492	48.7668	3	0.05	0	7.69231
8.506	48.9554	4	0	0.079	7.69231
8.532	48.9003	1	0.045	0	7.75194
8.551	49.2304	2	0	0.084	7.75194
8.556	48.9756	4	0.05	0	7.75194
8.57	49.1654	3	0	0.078	7.75194
8.596	49.043	2	0.045	0	7.75194
8.615	49.3822	1	0	0.083	7.75194
8.62	49.1326	3	0.05	0	7.75194
8.634	49.3271	4	0	0.078	7.75194
8.66	49.2239	1	0.045	0	7.8125
8.679	49.5674	2	0	0.083	7.8125
8.684	49.313	4	0.05	0	7.8125
8.698	49.5132	3	0	0.078	7.8125
8.724	49.4525	2	0.045	0	7.8125
8.743	49.7979	1	0	0.083	7.8125
8.748	49.5436	3	0.05	0	7.8125
8.762	49.745	4	0	0.078	7.8125
8.788	49.7041	1	0.045	0	7.8125
8.806	50.027	2	0	0.082	7.8125
8.811	49.7695	4	0.049	0	7.8125
8.825	49.9703	3	0	0.077	7.8125
8.851	49.8486	2	0.045	0	7.8125
8.87	50.202	1	0	0.082	7.8125
8.875	49.9476	3	0.05	0	7.8125
8.889	50.1552	4	0	0.078	7.8125
8.914	50.0771	1	0.044	0	7.93651
8.933	50.4322	2	0	0.082	7.93651
8.938	50.1773	4	0.049	0	7.93651
8.952	50.3856	3	0	0.077	7.93651
8.977	50.319	2	0.044	0	7.93651
8.995	50.6511	1	0	0.081	7.93651
9	50.3914	3	0.048	0	7.93651
9.014	50.6007	4	0	0.076	7.93651
9.04	50.5606	1	0.045	0	7.93651
9.058	50.8932	2	0	0.081	7.93651
9.063	50.6326	4	0.049	0	7.93651
9.077	50.842	3	0	0.077	7.93651
9.103	50.8128	2	0.045	0	7.93651
9.121	51.1445	1	0	0.081	7.93651
9.126	50.8793	3	0.049	0	7.93651
9.139	51.0597	4	0	0.076	7.93651
9.165	50.8745	1	0.044	0	8
9.183	51.2209	2	0	0.08	8
9.188	50.967	4	0.049	0	8
9.201	51.154	3	0	0.075	8
9.227	50.9861	2	0.044	0	8
9.245	51.3405	1	0	0.08	8
9.25	51.0812	3	0.049	0	8
9.263	51.2773	4	0	0.075	8
9.289	51.165	1	0.044	0	8.06452
9.307	51.5241	2	0	0.08	8.06452
9.312	51.2659	4	0.049	0	8.06452
9.325	51.4653	3	0	0.075	8.06452
9.351	51.3801	2	0.044	0	8.06452
9.369	51.7411	1	0	0.08	8.06452
9.374	51.4807	3	0.049	0	8.06452
9.387	51.6818	4	0	0.075	8.06452
9.413	51.6155	1	0.044	0	8.06452
9.43	51.952	2	0	0.079	8.06452
9.435	51.6883	4	0.048	0	8.06452
9.448	51.89	3	0	0.074	8.06452
9.474	51.7511	2	0.044	0	8.06452
9.492	52.1207	1	0	0.079	8.06452
9.497	51.8627	3	0.049	0	8.06452
9.51	52.0693	4	0	0.075	8.06452
9.536	52.049	1	0.044	0	8.13008
9.553	52.3882	2	0	0.079	8.13008
9.558	52.1188	4	0.048	0	8.13008
9.571	52.3246	3	0	0.074	8.13008
9.597	52.2358	2	0.044	0	8.13008
9.614	52.58	1	0	0.078	8.13008
9.619	52.3178	3	0.048	0	8.13008
9.632	52.5243	4	0	0.074	8.13008
9.658	52.4401	1	0.044	0	8.19672
9.675	52.7859	2	0	0.078	8.19672
9.68	52.5185	4	0.048	0	8.19672
9.693	52.7283	3	0	0.074	8.19672
9.719	52.6748	2	0.044	0	8.19672
9.736	53.0208	1	0	0.078	8.19672
9.741	52.7515	3	0.048	0	8.19672
9.753	52.9297	4	0	0.073	8.19672
9.78	52.8055	1	0.044	0	8.19672
9.796	53.1338	2	0	0.077	8.19672
9.801	52.8687	4	0.048	0	8.19672
9.814	53.0826	3	0	0.073	8.19672
9.84	52.9647	2	0.044	0	8.19672
9.857	53.3231	1	0	0.077	8.19672
9.862	53.0544	3	0.048	0	8.19672
9.874	53.2419	4	0	0.073	8.19672
9.9	53.0858	1	0.043	0	8.33333
9.917	53.4531	2	0	0.077	8.33333
9.922	53.1913	4	0.048	0	8.33333
9.934	53.3823	3	0	0.072	8.33333
9.96	53.2366	2	0.043	0	8.33333
9.977	53.6084	1	0	0.077	8.33333
9.982	53.3414	3	0.048	0	8.33333
9.994	53.5387	4	0	0.072	8.33333
10.02	53.4431	1	0.043	0	8.33333
10.036	53.7902	2	0	0.076	8.33333
10.041	53.5244	4	0.047	0	8.33333
10.053	53.7213	3	0	0.071	8.33333
10.08	53.6266	2	0.044	0	8.33333
10.096	53.9762	1	0	0.076	8.33333
10.101	53.7056	3	0.048	0	8.33333
10.113	53.9066	4	0	0.072	8.33333
10.139	53.7544	1	0.043	0	8.40336
10.156	54.1394	2	0	0.076	8.40336
10.161	53.8759	4	0.048	0	8.40336
10.173	54.0814	3	0	0.072	8.40336
10.199	54.0506	2	0.043	0	8.40336
10.215	54.4026	1	0	0.076	8.40336
10.22	54.1283	3	0.047	0	8.40336
10.232	54.3324	4	0	0.071	8.40336
10.258	54.2243	1	0.043	0	8.40336
10.274	54.5812	2	0	0.075	8.40336
10.279	54.3131	4	0.047	0	8.40336
10.291	54.5186	3	0	0.071	8.40336
10.317	54.4202	2	0.043	0	8.40336
10.333	54.779	1	0	0.075	8.40336
10.338	54.5073	3	0.047	0	8.40336
10.35	54.7151	4	0	0.071	8.40336
10.376	54.6391	1	0.043	0	8.47458
10.392	54.9981	2	0	0.075	8.47458
10.397	54.7232	4	0.047	0	8.47458
10.408	54.8977	3	0	0.07	8.47458
10.435	54.756	2	0.043	0	8.47458
10.451	55.1232	1	0	0.075	8.47458
10.456	54.8539	3	0.048	0	8.47458
10.467	55.0313	4	0	0.07	8.47458
10.494	54.8962	1	0.043	0	8.47458
10.51	55.2678	2	0	0.075	8.47458
10.515	54.9928	4	0.048	0	8.47458
10.526	55.1772	3	0	0.07	8.47458
10.553	55.1045	2	0.043	0	8.47458
10.568	55.4495	1	0	0.074	8.47458
10.573	55.1771	3	0.047	0	8.47458
10.585	55.3964	4	0	0.07	8.47458
10.611	55.3143	1	0.043	0	8.54701
10.627	55.6889	2	0	0.074	8.54701
10.632	55.4129	4	0.047	0	8.54701
10.643	55.599	3	0	0.07	8.54701
10.669	55.4593	2	0.042	0	8.54701
10.685	55.84	1	0	0.074	8.54701
10.69	55.5689	3	0.047	0	8.54701
10.701	55.7574	4	0	0.069	8.54701
10.727	55.632	1	0.042	0	8.62069
10.742	55.9862	2	0	0.073	8.62069
10.747	55.712	4	0.046	0	8.62069
10.758	55.9027	3	0	0.068	8.62069
10.785	55.7947	2	0.043	0	8.62069
10.8	56.152	1	0	0.073	8.62069
10.805	55.8751	3	0.047	0	8.62069
10.816	56.0702	4	0	0.069	8.62069
10.843	56.0043	1	0.043	0	8.62069
10.858	56.363	2	0	0.073	8.62069
10.863	56.0866	4	0.047	0	8.62069
10.874	56.2815	3	0	0.069	8.62069
10.9	56.1183	2	0.042	0	8.62069
10.916	56.5141	1	0	0.073	8.62069
10.921	56.24	3	0.047	0	8.62069
10.931	56.4033	4	0	0.068	8.62069
10.958	56.2867	1	0.042	0	8.69565
10.972	56.6249	2	0	0.072	8.69565
10.977	56.3495	4	0.046	0	8.69565
10.988	56.5512	3	0	0.067	8.69565
11.015	56.4336	2	0.043	0	8.69565
11.03	56.8063	1	0	0.072	8.69565
11.035	56.5284	3	0.047	0	8.69565
11.045	56.6975	4	0	0.068	8.69565
11.072	56.531	1	0.042	0	8.77193
11.087	56.9123	2	0	0.072	8.77193
11.092	56.6412	4	0.047	0	8.77193
11.102	56.8132	3	0	0.067	8.77193
11.129	56.6536	2	0.042	0	8.77193
11.144	57.0396	1	0	0.072	8.77193
11.149	56.7633	3	0.047	0	8.77193
11.159	56.9422	4	0	0.067	8.77193
11.186	56.8454	1	0.042	0	8.77193
11.2	57.202	2	0	0.071	8.77193
11.205	56.9281	4	0.046	0	8.77193
11.216	57.1457	3	0	0.067	8.77193
11.242	57.0424	2	0.042	0	8.77193
11.257	57.4319	1	0	0.071	8.77193
11.262	57.1552	3	0.046	0	8.77193
11.272	57.3361	4	0	0.067	8.77193
11.299	57.2716	1	0.042	0	8.84956
11.313	57.6284	2	0	0.071	8.84956
11.318	57.3486	4	0.046	0	8.84956
11.328	57.5288	3	0	0.066	8.84956
11.355	57.3677	2	0.042	0	8.84956
11.37	57.7646	1	0	0.071	8.84956
11.375	57.49	3	0.047	0	8.84956
11.385	57.6752	4	0	0.067	8.84956
11.411	57.5471	1	0.041	0	8.92857
11.426	57.9461	2	0	0.071	8.92857
11.431	57.6691	4	0.046	0	8.92857
11.441	57.8568	3	0	0.066	8.92857
11.467	57.7587	2	0.041	0	8.92857
11.481	58.1254	1	0	0.07	8.92857
11.486	57.8473	3	0.045	0	8.92857
11.496	58.0345	4	0	0.065	8.92857
11.523	57.9407	1	0.042	0	8.92857
11.537	58.309	2	0	0.07	8.92857
11.542	58.028	4	0.046	0	8.92857
11.552	58.2175	3	0	0.066	8.92857
11.579	58.1504	2	0.042	0	8.92857
11.593	58.5191	1	0	0.07	8.92857
11.598	58.2365	3	0.046	0	8.92857
11.608	58.4268	4	0	0.066	8.92857
11.634	58.275	1	0.041	0	9.00901
11.649	58.6832	2	0	0.07	9.00901
11.654	58.406	4	0.046	0	9.00901
11.663	58.5582	3	0	0.065	9.00901
11.69	58.4251	2	0.041	0	9.00901
11.704	58.8025	1	0	0.07	9.00901
11.709	58.5202	3	0.046	0	9.00901
11.719	58.7179	4	0	0.065	9.00901
11.745	58.6258	1	0.041	0	9.00901
11.759	59.0049	2	0	0.069	9.00901
11.764	58.7253	4	0.045	0	9.00901
11.774	58.9222	3	0	0.065	9.00901
11.8	58.8286	2	0.041	0	9.00901
11.814	59.2078	1	0	0.069	9.00901
11.819	58.9238	3	0.045	0	9.00901
11.828	59.0807	4	0	0.064	9.00901
11.855	58.9088	1	0.041	0	9.09091
11.869	59.2959	2	0	0.069	9.09091
11.874	59.0163	4	0.046	0	9.09091
11.883	59.1775	3	0	0.064	9.09091
11.91	59.0323	2	0.041	0	9.09091
11.924	59.424	1	0	0.069	9.09091
11.929	59.1429	3	0.046	0	9.09091
11.938	59.308	4	0	0.064	9.09091
11.965	59.1961	1	0.041	0	9.09091
11.978	59.5555	2	0	0.068	9.09091
11.983	59.2728	4	0.045	0	9.09091
11.992	59.4398	3	0	0.063	9.09091
12.019	59.2411	2	0.041	0	9.09091
12.033	59.6455	1	0	0.068	9.09091
12.038	59.3694	3	0.046	0	9.09091
12.047	59.542	4	0	0.064	9.09091
12.074	59.4835	1	0.041	0	9.17431
12.087	59.8492	2	0	0.068	9.17431
12.092	59.563	4	0.045	0	9.17431
12.101	59.7367	3	0	0.063	9.17431
12.128	59.6021	2	0.041	0	9.17431
12.142	60.0098	1	0	0.068	9.17431
12.147	59.7309	3	0.046	0	9.17431
12.156	59.9071	4	0	0.064	9.17431
12.182	59.7912	1	0.04	0	9.25926
12.196	60.1999	2	0	0.068	9.25926
12.201	59.9186	4	0.045	0	9.25926
12.21	60.0959	3	0	0.063	9.25926
12.236	59.9975	2	0.04	0	9.25926
12.249	60.3701	1	0	0.067	9.25926
12.254	60.0857	3	0.044	0	9.25926
12.263	60.2638	4	0	0.062	9.25926
12.29	60.1868	1	0.041	0	9.25926
12.303	60.5606	2	0	0.067	9.25926
12.308	60.2764	4	0.045	0	9.25926
12.317	60.4541	3	0	0.063	9.25926
12.344	60.3756	2	0.041	0	9.25926
12.357	60.7498	1	0	0.067	9.25926
12.362	60.4609	3	0.045	0	9.25926
12.371	60.6417	4	0	0.063	9.25926
12.397	60.5012	1	0.04	0	9.34579
12.411	60.9179	2	0	0.067	9.34579
12.416	60.6376	4	0.045	0	9.34579
12.424	60.7743	3	0	0.062	9.34579
12.451	60.6263	2	0.04	0	9.34579
12.464	61.0092	1	0	0.067	9.34579
12.469	60.7215	3	0.045	0	9.34579
12.477	60.8635	4	0	0.061	9.34579
12.504	60.6647	1	0.04	0	9.34579
12.517	61.0578	2	0	0.066	9.34579
12.522	60.7801	4	0.045	0	9.34579
12.53	60.9247	3	0	0.061	9.34579
12.557	60.7278	2	0.04	0	9.34579
12.57	61.1272	1	0	0.066	9.34579
12.575	60.8455	3	0.045	0	9.34579
12.583	60.9974	4	0	0.061	9.34579
12.61	60.8639	1	0.04	0	9.43396
12.623	61.2669	2	0	0.066	9.43396
12.628	60.9858	4	0.045	0	9.43396
12.636	61.1403	3	0	0.061	9.43396
12.663	61.0346	2	0.04	0	9.43396
12.676	61.4395	1	0	0.066	9.43396
12.681	61.1578	3	0.045	0	9.43396
12.689	61.313	4	0	0.061	9.43396
12.716	61.2184	1	0.04	0	9.43396
12.729	61.6238	2	0	0.066	9.43396
12.734	61.3386	4	0.045	0	9.43396
12.742	61.4964	3	0	0.061	9.43396
12.769	61.442	2	0.04	0	9.43396
12.781	61.8084	1	0	0.065	9.43396
12.786	61.5244	3	0.044	0	9.43396
12.794	61.6789	4	0	0.06	9.43396
12.821	61.486	1	0.04	0	9.52381
12.834	61.8993	2	0	0.065	9.52381
12.839	61.6169	4	0.045	0	9.52381
12.847	61.7792	3	0	0.061	9.52381
12.874	61.7673	2	0.04	0	9.52381
12.886	62.1371	1	0	0.065	9.52381
12.891	61.8492	3	0.044	0	9.52381
12.899	62.008	4	0	0.06	9.52381
12.926	61.8688	1	0.04	0	9.52381
12.939	62.2834	2	0	0.065	9.52381
12.944	61.9982	4	0.045	0	9.52381
12.951	62.1137	3	0	0.06	9.52381
12.978	61.9095	2	0.039	0	9.52381
12.991	62.3334	1	0	0.065	9.52381
12.996	62.0551	3	0.045	0	9.52381
13.003	62.173	4	0	0.059	9.52381
13.03	61.974	1	0.039	0	9.61538
13.043	62.4037	2	0	0.065	9.61538
13.048	62.1205	4	0.045	0	9.61538
13.055	62.2463	3	0	0.059	9.61538
13.082	62.1329	2	0.039	0	9.61538
13.094	62.5248	1	0	0.064	9.61538
13.099	62.2461	3	0.044	0	9.61538
13.107	62.419	4	0	0.059	9.61538
13.134	62.3882	1	0.04	0	9.61538
13.146	62.7757	2	0	0.064	9.61538
13.152	62.4388	4	0.045	0	9.61538
13.159	62.565	3	0	0.06	9.61538
13.186	62.5077	2	0.04	0	9.61538
13.198	62.8991	1	0	0.064	9.61538
13.204	62.5629	3	0.045	0	9.61538
13.211	62.6918	4	0	0.059	9.61538
13.238	62.6631	1	0.04	0	9.61538
13.25	63.0564	2	0	0.064	9.61538
13.256	62.7178	4	0.045	0	9.61538
13.263	62.8492	3	0	0.059	9.61538
13.29	62.8549	2	0.04	0	9.61538
13.301	63.2075	1	0	0.063	9.61538
13.307	62.8691	3	0.044	0	9.61538
13.314	62.9988	4	0	0.058	9.61538
13.341	62.8777	1	0.04	0	9.70874
13.353	63.2804	2	0	0.063	9.70874
13.359	62.9462	4	0.045	0	9.70874
13.366	63.0829	3	0	0.059	9.70874
13.392	63.0212	2	0.039	0	9.70874
13.404	63.4268	1	0	0.063	9.70874
13.409	63.1397	3	0.043	0	9.70874
13.416	63.2767	4	0	0.057	9.70874
13.443	63.195	1	0.039	0	9.80392
13.455	63.6025	2	0	0.063	9.80392
13.46	63.3186	4	0.044	0	9.80392
13.467	63.4553	3	0	0.058	9.80392
13.494	63.3748	2	0.039	0	9.80392
13.506	63.7833	1	0	0.063	9.80392
13.511	63.4981	3	0.044	0	9.80392
13.518	63.6346	4	0	0.058	9.80392
13.545	63.5555	1	0.039	0	9.80392
13.557	63.9639	2	0	0.063	9.80392
13.562	63.6738	4	0.044	0	9.80392
13.568	63.7622	3	0	0.057	9.80392
13.596	63.62	2	0.039	0	9.80392
13.607	63.993	1	0	0.062	9.80392
13.612	63.7122	3	0.044	0	9.80392
13.619	63.851	4	0	0.057	9.80392
13.646	63.678	1	0.039	0	9.90099
13.659	64.1431	2	0	0.063	9.90099
13.664	63.8564	4	0.045	0	9.90099
13.67	63.9534	3	0	0.058	9.90099
13.697	63.8985	2	0.038	0	9.90099
13.708	64.2762	1	0	0.062	9.90099
13.713	63.9936	3	0.043	0	9.90099
13.72	64.1371	4	0	0.056	9.90099
13.747	64.0204	1	0.039	0	9.90099
13.759	64.4442	2	0	0.062	9.90099
13.764	64.156	4	0.044	0	9.90099
13.77	64.2531	3	0	0.057	9.90099
13.797	64.0996	2	0.038	0	9.90099
13.809	64.5305	1	0	0.062	9.90099
13.814	64.251	3	0.044	0	9.90099
13.82	64.3477	4	0	0.056	9.90099
13.847	64.178	1	0.038	0	10
13.859	64.6131	2	0	0.062	10
13.864	64.3288	4	0.044	0	10
13.87	64.4317	3	0	0.056	10
13.897	64.3345	2	0.038	0	10
13.909	64.7718	1	0	0.062	10
13.914	64.4892	3	0.044	0	10
13.92	64.5921	4	0	0.056	10
13.947	64.4984	1	0.038	0	10
13.959	64.9369	2	0	0.062	10
13.964	64.6519	4	0.044	0	10
13.97	64.7563	3	0	0.056	10
13.997	64.6879	2	0.038	0	10
14.008	65.0812	1	0	0.061	10
14.013	64.7952	3	0.043	0	10
14.019	64.8987	4	0	0.055	10
14.047	64.8307	1	0.039	0	10
14.058	65.2259	2	0	0.061	10
14.063	64.9378	4	0.044	0	10
14.069	65.0433	3	0	0.056	10
14.096	64.8863	2	0.038	0	10
14.108	65.3346	1	0	0.061	10
14.113	65.0532	3	0.044	0	10
14.119	65.1618	4	0	0.056	10
14.146	65.148	1	0.038	0	10.101
14.157	65.5458	2	0	0.061	10.101
14.163	65.2081	4	0.044	0	10.101
14.169	65.3166	3	0	0.056	10.101
14.195	65.2359	2	0.038	0	10.101
14.206	65.638	1	0	0.06	10.101
14.212	65.3009	3	0.043	0	10.101
14.218	65.4133	4	0	0.055	10.101
14.244	65.3764	1	0.038	0	10.2041
14.255	65.7807	2	0	0.06	10.2041
14.261	65.4435	4	0.043	0	10.2041
14.266	65.5008	3	0	0.054	10.2041
14.293	65.3587	2	0.038	0	10.2041
14.304	65.7722	1	0	0.06	10.2041
14.31	65.4398	3	0.044	0	10.2041
14.315	65.5019	4	0	0.054	10.2041
14.342	65.4075	1	0.038	0	10.2041
14.353	65.827	2	0	0.06	10.2041
14.359	65.4948	4	0.044	0	10.2041
14.364	65.5606	3	0	0.054	10.2041
14.391	65.5077	2	0.038	0	10.2041
14.402	65.9307	1	0	0.06	10.2041
14.408	65.5975	3	0.044	0	10.2041
14.413	65.6664	4	0	0.054	10.2041
14.44	65.6548	1	0.038	0	10.2041
14.451	66.0797	2	0	0.06	10.2041
14.457	65.7467	4	0.044	0	10.2041
14.462	65.816	3	0	0.054	10.2041
14.489	65.8155	2	0.038	0	10.2041
14.499	66.1927	1	0	0.059	10.2041
14.505	65.8576	3	0.043	0	10.2041
14.51	65.9272	4	0	0.053	10.2041
14.537	65.8204	1	0.038	0	10.3093
14.548	66.2552	2	0	0.059	10.3093
14.553	65.9727	4	0.043	0	10.3093
14.558	66.0465	3	0	0.053	10.3093
14.585	65.9499	2	0.037	0	10.3093
14.596	66.3883	1	0	0.059	10.3093
14.601	66.1116	3	0.043	0	10.3093
14.606	66.184	4	0	0.053	10.3093
14.633	66.0678	1	0.037	0	10.4167
14.644	66.5084	2	0	0.059	10.4167
14.649	66.2278	4	0.043	0	10.4167
14.654	66.3037	3	0	0.053	10.4167
14.681	66.2371	2	0.037	0	10.4167
14.692	66.6785	1	0	0.059	10.4167
14.697	66.398	3	0.043	0	10.4167
14.702	66.4741	4	0	0.053	10.4167
14.729	66.4176	1	0.037	0	10.4167
14.74	66.8593	2	0	0.059	10.4167
14.745	66.5773	4	0.043	0	10.4167
14.75	66.6534	3	0	0.053	10.4167
14.777	66.6057	2	0.037	0	10.4167
14.788	67.047	1	0	0.059	10.4167
14.793	66.7624	3	0.043	0	10.4167
14.798	66.8395	4	0	0.053	10.4167
14.825	66.8171	1	0.037	0	10.4167
14.836	67.2576	2	0	0.059	10.4167
14.841	66.9725	4	0.043	0	10.4167
14.846	67.0481	3	0	0.053	10.4167
14.873	67.0177	2	0.037	0	10.4167
14.884	67.4572	1	0	0.059	10.4167
14.889	67.1686	3	0.043	0	10.4167
14.893	67.1855	4	0	0.052	10.4167
14.921	67.0567	1	0.037	0	10.4167
14.931	67.4528	2	0	0.058	10.4167
14.936	67.1704	4	0.043	0	10.4167
14.941	67.2473	3	0	0.052	10.4167
14.969	67.2402	2	0.038	0	10.4167
14.979	67.6348	1	0	0.058	10.4167
14.985	67.2968	3	0.044	0	10.4167
14.989	67.3159	4	0	0.053	10.4167
15.017	67.2657	1	0.038	0	10.4167
15.027	67.6662	2	0	0.058	10.4167
15.033	67.3283	4	0.044	0	10.4167
15.037	67.3522	3	0	0.052	10.4167
15.064	67.2426	2	0.037	0	10.4167
15.075	67.7046	1	0	0.058	10.4167
15.08	67.4222	3	0.043	0	10.4167
15.084	67.4497	4	0	0.051	10.4167
15.112	67.4676	1	0.037	0	10.5263
15.122	67.8756	2	0	0.058	10.5263
15.128	67.5442	4	0.044	0	10.5263
15.132	67.5691	3	0	0.052	10.5263
15.159	67.4769	2	0.037	0	10.5263
15.17	67.944	1	0	0.058	10.5263
15.176	67.6117	3	0.044	0	10.5263
15.18	67.6433	4	0	0.052	10.5263
15.206	67.6326	1	0.036	0	10.6383
15.216	68.0483	2	0	0.057	10.6383
15.222	67.7178	4	0.042	0	10.6383
15.226	67.748	3	0	0.05	10.6383
15.253	67.7366	2	0.037	0	10.6383
15.263	68.1549	1	0	0.057	10.6383
15.269	67.8223	3	0.043	0	10.6383
15.273	67.8547	4	0	0.051	10.6383
15.3	67.8765	1	0.037	0	10.6383
15.31	68.2964	2	0	0.057	10.6383
15.316	67.9629	4	0.043	0	10.6383
15.32	67.9965	3	0	0.051	10.6383
15.347	68.0405	2	0.037	0	10.6383
15.357	68.4611	1	0	0.057	10.6383
15.363	68.1264	3	0.043	0	10.6383
15.367	68.1603	4	0	0.051	10.6383
15.394	68.2171	1	0.037	0	10.6383
15.404	68.6377	2	0	0.057	10.6383
15.41	68.3006	4	0.043	0	10.6383
15.414	68.3352	3	0	0.051	10.6383
15.441	68.4122	2	0.037	0	10.6383
15.45	68.7789	1	0	0.056	10.6383
15.456	68.4415	3	0.042	0	10.6383
15.46	68.4738	4	0	0.05	10.6383
15.487	68.4097	1	0.037	0	10.7527
15.497	68.8376	2	0	0.056	10.7527
15.503	68.5055	4	0.043	0	10.7527
15.506	68.4779	3	0	0.05	10.7527
15.534	68.4672	2	0.037	0	10.7527
15.543	68.8446	1	0	0.056	10.7527
15.549	68.5115	3	0.043	0	10.7527
15.553	68.5502	4	0	0.05	10.7527
15.58	68.5676	1	0.037	0	10.7527
15.59	69.0031	2	0	0.056	10.7527
15.596	68.6704	4	0.043	0	10.7527
15.599	68.647	3	0	0.05	10.7527
15.626	68.5801	2	0.036	0	10.7527
15.636	69.0229	1	0	0.056	10.7527
15.642	68.6975	3	0.043	0	10.7527
15.645	68.675	4	0	0.049	10.7527
15.672	68.624	1	0.036	0	10.8696
15.682	69.0713	2	0	0.056	10.8696
15.688	68.7434	4	0.043	0	10.8696
15.691	68.7252	3	0	0.049	10.8696
15.718	68.7403	2	0.036	0	10.8696
15.728	69.1903	1	0	0.056	10.8696
15.734	68.8639	3	0.043	0	10.8696
15.737	68.8458	4	0	0.049	10.8696
15.764	68.8701	1	0.036	0	10.8696
15.774	69.3217	2	0	0.056	10.8696
15.78	68.9931	4	0.043	0	10.8696
15.783	68.9766	3	0	0.049	10.8696
15.81	69.0331	2	0.036	0	10.8696
15.819	69.4284	1	0	0.055	10.8696
15.825	69.1001	3	0.042	0	10.8696
15.828	69.0819	4	0	0.048	10.8696
15.856	69.1339	1	0.037	0	10.8696
15.865	69.5313	2	0	0.055	10.8696
15.871	69.2001	4	0.043	0	10.8696
15.874	69.1845	3	0	0.049	10.8696
15.901	69.1506	2	0.036	0	10.8696
15.911	69.613	1	0	0.055	10.8696
15.917	69.2915	3	0.043	0	10.8696
15.92	69.2771	4	0	0.049	10.8696
15.947	69.3819	1	0.036	0	10.989
15.956	69.7827	2	0	0.055	10.989
15.962	69.4491	4	0.042	0	10.989
15.965	69.4361	3	0	0.048	10.989
15.992	69.4555	2	0.036	0	10.989
16.002	69.9195	1	0	0.055	10.989
16.008	69.595	3	0.043	0	10.989
16.01	69.5135	4	0	0.048	10.989
16.038	69.5328	1	0.036	0	10.989
16.047	69.9413	2	0	0.055	10.989
16.053	69.6131	4	0.043	0	10.989
16.056	69.6019	3	0	0.048	10.989
16.083	69.6564	2	0.036	0	10.989
16.093	70.1255	1	0	0.055	10.989
16.099	69.7975	3	0.043	0	10.989
16.101	69.7198	4	0	0.048	10.989
16.128	69.686	1	0.035	0	11.1111
16.138	70.1619	2	0	0.055	11.1111
16.143	69.8864	4	0.042	0	11.1111
16.146	69.8782	3	0	0.047	11.1111
16.173	69.9429	2	0.035	0	11.1111
16.183	70.4154	1	0	0.055	11.1111
16.189	70.091	3	0.043	0	11.1111
16.191	70.0118	4	0	0.048	11.1111
16.218	69.9767	1	0.035	0	11.1111
16.227	70.3949	2	0	0.054	11.1111
16.233	70.0713	4	0.042	0	11.1111
16.236	70.063	3	0	0.047	11.1111
16.263	70.1866	2	0.036	0	11.1111
16.272	70.602	1	0	0.054	11.1111
16.278	70.2681	3	0.042	0	11.1111
16.28	70.1929	4	0	0.047	11.1111
16.308	70.253	1	0.036	0	11.1111
16.317	70.6739	2	0	0.054	11.1111
16.323	70.3508	4	0.043	0	11.1111
16.325	70.2719	3	0	0.047	11.1111
16.353	70.286	2	0.036	0	11.1111
16.362	70.7104	1	0	0.054	11.1111
16.368	70.381	3	0.043	0	11.1111
16.37	70.3082	4	0	0.047	11.1111
16.398	70.4276	1	0.036	0	11.1111
16.407	70.8539	2	0	0.054	11.1111
16.413	70.5283	4	0.043	0	11.1111
16.415	70.4534	3	0	0.047	11.1111
16.443	70.5514	2	0.036	0	11.1111
16.452	70.9788	1	0	0.054	11.1111
16.458	70.6493	3	0.043	0	11.1111
16.46	70.5768	4	0	0.047	11.1111
16.487	70.5868	1	0.035	0	11.236
16.496	71.0206	2	0	0.053	11.236
16.502	70.7015	4	0.042	0	11.236
16.504	70.6276	3	0	0.046	11.236
16.531	70.6281	2	0.035	0	11.236
16.541	71.1274	1	0	0.054	11.236
16.547	70.8038	3	0.043	0	11.236
16.549	70.7359	4	0	0.047	11.236
16.576	70.9552	1	0.035	0	11.236
16.584	71.3251	2	0	0.053	11.236
16.59	70.9956	4	0.041	0	11.236
16.592	70.9223	3	0	0.045	11.236
16.62	70.9653	2	0.036	0	11.236
16.629	71.4029	1	0	0.053	11.236
16.635	71.0779	3	0.043	0	11.236
16.637	71.0079	4	0	0.047	11.236
16.664	71.0953	1	0.035	0	11.3636
16.673	71.5347	2	0	0.053	11.3636
16.679	71.211	4	0.042	0	11.3636
16.681	71.1401	3	0	0.046	11.3636
16.708	71.2245	2	0.035	0	11.3636
16.717	71.6645	1	0	0.053	11.3636
16.723	71.3361	3	0.042	0	11.3636
16.725	71.2686	4	0	0.046	11.3636
16.752	71.4144	1	0.035	0	11.3636
16.761	71.8545	2	0	0.053	11.3636
16.767	71.5289	4	0.042	0	11.3636
16.769	71.4581	3	0	0.046	11.3636
16.796	71.5626	2	0.035	0	11.3636
16.805	72.0026	1	0	0.053	11.3636
16.811	71.6707	3	0.042	0	11.3636
16.813	71.6033	4	0	0.046	11.3636
16.84	71.7709	1	0.035	0	11.3636
16.848	72.1479	2	0	0.052	11.3636
16.854	71.8196	4	0.041	0	11.3636
16.856	71.7469	3	0	0.045	11.3636
16.884	71.8596	2	0.036	0	11.3636
16.893	72.3005	1	0	0.053	11.3636
16.899	71.9645	3	0.043	0	11.3636
16.901	71.8984	4	0	0.047	11.3636
16.928	72.1062	1	0.035	0	11.3636
16.936	72.4833	2	0	0.052	11.3636
16.942	72.1529	4	0.041	0	11.3636
16.944	72.0796	3	0	0.045	11.3636
16.971	72.068	2	0.035	0	11.3636
16.98	72.5145	1	0	0.052	11.3636
16.986	72.1843	3	0.042	0	11.3636
16.988	72.1184	4	0	0.046	11.3636
17.014	72.2104	1	0.034	0	11.6279
17.023	72.6588	2	0	0.052	11.6279
17.029	72.3338	4	0.041	0	11.6279
17.031	72.2645	3	0	0.045	11.6279
17.058	72.4536	2	0.035	0	11.6279
17.066	72.8337	1	0	0.052	11.6279
17.072	72.4927	3	0.041	0	11.6279
17.074	72.4269	4	0	0.045	11.6279
17.101	72.5572	1	0.035	0	11.4943
17.109	72.9418	2	0	0.051	11.4943
17.115	72.6155	4	0.041	0	11.4943
17.117	72.5436	3	0	0.045	11.4943
17.144	72.5909	2	0.035	0	11.4943
17.153	73.042	1	0	0.052	11.4943
17.159	72.7065	3	0.042	0	11.4943
17.161	72.6434	4	0	0.046	11.4943
17.187	72.8144	1	0.034	0	11.6279
17.195	73.2009	2	0	0.051	11.6279
17.201	72.8717	4	0.04	0	11.6279
17.203	72.802	3	0	0.044	11.6279
17.23	72.9017	2	0.035	0	11.6279
17.239	73.3535	1	0	0.052	11.6279
17.245	73.0159	3	0.042	0	11.6279
17.247	72.953	4	0	0.046	11.6279
17.273	73.146	1	0.034	0	11.6279
17.281	73.5324	2	0	0.051	11.6279
17.287	73.2001	4	0.04	0	11.6279
17.289	73.1303	3	0	0.044	11.6279
17.316	73.2474	2	0.035	0	11.6279
17.324	73.6345	1	0	0.051	11.6279
17.33	73.2942	3	0.041	0	11.6279
17.332	73.2294	4	0	0.045	11.6279
17.359	73.4325	1	0.035	0	11.6279
17.367	73.8198	2	0	0.051	11.6279
17.373	73.4835	4	0.041	0	11.6279
17.375	73.415	3	0	0.045	11.6279
17.402	73.5705	2	0.035	0	11.6279
17.41	73.9578	1	0	0.051	11.6279
17.416	73.6155	3	0.041	0	11.6279
17.418	73.5504	4	0	0.045	11.6279
17.444	73.6283	1	0.034	0	11.7647
17.453	74.0855	2	0	0.051	11.7647
17.459	73.7539	4	0.041	0	11.7647
17.461	73.6878	3	0	0.045	11.7647
17.487	73.8795	2	0.034	0	11.7647
17.495	74.2674	1	0	0.051	11.7647
17.501	73.9226	3	0.04	0	11.7647
17.503	73.8577	4	0	0.044	11.7647
17.529	73.9588	1	0.034	0	11.7647
17.537	74.3509	2	0	0.05	11.7647
17.543	74.0163	4	0.04	0	11.7647
17.545	73.949	3	0	0.044	11.7647
17.571	74.0219	2	0.034	0	11.7647
17.58	74.4816	1	0	0.051	11.7647
17.586	74.1432	3	0.041	0	11.7647
17.588	74.0805	4	0	0.045	11.7647
17.614	74.3502	1	0.034	0	11.7647
17.621	74.674	2	0	0.05	11.7647
17.627	74.3273	4	0.039	0	11.7647
17.629	74.2605	3	0	0.043	11.7647
17.656	74.3752	2	0.035	0	11.7647
17.664	74.769	1	0	0.05	11.7647
17.67	74.4294	3	0.041	0	11.7647
17.672	74.3637	4	0	0.045	11.7647
17.698	74.4855	1	0.034	0	11.9048
17.706	74.8808	2	0	0.05	11.9048
17.712	74.5398	4	0.04	0	11.9048
17.714	74.4754	3	0	0.044	11.9048
17.74	74.6251	2	0.034	0	11.9048
17.748	75.0208	1	0	0.05	11.9048
17.754	74.6779	3	0.04	0	11.9048
17.756	74.6148	4	0	0.044	11.9048
17.782	74.7938	1	0.034	0	11.9048
17.79	75.1896	2	0	0.05	11.9048
17.796	74.8474	4	0.04	0	11.9048
17.798	74.7825	3	0	0.044	11.9048
17.824	74.9434	2	0.034	0	11.9048
17.832	75.339	1	0	0.05	11.9048
17.838	74.9923	3	0.04	0	11.9048
17.84	74.9298	4	0	0.044	11.9048
17.866	75.1344	1	0.034	0	11.9048
17.874	75.5297	2	0	0.05	11.9048
17.88	75.1842	4	0.04	0	11.9048
17.882	75.1192	3	0	0.044	11.9048
17.908	75.2959	2	0.034	0	11.9048
17.916	75.6906	1	0	0.05	11.9048
17.922	75.3405	3	0.04	0	11.9048
17.924	75.2774	4	0	0.044	11.9048
17.95	75.4924	1	0.034	0	11.9048
17.957	75.821	2	0	0.049	11.9048
17.963	75.4727	4	0.039	0	11.9048
17.965	75.4054	3	0	0.043	11.9048
17.991	75.4451	2	0.034	0	11.9048
18	75.9119	1	0	0.05	11.9048
18.006	75.5666	3	0.041	0	11.9048
18.008	75.5068	4	0	0.045	11.9048
18.033	75.7642	1	0.033	0	12.0482
18.04	76.094	2	0	0.049	12.0482
18.046	75.7445	4	0.038	0	12.0482
18.048	75.6776	3	0	0.042	12.0482
18.074	75.7401	2	0.034	0	12.0482
18.082	76.1412	1	0	0.049	12.0482
18.088	75.7929	3	0.04	0	12.0482
18.09	75.7326	4	0	0.044	12.0482
18.115	75.8819	1	0.033	0	12.1951
18.123	76.2848	2	0	0.049	12.1951
18.129	75.9429	4	0.039	0	12.1951
18.131	75.8777	3	0	0.043	12.1951
18.157	76.105	2	0.034	0	12.1951
18.164	76.4367	1	0	0.049	12.1951
18.171	76.0277	3	0.04	0	12.1951
18.173	75.9682	4	0	0.044	12.1951
18.198	76.1957	1	0.034	0	12.0482
18.205	76.5313	2	0	0.048	12.0482
18.211	76.1831	4	0.038	0	12.0482
18.213	76.118	3	0	0.042	12.0482
18.239	76.2403	2	0.034	0	12.0482
18.247	76.645	1	0	0.049	12.0482
18.253	76.2912	3	0.04	0	12.0482
18.255	76.2344	4	0	0.044	12.0482
18.28	76.4672	1	0.033	0	12.1951
18.287	76.8049	2	0	0.048	12.1951
18.293	76.4613	4	0.038	0	12.1951
18.295	76.3937	3	0	0.042	12.1951
18.321	76.4949	2	0.034	0	12.1951
18.329	76.9007	1	0	0.049	12.1951
18.335	76.5414	3	0.04	0	12.1951
18.337	76.4877	4	0	0.044	12.1951
18.362	76.782	1	0.033	0	12.1951
18.369	77.12	2	0	0.048	12.1951
18.375	76.7758	4	0.038	0	12.1951
18.377	76.7071	3	0	0.042	12.1951
18.403	76.8085	2	0.034	0	12.1951
18.411	77.2141	1	0	0.049	12.1951
18.418	76.8018	3	0.041	0	12.1951
18.42	76.749	4	0	0.045	12.1951
18.444	77.0935	1	0.033	0	12.1951
18.451	77.4304	2	0	0.048	12.1951
18.457	77.0772	4	0.037	0	12.1951
18.459	77.0117	3	0	0.041	12.1951
18.485	77.1778	2	0.034	0	12.1951
18.493	77.5819	1	0	0.049	12.1951
18.5	77.1673	3	0.041	0	12.1951
18.502	77.1133	4	0	0.045	12.1951
18.526	77.4573	1	0.033	0	12.1951
18.533	77.7929	2	0	0.048	12.1951
18.539	77.4366	4	0.037	0	12.1951
18.541	77.3695	3	0	0.041	12.1951
18.567	77.53	2	0.034	0	12.1951
18.574	77.8653	1	0	0.048	12.1951
18.581	77.4453	3	0.04	0	12.1951
18.583	77.3901	4	0	0.044	12.1951
18.607	77.6154	1	0.033	0	12.3457
18.614	77.9566	2	0	0.047	12.3457
18.619	77.6583	4	0.036	0	12.3457
18.621	77.5906	3	0	0.04	12.3457
18.648	77.7183	2	0.034	0	12.3457
18.656	78.1247	1	0	0.049	12.3457
18.663	77.7045	3	0.042	0	12.3457
18.665	77.6539	4	0	0.046	12.3457
18.689	78.0751	1	0.033	0	12.1951
18.695	78.3445	2	0	0.047	12.1951
18.701	77.989	4	0.036	0	12.1951
18.703	77.9165	3	0	0.04	12.1951
18.729	77.9021	2	0.034	0	12.1951
18.737	78.3119	1	0	0.048	12.1951
18.744	77.8877	3	0.041	0	12.1951
18.746	77.8427	4	0	0.045	12.1951
18.769	78.2117	1	0.032	0	12.5
18.776	78.5549	2	0	0.047	12.5
18.781	78.2604	4	0.035	0	12.5
18.783	78.1875	3	0	0.039	12.5
18.81	78.2709	2	0.034	0	12.5
18.818	78.6777	1	0	0.049	12.5
18.825	78.2415	3	0.042	0	12.5
18.827	78.199	4	0	0.046	12.5
18.85	78.6179	1	0.032	0	12.3457
18.856	78.8918	2	0	0.046	12.3457
18.861	78.5993	4	0.034	0	12.3457
18.863	78.52	3	0	0.038	12.3457
18.89	78.3912	2	0.034	0	12.3457
18.899	78.8723	1	0	0.049	12.3457
18.906	78.4369	3	0.043	0	12.3457
18.908	78.4022	4	0	0.047	12.3457
18.93	78.9041	1	0.031	0	12.5
18.936	79.1794	2	0	0.046	12.5
18.94	78.9413	4	0.032	0	12.5
18.942	78.8604	3	0	0.036	12.5
18.97	78.6703	2	0.034	0	12.5
18.979	79.1525	1	0	0.049	12.5
18.986	78.7154	3	0.044	0	12.5
18.988	78.6826	4	0	0.048	12.5
19.01	79.2207	1	0.031	0	12.5
19.015	79.4285	2	0	0.045	12.5
19.019	79.1928	4	0.031	0	12.5
19.022	79.1856	3	0	0.036	12.5
19.05	79.0746	2	0.035	0	12.5
19.059	79.5511	1	0	0.049	12.5
19.067	79.0419	3	0.045	0	12.5
19.069	79.0176	4	0	0.05	12.5
19.09	79.6795	1	0.031	0	12.5
19.095	79.8854	2	0	0.045	12.5
19.099	79.6509	4	0.03	0	12.5
19.102	79.6368	3	0	0.035	12.5
19.13	79.4444	2	0.035	0	12.5
19.139	79.9172	1	0	0.049	12.5
19.148	79.3409	3	0.046	0	12.5
19.15	79.3251	4	0	0.051	12.5
19.169	79.9428	1	0.03	0	12.6582
19.174	80.1516	2	0	0.044	12.6582
19.177	79.9767	4	0.027	0	12.6582
19.181	80.0366	3	0	0.033	12.6582
19.209	79.8882	2	0.035	0	12.6582
19.219	80.4219	1	0	0.05	12.6582
19.228	79.8252	3	0.047	0	12.6582
19.23	79.8192	4	0	0.053	12.6582
19.248	80.51	1	0.029	0	12.6582
19.252	80.6497	2	0	0.043	12.6582
19.254	80.5337	4	0.024	0	12.6582
19.259	80.6563	3	0	0.031	12.6582
19.288	80.4184	2	0.036	0	12.6582
19.299	81.007	1	0	0.051	12.6582
19.309	80.3265	3	0.05	0	12.6582
19.311	80.338	4	0	0.057	12.6582
19.327	81.1321	1	0.028	0	12.6582
19.33	81.2043	2	0	0.042	12.6582
19.331	81.1469	4	0.02	0	12.6582
19.338	81.4018	3	0	0.029	12.6582
19.366	81.0724	2	0.036	0	12.6582
19.378	81.7084	1	0	0.051	12.6582
19.388	80.9963	3	0.05	0	12.6582
19.39	81.0207	4	0	0.059	12.6582
19.405	81.885	1	0.027	0	12.8205
19.407	81.8926	2	0	0.041	12.8205
19.408	81.8388	4	0.018	0	12.8205
19.416	82.1404	3	0	0.028	12.8205
19.445	81.8088	2	0.038	0	12.8205
19.458	82.4808	1	0	0.053	12.8205
19.47	81.5804	3	0.054	0	12.8205
19.472	81.6432	4	0	0.064	12.8205
19.485	81.957	2	0	0.04	12.8205
19.485	81.957	3	0	0.015	12.8205
