0	14.7422	2	-1	0	inf
0	14.7422	3	-1	0	inf
0.091	14.9881	1	-1	0.091	inf
0.184	15.063	4	-1	0.184	inf
0.205	15.139	1	0.114	-1	4.87805
0.281	15.3635	2	-1	0.271	4.87805
0.289	15.3728	4	0.105	-1	4.87805
0.371	15.5471	3	-1	0.273	4.87805
0.394	15.6902	2	0.113	-1	4.87805
0.469	15.9561	1	-1	0.264	4.87805
0.479	15.9479	3	0.108	-1	4.87805
0.557	16.1372	4	-1	0.268	4.87805
0.58	16.302	1	0.111	-1	2.66667
0.649	16.5632	2	-1	0.255	2.66667
0.66	16.5586	4	0.103	-1	2.66667
0.734	16.7445	3	-1	0.255	2.66667
0.759	16.9081	2	0.11	-1	2.66667
0.826	17.1812	1	-1	0.246	2.66667
0.838	17.1879	3	0.104	-1	2.66667
0.908	17.3644	4	-1	0.248	2.66667
0.933	17.5519	1	0.107	-1	2.83286
0.996	17.8113	2	-1	0.237	2.83286
1.009	17.782	4	0.101	-1	2.83286
1.077	17.9593	3	-1	0.239	2.83286
1.103	18.1989	2	0.107	-1	2.83286
1.162	18.4394	1	-1	0.229	2.83286
1.176	18.4407	3	0.099	-1	2.83286
1.24	18.5892	4	-1	0.231	2.83286
1.266	18.7912	1	0.104	-1	3.003
1.324	19.0366	2	-1	0.221	3.003
1.339	18.9913	4	0.099	-1	3.003
1.401	19.1449	3	-1	0.225	3.003
1.427	19.3729	2	0.103	-1	3.003
1.482	19.6056	1	-1	0.216	3.003
1.498	19.5958	3	0.097	-1	3.003
1.556	19.7247	4	-1	0.217	3.003
1.583	19.935	1	0.101	-1	3.15457
1.636	20.1707	2	-1	0.209	3.15457
1.653	20.1205	4	0.097	-1	3.15457
1.709	20.2538	3	-1	0.211	3.15457
1.737	20.4888	2	0.101	-1	3.15457
1.787	20.7109	1	-1	0.204	3.15457
1.805	20.666	3	0.096	-1	3.15457
1.859	20.7892	4	-1	0.206	3.15457
1.887	21.0455	1	0.1	-1	3.28947
1.935	21.2659	2	-1	0.198	3.28947
1.954	21.2223	4	0.095	-1	3.28947
2.006	21.3363	3	-1	0.201	3.28947
2.033	21.5398	2	0.098	-1	3.28947
2.081	21.7678	1	-1	0.194	3.28947
2.102	21.7508	3	0.096	-1	3.28947
2.151	21.846	4	-1	0.197	3.28947
2.178	22.1052	1	0.097	-1	3.43643
2.222	22.3142	2	-1	0.189	3.43643
2.244	22.2206	4	0.093	-1	3.43643
2.292	22.3244	3	-1	0.19	3.43643
2.32	22.5437	2	0.098	-1	3.43643
2.364	22.7646	1	-1	0.186	3.43643
2.387	22.7403	3	0.095	-1	3.43643
2.432	22.8264	4	-1	0.188	3.43643
2.459	22.9874	1	0.095	-1	3.55872
2.501	23.2172	2	-1	0.181	3.55872
2.525	23.1366	4	0.093	-1	3.55872
2.569	23.2393	3	-1	0.182	3.55872
2.597	23.4252	2	0.096	-1	3.55872
2.638	23.6567	1	-1	0.179	3.55872
2.663	23.5945	3	0.094	-1	3.55872
2.705	23.6912	4	-1	0.18	3.55872
2.733	23.8736	1	0.095	-1	3.64964
2.772	24.1089	2	-1	0.175	3.64964
2.798	24.0568	4	0.093	-1	3.64964
2.839	24.1537	3	-1	0.176	3.64964
2.867	24.3827	2	0.095	-1	3.64964
2.905	24.6104	1	-1	0.172	3.64964
2.933	24.5365	3	0.094	-1	3.64964
2.972	24.621	4	-1	0.174	3.64964
2.999	24.7577	1	0.094	-1	3.7594
3.036	24.9974	2	-1	0.169	3.7594
3.064	24.8675	4	0.092	-1	3.7594
3.103	24.9769	3	-1	0.17	3.7594
3.13	25.1767	2	0.094	-1	3.7594
3.165	25.413	1	-1	0.166	3.7594
3.193	25.32	3	0.09	-1	3.7594
3.231	25.4282	4	-1	0.167	3.7594
3.258	25.6216	1	0.093	-1	3.861
3.293	25.8671	2	-1	0.163	3.861
3.322	25.7455	4	0.091	-1	3.861
3.358	25.8513	3	-1	0.165	3.861
3.386	26.0487	2	0.093	-1	3.861
3.419	26.2844	1	-1	0.161	3.861
3.449	26.1599	3	0.091	-1	3.861
3.484	26.2642	4	-1	0.162	3.861
3.512	26.4613	1	0.093	-1	3.93701
3.544	26.7016	2	-1	0.158	3.93701
3.575	26.592	4	0.091	-1	3.93701
3.609	26.6937	3	-1	0.16	3.93701
3.636	26.8469	2	0.092	-1	3.93701
3.668	27.0966	1	-1	0.156	3.93701
3.701	26.9999	3	0.092	-1	3.93701
3.733	27.0913	4	-1	0.158	3.93701
3.76	27.2442	1	0.092	-1	4.03226
3.79	27.4878	2	-1	0.154	4.03226
3.824	27.329	4	0.091	-1	4.03226
3.855	27.4307	3	-1	0.154	4.03226
3.883	27.5578	2	0.093	-1	4.03226
3.912	27.8089	1	-1	0.152	4.03226
3.946	27.6552	3	0.091	-1	4.03226
3.977	27.7708	4	-1	0.153	4.03226
4.004	27.903	1	0.092	-1	4.09836
4.033	28.1695	2	-1	0.15	4.09836
4.068	28.0815	4	0.091	-1	4.09836
4.097	28.1854	3	-1	0.151	4.09836
4.124	28.2482	2	0.091	-1	4.09836
4.152	28.5175	1	-1	0.148	4.09836
4.189	28.3894	3	0.092	-1	4.09836
4.217	28.4974	4	-1	0.149	4.09836
4.244	28.5768	1	0.092	-1	4.16667
4.271	28.8494	2	-1	0.147	4.16667
4.309	28.7335	4	0.092	-1	4.16667
4.336	28.843	3	-1	0.147	4.16667
4.363	28.9042	2	0.092	-1	4.16667
4.389	29.1805	1	-1	0.145	4.16667
4.428	29.0581	3	0.092	-1	4.16667
4.454	29.1714	4	-1	0.145	4.16667
4.481	29.1827	1	0.092	-1	4.21941
4.507	29.4756	2	-1	0.144	4.21941
4.547	29.3605	4	0.093	-1	4.21941
4.572	29.4773	3	-1	0.144	4.21941
4.599	29.5093	2	0.092	-1	4.21941
4.623	29.7922	1	-1	0.142	4.21941
4.663	29.622	3	0.091	-1	4.21941
4.688	29.7575	4	-1	0.141	4.21941
4.716	29.8491	1	0.093	-1	4.25532
4.74	30.1416	2	-1	0.141	4.25532
4.78	29.9917	4	0.092	-1	4.25532
4.804	30.1256	3	-1	0.141	4.25532
4.832	30.1824	2	0.092	-1	4.25532
4.855	30.4738	1	-1	0.139	4.25532
4.896	30.3831	3	0.092	-1	4.25532
4.919	30.5096	4	-1	0.139	4.25532
4.946	30.4519	1	0.091	-1	4.34783
4.97	30.7721	2	-1	0.138	4.34783
5.013	30.6522	4	0.094	-1	4.34783
5.035	30.78	3	-1	0.139	4.34783
5.062	30.856	2	0.092	-1	4.34783
5.083	31.1387	1	-1	0.137	4.34783
5.127	31.0095	3	0.092	-1	4.34783
5.149	31.1407	4	-1	0.136	4.34783
5.175	31.1278	1	0.092	-1	4.36681
5.197	31.4403	2	-1	0.135	4.36681
5.242	31.3182	4	0.093	-1	4.36681
5.262	31.4417	3	-1	0.135	4.36681
5.289	31.3731	2	0.092	-1	4.36681
5.309	31.6696	1	-1	0.134	4.36681
5.354	31.4783	3	0.092	-1	4.36681
5.375	31.6305	4	-1	0.133	4.36681
5.402	31.7058	1	0.093	-1	4.40529
5.422	32.0128	2	-1	0.133	4.40529
5.467	31.9206	4	0.092	-1	4.40529
5.487	32.0613	3	-1	0.133	4.40529
5.514	32.1225	2	0.092	-1	4.40529
5.533	32.4159	1	-1	0.131	4.40529
5.58	32.286	3	0.093	-1	4.40529
5.599	32.4182	4	-1	0.132	4.40529
5.625	32.3674	1	0.092	-1	4.4843
5.644	32.674	2	-1	0.13	4.4843
5.692	32.5491	4	0.093	-1	4.4843
5.71	32.6807	3	-1	0.13	4.4843
5.736	32.5996	2	0.092	-1	4.4843
5.754	32.9036	1	-1	0.129	4.4843
5.802	32.7054	3	0.092	-1	4.4843
5.82	32.856	4	-1	0.128	4.4843
5.847	32.8633	1	0.093	-1	4.5045
5.864	33.1612	2	-1	0.128	4.5045
5.912	33.0852	4	0.092	-1	4.5045
5.929	33.2261	3	-1	0.127	4.5045
5.956	33.1013	2	0.092	-1	4.5045
5.974	33.4317	1	-1	0.127	4.5045
6.024	33.3467	3	0.095	-1	4.5045
6.04	33.4833	4	-1	0.128	4.5045
6.066	33.3554	1	0.092	-1	4.56621
6.083	33.6765	2	-1	0.127	4.56621
6.134	33.5482	4	0.094	-1	4.56621
6.149	33.6852	3	-1	0.125	4.56621
6.176	33.5228	2	0.093	-1	4.56621
6.192	33.842	1	-1	0.126	4.56621
6.243	33.7665	3	0.094	-1	4.56621
6.258	33.9139	4	-1	0.124	4.56621
6.285	33.7698	1	0.093	-1	4.56621
6.301	34.1006	2	-1	0.125	4.56621
6.353	34.0404	4	0.095	-1	4.56621
6.367	34.182	3	-1	0.124	4.56621
6.394	33.9865	2	0.093	-1	4.56621
6.409	34.3085	1	-1	0.124	4.56621
6.461	34.207	3	0.094	-1	4.56621
6.475	34.3618	4	-1	0.122	4.56621
6.502	34.1455	1	0.093	-1	4.60829
6.517	34.4827	2	-1	0.123	4.60829
6.569	34.4689	4	0.094	-1	4.60829
6.583	34.6293	3	-1	0.122	4.60829
6.61	34.552	2	0.093	-1	4.60829
6.624	34.8692	1	-1	0.122	4.60829
6.677	34.8003	3	0.094	-1	4.60829
6.69	34.9517	4	-1	0.121	4.60829
6.717	34.7234	1	0.093	-1	4.65116
6.731	35.0525	2	-1	0.121	4.65116
6.784	34.997	4	0.094	-1	4.65116
6.797	35.1572	3	-1	0.12	4.65116
6.824	35.0327	2	0.093	-1	4.65116
6.838	35.3688	1	-1	0.121	4.65116
6.892	35.3599	3	0.095	-1	4.65116
6.904	35.5063	4	-1	0.12	4.65116
6.931	35.3586	1	0.093	-1	4.6729
6.944	35.6753	2	-1	0.12	4.6729
6.999	35.6	4	0.095	-1	4.6729
7.01	35.7395	3	-1	0.118	4.6729
7.038	35.5395	2	0.094	-1	4.6729
7.05	35.8428	1	-1	0.119	4.6729
7.105	35.852	3	0.095	-1	4.6729
7.116	35.9963	4	-1	0.117	4.6729
7.143	35.6904	1	0.093	-1	4.71698
7.156	36.0333	2	-1	0.118	4.71698
7.212	36.0196	4	0.096	-1	4.71698
7.222	36.1577	3	-1	0.117	4.71698
7.249	35.8229	2	0.093	-1	4.71698
7.261	36.1506	1	-1	0.118	4.71698
7.317	36.1377	3	0.095	-1	4.71698
7.327	36.2856	4	-1	0.115	4.71698
7.355	36.0631	1	0.094	-1	4.71698
7.366	36.3729	2	-1	0.117	4.71698
7.422	36.4449	4	0.095	-1	4.71698
7.432	36.5958	3	-1	0.115	4.71698
7.46	36.4042	2	0.094	-1	4.71698
7.471	36.7174	1	-1	0.116	4.71698
7.528	36.7301	3	0.096	-1	4.71698
7.537	36.8682	4	-1	0.115	4.71698
7.565	36.5879	1	0.094	-1	4.7619
7.575	36.8811	2	-1	0.115	4.7619
7.632	36.9872	4	0.095	-1	4.7619
7.641	37.1285	3	-1	0.113	4.7619
7.669	36.88	2	0.094	-1	4.7619
7.68	37.2089	1	-1	0.115	4.7619
7.739	37.2761	3	0.098	-1	4.7619
7.747	37.4021	4	-1	0.115	4.7619
7.774	37.1307	1	0.094	-1	4.78469
7.783	37.4044	2	-1	0.114	4.78469
7.842	37.4672	4	0.095	-1	4.78469
7.85	37.599	3	-1	0.111	4.78469
7.877	37.2135	2	0.094	-1	4.78469
7.887	37.5314	1	-1	0.113	4.78469
7.947	37.6729	3	0.097	-1	4.78469
7.954	37.791	4	-1	0.112	4.78469
7.981	37.3941	1	0.094	-1	4.83092
7.99	37.6874	2	-1	0.113	4.83092
8.051	37.8037	4	0.097	-1	4.83092
8.058	37.9275	3	-1	0.111	4.83092
8.085	37.6059	2	0.095	-1	4.83092
8.094	37.9069	1	-1	0.113	4.83092
8.155	38.0134	3	0.097	-1	4.83092
8.162	38.1421	4	-1	0.111	4.83092
8.189	37.9029	1	0.095	-1	4.80769
8.197	38.1738	2	-1	0.112	4.80769
8.258	38.3234	4	0.096	-1	4.80769
8.264	38.4346	3	-1	0.109	4.80769
8.292	38.0434	2	0.095	-1	4.80769
8.3	38.3233	1	-1	0.111	4.80769
8.361	38.4566	3	0.097	-1	4.80769
8.367	38.5738	4	-1	0.109	4.80769
8.395	38.2383	1	0.095	-1	4.85437
8.403	38.5241	2	-1	0.111	4.85437
8.464	38.7046	4	0.097	-1	4.85437
8.47	38.8241	3	-1	0.109	4.85437
8.497	38.4563	2	0.094	-1	4.85437
8.505	38.7487	1	-1	0.11	4.85437
8.567	38.9879	3	0.097	-1	4.85437
8.572	39.0879	4	-1	0.108	4.85437
8.6	38.773	1	0.095	-1	4.87805
8.607	39.0312	2	-1	0.11	4.87805
8.67	39.1739	4	0.098	-1	4.87805
8.675	39.2773	3	-1	0.108	4.87805
8.702	38.8928	2	0.095	-1	4.87805
8.709	39.1589	1	-1	0.109	4.87805
8.771	39.3549	3	0.096	-1	4.87805
8.776	39.4625	4	-1	0.106	4.87805
8.803	39.0378	1	0.094	-1	4.92611
8.81	39.3108	2	-1	0.108	4.92611
8.873	39.5791	4	0.097	-1	4.92611
8.877	39.666	3	-1	0.106	4.92611
8.905	39.2789	2	0.095	-1	4.92611
8.911	39.5173	1	-1	0.108	4.92611
8.975	39.8175	3	0.098	-1	4.92611
8.979	39.906	4	-1	0.106	4.92611
9.006	39.4658	1	0.095	-1	4.92611
9.012	39.7096	2	-1	0.107	4.92611
9.077	40.031	4	0.098	-1	4.92611
9.08	40.0984	3	-1	0.105	4.92611
9.108	39.6775	2	0.096	-1	4.92611
9.113	39.8843	1	-1	0.107	4.92611
9.178	40.1298	3	0.098	-1	4.92611
9.181	40.2008	4	-1	0.104	4.92611
9.209	39.7071	1	0.096	-1	4.92611
9.215	39.9636	2	-1	0.107	4.92611
9.28	40.3781	4	0.099	-1	4.92611
9.282	40.4257	3	-1	0.104	4.92611
9.31	39.8077	2	0.095	-1	4.92611
9.315	40.0277	1	-1	0.106	4.92611
9.381	40.4181	3	0.099	-1	4.92611
9.383	40.468	4	-1	0.103	4.92611
9.411	39.8813	1	0.096	-1	4.9505
9.416	40.1077	2	-1	0.106	4.9505
9.482	40.5348	4	0.099	-1	4.9505
9.484	40.5866	3	-1	0.103	4.9505
9.512	40.0597	2	0.096	-1	4.9505
9.517	40.2905	1	-1	0.106	4.9505
9.583	40.7164	3	0.099	-1	4.9505
9.585	40.7696	4	-1	0.103	4.9505
9.613	40.3245	1	0.096	-1	4.9505
9.617	40.5115	2	-1	0.105	4.9505
9.683	41.0363	4	0.098	-1	4.9505
9.685	41.0896	3	-1	0.102	4.9505
9.713	40.6516	2	0.096	-1	4.9505
9.717	40.8404	1	-1	0.104	4.9505
9.784	41.2991	3	0.099	-1	4.9505
9.785	41.3261	4	-1	0.102	4.9505
9.813	40.7438	1	0.096	-1	5
9.817	40.9365	2	-1	0.104	5
9.884	41.4311	4	0.099	-1	5
9.885	41.4589	3	-1	0.101	5
9.913	40.9557	2	0.096	-1	5
9.917	41.152	1	-1	0.104	5
9.985	41.709	3	0.1	-1	5
9.986	41.7368	4	-1	0.102	5
10.013	41.3077	1	0.096	-1	5
10.016	41.4556	2	-1	0.103	5
10.084	41.8682	4	0.098	-1	5
10.085	41.8971	3	-1	0.1	5
10.113	41.5742	2	0.097	-1	5
10.115	41.6739	1	-1	0.102	5
10.182	42.2347	3	0.097	-1	5
10.183	42.2636	4	-1	0.099	5
10.211	41.8233	1	0.096	-1	5.05051
10.214	41.9751	2	-1	0.101	5.05051
10.282	42.4706	4	0.099	-1	5.05051
10.283	42.4998	3	-1	0.101	5.05051
10.31	42.2402	2	0.096	-1	5.05051
10.312	42.3409	1	-1	0.101	5.05051
10.38	42.8288	3	0.097	-1	5.05051
10.381	42.8579	4	-1	0.099	5.05051
10.408	42.6151	1	0.096	-1	5.07614
10.41	42.7164	2	-1	0.1	5.07614
10.479	43.2187	4	0.098	-1	5.07614
10.48	43.2475	3	-1	0.1	5.07614
10.506	43.0984	2	0.096	-1	5.07614
10.507	43.1487	1	-1	0.099	5.07614
10.576	43.4895	3	0.096	-1	5.07614
10.577	43.5188	4	-1	0.098	5.07614
10.603	43.3421	1	0.096	-1	5.12821
10.604	43.393	2	-1	0.098	5.12821
10.672	43.7679	4	0.095	-1	5.12821
10.673	43.7976	3	-1	0.097	5.12821
10.699	43.5903	2	0.095	-1	5.12821
10.701	43.693	1	-1	0.098	5.12821
10.77	44.0625	3	0.097	-1	5.12821
10.771	44.0921	4	-1	0.099	5.12821
10.795	43.9194	1	0.094	-1	5.20833
10.796	43.9711	2	-1	0.097	5.20833
10.865	44.2953	4	0.094	-1	5.20833
10.866	44.3255	3	-1	0.096	5.20833
10.891	44.2718	2	0.095	-1	5.20833
10.892	44.3236	1	-1	0.097	5.20833
10.962	44.6241	3	0.096	-1	5.20833
10.963	44.6541	4	-1	0.098	5.20833
10.987	44.6811	1	0.095	-1	5.20833
10.988	44.7329	2	-1	0.097	5.20833
11.058	45.0015	4	0.095	-1	5.20833
11.059	45.0314	3	-1	0.097	5.20833
11.082	45.0017	2	0.094	-1	5.20833
11.083	45.0537	1	-1	0.096	5.20833
11.154	45.257	3	0.095	-1	5.20833
11.155	45.287	4	-1	0.097	5.20833
11.177	45.3126	1	0.094	-1	5.26316
11.178	45.3649	2	-1	0.096	5.26316
11.25	45.5838	4	0.095	-1	5.26316
11.251	45.6136	3	-1	0.097	5.26316
11.273	45.8604	2	0.095	-1	5.26316
11.274	45.9121	1	-1	0.097	5.26316
11.348	46.0023	3	0.097	-1	5.26316
11.349	46.0315	4	-1	0.099	5.26316
11.369	46.3178	1	0.095	-1	5.20833
11.37	46.3693	2	-1	0.097	5.20833
11.444	46.3341	4	0.095	-1	5.20833
11.445	46.3635	3	-1	0.097	5.20833
11.465	46.7412	2	0.095	-1	5.20833
11.466	46.7923	1	-1	0.097	5.20833
11.541	46.6812	3	0.096	-1	5.20833
11.542	46.7102	4	-1	0.098	5.20833
11.561	47.1507	1	0.095	-1	5.20833
11.562	47.2019	2	-1	0.097	5.20833
11.637	47.0514	4	0.095	-1	5.20833
11.638	47.0804	3	-1	0.097	5.20833
11.657	47.6098	2	0.095	-1	5.20833
11.658	47.6606	1	-1	0.097	5.20833
11.734	47.3745	3	0.096	-1	5.20833
11.735	47.4034	4	-1	0.098	5.20833
11.753	47.9838	1	0.095	-1	5.20833
11.754	48.0348	2	-1	0.097	5.20833
11.829	47.7015	4	0.094	-1	5.20833
11.83	47.7309	3	-1	0.096	5.20833
11.848	48.2744	2	0.094	-1	5.20833
11.849	48.3256	1	-1	0.096	5.20833
11.925	48.0001	3	0.095	-1	5.20833
11.926	48.0291	4	-1	0.097	5.20833
11.943	48.6023	1	0.094	-1	5.26316
11.944	48.654	2	-1	0.096	5.26316
12.021	48.3306	4	0.095	-1	5.26316
12.022	48.3596	3	-1	0.097	5.26316
12.038	48.934	2	0.094	-1	5.26316
12.039	48.9857	1	-1	0.096	5.26316
12.118	48.4889	3	0.096	-1	5.26316
12.119	48.5182	4	-1	0.098	5.26316
12.134	49.1885	1	0.095	-1	5.2356
12.135	49.2409	2	-1	0.097	5.2356
12.214	48.7414	4	0.095	-1	5.2356
12.215	48.7711	3	-1	0.097	5.2356
12.23	49.4859	2	0.095	-1	5.2356
12.231	49.5385	1	-1	0.097	5.2356
12.311	48.9222	3	0.096	-1	5.2356
12.312	48.9523	4	-1	0.098	5.2356
12.326	49.6603	1	0.095	-1	5.20833
12.327	49.7139	2	-1	0.097	5.20833
12.407	49.2434	4	0.095	-1	5.20833
12.408	49.2735	3	-1	0.097	5.20833
12.422	50.0156	2	0.095	-1	5.20833
12.423	50.0693	1	-1	0.097	5.20833
12.506	49.4187	3	0.098	-1	5.20833
12.507	49.4488	4	-1	0.1	5.20833
12.52	50.3401	1	0.097	-1	5.15464
12.521	50.3943	2	-1	0.099	5.15464
12.603	49.6955	4	0.096	-1	5.15464
12.604	49.7263	3	-1	0.098	5.15464
12.617	50.5795	2	0.096	-1	5.15464
12.618	50.634	1	-1	0.098	5.15464
12.701	49.9037	3	0.097	-1	5.15464
12.702	49.9347	4	-1	0.099	5.15464
12.714	50.7564	1	0.096	-1	5.15464
12.715	50.8121	2	-1	0.098	5.15464
12.798	50.1259	4	0.096	-1	5.15464
12.799	50.1574	1	-1	0.085	5.15464
12.799	50.1574	3	-1	0.098	5.15464
12.801	49.9477	2	0.086	-1	5.15464
12.886	48.854	1	0.087	-1	5.81395
12.889	48.9634	2	-1	0.088	5.81395
13.158	49.199	3	0.359	-1	5.81395
13.159	49.2634	1	-1	0.273	5.81395
13.159	49.2634	4	-1	0.361	5.81395
13.161	49.0658	2	0.272	-1	5.81395
13.227	46.6438	1	0.068	-1	2.93255
13.246	48.1188	2	-1	0.085	2.93255
13.286	49.9882	4	0.127	-1	2.93255
13.287	50.0336	3	-1	0.129	2.93255
13.31	49.8714	2	0.064	-1	2.93255
13.313	50.0694	1	-1	0.086	2.93255
13.412	49.7378	3	0.125	-1	2.93255
13.413	49.7739	2	-1	0.103	2.93255
13.437	51.437	1	0.124	-1	4.7619
13.438	51.5045	3	-1	0.026	4.7619
13.477	53.8274	2	0.064	-1	4.7619
13.478	53.8597	4	-1	0.192	4.7619
13.572	41.8046	3	0.134	-1	4.7619
13.573	41.839	1	-1	0.136	4.7619
13.575	42.7748	4	0.097	-1	4.7619
13.577	42.9855	2	-1	0.1	4.7619
13.657	48.0452	1	0.084	-1	4.54545
13.658	48.093	3	-1	0.086	4.54545
13.66	48.8467	2	0.083	-1	4.54545
13.718	54.1669	1	-1	0.061	4.54545
13.72	54.7159	3	0.062	-1	4.54545
13.721	54.8079	4	-1	0.146	4.54545
13.723	55.2713	1	0.005	-1	15.1515
13.724	55.2612	3	-1	0.004	15.1515
13.726	55.7954	4	0.005	-1	15.1515
13.728	55.9765	2	-1	0.068	15.1515
13.761	52.9228	3	0.037	-1	15.1515
13.762	52.9306	3	-1	0.001	15.1515
13.764	53.3569	2	0.036	-1	15.1515
13.779	54.6554	1	-1	0.056	15.1515
13.868	58.6935	3	0.106	-1	15.1515
13.869	58.7477	2	-1	0.105	15.1515
13.869	58.7477	3	-1	0.001	15.1515
13.869	58.7477	4	-1	0.143	15.1515
