1	1.03418	14	0.258545	-10	1000	39.7989	0.12692	0.04778	72.6503
4	1.06901	14	0.267252	-10	1000	39.8476	0.12667	0.04803	72.5072
2	1.1173	14	0.279325	-10	1000	39.5022	0.12624	0.0486	72.2032
3	1.16378	14	0.290945	-10	1000	39.7594	0.12473	0.05011	71.3395
1	1.20816	14	0.30204	-10	1000	39.939	0.12606	0.04878	72.1002
4	1.24716	14	0.31179	-10	1000	39.9958	0.12616	0.04868	72.1574
2	1.29392	14	0.32348	-10	1000	39.8261	0.12562	0.04977	71.6232
3	1.33914	14	0.334785	-10	1000	39.9387	0.1259	0.04949	71.7829
1	1.38291	14	0.345728	-10	1000	40.0077	0.12542	0.04997	71.5092
4	1.42509	14	0.356273	-10	1000	40.0541	0.1258	0.04959	71.7259
2	1.4706	14	0.36765	-10	1000	39.9871	0.1253	0.05086	71.1285
3	1.51415	14	0.378538	-10	1000	40.0041	0.12559	0.05057	71.2931
1	1.5589	14	0.389725	-10	1000	39.9575	0.12525	0.05091	71.1001
4	1.60298	14	0.400745	-10	1000	39.9919	0.12583	0.05033	71.4294
2	1.64786	14	0.411965	-10	1000	39.9774	0.1254	0.05181	70.7635
3	1.69112	14	0.42278	-10	1000	39.9523	0.12579	0.05142	70.9836
1	1.73634	14	0.434085	-10	1000	39.868	0.12548	0.05173	70.8086
4	1.78142	14	0.445355	-10	1000	39.8791	0.12611	0.0511	71.1642
2	1.8261	14	0.456525	-10	1000	39.8795	0.12571	0.05289	70.3863
3	1.87	14	0.4675	-10	1000	39.8384	0.12622	0.05238	70.6719
1	1.91533	14	0.478833	-10	1000	39.7652	0.12587	0.05273	70.4759
4	1.9609	14	0.490225	-10	1000	39.7462	0.12652	0.05208	70.8399
2	2.00568	14	0.50142	-10	1000	39.7426	0.12613	0.05394	70.045
3	2.05063	14	0.512658	-10	1000	39.6929	0.12674	0.05333	70.3837
1	2.09588	14	0.52397	-10	1000	39.6498	0.12635	0.05372	70.1672
4	2.14187	14	0.535468	-10	1000	39.6019	0.12701	0.05306	70.5337
2	2.18682	14	0.546705	-10	1000	39.5935	0.12661	0.05501	69.7115
3	2.23287	14	0.558218	-10	1000	39.5333	0.12729	0.05433	70.0859
1	2.27803	14	0.569508	-10	1000	39.5196	0.12688	0.05474	69.8601
4	2.32458	14	0.581145	-10	1000	39.4477	0.12756	0.05406	70.2346
2	2.36967	14	0.592418	-10	1000	39.442	0.12714	0.05611	69.3806
3	2.41674	14	0.604185	-10	1000	39.3677	0.12787	0.05538	69.779
1	2.46182	14	0.615455	-10	1000	39.3774	0.12742	0.05583	69.5334
4	2.50914	14	0.627285	-10	1000	39.2859	0.12815	0.0551	69.9318
2	2.5543	14	0.638575	-10	1000	39.2927	0.1277	0.05725	69.0457
3	2.60229	14	0.650573	-10	1000	39.1992	0.12847	0.05648	69.462
1	2.64734	14	0.661835	-10	1000	39.2264	0.12799	0.05696	69.2025
4	2.69562	14	0.673905	-10	1000	39.1165	0.12877	0.05618	69.6242
2	2.74074	14	0.685185	-10	1000	39.1428	0.12828	0.05848	68.6871
3	2.78967	14	0.697418	-10	1000	39.0274	0.12909	0.05767	69.1208
1	2.83469	14	0.708673	-10	1000	39.0707	0.12858	0.05818	68.8477
4	2.88402	14	0.721005	-10	1000	38.9423	0.12941	0.05735	69.2921
2	2.92906	14	0.732265	-10	1000	38.9902	0.12888	0.05977	68.317
3	2.97899	14	0.744748	-10	1000	38.8517	0.12974	0.05891	68.7729
1	3.02395	14	0.755988	-10	1000	38.9122	0.12919	0.05946	68.4813
4	3.07442	14	0.768605	-10	1000	38.7624	0.13008	0.05857	68.9531
2	3.11934	14	0.779835	-10	1000	38.8326	0.12951	0.06114	67.9308
3	3.17038	14	0.792595	-10	1000	38.6702	0.13042	0.06023	68.4081
1	3.21525	14	0.803813	-10	1000	38.7501	0.12984	0.06081	68.1039
4	3.2669	14	0.816725	-10	1000	38.5773	0.13077	0.05988	68.5917
2	3.31169	14	0.827923	-10	1000	38.6694	0.13017	0.06257	67.5366
3	3.36394	14	0.840985	-10	1000	38.4832	0.13113	0.06161	68.0347
1	3.40866	14	0.852165	-10	1000	38.585	0.13051	0.06223	67.713
4	3.46158	14	0.865395	-10	1000	38.3874	0.1315	0.06124	68.2266
2	3.50619	14	0.876548	-10	1000	38.5019	0.13085	0.06408	67.1267
3	3.55976	14	0.88994	-10	1000	38.2901	0.13187	0.06306	67.6499
1	3.60429	14	0.901073	-10	1000	38.4152	0.13121	0.06372	67.3113
4	3.65858	14	0.914645	-10	1000	38.1899	0.13226	0.06267	67.85
2	3.70298	14	0.925745	-10	1000	38.3274	0.13158	0.06567	66.7072
3	3.75801	14	0.939503	-10	1000	38.0881	0.13266	0.06459	67.2548
1	3.80229	14	0.950573	-10	1000	38.2383	0.13196	0.06529	66.8999
4	3.85808	14	0.96452	-10	1000	37.9842	0.13307	0.06418	67.4626
2	3.90221	14	0.975553	-10	1000	38.1465	0.13235	0.06736	66.2711
3	3.95882	14	0.989705	-10	1000	37.8779	0.13349	0.06622	66.8419
1	4.00279	14	1.0007	-10	1000	38.0539	0.13275	0.06696	66.4714
4	4.06022	14	1.01506	-10	1000	37.7695	0.13392	0.06579	67.0572
2	4.10404	14	1.02601	-10	1000	37.9579	0.13317	0.06917	65.815
3	4.16236	14	1.04059	-10	1000	37.6575	0.13438	0.06796	66.413
1	4.20598	14	1.0515	-10	1000	37.8595	0.1336	0.06874	66.0275
4	4.26523	14	1.06631	-10	1000	37.5428	0.13484	0.0675	66.6403
2	4.30866	14	1.07717	-10	1000	37.7586	0.13405	0.07114	65.3297
3	4.36887	14	1.09222	-10	1000	37.4243	0.13533	0.06986	65.9535
1	4.41209	14	1.10302	-10	1000	37.6533	0.13452	0.07067	65.5588
4	4.47334	14	1.11833	-10	1000	37.3019	0.13584	0.06935	66.2021
2	4.51631	14	1.12908	-10	1000	37.5459	0.13501	0.07326	64.8245
3	4.57864	14	1.14466	-10	1000	37.1761	0.13637	0.0719	65.4775
1	4.62136	14	1.15534	-10	1000	37.434	0.13552	0.07275	65.0694
4	4.68482	14	1.1712	-10	1000	37.0461	0.13692	0.07135	65.7416
2	4.72727	14	1.18182	-10	1000	37.3185	0.13605	0.07558	64.2867
3	4.79193	14	1.19798	-10	1000	36.9114	0.1375	0.07413	64.9719
1	4.83408	14	1.20852	-10	1000	37.1984	0.13661	0.07502	64.5513
4	4.9	14	1.225	-10	1000	36.7719	0.1381	0.07353	65.2554
2	4.94184	14	1.23546	-10	1000	37.0734	0.1372	0.07811	63.7221
3	5.0091	14	1.25227	-10	1000	36.6272	0.13874	0.07657	64.4373
1	5.05061	14	1.26265	-10	1000	36.9437	0.13783	0.07748	64.0147
4	5.11927	14	1.27982	-10	1000	36.4761	0.13941	0.0759	64.7485
2	5.16041	14	1.2901	-10	1000	36.8058	0.13848	0.08091	63.1205
3	5.23061	14	1.30765	-10	1000	36.3188	0.14012	0.07927	63.868
1	5.27135	14	1.31784	-10	1000	36.6649	0.13918	0.08021	63.4395
4	5.34311	14	1.33578	-10	1000	36.1553	0.14087	0.07852	64.2099
2	5.38346	14	1.34586	-10	1000	36.5136	0.13992	0.08403	62.4782
3	5.45692	14	1.36423	-10	1000	35.9838	0.14166	0.08229	63.2552
1	5.49683	14	1.37421	-10	1000	36.3564	0.14071	0.08324	62.831
4	5.57208	14	1.39302	-10	1000	35.8046	0.14251	0.08144	63.6347
2	5.61152	14	1.40288	-10	1000	36.1896	0.14155	0.08752	61.7933
3	5.6887	14	1.42217	-10	1000	35.616	0.14341	0.08566	62.6053
1	5.72764	14	1.43191	-10	1000	36.0133	0.14245	0.08662	62.1862
4	5.80687	14	1.45172	-10	1000	35.4195	0.14438	0.08469	63.0288
2	5.84528	14	1.46132	-10	1000	35.8292	0.14341	0.09148	61.0541
3	5.92665	14	1.48166	-10	1000	35.213	0.1454	0.08949	61.9013
1	5.96452	14	1.49113	-10	1000	35.6308	0.14444	0.09045	61.4926
4	6.04823	14	1.51206	-10	1000	34.9958	0.1465	0.08839	62.3696
2	6.0855	14	1.52137	-10	1000	35.4236	0.14555	0.09595	60.2692
3	6.17166	14	1.54291	-10	1000	34.7677	0.14768	0.09382	61.1511
1	6.20832	14	1.55208	-10	1000	35.2005	0.14674	0.09476	60.7619
4	6.29714	14	1.57428	-10	1000	34.5276	0.14895	0.09255	61.677
2	6.33313	14	1.58328	-10	1000	34.9656	0.14802	0.10106	59.4267
3	6.42477	14	1.60619	-10	1000	34.2754	0.15032	0.09876	60.3501
1	6.46007	14	1.61502	-10	1000	34.7146	0.14941	0.09967	59.9847
4	6.55474	14	1.63868	-10	1000	34.0099	0.1518	0.09728	60.9443
2	6.58931	14	1.64733	-10	1000	34.4475	0.15091	0.10691	58.5331
3	6.68721	14	1.6718	-10	1000	33.7315	0.15339	0.10443	59.495
1	6.72101	14	1.68025	-10	1000	34.1642	0.15253	0.10529	59.1614
4	6.82237	14	1.70559	-10	1000	33.4375	0.15512	0.1027	60.166
2	6.85536	14	1.71384	-10	1000	33.8581	0.15429	0.11363	57.5881
3	6.96049	14	1.74012	-10	1000	33.1294	0.157	0.11092	58.5996
1	6.99261	14	1.74815	-10	1000	33.5391	0.15621	0.11171	58.3047
4	7.10168	14	1.77542	-10	1000	32.8038	0.15903	0.10889	59.3573
2	7.13293	14	1.78323	-10	1000	33.185	0.15829	0.12141	56.5928
3	7.24643	14	1.81161	-10	1000	32.4662	0.16128	0.11842	57.6618
1	7.27666	14	1.81916	-10	1000	32.8357	0.16056	0.11914	57.4044
4	7.39454	14	1.84863	-10	1000	32.1097	0.16363	0.11607	58.502
2	7.42389	14	1.85597	-10	1000	32.4197	0.16299	0.13041	55.5521
3	7.54707	14	1.88677	-10	1000	31.7506	0.16634	0.12706	56.6939
1	7.57516	14	1.89379	-10	1000	32.0713	0.16566	0.12774	56.4622
4	7.70284	14	1.92571	-10	1000	31.3549	0.16895	0.12445	57.5835
2	7.73026	14	1.93256	-10	1000	31.5193	0.16846	0.14089	54.4561
3	7.86507	14	1.96627	-10	1000	31.0304	0.17245	0.1369	55.7459
1	7.89046	14	1.97261	-10	1000	31.4087	0.17161	0.13774	55.4744
4	8.02679	14	2.0067	-10	1000	30.43	0.17431	0.13504	56.3472
2	8.0535	14	2.01337	-10	1000	29.9337	0.17458	0.14701	54.2865
3	8.20956	14	2.05239	-10	1000	29.8467	0.18276	0.13883	56.8301
1	8.2243	14	2.05607	-10	1000	30.3444	0.18386	0.13773	57.1722
4	8.37918	14	2.09479	-10	1000	28.0541	0.18457	0.13702	57.393
2	8.40022	14	2.10005	-10	1000	27.5247	0.18286	0.16989	51.8384
3	8.50431	14	2.12608	-10	1000	29.9643	0.12512	0.22763	35.4699
1	8.56439	14	2.1411	-10	1000	32.2566	0.1712	0.18155	48.533
4	8.63348	14	2.15837	-10	1000	30.4382	0.16995	0.1828	48.1786
2	8.68406	14	2.17101	-10	1000	26.5148	0.16515	0.1876	46.8179
3	8.74671	14	2.18668	-10	1000	29.9605	0.11322	0.17766	38.9233
1	8.82714	14	2.20678	-10	1000	32.6761	0.14307	0.14781	49.1852
4	8.87127	14	2.21782	-10	1000	31.0519	0.17606	0.11482	60.5267
2	8.92764	14	2.23191	-10	1000	26.4583	0.16315	0.12773	56.0884
3	8.9997	14	2.24992	-10	1000	30.029	0.12842	0.11516	52.7219
1	9.06672	14	2.26668	-10	1000	32.0917	0.13907	0.10451	57.0942
4	9.13307	14	2.28327	-10	1000	31.6611	0.18085	0.06273	74.2467
2	9.2017	14	2.30042	-10	1000	29.7752	0.18545	0.05789	76.2102
1	9.26601	14	2.3165	-10	1000	34.221	0.09502	0.14832	39.0482
3	9.26601	14	2.3165	-10	1000	34.221	0.133	0.11034	54.656
2	9.26606	14	2.31651	-10	1000	34.2192	3e-05	0.09503	0.031559
4	9.26609	14	2.31652	-10	1000	34.2223	9e-05	0.09497	0.094677
1	9.28912	14	2.32228	-10	1000	35.7372	0.02307	0.07199	24.2689
2	9.30064	14	2.32516	-10	1000	37.7764	0.01153	0.08353	12.1292
3	9.30064	14	2.32516	-10	1000	37.7764	0.03456	0.0605	36.356
1	9.3558	14	2.33895	-10	1000	52.9083	0.05514	-0.02053	159.318
4	9.37341	14	2.34335	-10	1000	52.1503	0.07278	-0.03817	210.286
2	9.37972	14	2.34493	-10	1000	51.8896	0.02393	0.05512	30.272
1	9.40214	14	2.35053	-10	1000	52.8986	0.02243	0.05662	28.3744
3	9.40214	14	2.35053	-10	1000	52.8986	0.04632	0.03273	58.5958
2	9.40219	14	2.35055	-10	1000	52.893	3e-05	0.02244	0.133511
4	9.40222	14	2.35055	-10	1000	52.8956	9e-05	0.02238	0.400534
1	9.41903	14	2.35476	-10	1000	53.2791	0.01685	0.00562	74.9889
2	9.42311	14	2.35578	-10	1000	53.967	0.00409	0.01838	18.202
3	9.42311	14	2.35578	-10	1000	53.967	0.0209	0.00157	93.0129
