9.01166	-10.6084	41.4847	0.748621	313.625	0.24585	0	13.2999	11.6314	9.63558	4.12485	-11.4058	-13.9929	-9.32094	-10.5727	1	0	0	0	-0.0034	-0.088	-0.0721	-0.1453
-5.77327	-1.84771	-7.27843	-40.8211	312.044	1.99669	0.558018	-6.61308	-7.87392	-3.40631	-7.05565	-6.12773	-1.55117	0.867602	-1.06669	1	0	0	1	-0.0915	-0.1096	-0.1096	-0.0456
15.5071	11.0497	-8.05467	35.9654	309.543	-1.1145	0.83897	13.6226	16.6087	14.6113	17.001	14.9838	12.7595	8.08829	11.1896	1	0	0	1	-0.072	-0.0757	-0.0757	-0.016
28.1711	-14.1112	11.0812	39.1678	302.718	3.92282	0	28.439	31.2925	26.3526	28.9599	-11.5831	-11.0639	-15.1806	-16.6367	0	1	0	0	-0.0463	-0.045	-0.0464	-0.0464
-260.452	-104.704	-40.8298	8.10228	273.197	-0.494874	0	-264.7	-263.674	-259.948	-256.856	-105.698	-102.875	-106.328	-103.59	1	0	0	0	-0.0166	-0.1071	-0.062	-0.2113
-403.078	202.704	-20.933	-29.0449	248.908	2.62532	0	-405.162	-406.756	-401.679	-403.598	198.872	201.82	202.16	204.463	1	0	0	0	-0.0207	-0.0211	-0.1238	-0.0212
-218.052	498.314	-19.8073	-30.6343	230.262	1.1335	0	-219.317	-221.522	-216.645	-218.922	494.139	496.31	497.735	499.714	1	0	0	0	-0.011	-0.015	-0.015	-0.0151
740.506	-71.6268	20.4927	38.6772	208.504	-1.46214	0.70336	739.549	743.519	739.129	740.812	-69.3771	-68.4737	-71.0303	-74.298	0	1	1	0	-0.0555	-0.055	-0.0126	-0.0556
-534.634	-706.961	-44.6139	2.52938	191.557	-3.10924	0.871156	-538.836	-534.946	-530.458	-534.51	-708.13	-706.25	-708.629	-705.466	1	0	0	1	-0.0854	-0.1716	-0.1258	-0.0779
328.293	991.255	2.58926	42.1178	177.133	3.68552	0.510024	328.366	331.007	326.575	329.692	995.616	991.496	989.014	990.712	1	0	0	1	-0.0746	-0.174	-0.1741	-0.0639
-652.785	352.389	43.7031	25.9815	170.036	1.78258	0.854033	-650.85	-648.427	-653.36	-653.859	354.162	352.557	353.774	350.069	0	1	1	0	-0.1126	-0.035	-0.0016	-0.1083
356.957	-695.125	-46.4222	23.7531	153.55	-0.507022	0	352.599	355.289	357.935	359.084	-694.963	-692.969	-697.306	-694.535	1	0	0	0	-0.0339	-0.034	-0.034	-0.0341
-265.339	574.56	12.5134	46.6298	145.747	0.854601	0	-265.402	-262.768	-266.967	-264.142	578.92	577.126	574.265	573.252	1	0	0	0	-0.0173	-0.0175	-0.0175	-0.0176
-552.005	580.553	-45.2183	20.4826	134.714	-3.24687	0.835472	-556.366	-552.156	-548.884	-551.453	580.654	581.455	577.569	581.948	1	0	0	1	-0.0752	-0.1532	-0.139	-0.0743
-1773.98	618.187	-44.5457	13.2299	134.974	-4.08924	0.916445	-1778.22	-1775.25	-1771.16	-1773.8	617.162	619.082	616.063	619.676	1	0	0	1	-0.0605	-0.149	-0.1482	-0.0567
207.88	-230.794	9.74746	-48.4766	124.274	0.0570689	0.661651	210.052	207.14	209.355	206.363	-234.331	-235.092	-230.52	-230.838	0	1	1	0	-0.0887	-0.0046	-0.0044	-0.0847
382.43	398.9	47.7654	5.35958	119.581	-1.50426	0.814199	386.144	384.387	379.711	382.724	401.186	398	399.985	397.429	1	0	0	1	-0.049	-0.13	-0.124	-0.0485
200.878	-709.661	12.6072	-43.0152	111.992	-2.06693	0.881797	204.059	200.839	201.535	199.537	-712.646	-712.216	-707.184	-710.331	1	0	0	1	-0.0411	-0.1325	-0.1321	-0.041
-694.842	976.38	-19.0732	43.954	115.165	-0.0368259	0.743237	-698.113	-695.255	-695.946	-693.522	979.266	980.242	975.209	977.091	1	0	0	1	-0.0104	-0.1001	-0.0996	-0.0098
895.567	-1233.61	15.9061	-50.4656	105.438	0.542202	0.748556	897.533	894.888	897.037	893.802	-1236.25	-1237.91	-1233.31	-1232.81	0	1	1	0	-0.1002	-0.0208	-0.0184	-0.0979
-287.199	-930.025	-31.6543	-48.9052	98.4746	-0.426275	0.678798	-287.783	-289.852	-285.287	-288.523	-934.346	-931.98	-929.75	-929.32	1	0	0	1	-0.0191	-0.0909	-0.0875	-0.0158
207.913	-1957.98	7.21179	-61.8104	105.286	0.296359	0.616188	209.491	206.588	209.411	206.319	-1960.93	-1962.13	-1957.91	-1956.96	0	1	1	0	-0.0842	-0.0171	-0.0132	-0.0803
-1352.25	-1051.6	-41.0679	-49.6384	98.195	1.09173	0.627758	-1352.5	-1356.17	-1351.16	-1351.77	-1053.79	-1053.51	-1052.63	-1048.76	0	1	1	0	-0.0998	-0.0361	-0.032	-0.0958
-1445.69	-1799.95	-21.9395	-64.1593	92.3033	1.23051	0.548481	-1444.87	-1448.58	-1444.29	-1446.06	-1801.43	-1803.22	-1800.5	-1796.5	0	1	1	0	-0.1055	-0.0447	-0.0405	-0.1014
2070.02	-149.315	71.1813	-1.20709	94.2123	1.17423	0.45374	2070.68	2074.06	2070.07	2066.41	-148.043	-150.96	-147.816	-150.785	0	1	1	0	-0.108	-0.0496	-0.0453	-0.1038
-1907.19	-1432.8	-70.6846	-22.5225	85.1249	1.05395	0.376629	-1907.2	-1911.54	-1906.73	-1904.07	-1434.18	-1432.59	-1434.23	-1430.17	0	1	1	0	-0.1066	-0.0504	-0.0461	-0.1023
-3115.77	965.294	-66.236	36.6821	84.3547	-0.936643	0.413465	-3120.1	-3116.17	-3113.81	-3115.09	965.802	967.009	962.512	966.629	1	0	0	1	-0.0392	-0.0935	-0.0892	-0.035
971.316	2712.65	13.3739	76.8247	83.0326	0.707982	0.392742	970.312	973.672	969.851	972.318	2714.54	2716.32	2712.97	2709.87	0	1	1	0	-0.084	-0.0315	-0.0273	-0.0797
2566.8	-359.618	81.5748	6.94333	81.7676	0.81879	0.207138	2566.95	2571.01	2566.66	2563.06	-358.246	-360.761	-358.125	-361.517	0	1	1	0	-0.0984	-0.0475	-0.0433	-0.0942
-1620.34	-2623.95	-37.0957	-74.3643	79.6781	-0.737933	0.26889	-1620.69	-1622.05	-1617.63	-1621.69	-2628.3	-2624.37	-2621.86	-2623.32	1	0	0	1	-0.0361	-0.0855	-0.0813	-0.0319
-2615.04	-1811.73	-78.8655	-37.0234	72.6737	-0.062283	0.123329	-2617.63	-2619.39	-2614.42	-2615.1	-1814.52	-1812.02	-1813.1	-1810.11	0	1	1	0	-0.0549	-0.0069	-0.0028	-0.0508
3170.34	-34.4101	86.8999	14.2765	75.5808	-0.672626	0.144917	3174.09	3171.41	3166.81	3170.61	-32.1919	-35.6267	-33.4596	-35.8866	1	0	0	1	-0.0372	-0.0839	-0.0798	-0.0331
-3110.82	-1505.57	-70.2785	-57.0724	72.9051	0.0961978	0.118111	-3112.16	-3114.99	-3109.91	-3110.71	-1508.44	-1506.84	-1506.76	-1503.57	0	1	1	0	-0.0597	-0.0142	-0.0102	-0.0557
4147.08	-297.31	90.6558	-21.4653	68.9107	-0.0108534	0.0422971	4151.39	4149.78	4146.38	4146.77	-296.671	-299.388	-295.614	-298.776	1	0	0	1	-0.011	-0.0554	-0.0515	-0.0071
-3770.41	-1130.76	-93.9943	-11.3599	66.1283	-0.206222	0.0513992	-3774.22	-3772.94	-3768.43	-3770.63	-1132.88	-1129.68	-1132.01	-1129.28	1	0	0	1	-0.0185	-0.0618	-0.0579	-0.0146
3884.2	681.915	93.7748	24.772	69.4057	-0.155078	0	3887.69	3886.96	3882.17	3884.62	684.525	681.207	682.91	680.475	1	0	0	1	-0.0169	-0.0592	-0.0554	-0.0131
4126.34	617.416	99.4252	1.27365	62.8599	-0.485202	0	4130.39	4127.21	4123.02	4126.38	619.031	616.019	618.884	615.917	1	0	0	1	-0.0329	-0.0742	-0.0704	-0.0291
-3636.19	2115.72	-93.6495	42.9579	65.5523	0.176502	0	-3640.54	-3639.18	-3636.66	-3631.65	2116.03	2118.71	2114.29	2115.38	1	0	0	0	-0.0015	-0.0419	-0.0381	-0.0785
-572.72	-5144.59	-5.88195	-103.822	61.179	0.0473711	0	-571.466	-574.55	-571.224	-574.124	-5147.44	-5148.54	-5144.7	-5143.11	0	1	1	0	-0.0525	-0.013	-0.0093	-0.0488
-1690.41	4239.34	-25.1464	103.273	58.3672	-0.425515	0	-1692.87	-1689.17	-1691.05	-1688.95	4242.94	4240.27	4235.55	4239.7	1	0	0	1	-0.033	-0.0717	-0.0681	-0.0294
-5381.1	-129.674	-108.39	0.242634	59.6977	-0.402621	0	-5385.18	-5381.77	-5377.64	-5381.1	-131.205	-128.246	-131.201	-128.174	1	0	0	1	-0.0318	-0.0697	-0.0661	-0.0282
