0.00107705	12.9	37.6202	4	-1	0.15465	15311.9
0.00110876	12.9	40.6928	3	-1	0.13423	86.1941
0.00113869	12.9	42.9466	1	-1	0.12345	79.2718
0.00116712	12.9	44.6279	3	-1	0.11679	93.7395
0.00119482	12.9	45.9305	4	-1	0.11225	90.0955
0.00122167	12.9	46.9353	3	-1	0.10903	96.104
0.0012482	12.9	47.7338	4	-1	0.10664	93.9974
0.00127418	12.9	48.3601	3	-1	0.10485	97.1823
0.00130004	12.9	48.8645	4	-1	0.10347	95.9032
0.0013255	12.9	49.262	3	-1	0.1024	97.7286
0.00135096	12.9	49.5856	4	-1	0.10156	96.9269
0.00137611	12.9	49.8403	3	-1	0.1009	98.0373
0.00140132	12.9	50.0491	4	-1	0.10038	97.5321
0.00142627	12.9	50.2122	3	-1	0.09996	98.2022
0.00145134	12.9	50.3467	4	-1	0.09963	97.878
0.00147617	12.9	50.4501	3	-1	0.09937	98.2985
0.00150115	12.9	50.5354	1	-1	0.09917	98.1007
0.0015259	12.9	50.5997	3	-1	0.099	98.3313
0.00155084	12.9	50.6536	4	-1	0.09887	98.2022
0.00155084	12.9	50.6531	1	-1	0.09888	98.2122
0.00157554	12.9	50.693	2	-1	0.09877	98.3373
0.00157556	12.9	50.6911	3	-1	0.09878	98.3473
0.00160047	12.9	50.7243	1	-1	0.0987	98.2676
0.00160047	12.9	50.7243	4	-1	0.0987	98.2676
0.00162515	12.9	50.7469	2	-1	0.09864	98.3352
0.00162517	12.9	50.745	3	-1	0.09864	98.3352
0.00165007	12.9	50.764	4	-1	0.09859	98.2853
0.00165007	12.9	50.7635	1	-1	0.0986	98.2953
0.00167474	12.9	50.7748	2	-1	0.09856	98.3044
0.00167476	12.9	50.7724	3	-1	0.09857	98.3144
0.00169967	12.9	50.7826	4	-1	0.09854	98.2845
0.00169968	12.9	50.7821	1	-1	0.09855	98.2944
0.00172434	12.9	50.7859	2	-1	0.09853	98.2745
0.00172437	12.9	50.783	3	-1	0.09854	98.2845
0.0017493	12.9	50.7874	1	-1	0.09853	98.2745
0.0017493	12.9	50.7874	4	-1	0.09853	98.2745
0.00177397	12.9	50.7861	2	-1	0.09853	98.2451
0.001774	12.9	50.7832	3	-1	0.09853	98.2451
0.00179894	12.9	50.7834	4	-1	0.09853	98.2451
0.00179894	12.9	50.783	1	-1	0.09854	98.2551
0.00182363	12.9	50.7791	2	-1	0.09854	98.2061
0.00182366	12.9	50.7762	3	-1	0.09854	98.2061
0.00184862	12.9	50.7736	1	-1	0.09855	98.2161
0.00184862	12.9	50.7736	4	-1	0.09855	98.2161
0.00187332	12.9	50.7674	2	-1	0.09856	98.1673
0.00187336	12.9	50.764	3	-1	0.09857	98.1773
0.00189833	12.9	50.7599	1	-1	0.09858	98.1873
0.00189833	12.9	50.7599	4	-1	0.09858	98.1873
0.00192306	12.9	50.752	2	-1	0.09859	98.119
0.0019231	12.9	50.7482	3	-1	0.0986	98.129
0.00194808	12.9	50.7432	4	-1	0.09861	98.1389
0.00194809	12.9	50.7427	1	-1	0.09862	98.1489
0.00197283	12.9	50.7339	2	-1	0.09863	98.071
0.00197287	12.9	50.73	3	-1	0.09863	98.071
0.00199789	12.9	50.7243	4	-1	0.09865	98.0909
0.00199789	12.9	50.7238	1	-1	0.09866	98.1008
0.00202266	12.9	50.7143	2	-1	0.09867	98.023
0.0020227	12.9	50.71	3	-1	0.09868	98.033
0.00204773	12.9	50.7043	4	-1	0.09869	98.0429
0.00204774	12.9	50.7038	1	-1	0.0987	98.0529
0.00207252	12.9	50.6938	2	-1	0.09871	97.9752
0.00207257	12.9	50.689	3	-1	0.09872	97.9851
0.00209763	12.9	50.6834	1	-1	0.09874	98.005
0.00209763	12.9	50.6834	4	-1	0.09874	98.005
0.00212244	12.9	50.6731	2	-1	0.09876	97.9373
0.00212249	12.9	50.6684	3	-1	0.09876	97.9373
0.00214756	12.9	50.6625	4	-1	0.09878	97.9572
0.00214757	12.9	50.662	1	-1	0.09879	97.9671
0.0021724	12.9	50.6515	2	-1	0.09881	97.8898
0.00217245	12.9	50.6468	3	-1	0.09881	97.8898
0.00219755	12.9	50.6408	1	-1	0.09883	97.9096
0.00219755	12.9	50.6408	4	-1	0.09883	97.9096
0.00222241	12.9	50.6301	2	-1	0.09885	97.8422
0.00222247	12.9	50.6249	3	-1	0.09886	97.8521
0.00224759	12.9	50.6192	1	-1	0.09888	97.8719
0.00224759	12.9	50.6192	4	-1	0.09888	97.8719
0.00227247	12.9	50.6084	2	-1	0.0989	97.7949
0.00227253	12.9	50.6032	3	-1	0.0989	97.7949
0.00229767	12.9	50.5974	4	-1	0.09892	97.8147
0.00229767	12.9	50.597	1	-1	0.09893	97.8246
0.00232258	12.9	50.5862	2	-1	0.09895	97.7477
0.00232264	12.9	50.581	3	-1	0.09895	97.7477
0.0023478	12.9	50.5753	4	-1	0.09897	97.7675
0.00234781	12.9	50.5748	1	-1	0.09898	97.7773
0.00237273	12.9	50.564	2	-1	0.09899	97.6907
0.00237279	12.9	50.5583	3	-1	0.099	97.7006
0.00239798	12.9	50.5531	1	-1	0.09902	97.7203
0.00239798	12.9	50.5531	4	-1	0.09902	97.7203
0.00242294	12.9	50.5423	2	-1	0.09904	97.6533
0.002423	12.9	50.5361	3	-1	0.09905	97.6632
0.00244821	12.9	50.5314	1	-1	0.09907	97.6829
0.00244821	12.9	50.5314	4	-1	0.09907	97.6829
0.00247319	12.9	50.5205	2	-1	0.09909	97.6064
0.00247325	12.9	50.5143	3	-1	0.09909	97.6064
0.00249848	12.9	50.5095	4	-1	0.09911	97.6261
0.00249849	12.9	50.509	1	-1	0.09912	97.6359
0.00252349	12.9	50.4982	2	-1	0.09914	97.5595
0.00252356	12.9	50.4921	3	-1	0.09914	97.5595
0.00254881	12.9	50.4873	4	-1	0.09916	97.5792
0.00254882	12.9	50.4868	1	-1	0.09917	97.5891
0.00257384	12.9	50.4753	2	-1	0.09919	97.5032
0.00257391	12.9	50.4691	3	-1	0.09919	97.5032
0.00259919	12.9	50.4646	4	-1	0.09921	97.5229
0.0025992	12.9	50.4641	1	-1	0.09922	97.5327
0.00262424	12.9	50.4527	2	-1	0.09923	97.4467
0.00262431	12.9	50.4461	3	-1	0.09924	97.4565
0.00264962	12.9	50.4421	4	-1	0.09926	97.4762
0.00264963	12.9	50.4417	1	-1	0.09927	97.486
0.00267468	12.9	50.4303	2	-1	0.09928	97.4002
0.00267476	12.9	50.4233	3	-1	0.09929	97.41
0.0027001	12.9	50.4199	1	-1	0.09931	97.4296
0.0027001	12.9	50.4199	4	-1	0.09931	97.4296
0.00272518	12.9	50.4086	2	-1	0.09933	97.3633
0.00272526	12.9	50.4011	3	-1	0.09934	97.3731
0.00275062	12.9	50.3982	4	-1	0.09935	97.3829
0.00275063	12.9	50.3977	1	-1	0.09936	97.3927
0.00277572	12.9	50.3864	2	-1	0.09938	97.3169
0.00277581	12.9	50.3785	3	-1	0.09939	97.3267
0.0028012	12.9	50.3761	4	-1	0.0994	97.3365
0.0028012	12.9	50.3757	1	-1	0.09941	97.3463
0.00282632	12.9	50.3644	2	-1	0.09943	97.2706
0.0028264	12.9	50.3565	3	-1	0.09943	97.2706
0.00285182	12.9	50.3542	4	-1	0.09945	97.2902
0.00285182	12.9	50.3538	1	-1	0.09946	97.2999
0.00287696	12.9	50.3425	2	-1	0.09947	97.2146
0.00287704	12.9	50.3341	3	-1	0.09948	97.2244
0.00290249	12.9	50.3324	4	-1	0.0995	97.2439
0.0029025	12.9	50.3319	1	-1	0.09951	97.2537
0.00292764	12.9	50.3207	2	-1	0.09952	97.1685
0.00292774	12.9	50.3119	3	-1	0.09953	97.1783
0.00295322	12.9	50.3107	4	-1	0.09955	97.1978
0.00295322	12.9	50.3102	1	-1	0.09956	97.2076
0.00297838	12.9	50.2991	2	-1	0.09957	97.1225
0.00297848	12.9	50.2898	3	-1	0.09958	97.1323
0.00300398	12.9	50.289	4	-1	0.09959	97.142
0.00300399	12.9	50.2886	1	-1	0.0996	97.1518
0.00302917	12.9	50.2774	2	-1	0.09962	97.0861
0.00302927	12.9	50.2677	3	-1	0.09963	97.0958
0.0030548	12.9	50.2666	4	-1	0.09964	97.1055
0.0030548	12.9	50.2662	1	-1	0.09965	97.1153
0.00308001	12.9	50.2551	2	-1	0.09967	97.0402
0.00308011	12.9	50.2454	3	-1	0.09967	97.0402
0.00310567	12.9	50.2445	4	-1	0.09969	97.0597
0.00310567	12.9	50.2441	1	-1	0.0997	97.0694
0.0031309	12.9	50.2331	2	-1	0.09971	96.9847
0.003131	12.9	50.223	3	-1	0.09972	96.9945
0.00315658	12.9	50.2227	4	-1	0.09974	97.0139
0.00315659	12.9	50.2222	1	-1	0.09975	97.0236
0.00318183	12.9	50.2113	2	-1	0.09976	96.9391
0.00318195	12.9	50.2007	3	-1	0.09977	96.9488
0.00320755	12.9	50.201	4	-1	0.09979	96.9682
0.00320755	12.9	50.2005	1	-1	0.0998	96.9779
0.00323282	12.9	50.1897	2	-1	0.09981	96.8935
0.00323294	12.9	50.1787	3	-1	0.09982	96.9032
0.00325856	12.9	50.1794	4	-1	0.09983	96.9129
0.00325856	12.9	50.1789	1	-1	0.09984	96.9226
0.00328385	12.9	50.1673	2	-1	0.09986	96.848
0.00328397	12.9	50.1559	3	-1	0.09987	96.8577
0.00330962	12.9	50.1573	4	-1	0.09988	96.8674
0.00330963	12.9	50.1568	1	-1	0.09989	96.8771
0.00333493	12.9	50.1453	2	-1	0.09991	96.8026
0.00333506	12.9	50.1334	3	-1	0.09992	96.8123
0.00336073	12.9	50.1355	4	-1	0.09993	96.822
0.00336074	12.9	50.135	1	-1	0.09994	96.8317
0.00338606	12.9	50.1236	2	-1	0.09995	96.7477
0.0033862	12.9	50.1112	3	-1	0.09996	96.7573
0.0034119	12.9	50.1139	4	-1	0.09998	96.7767
0.0034119	12.9	50.1134	1	-1	0.09999	96.7864
0.00343724	12.9	50.102	2	-1	0.1	96.7024
0.00343738	12.9	50.0892	3	-1	0.10001	96.7121
0.00346311	12.9	50.0924	4	-1	0.10002	96.7218
0.00346311	12.9	50.0919	1	-1	0.10003	96.7315
0.00348847	12.9	50.0806	2	-1	0.10005	96.6667
0.00348861	12.9	50.0674	3	-1	0.10006	96.6763
0.00351436	12.9	50.0702	4	-1	0.10007	96.686
0.00351437	12.9	50.0698	1	-1	0.10008	96.6957
0.00353975	12.9	50.0586	2	-1	0.1001	96.6216
0.0035399	12.9	50.0449	3	-1	0.10011	96.6313
0.00356567	12.9	50.0484	4	-1	0.10012	96.6409
0.00356567	12.9	50.048	1	-1	0.10013	96.6506
0.00359108	12.9	50.0369	2	-1	0.10015	96.5767
0.00359124	12.9	50.0228	3	-1	0.10016	96.5863
0.00361703	12.9	50.0269	4	-1	0.10017	96.5959
0.00361703	12.9	50.0265	1	-1	0.10018	96.6056
0.00364246	12.9	50.0154	2	-1	0.10019	96.5222
0.00364262	12.9	50.0009	3	-1	0.1002	96.5318
0.00366843	12.9	50.0056	4	-1	0.10022	96.5511
0.00366844	12.9	50.0051	1	-1	0.10023	96.5607
0.00369388	12.9	49.9933	2	-1	0.10024	96.4681
0.00369405	12.9	49.9784	3	-1	0.10025	96.4777
0.00371989	12.9	49.9837	4	-1	0.10026	96.4873
0.00371989	12.9	49.9832	1	-1	0.10027	96.497
0.00374536	12.9	49.9715	2	-1	0.10029	96.4327
0.00374553	12.9	49.9562	3	-1	0.1003	96.4423
0.00377139	12.9	49.9621	4	-1	0.10031	96.4519
0.0037714	12.9	49.9617	1	-1	0.10032	96.4615
0.00379688	12.9	49.9501	2	-1	0.10034	96.3881
0.00379706	12.9	49.9343	3	-1	0.10035	96.3977
0.00382295	12.9	49.9409	4	-1	0.10036	96.4073
0.00382295	12.9	49.9404	1	-1	0.10037	96.4169
0.00384845	12.9	49.9288	2	-1	0.10038	96.334
0.00384864	12.9	49.9122	3	-1	0.1004	96.3532
0.00387455	12.9	49.9189	4	-1	0.10041	96.3628
0.00387455	12.9	49.9185	1	-1	0.10042	96.3724
0.00390008	12.9	49.907	2	-1	0.10043	96.2895
0.00390027	12.9	49.8895	3	-1	0.10045	96.3087
0.0039262	12.9	49.8974	4	-1	0.10046	96.3183
0.00392621	12.9	49.897	1	-1	0.10047	96.3279
0.00395175	12.9	49.8855	2	-1	0.10048	96.2452
0.00395195	12.9	49.8677	3	-1	0.10049	96.2548
0.0039779	12.9	49.8761	4	-1	0.1005	96.2644
0.00397791	12.9	49.8756	1	-1	0.10051	96.2739
0.00400347	12.9	49.8643	2	-1	0.10053	96.2102
0.00400367	12.9	49.846	3	-1	0.10054	96.2197
0.00402965	12.9	49.855	4	-1	0.10055	96.2293
0.00402965	12.9	49.8546	1	-1	0.10056	96.2389
0.00405524	12.9	49.8424	2	-1	0.10058	96.1568
0.00405545	12.9	49.8237	3	-1	0.10059	96.1663
0.00408145	12.9	49.8334	4	-1	0.1006	96.1759
0.00408145	12.9	49.833	1	-1	0.10061	96.1855
0.00410706	12.9	49.8209	2	-1	0.10062	96.1032
0.00410728	12.9	49.8014	3	-1	0.10064	96.1223
0.0041333	12.9	49.8122	4	-1	0.10065	96.1318
0.00413331	12.9	49.8117	1	-1	0.10066	96.1414
0.00415893	12.9	49.7998	2	-1	0.10067	96.0592
0.00415915	12.9	49.7794	3	-1	0.10069	96.0782
0.0041852	12.9	49.7903	4	-1	0.10069	96.0782
0.0041852	12.9	49.7899	1	-1	0.1007	96.0878
0.00421085	12.9	49.7781	2	-1	0.10072	96.0244
0.00421108	12.9	49.7573	3	-1	0.10073	96.0339
0.00423714	12.9	49.7689	4	-1	0.10074	96.0435
0.00423715	12.9	49.7685	1	-1	0.10075	96.053
0.00426282	12.9	49.7568	2	-1	0.10077	95.9806
0.00426305	12.9	49.7356	3	-1	0.10078	95.9901
0.00428914	12.9	49.7478	4	-1	0.10079	95.9996
0.00428914	12.9	49.7474	1	-1	0.1008	96.0091
0.00431484	12.9	49.735	2	-1	0.10082	95.9277
0.00431508	12.9	49.7133	3	-1	0.10083	95.9372
0.00434119	12.9	49.7263	4	-1	0.10084	95.9467
0.00434119	12.9	49.7259	1	-1	0.10085	95.9562
0.0043669	12.9	49.7135	2	-1	0.10086	95.8745
0.00436715	12.9	49.6911	3	-1	0.10088	95.8935
0.00439328	12.9	49.7052	4	-1	0.10089	95.903
0.00439329	12.9	49.7048	1	-1	0.1009	95.9125
0.00441901	12.9	49.6925	2	-1	0.10091	95.831
0.00441928	12.9	49.6692	3	-1	0.10093	95.85
0.00444543	12.9	49.6835	4	-1	0.10093	95.85
0.00444543	12.9	49.6831	1	-1	0.10094	95.8594
0.00447118	12.9	49.671	2	-1	0.10096	95.7966
0.00447145	12.9	49.6473	3	-1	0.10097	95.8061
0.00449762	12.9	49.6622	4	-1	0.10098	95.8155
0.00449763	12.9	49.6618	1	-1	0.10099	95.825
0.0045234	12.9	49.6498	2	-1	0.10101	95.7532
0.00452367	12.9	49.6258	3	-1	0.10102	95.7626
0.00454986	12.9	49.6413	4	-1	0.10103	95.7721
0.00454987	12.9	49.6409	1	-1	0.10104	95.7816
0.00457566	12.9	49.6281	2	-1	0.10105	95.6913
0.00457594	12.9	49.6032	3	-1	0.10107	95.7102
0.00460216	12.9	49.62	4	-1	0.10108	95.7197
0.00460216	12.9	49.6196	1	-1	0.10109	95.7292
0.00462797	12.9	49.6069	2	-1	0.1011	95.6481
0.00462827	12.9	49.5812	3	-1	0.10112	95.667
0.00465451	12.9	49.5983	4	-1	0.10113	95.6764
0.00465451	12.9	49.5979	1	-1	0.10114	95.6859
0.00468034	12.9	49.5854	2	-1	0.10115	95.6049
0.00468064	12.9	49.5589	3	-1	0.10117	95.6238
0.0047069	12.9	49.577	4	-1	0.10117	95.6238
0.0047069	12.9	49.5766	1	-1	0.10118	95.6333
0.00473276	12.9	49.5643	2	-1	0.1012	95.5709
0.00473306	12.9	49.5374	3	-1	0.10121	95.5803
0.00475934	12.9	49.5562	4	-1	0.10122	95.5898
0.00475934	12.9	49.5557	1	-1	0.10123	95.5992
0.00478522	12.9	49.5427	2	-1	0.10125	95.5189
0.00478553	12.9	49.5154	3	-1	0.10126	95.5283
0.00481183	12.9	49.535	4	-1	0.10127	95.5377
0.00481184	12.9	49.5345	1	-1	0.10128	95.5472
0.00483773	12.9	49.5215	2	-1	0.10129	95.4665
0.00483805	12.9	49.4934	3	-1	0.10131	95.4854
0.00486438	12.9	49.5133	4	-1	0.10132	95.4948
0.00486438	12.9	49.5129	1	-1	0.10133	95.5042
0.00489029	12.9	49.5001	2	-1	0.10134	95.4237
0.00489063	12.9	49.4712	3	-1	0.10136	95.4426
0.00491697	12.9	49.4923	4	-1	0.10137	95.452
0.00491697	12.9	49.4918	1	-1	0.10138	95.4614
0.00494291	12.9	49.4792	2	-1	0.10139	95.381
0.00494325	12.9	49.4495	3	-1	0.10141	95.3998
0.00496961	12.9	49.4716	4	-1	0.10141	95.3998
0.00496961	12.9	49.4711	1	-1	0.10142	95.4092
0.00499557	12.9	49.4577	2	-1	0.10144	95.3383
0.00499592	12.9	49.4276	3	-1	0.10145	95.3477
0.0050223	12.9	49.4504	4	-1	0.10146	95.3571
0.00502231	12.9	49.45	1	-1	0.10147	95.3665
0.00504828	12.9	49.4368	2	-1	0.10149	95.2958
0.00504863	12.9	49.4063	3	-1	0.1015	95.3052
0.00507504	12.9	49.429	4	-1	0.10151	95.3146
0.00507505	12.9	49.4285	1	-1	0.10152	95.3239
0.00510105	12.9	49.4156	2	-1	0.10154	95.2533
0.00510141	12.9	49.3847	3	-1	0.10155	95.2627
0.00512783	12.9	49.4081	4	-1	0.10156	95.272
0.00512784	12.9	49.4077	1	-1	0.10157	95.2814
0.00515386	12.9	49.3939	2	-1	0.10158	95.1926
0.00515423	12.9	49.3623	3	-1	0.1016	95.2113
0.00518068	12.9	49.3869	4	-1	0.10161	95.2207
0.00518069	12.9	49.3865	1	-1	0.10162	95.2301
0.00520672	12.9	49.3729	2	-1	0.10163	95.1503
0.0052071	12.9	49.3405	3	-1	0.10165	95.169
0.00523357	12.9	49.3662	4	-1	0.10165	95.169
0.00523358	12.9	49.3658	1	-1	0.10166	95.1784
0.00525963	12.9	49.3523	2	-1	0.10168	95.1169
0.00526002	12.9	49.3191	3	-1	0.1017	95.1356
0.00528651	12.9	49.345	4	-1	0.1017	95.1356
0.00528652	12.9	49.3446	1	-1	0.10171	95.145
0.0053126	12.9	49.3313	2	-1	0.10173	95.0748
0.00531299	12.9	49.2977	3	-1	0.10174	95.0841
0.0053395	12.9	49.3244	4	-1	0.10175	95.0935
0.00533951	12.9	49.3239	1	-1	0.10176	95.1028
0.00536561	12.9	49.3098	2	-1	0.10177	95.0145
0.00536601	12.9	49.2755	3	-1	0.10179	95.0331
0.00539255	12.9	49.3034	4	-1	0.1018	95.0425
0.00539255	12.9	49.303	1	-1	0.10181	95.0518
0.00541867	12.9	49.289	2	-1	0.10182	94.9725
0.00541908	12.9	49.2539	3	-1	0.10184	94.9911
0.00544563	12.9	49.282	4	-1	0.10184	94.9911
0.00544564	12.9	49.2816	1	-1	0.10185	95.0005
0.00547178	12.9	49.2679	2	-1	0.10187	94.9394
0.0054722	12.9	49.232	3	-1	0.10189	94.9581
0.00549877	12.9	49.2613	4	-1	0.10189	94.9581
0.00549878	12.9	49.2609	1	-1	0.1019	94.9674
0.00552494	12.9	49.2465	2	-1	0.10192	94.8887
0.00552537	12.9	49.2098	3	-1	0.10194	94.9074
0.00555197	12.9	49.2404	4	-1	0.10194	94.9074
0.00555197	12.9	49.24	1	-1	0.10195	94.9167
0.00557816	12.9	49.2257	2	-1	0.10197	94.847
0.00557859	12.9	49.1887	3	-1	0.10198	94.8563
0.00560521	12.9	49.2191	4	-1	0.10199	94.8656
0.00560521	12.9	49.2187	1	-1	0.102	94.8749
0.00563142	12.9	49.2047	2	-1	0.10202	94.8053
0.00563186	12.9	49.1674	3	-1	0.10203	94.8146
0.0056585	12.9	49.1985	4	-1	0.10204	94.8239
0.0056585	12.9	49.1981	1	-1	0.10205	94.8332
0.00568473	12.9	49.1834	2	-1	0.10206	94.7456
0.00568518	12.9	49.1453	3	-1	0.10208	94.7642
0.00571184	12.9	49.1776	4	-1	0.10208	94.7642
0.00571185	12.9	49.1772	1	-1	0.10209	94.7735
0.0057381	12.9	49.1626	2	-1	0.10211	94.7129
0.00573856	12.9	49.1238	3	-1	0.10213	94.7315
0.00576523	12.9	49.1564	4	-1	0.10213	94.7315
0.00576524	12.9	49.156	1	-1	0.10214	94.7407
0.00579151	12.9	49.1417	2	-1	0.10216	94.6715
0.00579198	12.9	49.1021	3	-1	0.10218	94.69
0.00581867	12.9	49.1359	4	-1	0.10218	94.69
0.00581868	12.9	49.1355	1	-1	0.10219	94.6993
0.00584498	12.9	49.1204	2	-1	0.10221	94.6214
0.00584545	12.9	49.0805	3	-1	0.10222	94.6306
0.00587217	12.9	49.1151	4	-1	0.10223	94.6399
0.00587217	12.9	49.1147	1	-1	0.10224	94.6491
0.00589849	12.9	49.0999	2	-1	0.10226	94.5801
0.00589897	12.9	49.0596	3	-1	0.10227	94.5893
0.00592571	12.9	49.0941	4	-1	0.10228	94.5986
0.00592572	12.9	49.0937	1	-1	0.10229	94.6078
0.00595205	12.9	49.0791	2	-1	0.1023	94.5297
0.00595254	12.9	49.038	3	-1	0.10232	94.5481
0.0059793	12.9	49.0736	4	-1	0.10232	94.5481
0.0059793	12.9	49.0732	1	-1	0.10233	94.5574
0.00600567	12.9	49.0579	2	-1	0.10235	94.4886
0.00600617	12.9	49.0161	3	-1	0.10237	94.507
0.00603294	12.9	49.0529	4	-1	0.10237	94.507
0.00603295	12.9	49.0525	1	-1	0.10238	94.5162
0.00605933	12.9	49.0374	2	-1	0.1024	94.4475
0.00605984	12.9	48.9949	3	-1	0.10242	94.466
0.00608663	12.9	49.032	4	-1	0.10242	94.466
0.00608664	12.9	49.0316	1	-1	0.10243	94.4752
0.00611305	12.9	49.0167	2	-1	0.10245	94.4066
0.00611356	12.9	48.9739	3	-1	0.10246	94.4158
0.00614038	12.9	49.0117	4	-1	0.10247	94.425
0.00614038	12.9	49.0113	1	-1	0.10248	94.4342
0.00616681	12.9	48.9957	2	-1	0.1025	94.357
0.00616733	12.9	48.9526	3	-1	0.10251	94.3662
0.00619417	12.9	48.9908	4	-1	0.10252	94.3754
0.00619418	12.9	48.9904	1	-1	0.10253	94.3846
0.00622063	12.9	48.9749	2	-1	0.10254	94.307
0.00622116	12.9	48.9307	3	-1	0.10256	94.3254
0.00624801	12.9	48.9701	4	-1	0.10256	94.3254
0.00624802	12.9	48.9696	1	-1	0.10257	94.3346
0.00627449	12.9	48.9536	2	-1	0.10259	94.2663
0.00627504	12.9	48.9086	3	-1	0.10261	94.2847
0.00630191	12.9	48.9493	4	-1	0.10261	94.2847
0.00630192	12.9	48.9489	1	-1	0.10262	94.2939
0.00632841	12.9	48.9331	2	-1	0.10264	94.2256
0.00632896	12.9	48.8873	3	-1	0.10266	94.244
0.00635586	12.9	48.9284	4	-1	0.10266	94.244
0.00635586	12.9	48.928	1	-1	0.10267	94.2532
0.00638238	12.9	48.9124	2	-1	0.10269	94.1851
0.00638294	12.9	48.8663	3	-1	0.1027	94.1943
0.00640985	12.9	48.9082	4	-1	0.10271	94.2034
0.00640985	12.9	48.9078	1	-1	0.10272	94.2126
0.0064364	12.9	48.8915	2	-1	0.10274	94.136
0.00643696	12.9	48.8452	3	-1	0.10275	94.1451
0.0064639	12.9	48.8874	4	-1	0.10276	94.1543
0.0064639	12.9	48.887	1	-1	0.10277	94.1635
0.00649046	12.9	48.8709	2	-1	0.10278	94.0864
0.00649104	12.9	48.8234	3	-1	0.1028	94.1047
0.00651799	12.9	48.8668	4	-1	0.1028	94.1047
0.006518	12.9	48.8664	1	-1	0.10281	94.1139
0.00654458	12.9	48.8497	2	-1	0.10283	94.0461
0.00654517	12.9	48.8015	3	-1	0.10285	94.0644
0.00657214	12.9	48.8462	4	-1	0.10285	94.0644
0.00657215	12.9	48.8458	1	-1	0.10286	94.0735
0.00659875	12.9	48.8293	2	-1	0.10288	94.0058
0.00659935	12.9	48.7804	3	-1	0.1029	94.0241
0.00662634	12.9	48.8254	4	-1	0.1029	94.0241
0.00662634	12.9	48.825	1	-1	0.10291	94.0333
0.00665297	12.9	48.8088	2	-1	0.10293	93.9657
0.00665357	12.9	48.7596	3	-1	0.10294	93.9748
0.00668059	12.9	48.8054	4	-1	0.10295	93.9839
0.00668059	12.9	48.805	1	-1	0.10296	93.9931
0.00670724	12.9	48.7881	2	-1	0.10298	93.917
0.00670785	12.9	48.7386	3	-1	0.10299	93.9261
0.00673489	12.9	48.7844	4	-1	0.103	93.9352
0.00673489	12.9	48.784	1	-1	0.10301	93.9444
0.00676157	12.9	48.7675	2	-1	0.10303	93.877
0.00676218	12.9	48.7177	3	-1	0.10304	93.8861
0.00678923	12.9	48.7641	4	-1	0.10304	93.8861
0.00678924	12.9	48.7637	1	-1	0.10305	93.8952
0.00681594	12.9	48.7465	2	-1	0.10307	93.8279
0.00681656	12.9	48.696	3	-1	0.10309	93.8462
0.00684363	12.9	48.7438	4	-1	0.10309	93.8462
0.00684364	12.9	48.7434	1	-1	0.1031	93.8553
0.00687036	12.9	48.7264	2	-1	0.10312	93.7881
0.00687099	12.9	48.6756	3	-1	0.10313	93.7972
0.00689808	12.9	48.7232	4	-1	0.10314	93.8063
0.00689809	12.9	48.7228	1	-1	0.10315	93.8154
0.00692483	12.9	48.7053	2	-1	0.10317	93.7398
0.00692547	12.9	48.6542	3	-1	0.10318	93.7489
0.00695259	12.9	48.7028	4	-1	0.10319	93.758
0.00695259	12.9	48.7024	1	-1	0.1032	93.767
0.00697936	12.9	48.6852	2	-1	0.10322	93.7001
0.00698	12.9	48.6338	3	-1	0.10323	93.7092
0.00700714	12.9	48.6822	4	-1	0.10324	93.7182
0.00700715	12.9	48.6818	1	-1	0.10325	93.7273
0.00703394	12.9	48.6642	2	-1	0.10327	93.6519
0.00703458	12.9	48.6125	3	-1	0.10328	93.661
0.00706175	12.9	48.6618	4	-1	0.10329	93.6701
0.00706176	12.9	48.6614	1	-1	0.1033	93.6792
0.00708856	12.9	48.6439	2	-1	0.10331	93.6033
0.00708921	12.9	48.5916	3	-1	0.10333	93.6215
0.0071164	12.9	48.6412	4	-1	0.10333	93.6215
0.00711641	12.9	48.6408	1	-1	0.10334	93.6305
0.00714324	12.9	48.6236	2	-1	0.10336	93.5723
0.0071439	12.9	48.5705	3	-1	0.10338	93.5904
0.00717111	12.9	48.6213	4	-1	0.10338	93.5904
0.00717111	12.9	48.6209	1	-1	0.10339	93.5995
0.00719796	12.9	48.603	2	-1	0.10341	93.5245
0.00719863	12.9	48.5497	3	-1	0.10342	93.5335
0.00722586	12.9	48.6006	4	-1	0.10343	93.5426
0.00722587	12.9	48.6002	1	-1	0.10344	93.5516
0.00725275	12.9	48.5826	2	-1	0.10346	93.4851
0.00725342	12.9	48.529	3	-1	0.10347	93.4942
0.00728067	12.9	48.5807	4	-1	0.10348	93.5032
0.00728067	12.9	48.5803	1	-1	0.10349	93.5122
0.00730758	12.9	48.5622	2	-1	0.10351	93.4374
0.00730826	12.9	48.5083	3	-1	0.10352	93.4465
0.00733553	12.9	48.5599	4	-1	0.10353	93.4555
0.00733553	12.9	48.5595	1	-1	0.10354	93.4645
0.00736246	12.9	48.5418	2	-1	0.10356	93.3983
0.00736315	12.9	48.4876	3	-1	0.10357	93.4073
0.00739044	12.9	48.54	4	-1	0.10357	93.4073
0.00739044	12.9	48.5396	1	-1	0.10358	93.4163
0.00741739	12.9	48.5212	2	-1	0.1036	93.3502
0.00741809	12.9	48.4663	3	-1	0.10362	93.3682
0.00744539	12.9	48.5192	4	-1	0.10362	93.3682
0.0074454	12.9	48.5188	1	-1	0.10363	93.3772
0.00747238	12.9	48.5007	2	-1	0.10365	93.3111
0.00747308	12.9	48.4456	3	-1	0.10366	93.3201
0.0075004	12.9	48.4992	4	-1	0.10367	93.3291
0.00750041	12.9	48.4989	1	-1	0.10368	93.3381
0.00752741	12.9	48.4802	2	-1	0.1037	93.2638
0.00752811	12.9	48.4248	3	-1	0.10371	93.2728
0.00755547	12.9	48.4785	4	-1	0.10372	93.2818
0.00755547	12.9	48.4782	1	-1	0.10373	93.2908
0.0075825	12.9	48.4599	2	-1	0.10375	93.2249
0.00758321	12.9	48.4043	3	-1	0.10376	93.2339
0.00761058	12.9	48.4588	4	-1	0.10377	93.2429
0.00761059	12.9	48.4584	1	-1	0.10378	93.2519
0.00763764	12.9	48.4396	2	-1	0.1038	93.1777
0.00763835	12.9	48.3837	3	-1	0.10381	93.1867
0.00766574	12.9	48.4381	4	-1	0.10381	93.1867
0.00766575	12.9	48.4377	1	-1	0.10382	93.1957
0.00769283	12.9	48.4193	2	-1	0.10385	93.1474
0.00769355	12.9	48.3631	3	-1	0.10386	93.1563
0.00772096	12.9	48.4183	4	-1	0.10386	93.1563
0.00772096	12.9	48.4179	1	-1	0.10387	93.1653
0.00774807	12.9	48.3988	2	-1	0.10389	93.0914
0.00774879	12.9	48.3424	3	-1	0.1039	93.1004
0.00777622	12.9	48.3977	4	-1	0.10391	93.1093
0.00777623	12.9	48.3973	1	-1	0.10392	93.1183
0.00780336	12.9	48.3778	2	-1	0.10394	93.0445
0.00780409	12.9	48.3211	3	-1	0.10395	93.0534
0.00783154	12.9	48.3774	4	-1	0.10396	93.0624
0.00783155	12.9	48.377	1	-1	0.10397	93.0713
0.0078587	12.9	48.3579	2	-1	0.10399	93.006
0.00785943	12.9	48.3009	3	-1	0.104	93.0149
0.00788692	12.9	48.3572	4	-1	0.10401	93.0239
0.00788692	12.9	48.3568	1	-1	0.10402	93.0328
0.0079141	12.9	48.3373	2	-1	0.10404	92.9593
0.00791483	12.9	48.28	3	-1	0.10405	92.9682
0.00794234	12.9	48.3372	4	-1	0.10406	92.9771
0.00794235	12.9	48.3368	1	-1	0.10407	92.9861
0.00796954	12.9	48.3176	2	-1	0.10409	92.9209
0.00797028	12.9	48.2601	3	-1	0.1041	92.9298
0.00799781	12.9	48.3171	4	-1	0.1041	92.9298
0.00799781	12.9	48.3167	1	-1	0.10411	92.9388
0.00802504	12.9	48.297	2	-1	0.10414	92.8826
0.00802579	12.9	48.2393	3	-1	0.10415	92.8915
0.00805333	12.9	48.2971	4	-1	0.10415	92.8915
0.00805334	12.9	48.2968	1	-1	0.10416	92.9005
0.00808058	12.9	48.2773	2	-1	0.10418	92.8355
0.00808134	12.9	48.2192	3	-1	0.10419	92.8444
0.00810891	12.9	48.2771	4	-1	0.1042	92.8533
0.00810891	12.9	48.2767	1	-1	0.10421	92.8622
0.00813618	12.9	48.2568	2	-1	0.10423	92.7891
0.00813694	12.9	48.1985	3	-1	0.10424	92.798
0.00816454	12.9	48.2565	4	-1	0.10425	92.8069
0.00816454	12.9	48.2561	1	-1	0.10426	92.8158
0.00819184	12.9	48.2367	2	-1	0.10428	92.751
0.0081926	12.9	48.1781	3	-1	0.10429	92.7599
0.00822021	12.9	48.2369	4	-1	0.1043	92.7688
0.00822022	12.9	48.2366	1	-1	0.10431	92.7777
0.00824754	12.9	48.2166	2	-1	0.10433	92.7048
0.0082483	12.9	48.1577	3	-1	0.10434	92.7137
0.00827595	12.9	48.2167	4	-1	0.10435	92.7226
0.00827595	12.9	48.2163	1	-1	0.10436	92.7315
0.00830329	12.9	48.1959	2	-1	0.10438	92.6587
0.00830407	12.9	48.1368	3	-1	0.10439	92.6676
0.00833173	12.9	48.1966	4	-1	0.10439	92.6676
0.00833173	12.9	48.1962	1	-1	0.1044	92.6764
0.0083591	12.9	48.1762	2	-1	0.10443	92.6291
0.00835987	12.9	48.1173	3	-1	0.10443	92.6291
0.00838756	12.9	48.1766	4	-1	0.10444	92.6379
0.00838756	12.9	48.1762	1	-1	0.10445	92.6468
0.00841496	12.9	48.1557	2	-1	0.10447	92.5742
0.00841573	12.9	48.0965	3	-1	0.10448	92.5831
0.00844344	12.9	48.1568	4	-1	0.10449	92.5919
0.00844345	12.9	48.1564	1	-1	0.1045	92.6008
0.00847086	12.9	48.1363	2	-1	0.10452	92.5365
0.00847164	12.9	48.0768	3	-1	0.10453	92.5454
0.00849938	12.9	48.137	4	-1	0.10454	92.5542
0.00849938	12.9	48.1366	1	-1	0.10455	92.5631
0.00852682	12.9	48.1161	2	-1	0.10457	92.4907
0.00852761	12.9	48.0564	3	-1	0.10458	92.4996
0.00855537	12.9	48.1167	4	-1	0.10459	92.5084
0.00855537	12.9	48.1163	1	-1	0.1046	92.5172
0.00858284	12.9	48.0962	2	-1	0.10462	92.4532
0.00858363	12.9	48.0362	3	-1	0.10463	92.462
0.0086114	12.9	48.0973	4	-1	0.10463	92.462
0.00861141	12.9	48.0969	1	-1	0.10464	92.4708
0.0086389	12.9	48.0762	2	-1	0.10467	92.4157
0.00863969	12.9	48.0164	3	-1	0.10467	92.4157
0.00866749	12.9	48.0771	4	-1	0.10468	92.4245
0.0086675	12.9	48.0767	1	-1	0.10469	92.4333
0.00869502	12.9	48.0558	2	-1	0.10472	92.3701
0.00869581	12.9	47.9961	3	-1	0.10472	92.3701
0.00872363	12.9	48.0569	4	-1	0.10473	92.3789
0.00872364	12.9	48.0565	1	-1	0.10474	92.3878
0.00875118	12.9	48.0358	2	-1	0.10476	92.324
0.00875198	12.9	47.9755	3	-1	0.10477	92.3328
0.00877983	12.9	48.0373	4	-1	0.10478	92.3416
0.00877983	12.9	48.0369	1	-1	0.10479	92.3504
0.0088074	12.9	48.0158	2	-1	0.10481	92.2786
0.0088082	12.9	47.9553	3	-1	0.10482	92.2874
0.00883607	12.9	48.0171	4	-1	0.10483	92.2962
0.00883608	12.9	48.0167	1	-1	0.10484	92.305
0.00886367	12.9	47.9953	2	-1	0.10486	92.2333
0.00886448	12.9	47.9345	3	-1	0.10487	92.2421
0.00889237	12.9	47.9974	4	-1	0.10488	92.2509
0.00889238	12.9	47.997	1	-1	0.10489	92.2597
0.00891999	12.9	47.976	2	-1	0.10491	92.1962
0.00892081	12.9	47.915	3	-1	0.10492	92.2049
0.00894872	12.9	47.9776	4	-1	0.10492	92.2049
0.00894872	12.9	47.9773	1	-1	0.10493	92.2137
0.00897637	12.9	47.9558	2	-1	0.10496	92.1591
0.00897718	12.9	47.895	3	-1	0.10496	92.1591
0.00900512	12.9	47.9574	4	-1	0.10497	92.1679
0.00900513	12.9	47.957	1	-1	0.10498	92.1767
0.0090328	12.9	47.9361	2	-1	0.10501	92.1221
0.00903361	12.9	47.8753	3	-1	0.10501	92.1221
0.00906157	12.9	47.9382	4	-1	0.10502	92.1309
0.00906157	12.9	47.9378	1	-1	0.10503	92.1397
0.00908927	12.9	47.9163	2	-1	0.10505	92.0684
0.00909009	12.9	47.8553	3	-1	0.10506	92.0771
0.00911807	12.9	47.9183	4	-1	0.10507	92.0859
0.00911808	12.9	47.9179	1	-1	0.10508	92.0947
0.0091458	12.9	47.8961	2	-1	0.1051	92.0235
0.00914663	12.9	47.8349	3	-1	0.10511	92.0322
0.00917463	12.9	47.898	4	-1	0.10512	92.041
0.00917464	12.9	47.8976	1	-1	0.10513	92.0497
0.00920238	12.9	47.8763	2	-1	0.10515	91.9867
0.00920321	12.9	47.8149	3	-1	0.10516	91.9955
0.00923124	12.9	47.8787	4	-1	0.10516	91.9955
0.00923124	12.9	47.8784	1	-1	0.10517	92.0042
0.00925902	12.9	47.8566	2	-1	0.1052	91.95
0.00925985	12.9	47.7953	3	-1	0.1052	91.95
0.00928789	12.9	47.8588	4	-1	0.10521	91.9587
0.0092879	12.9	47.8585	1	-1	0.10522	91.9675
0.0093157	12.9	47.8364	2	-1	0.10525	91.9053
0.00931653	12.9	47.7752	3	-1	0.10525	91.9053
0.00934461	12.9	47.8386	4	-1	0.10526	91.9141
0.00934461	12.9	47.8382	1	-1	0.10527	91.9228
0.00937244	12.9	47.8167	2	-1	0.1053	91.8688
0.00937328	12.9	47.7556	3	-1	0.1053	91.8688
0.00940137	12.9	47.8195	4	-1	0.10531	91.8775
0.00940137	12.9	47.8191	1	-1	0.10532	91.8862
0.00942924	12.9	47.7972	2	-1	0.10535	91.8243
0.00943007	12.9	47.7363	3	-1	0.10535	91.8243
0.00945818	12.9	47.7998	4	-1	0.10536	91.833
0.00945819	12.9	47.7994	1	-1	0.10537	91.8417
0.00948608	12.9	47.7771	2	-1	0.10539	91.7712
0.00948691	12.9	47.7159	3	-1	0.1054	91.7799
0.00951505	12.9	47.7796	4	-1	0.10541	91.7886
0.00951506	12.9	47.7792	1	-1	0.10542	91.7973
0.00954297	12.9	47.7574	2	-1	0.10544	91.7348
0.00954381	12.9	47.6964	3	-1	0.10544	91.7348
0.00957197	12.9	47.7606	4	-1	0.10546	91.7522
0.00957198	12.9	47.7602	1	-1	0.10547	91.7609
0.00959992	12.9	47.7381	2	-1	0.10549	91.6906
0.00960075	12.9	47.6772	3	-1	0.10549	91.6906
0.00962894	12.9	47.7409	4	-1	0.1055	91.6993
0.00962895	12.9	47.7405	1	-1	0.10551	91.708
0.00965692	12.9	47.7181	2	-1	0.10554	91.6544
0.00965775	12.9	47.6574	3	-1	0.10554	91.6544
0.00968597	12.9	47.7208	4	-1	0.10555	91.663
0.00968597	12.9	47.7204	1	-1	0.10556	91.6717
0.00971397	12.9	47.6979	2	-1	0.10559	91.6103
0.00971481	12.9	47.6373	3	-1	0.10559	91.6103
0.00974305	12.9	47.7013	4	-1	0.1056	91.6189
0.00974305	12.9	47.701	1	-1	0.10561	91.6276
0.00977107	12.9	47.6789	2	-1	0.10564	91.5742
0.00977191	12.9	47.6184	3	-1	0.10564	91.5742
0.00980017	12.9	47.6821	4	-1	0.10565	91.5829
0.00980018	12.9	47.6817	1	-1	0.10566	91.5915
0.00982823	12.9	47.6592	2	-1	0.10568	91.5216
0.00982906	12.9	47.5988	3	-1	0.10568	91.5216
0.00985736	12.9	47.6623	4	-1	0.1057	91.5389
0.00985736	12.9	47.6619	1	-1	0.10571	91.5476
0.00988543	12.9	47.6392	2	-1	0.10573	91.4778
0.00988627	12.9	47.579	3	-1	0.10573	91.4778
0.00991459	12.9	47.6422	4	-1	0.10575	91.4951
0.0099146	12.9	47.6418	1	-1	0.10576	91.5037
0.00994269	12.9	47.6198	2	-1	0.10578	91.4419
0.00994353	12.9	47.5597	3	-1	0.10578	91.4419
0.00997187	12.9	47.6233	4	-1	0.10579	91.4506
0.00997188	12.9	47.6229	1	-1	0.1058	91.4592
0.01	12.9	47.6005	2	-1	0.10583	91.4061
0.0100008	12.9	47.5405	3	-1	0.10583	91.4061
0.0100292	12.9	47.6038	4	-1	0.10584	91.4148
0.0100292	12.9	47.6034	1	-1	0.10585	91.4234
0.0100574	12.9	47.5808	2	-1	0.10588	91.3625
0.0100582	12.9	47.5209	3	-1	0.10588	91.3625
0.0100866	12.9	47.584	4	-1	0.10589	91.3711
0.0100866	12.9	47.5836	1	-1	0.1059	91.3798
0.0101148	12.9	47.5608	2	-1	0.10593	91.319
0.0101156	12.9	47.5011	3	-1	0.10593	91.319
0.010144	12.9	47.5643	4	-1	0.10594	91.3276
0.0101441	12.9	47.564	1	-1	0.10595	91.3362
0.0101723	12.9	47.5416	2	-1	0.10598	91.2834
0.0101731	12.9	47.482	3	-1	0.10597	91.2748
0.0102015	12.9	47.5454	4	-1	0.10599	91.292
0.0102015	12.9	47.5451	1	-1	0.106	91.3006
0.0102298	12.9	47.5223	2	-1	0.10602	91.2314
0.0102306	12.9	47.4629	3	-1	0.10602	91.2314
0.0102591	12.9	47.5258	4	-1	0.10603	91.24
0.0102591	12.9	47.5255	1	-1	0.10604	91.2486
0.0102874	12.9	47.5025	2	-1	0.10607	91.1959
0.0102882	12.9	47.4432	3	-1	0.10607	91.1959
0.0103167	12.9	47.506	4	-1	0.10608	91.2045
0.0103167	12.9	47.5057	1	-1	0.10609	91.2131
0.010345	12.9	47.4825	2	-1	0.10612	91.1527
0.0103458	12.9	47.4234	3	-1	0.10612	91.1527
0.0103743	12.9	47.486	4	-1	0.10613	91.1613
0.0103743	12.9	47.4857	1	-1	0.10614	91.1699
0.0104027	12.9	47.4632	2	-1	0.10617	91.1174
0.0104035	12.9	47.4042	3	-1	0.10617	91.1174
0.010432	12.9	47.4674	4	-1	0.10618	91.126
0.010432	12.9	47.467	1	-1	0.10619	91.1346
0.0104604	12.9	47.4442	2	-1	0.10622	91.0743
0.0104612	12.9	47.3856	3	-1	0.10621	91.0658
0.0104898	12.9	47.4481	4	-1	0.10623	91.0829
0.0104898	12.9	47.4478	1	-1	0.10624	91.0915
0.0105182	12.9	47.4248	2	-1	0.10627	91.0314
0.010519	12.9	47.3667	3	-1	0.10626	91.0228
0.0105476	12.9	47.4286	4	-1	0.10628	91.0399
0.0105476	12.9	47.4282	1	-1	0.10629	91.0485
0.010576	12.9	47.405	2	-1	0.10631	90.9799
0.0105768	12.9	47.3471	3	-1	0.10631	90.9799
0.0106055	12.9	47.4088	4	-1	0.10633	90.997
0.0106055	12.9	47.4084	1	-1	0.10634	91.0056
0.0106339	12.9	47.3852	2	-1	0.10636	90.9371
0.0106347	12.9	47.3274	3	-1	0.10636	90.9371
0.0106634	12.9	47.3891	4	-1	0.10637	90.9456
0.0106634	12.9	47.3888	1	-1	0.10638	90.9542
0.0106918	12.9	47.3661	2	-1	0.10641	90.9099
0.0106927	12.9	47.3081	3	-1	0.10641	90.9099
0.0107213	12.9	47.3704	4	-1	0.10642	90.9184
0.0107214	12.9	47.3701	1	-1	0.10643	90.927
0.0107498	12.9	47.347	2	-1	0.10646	90.8672
0.0107507	12.9	47.2891	3	-1	0.10646	90.8672
0.0107794	12.9	47.3513	4	-1	0.10647	90.8757
0.0107794	12.9	47.3509	1	-1	0.10648	90.8843
0.0108079	12.9	47.3277	2	-1	0.10651	90.8246
0.0108087	12.9	47.2702	3	-1	0.1065	90.8161
0.0108374	12.9	47.3318	4	-1	0.10652	90.8331
0.0108374	12.9	47.3314	1	-1	0.10653	90.8416
0.010866	12.9	47.3081	2	-1	0.10656	90.7821
0.0108668	12.9	47.2512	3	-1	0.10655	90.7736
0.0108956	12.9	47.3121	4	-1	0.10657	90.7906
0.0108956	12.9	47.3118	1	-1	0.10658	90.7991
0.0109242	12.9	47.2885	2	-1	0.10661	90.7396
0.010925	12.9	47.232	3	-1	0.1066	90.7311
0.0109538	12.9	47.2928	4	-1	0.10662	90.7481
0.0109538	12.9	47.2925	1	-1	0.10663	90.7567
0.0109824	12.9	47.2696	2	-1	0.10665	90.6965
0.0109832	12.9	47.2129	3	-1	0.10665	90.6965
0.011012	12.9	47.2741	4	-1	0.10666	90.705
0.011012	12.9	47.2738	1	-1	0.10667	90.7135
0.0110406	12.9	47.2507	2	-1	0.1067	90.6619
0.0110414	12.9	47.1941	3	-1	0.1067	90.6619
0.0110703	12.9	47.2551	4	-1	0.10671	90.6704
0.0110703	12.9	47.2547	1	-1	0.10672	90.6789
0.0110989	12.9	47.2314	2	-1	0.10675	90.6197
0.0110997	12.9	47.175	3	-1	0.10675	90.6197
0.0111286	12.9	47.2358	4	-1	0.10676	90.6282
0.0111286	12.9	47.2354	1	-1	0.10677	90.6367
0.0111573	12.9	47.212	2	-1	0.1068	90.5776
0.0111581	12.9	47.156	3	-1	0.10679	90.5691
0.011187	12.9	47.2163	4	-1	0.10681	90.586
0.011187	12.9	47.2159	1	-1	0.10682	90.5945
0.0112157	12.9	47.1925	2	-1	0.10685	90.5355
0.0112165	12.9	47.1369	3	-1	0.10684	90.527
0.0112454	12.9	47.1967	4	-1	0.10686	90.544
0.0112454	12.9	47.1964	1	-1	0.10687	90.5524
0.0112742	12.9	47.173	2	-1	0.1069	90.4935
0.011275	12.9	47.1179	3	-1	0.10689	90.4851
0.0113039	12.9	47.1775	4	-1	0.10691	90.502
0.0113039	12.9	47.1771	1	-1	0.10692	90.5105
0.0113327	12.9	47.1542	2	-1	0.10694	90.4508
0.0113335	12.9	47.0989	3	-1	0.10694	90.4508
0.0113625	12.9	47.159	4	-1	0.10695	90.4593
0.0113625	12.9	47.1586	1	-1	0.10696	90.4677
0.0113913	12.9	47.1354	2	-1	0.10699	90.4166
0.0113921	12.9	47.0803	3	-1	0.10699	90.4166
0.0114211	12.9	47.1401	4	-1	0.107	90.4251
0.0114211	12.9	47.1397	1	-1	0.10701	90.4335
0.0114499	12.9	47.1163	2	-1	0.10704	90.3749
0.0114507	12.9	47.0613	3	-1	0.10704	90.3749
0.0114797	12.9	47.121	4	-1	0.10705	90.3833
0.0114797	12.9	47.1207	1	-1	0.10706	90.3918
0.0115086	12.9	47.0971	2	-1	0.10709	90.3332
0.0115094	12.9	47.0425	3	-1	0.10708	90.3248
0.0115384	12.9	47.1017	4	-1	0.1071	90.3416
0.0115384	12.9	47.1014	1	-1	0.10711	90.3501
0.0115673	12.9	47.0778	2	-1	0.10714	90.2916
0.0115681	12.9	47.0237	3	-1	0.10713	90.2832
0.0115972	12.9	47.0823	4	-1	0.10715	90.3
0.0115972	12.9	47.082	1	-1	0.10716	90.3084
0.0116261	12.9	47.0585	2	-1	0.10719	90.2501
0.0116269	12.9	47.0049	3	-1	0.10718	90.2416
0.011656	12.9	47.063	4	-1	0.1072	90.2585
0.011656	12.9	47.0627	1	-1	0.10721	90.2669
0.011685	12.9	47.0392	2	-1	0.10724	90.2086
0.0116857	12.9	46.986	3	-1	0.10723	90.2002
0.0117149	12.9	47.0436	4	-1	0.10725	90.217
0.0117149	12.9	47.0433	1	-1	0.10726	90.2254
0.0117439	12.9	47.0197	2	-1	0.10728	90.1588
0.0117446	12.9	46.9667	3	-1	0.10728	90.1588
0.0117738	12.9	47.0244	4	-1	0.10729	90.1672
0.0117738	12.9	47.0241	1	-1	0.1073	90.1756
0.0118028	12.9	47.0011	2	-1	0.10733	90.1327
0.0118036	12.9	46.9478	3	-1	0.10733	90.1327
0.0118328	12.9	47.0062	4	-1	0.10734	90.1411
0.0118328	12.9	47.0059	1	-1	0.10735	90.1495
0.0118618	12.9	46.9826	2	-1	0.10738	90.0915
0.0118626	12.9	46.9298	3	-1	0.10737	90.0831
0.0118918	12.9	46.9876	4	-1	0.10739	90.0998
0.0118918	12.9	46.9873	1	-1	0.1074	90.1082
0.0119208	12.9	46.9639	2	-1	0.10743	90.0503
0.0119216	12.9	46.9115	3	-1	0.10742	90.0419
0.0119509	12.9	46.9687	4	-1	0.10744	90.0587
0.0119509	12.9	46.9684	1	-1	0.10745	90.0671
0.01198	12.9	46.9451	2	-1	0.10748	90.0092
0.0119807	12.9	46.8931	3	-1	0.10747	90.0008
0.01201	12.9	46.9496	4	-1	0.10748	90.0092
0.01201	12.9	46.9493	1	-1	0.10749	90.0176
0.0120391	12.9	46.9258	2	-1	0.10752	89.9674
0.0120399	12.9	46.874	3	-1	0.10752	89.9674
0.0120692	12.9	46.9304	4	-1	0.10753	89.9757
0.0120692	12.9	46.9301	1	-1	0.10754	89.9841
0.0120983	12.9	46.9065	2	-1	0.10757	89.9264
0.0120991	12.9	46.8548	3	-1	0.10757	89.9264
0.0121284	12.9	46.9113	4	-1	0.10758	89.9348
0.0121284	12.9	46.9109	1	-1	0.10759	89.9432
0.0121576	12.9	46.8873	2	-1	0.10762	89.8856
0.0121584	12.9	46.8357	3	-1	0.10762	89.8856
0.0121877	12.9	46.8921	4	-1	0.10763	89.8939
0.0121877	12.9	46.8918	1	-1	0.10764	89.9023
0.0122169	12.9	46.8681	2	-1	0.10767	89.8448
0.0122177	12.9	46.8167	3	-1	0.10767	89.8448
0.0122471	12.9	46.873	4	-1	0.10768	89.8531
0.0122471	12.9	46.8727	1	-1	0.10769	89.8615
0.0122763	12.9	46.849	2	-1	0.10772	89.8041
0.0122771	12.9	46.798	3	-1	0.10771	89.7957
0.0123065	12.9	46.8539	4	-1	0.10773	89.8124
0.0123065	12.9	46.8536	1	-1	0.10774	89.8208
0.0123357	12.9	46.8299	2	-1	0.10777	89.7635
0.0123365	12.9	46.7793	3	-1	0.10776	89.7551
0.0123659	12.9	46.8348	4	-1	0.10778	89.7718
0.0123659	12.9	46.8345	1	-1	0.10779	89.7801
0.0123952	12.9	46.8109	2	-1	0.10782	89.7229
0.012396	12.9	46.7608	3	-1	0.10781	89.7146
0.0124254	12.9	46.8158	4	-1	0.10783	89.7312
0.0124254	12.9	46.8155	1	-1	0.10784	89.7395
0.0124547	12.9	46.792	2	-1	0.10787	89.6824
0.0124555	12.9	46.7423	3	-1	0.10786	89.6741
0.012485	12.9	46.7969	4	-1	0.10788	89.6907
0.012485	12.9	46.7965	1	-1	0.10789	89.699
0.0125143	12.9	46.7732	2	-1	0.10792	89.642
0.0125151	12.9	46.7239	3	-1	0.10791	89.6337
0.0125446	12.9	46.778	4	-1	0.10793	89.6503
0.0125446	12.9	46.7776	1	-1	0.10794	89.6586
0.012574	12.9	46.7543	2	-1	0.10797	89.6017
0.0125747	12.9	46.7055	3	-1	0.10796	89.5934
0.0126043	12.9	46.7589	4	-1	0.10797	89.6017
0.0126043	12.9	46.7586	1	-1	0.10798	89.61
0.0126337	12.9	46.7352	2	-1	0.10801	89.5605
0.0126344	12.9	46.6865	3	-1	0.10801	89.5605
0.012664	12.9	46.7402	4	-1	0.10802	89.5688
0.012664	12.9	46.7399	1	-1	0.10803	89.5771
0.0126934	12.9	46.7163	2	-1	0.10806	89.5203
0.0126942	12.9	46.6677	3	-1	0.10805	89.5121
0.0127238	12.9	46.7215	4	-1	0.10807	89.5286
0.0127238	12.9	46.7211	1	-1	0.10808	89.5369
0.0127532	12.9	46.6975	2	-1	0.10811	89.4802
0.012754	12.9	46.6491	3	-1	0.1081	89.4719
0.0127836	12.9	46.7027	4	-1	0.10812	89.4885
0.0127836	12.9	46.7024	1	-1	0.10813	89.4968
0.0128131	12.9	46.6796	2	-1	0.10816	89.4476
0.0128138	12.9	46.6312	3	-1	0.10815	89.4393
0.0128435	12.9	46.6847	4	-1	0.10817	89.4558
0.0128435	12.9	46.6843	1	-1	0.10818	89.4641
0.012873	12.9	46.6613	2	-1	0.10821	89.4076
0.0128737	12.9	46.613	3	-1	0.1082	89.3993
0.0129034	12.9	46.6662	4	-1	0.10821	89.4076
0.0129034	12.9	46.6659	1	-1	0.10822	89.4158
0.012933	12.9	46.6425	2	-1	0.10825	89.3668
0.0129337	12.9	46.594	3	-1	0.10825	89.3668
0.0129634	12.9	46.6476	4	-1	0.10826	89.3751
0.0129634	12.9	46.6473	1	-1	0.10827	89.3833
0.012993	12.9	46.6237	2	-1	0.1083	89.327
0.0129937	12.9	46.5753	3	-1	0.10829	89.3187
0.0130234	12.9	46.629	4	-1	0.10831	89.3352
0.0130234	12.9	46.6287	1	-1	0.10832	89.3435
0.013053	12.9	46.605	2	-1	0.10835	89.2872
0.0130538	12.9	46.5567	3	-1	0.10834	89.2789
0.0130835	12.9	46.6103	4	-1	0.10836	89.2954
0.0130835	12.9	46.61	1	-1	0.10837	89.3037
0.0131132	12.9	46.5856	2	-1	0.1084	89.2401
0.0131139	12.9	46.5375	3	-1	0.10839	89.2319
0.0131437	12.9	46.5912	4	-1	0.10841	89.2484
0.0131437	12.9	46.5908	1	-1	0.10842	89.2566
0.0131733	12.9	46.5666	2	-1	0.10845	89.2005
0.0131741	12.9	46.5186	3	-1	0.10844	89.1923
0.0132039	12.9	46.5722	4	-1	0.10846	89.2088
0.0132039	12.9	46.5719	1	-1	0.10847	89.217
0.0132336	12.9	46.5478	2	-1	0.1085	89.161
0.0132343	12.9	46.4999	3	-1	0.10849	89.1528
0.0132641	12.9	46.5532	4	-1	0.10851	89.1692
0.0132641	12.9	46.5529	1	-1	0.10852	89.1774
0.0132939	12.9	46.5289	2	-1	0.10855	89.1215
0.0132946	12.9	46.4815	3	-1	0.10854	89.1133
0.0133245	12.9	46.5344	4	-1	0.10856	89.1297
0.0133245	12.9	46.5341	1	-1	0.10857	89.1379
0.0133542	12.9	46.5103	2	-1	0.1086	89.0821
0.0133549	12.9	46.4633	3	-1	0.10859	89.0739
0.0133848	12.9	46.5156	4	-1	0.1086	89.0821
0.0133848	12.9	46.5153	1	-1	0.10861	89.0903
0.0134146	12.9	46.4916	2	-1	0.10865	89.0501
0.0134153	12.9	46.445	3	-1	0.10864	89.0419
0.0134452	12.9	46.497	4	-1	0.10865	89.0501
0.0134452	12.9	46.4967	1	-1	0.10866	89.0583
0.0134751	12.9	46.473	2	-1	0.1087	89.0108
0.0134758	12.9	46.4271	3	-1	0.10868	88.9944
0.0135057	12.9	46.4784	4	-1	0.1087	89.0108
0.0135057	12.9	46.4781	1	-1	0.10871	89.019
0.0135356	12.9	46.4544	2	-1	0.10874	88.9634
0.0135363	12.9	46.4089	3	-1	0.10873	88.9552
0.0135662	12.9	46.4599	4	-1	0.10875	88.9716
0.0135662	12.9	46.4596	1	-1	0.10876	88.9798
0.0135961	12.9	46.436	2	-1	0.10879	88.9243
0.0135968	12.9	46.3909	3	-1	0.10878	88.9161
0.0136268	12.9	46.4414	4	-1	0.1088	88.9325
0.0136268	12.9	46.4411	1	-1	0.10881	88.9407
0.0136567	12.9	46.4177	2	-1	0.10884	88.8853
0.0136574	12.9	46.3731	3	-1	0.10883	88.8771
0.0136875	12.9	46.4231	4	-1	0.10885	88.8934
0.0136875	12.9	46.4228	1	-1	0.10886	88.9016
0.0137174	12.9	46.3995	2	-1	0.10889	88.8463
0.0137181	12.9	46.3553	3	-1	0.10888	88.8381
0.0137482	12.9	46.4049	4	-1	0.1089	88.8544
0.0137482	12.9	46.4046	1	-1	0.10891	88.8626
0.0137781	12.9	46.3814	2	-1	0.10894	88.8074
0.0137788	12.9	46.3379	3	-1	0.10892	88.7911
0.0138089	12.9	46.3864	4	-1	0.10894	88.8074
0.0138089	12.9	46.3861	1	-1	0.10895	88.8155
0.0138389	12.9	46.363	2	-1	0.10898	88.7676
0.0138396	12.9	46.3199	3	-1	0.10897	88.7595
0.0138697	12.9	46.368	4	-1	0.10899	88.7758
0.0138697	12.9	46.3677	1	-1	0.109	88.7839
0.0138997	12.9	46.3447	2	-1	0.10903	88.7288
0.0139004	12.9	46.302	3	-1	0.10902	88.7207
0.0139305	12.9	46.3498	4	-1	0.10904	88.737
0.0139305	12.9	46.3495	1	-1	0.10905	88.7451
0.0139606	12.9	46.3266	2	-1	0.10908	88.6901
0.0139613	12.9	46.2843	3	-1	0.10907	88.682
0.0139914	12.9	46.3316	4	-1	0.10909	88.6983
0.0139915	12.9	46.3313	1	-1	0.1091	88.7064
0.0140215	12.9	46.3085	2	-1	0.10913	88.6515
0.0140222	12.9	46.2666	3	-1	0.10912	88.6434
0.0140524	12.9	46.3134	4	-1	0.10913	88.6515
0.0140524	12.9	46.3131	1	-1	0.10914	88.6596
0.0140825	12.9	46.2904	2	-1	0.10918	88.6201
0.0140832	12.9	46.2492	3	-1	0.10916	88.6039
0.0141134	12.9	46.2947	4	-1	0.10918	88.6201
0.0141134	12.9	46.2944	1	-1	0.10919	88.6282
0.0141436	12.9	46.2711	2	-1	0.10923	88.5744
0.0141442	12.9	46.2304	3	-1	0.10921	88.5582
0.0141745	12.9	46.2757	4	-1	0.10924	88.5825
0.0141745	12.9	46.2754	1	-1	0.10925	88.5907
0.0142047	12.9	46.2524	2	-1	0.10928	88.5288
0.0142053	12.9	46.2124	3	-1	0.10926	88.5126
0.0142356	12.9	46.2568	4	-1	0.10928	88.5288
0.0142356	12.9	46.2565	1	-1	0.10929	88.5369
0.0142658	12.9	46.234	2	-1	0.10933	88.4977
0.0142665	12.9	46.1946	3	-1	0.10931	88.4815
0.0142968	12.9	46.2383	4	-1	0.10933	88.4977
0.0142968	12.9	46.238	1	-1	0.10934	88.5057
0.014327	12.9	46.2156	2	-1	0.10937	88.4513
0.0143277	12.9	46.1766	3	-1	0.10936	88.4432
0.014358	12.9	46.22	4	-1	0.10938	88.4594
0.014358	12.9	46.2197	1	-1	0.10939	88.4674
0.0143883	12.9	46.1974	2	-1	0.10942	88.4131
0.0143889	12.9	46.1589	3	-1	0.10941	88.405
0.0144193	12.9	46.2019	4	-1	0.10943	88.4211
0.0144193	12.9	46.2016	1	-1	0.10944	88.4292
0.0144496	12.9	46.1795	2	-1	0.10947	88.3749
0.0144502	12.9	46.1413	3	-1	0.10946	88.3668
0.0144806	12.9	46.1839	4	-1	0.10948	88.383
0.0144806	12.9	46.1836	1	-1	0.10949	88.3911
0.014511	12.9	46.1617	2	-1	0.10952	88.3368
0.0145116	12.9	46.1239	3	-1	0.10951	88.3288
0.014542	12.9	46.1659	4	-1	0.10952	88.3368
0.014542	12.9	46.1656	1	-1	0.10953	88.3449
0.0145724	12.9	46.1438	2	-1	0.10957	88.3059
0.014573	12.9	46.1066	3	-1	0.10955	88.2898
0.0146035	12.9	46.1475	4	-1	0.10957	88.3059
0.0146035	12.9	46.1472	1	-1	0.10958	88.314
0.0146339	12.9	46.1248	2	-1	0.10962	88.2609
0.0146345	12.9	46.0881	3	-1	0.1096	88.2448
0.014665	12.9	46.1285	4	-1	0.10962	88.2609
0.014665	12.9	46.1282	1	-1	0.10963	88.2689
0.0146954	12.9	46.1062	2	-1	0.10967	88.223
0.014696	12.9	46.0701	3	-1	0.10965	88.2069
0.0147265	12.9	46.11	4	-1	0.10967	88.223
0.0147265	12.9	46.1097	1	-1	0.10968	88.231
0.014757	12.9	46.088	2	-1	0.10972	88.1852
0.0147576	12.9	46.0526	3	-1	0.1097	88.1691
0.0147882	12.9	46.0918	4	-1	0.10972	88.1852
0.0147882	12.9	46.0915	1	-1	0.10973	88.1932
0.0148187	12.9	46.0699	2	-1	0.10976	88.1394
0.0148192	12.9	46.0349	3	-1	0.10975	88.1314
0.0148498	12.9	46.0738	4	-1	0.10977	88.1474
0.0148498	12.9	46.0735	1	-1	0.10978	88.1555
0.0148803	12.9	46.0521	2	-1	0.10981	88.1017
0.0148809	12.9	46.0175	3	-1	0.1098	88.0937
0.0149115	12.9	46.0559	4	-1	0.10982	88.1098
0.0149115	12.9	46.0556	1	-1	0.10983	88.1178
0.0149421	12.9	46.0345	2	-1	0.10986	88.0641
0.0149427	12.9	46.0005	3	-1	0.10984	88.0481
0.0149733	12.9	46.0377	4	-1	0.10987	88.0721
0.0149733	12.9	46.0374	1	-1	0.10988	88.0802
0.0150039	12.9	46.0158	2	-1	0.10991	88.0195
0.0150045	12.9	45.9823	3	-1	0.10989	88.0035
0.0150352	12.9	46.0189	4	-1	0.10992	88.0275
0.0150352	12.9	46.0186	1	-1	0.10993	88.0356
0.0150658	12.9	45.9976	2	-1	0.10996	87.9821
0.0150663	12.9	45.9646	3	-1	0.10994	87.9661
0.015097	12.9	46.0004	4	-1	0.10996	87.9821
0.015097	12.9	46.0001	1	-1	0.10997	87.9901
0.0151277	12.9	45.9793	2	-1	0.11	87.9437
0.0151282	12.9	45.9467	3	-1	0.10999	87.9357
0.015159	12.9	45.9823	4	-1	0.11001	87.9517
0.015159	12.9	45.982	1	-1	0.11002	87.9597
0.0151897	12.9	45.9613	2	-1	0.11005	87.9064
0.0151902	12.9	45.9292	3	-1	0.11004	87.8984
0.015221	12.9	45.9645	4	-1	0.11006	87.9144
0.015221	12.9	45.9642	1	-1	0.11007	87.9224
0.0152517	12.9	45.9437	2	-1	0.1101	87.8691
0.0152522	12.9	45.9119	3	-1	0.11009	87.8611
0.015283	12.9	45.9469	4	-1	0.11011	87.8771
0.015283	12.9	45.9466	1	-1	0.11012	87.8851
0.0153138	12.9	45.9255	2	-1	0.11015	87.8249
0.0153143	12.9	45.8941	3	-1	0.11014	87.8169
0.0153451	12.9	45.928	4	-1	0.11016	87.8329
0.0153451	12.9	45.9277	1	-1	0.11017	87.8409
0.0153759	12.9	45.9071	2	-1	0.1102	87.7878
0.0153764	12.9	45.8761	3	-1	0.11019	87.7798
0.0154073	12.9	45.9098	4	-1	0.11021	87.7957
0.0154073	12.9	45.9095	1	-1	0.11022	87.8037
0.0154381	12.9	45.8892	2	-1	0.11025	87.7507
0.0154386	12.9	45.8585	3	-1	0.11024	87.7428
0.0154695	12.9	45.892	4	-1	0.11026	87.7587
0.0154695	12.9	45.8917	1	-1	0.11027	87.7666
0.0155003	12.9	45.8714	2	-1	0.11029	87.7058
0.0155009	12.9	45.841	3	-1	0.11028	87.6978
0.0155318	12.9	45.874	4	-1	0.1103	87.7137
0.0155318	12.9	45.8737	1	-1	0.11031	87.7217
0.0155626	12.9	45.8537	2	-1	0.11034	87.6758
0.0155631	12.9	45.8237	3	-1	0.11033	87.6679
0.0155941	12.9	45.8557	4	-1	0.11035	87.6838
0.0155941	12.9	45.8554	1	-1	0.11036	87.6917
0.015625	12.9	45.8349	2	-1	0.11039	87.632
0.0156255	12.9	45.8053	3	-1	0.11038	87.624
0.0156565	12.9	45.8372	4	-1	0.1104	87.6399
0.0156565	12.9	45.8369	1	-1	0.11041	87.6479
0.0156874	12.9	45.8167	2	-1	0.11044	87.5952
0.0156879	12.9	45.7875	3	-1	0.11043	87.5872
0.0157189	12.9	45.8192	4	-1	0.11045	87.6031
0.0157189	12.9	45.8189	1	-1	0.11046	87.611
0.0157499	12.9	45.7991	2	-1	0.11049	87.5584
0.0157504	12.9	45.7701	3	-1	0.11048	87.5505
0.0157814	12.9	45.8016	4	-1	0.1105	87.5664
0.0157814	12.9	45.8013	1	-1	0.11051	87.5743
0.0158124	12.9	45.7817	2	-1	0.11054	87.5218
0.0158129	12.9	45.7531	3	-1	0.11053	87.5139
0.0158439	12.9	45.7835	4	-1	0.11055	87.5297
0.0158439	12.9	45.7832	1	-1	0.11056	87.5376
0.0158749	12.9	45.7631	2	-1	0.11059	87.4782
0.0158754	12.9	45.7349	3	-1	0.11058	87.4703
0.0159065	12.9	45.7653	4	-1	0.1106	87.4862
0.0159065	12.9	45.765	1	-1	0.11061	87.4941
0.0159376	12.9	45.7452	2	-1	0.11064	87.4417
0.0159381	12.9	45.7174	3	-1	0.11063	87.4338
0.0159692	12.9	45.7475	4	-1	0.11065	87.4496
0.0159692	12.9	45.7472	1	-1	0.11066	87.4575
0.0160003	12.9	45.7275	2	-1	0.11068	87.3973
0.0160007	12.9	45.7	3	-1	0.11067	87.3895
0.0160319	12.9	45.7296	4	-1	0.11069	87.4052
0.0160319	12.9	45.7293	1	-1	0.1107	87.4131
0.016063	12.9	45.71	2	-1	0.11073	87.3678
0.0160635	12.9	45.6828	3	-1	0.11072	87.3599
0.0160947	12.9	45.7114	4	-1	0.11074	87.3757
0.0160947	12.9	45.7111	1	-1	0.11075	87.3836
0.0161258	12.9	45.6914	2	-1	0.11078	87.3246
0.0161263	12.9	45.6646	3	-1	0.11077	87.3167
0.0161575	12.9	45.6932	4	-1	0.11079	87.3325
0.0161575	12.9	45.6929	1	-1	0.1108	87.3404
0.0161886	12.9	45.6735	2	-1	0.11083	87.2883
0.0161891	12.9	45.647	3	-1	0.11082	87.2805
0.0162204	12.9	45.6754	4	-1	0.11084	87.2962
0.0162204	12.9	45.6751	1	-1	0.11085	87.3041
0.0162515	12.9	45.656	2	-1	0.11088	87.2521
0.016252	12.9	45.6299	3	-1	0.11087	87.2443
0.0162833	12.9	45.6576	4	-1	0.11089	87.26
0.0162833	12.9	45.6574	1	-1	0.1109	87.2679
0.0163145	12.9	45.6377	2	-1	0.11093	87.2091
0.016315	12.9	45.6117	3	-1	0.11092	87.2013
0.0163463	12.9	45.6394	4	-1	0.11094	87.217
0.0163463	12.9	45.6391	1	-1	0.11095	87.2248
0.0163775	12.9	45.6199	2	-1	0.11098	87.173
0.016378	12.9	45.5942	3	-1	0.11097	87.1652
0.0164093	12.9	45.6217	4	-1	0.11099	87.1809
0.0164093	12.9	45.6214	1	-1	0.111	87.1888
0.0164406	12.9	45.6022	2	-1	0.11102	87.1292
0.016441	12.9	45.5769	3	-1	0.11101	87.1213
0.0164724	12.9	45.6039	4	-1	0.11103	87.137
0.0164724	12.9	45.6036	1	-1	0.11104	87.1449
0.0165037	12.9	45.5842	2	-1	0.11107	87.0932
0.0165042	12.9	45.5592	3	-1	0.11106	87.0854
0.0165356	12.9	45.5853	4	-1	0.11108	87.1011
0.0165356	12.9	45.585	1	-1	0.11109	87.1089
0.0165669	12.9	45.5661	2	-1	0.11112	87.0573
0.0165673	12.9	45.5411	3	-1	0.11112	87.0573
0.0165988	12.9	45.5675	4	-1	0.11113	87.0652
0.0165988	12.9	45.5672	1	-1	0.11114	87.073
0.0166301	12.9	45.5485	2	-1	0.11117	87.0215
0.0166306	12.9	45.5238	3	-1	0.11116	87.0137
0.016662	12.9	45.5501	4	-1	0.11118	87.0294
0.016662	12.9	45.5499	1	-1	0.11119	87.0372
0.0166934	12.9	45.5306	2	-1	0.11122	86.979
0.0166939	12.9	45.5063	3	-1	0.11121	86.9711
0.0167254	12.9	45.5317	4	-1	0.11123	86.9868
0.0167254	12.9	45.5314	1	-1	0.11124	86.9946
0.0167568	12.9	45.5127	2	-1	0.11127	86.9433
0.0167572	12.9	45.4888	3	-1	0.11126	86.9355
0.0167887	12.9	45.514	4	-1	0.11128	86.9511
0.0167887	12.9	45.5137	1	-1	0.11129	86.9589
0.0168202	12.9	45.4951	2	-1	0.11131	86.8998
0.0168206	12.9	45.4712	3	-1	0.11131	86.8998
0.0168522	12.9	45.4964	4	-1	0.11132	86.9076
0.0168522	12.9	45.4962	1	-1	0.11133	86.9155
0.0168836	12.9	45.4771	2	-1	0.11136	86.8643
0.0168841	12.9	45.4532	3	-1	0.11136	86.8643
0.0169156	12.9	45.478	4	-1	0.11137	86.8721
0.0169156	12.9	45.4777	1	-1	0.11138	86.8799
0.0169471	12.9	45.459	2	-1	0.11141	86.8288
0.0169476	12.9	45.4352	3	-1	0.11141	86.8288
0.0169792	12.9	45.4603	4	-1	0.11142	86.8366
0.0169792	12.9	45.4601	1	-1	0.11143	86.8444
0.0170107	12.9	45.4415	2	-1	0.11146	86.7933
0.0170111	12.9	45.4178	3	-1	0.11146	86.7933
0.0170428	12.9	45.4432	4	-1	0.11147	86.8011
0.0170428	12.9	45.4429	1	-1	0.11148	86.8089
0.0170743	12.9	45.4237	2	-1	0.11151	86.7512
0.0170748	12.9	45.4003	3	-1	0.1115	86.7434
0.0171064	12.9	45.4249	4	-1	0.11152	86.759
0.0171064	12.9	45.4246	1	-1	0.11153	86.7668
0.017138	12.9	45.4059	2	-1	0.11156	86.7159
0.0171384	12.9	45.3829	3	-1	0.11155	86.7081
0.0171701	12.9	45.4073	4	-1	0.11157	86.7237
0.0171701	12.9	45.407	1	-1	0.11158	86.7314
0.0172018	12.9	45.3888	2	-1	0.11161	86.6806
0.0172022	12.9	45.3661	3	-1	0.1116	86.6729
0.0172339	12.9	45.3895	4	-1	0.11162	86.6884
0.0172339	12.9	45.3892	1	-1	0.11163	86.6962
0.0172655	12.9	45.3706	2	-1	0.11166	86.6387
0.017266	12.9	45.3482	3	-1	0.11165	86.631
0.0172977	12.9	45.3717	4	-1	0.11167	86.6465
0.0172977	12.9	45.3715	1	-1	0.11168	86.6543
0.0173294	12.9	45.3532	2	-1	0.11171	86.6036
0.0173298	12.9	45.3312	3	-1	0.1117	86.5959
0.0173616	12.9	45.3545	4	-1	0.11172	86.6114
0.0173616	12.9	45.3543	1	-1	0.11173	86.6191
0.0173933	12.9	45.3354	2	-1	0.11175	86.5541
0.0173937	12.9	45.3134	3	-1	0.11175	86.5541
0.0174255	12.9	45.336	4	-1	0.11176	86.5618
0.0174255	12.9	45.3357	1	-1	0.11177	86.5696
0.0174573	12.9	45.3174	2	-1	0.1118	86.5258
0.0174577	12.9	45.2955	3	-1	0.1118	86.5258
0.0174895	12.9	45.3184	4	-1	0.11181	86.5336
0.0174895	12.9	45.3181	1	-1	0.11182	86.5413
0.0175213	12.9	45.3	2	-1	0.11185	86.4909
0.0175217	12.9	45.2782	3	-1	0.11185	86.4909
0.0175535	12.9	45.301	4	-1	0.11186	86.4986
0.0175535	12.9	45.3007	1	-1	0.11187	86.5063
0.0175853	12.9	45.2819	2	-1	0.1119	86.4493
0.0175857	12.9	45.2601	3	-1	0.11189	86.4416
0.0176176	12.9	45.2831	4	-1	0.11191	86.457
0.0176176	12.9	45.2828	1	-1	0.11192	86.4648
0.0176495	12.9	45.2645	2	-1	0.11195	86.4145
0.0176499	12.9	45.243	3	-1	0.11194	86.4068
0.0176818	12.9	45.2658	4	-1	0.11196	86.4222
0.0176818	12.9	45.2656	1	-1	0.11197	86.4299
0.0177136	12.9	45.2469	2	-1	0.112	86.3731
0.017714	12.9	45.2257	3	-1	0.11199	86.3654
0.017746	12.9	45.2477	4	-1	0.11201	86.3808
0.017746	12.9	45.2474	1	-1	0.11202	86.3885
0.0177779	12.9	45.2294	2	-1	0.11205	86.3384
0.0177783	12.9	45.2086	3	-1	0.11204	86.3307
0.0178103	12.9	45.2304	4	-1	0.11206	86.3461
0.0178103	12.9	45.2301	1	-1	0.11207	86.3538
0.0178422	12.9	45.2125	2	-1	0.1121	86.3038
0.0178426	12.9	45.192	3	-1	0.11209	86.2961
0.0178746	12.9	45.2129	4	-1	0.11211	86.3115
0.0178746	12.9	45.2126	1	-1	0.11212	86.3192
0.0179065	12.9	45.1944	2	-1	0.11214	86.2549
0.0179069	12.9	45.1739	3	-1	0.11214	86.2549
0.017939	12.9	45.1953	4	-1	0.11216	86.2703
0.017939	12.9	45.1951	1	-1	0.11217	86.278
0.0179709	12.9	45.1771	2	-1	0.11219	86.2204
0.0179713	12.9	45.1567	3	-1	0.11219	86.2204
0.0180034	12.9	45.1776	4	-1	0.1122	86.2281
0.0180034	12.9	45.1774	1	-1	0.11221	86.2358
0.0180354	12.9	45.159	2	-1	0.11224	86.186
0.0180358	12.9	45.1384	3	-1	0.11224	86.186
0.0180679	12.9	45.1598	4	-1	0.11225	86.1937
0.0180679	12.9	45.1596	1	-1	0.11226	86.2013
0.0180999	12.9	45.1415	2	-1	0.11229	86.1516
0.0181003	12.9	45.1212	3	-1	0.11228	86.1439
0.0181324	12.9	45.1427	4	-1	0.1123	86.1593
0.0181324	12.9	45.1424	1	-1	0.11231	86.1669
0.0181645	12.9	45.124	2	-1	0.11234	86.1107
0.0181649	12.9	45.104	3	-1	0.11233	86.103
0.018197	12.9	45.1246	4	-1	0.11235	86.1184
0.018197	12.9	45.1244	1	-1	0.11236	86.126
0.0182291	12.9	45.1066	2	-1	0.11239	86.0764
0.0182295	12.9	45.0869	3	-1	0.11238	86.0688
0.0182617	12.9	45.1075	4	-1	0.1124	86.0841
0.0182617	12.9	45.1072	1	-1	0.11241	86.0918
0.0182938	12.9	45.0892	2	-1	0.11244	86.0357
0.0182942	12.9	45.0698	3	-1	0.11243	86.028
0.0183264	12.9	45.0895	4	-1	0.11245	86.0433
0.0183264	12.9	45.0893	1	-1	0.11246	86.051
0.0183586	12.9	45.0719	2	-1	0.11249	86.0015
0.0183589	12.9	45.0528	3	-1	0.11248	85.9939
0.0183912	12.9	45.0725	4	-1	0.1125	86.0092
0.0183912	12.9	45.0722	1	-1	0.11251	86.0168
0.0184233	12.9	45.0542	2	-1	0.11253	85.9533
0.0184237	12.9	45.0352	3	-1	0.11253	85.9533
0.018456	12.9	45.0542	4	-1	0.11254	85.9609
0.018456	12.9	45.0539	1	-1	0.11255	85.9685
0.0184882	12.9	45.0365	2	-1	0.11258	85.9258
0.0184886	12.9	45.0175	3	-1	0.11258	85.9258
0.0185209	12.9	45.037	4	-1	0.11259	85.9334
0.0185209	12.9	45.0367	1	-1	0.1126	85.9411
0.0185531	12.9	45.0188	2	-1	0.11263	85.8853
0.0185535	12.9	44.9999	3	-1	0.11263	85.8853
0.0185858	12.9	45.0191	4	-1	0.11264	85.8929
0.0185858	12.9	45.0188	1	-1	0.11265	85.9006
0.0186181	12.9	45.0013	2	-1	0.11268	85.8514
0.0186185	12.9	44.9824	3	-1	0.11268	85.8514
0.0186508	12.9	45.002	4	-1	0.11269	85.859
0.0186508	12.9	45.0018	1	-1	0.1127	85.8667
0.0186831	12.9	44.9838	2	-1	0.11273	85.8111
0.0186835	12.9	44.9649	3	-1	0.11273	85.8111
0.0187159	12.9	44.9842	4	-1	0.11274	85.8187
0.0187159	12.9	44.984	1	-1	0.11275	85.8263
0.0187482	12.9	44.9664	2	-1	0.11278	85.7773
0.0187486	12.9	44.9479	3	-1	0.11277	85.7697
0.018781	12.9	44.9672	4	-1	0.11279	85.7849
0.018781	12.9	44.9669	1	-1	0.1128	85.7925
0.0188133	12.9	44.9491	2	-1	0.11283	85.7371
0.0188137	12.9	44.9309	3	-1	0.11282	85.7295
0.0188461	12.9	44.9494	4	-1	0.11284	85.7447
0.0188461	12.9	44.9491	1	-1	0.11285	85.7523
0.0188785	12.9	44.932	2	-1	0.11288	85.7034
0.0188789	12.9	44.9141	3	-1	0.11287	85.6958
0.0189114	12.9	44.9325	4	-1	0.11289	85.711
0.0189114	12.9	44.9322	1	-1	0.1129	85.7186
0.0189438	12.9	44.9148	2	-1	0.11293	85.6634
0.0189441	12.9	44.8972	3	-1	0.11292	85.6558
0.0189766	12.9	44.9148	4	-1	0.11294	85.6709
0.0189766	12.9	44.9146	1	-1	0.11295	85.6785
0.0190091	12.9	44.8975	2	-1	0.11297	85.6223
0.0190094	12.9	44.8799	3	-1	0.11297	85.6223
0.019042	12.9	44.8977	4	-1	0.11298	85.6298
0.019042	12.9	44.8974	1	-1	0.11299	85.6374
0.0190744	12.9	44.88	2	-1	0.11302	85.5888
0.0190748	12.9	44.8625	3	-1	0.11302	85.5888
0.0191074	12.9	44.8799	4	-1	0.11303	85.5964
0.0191074	12.9	44.8797	1	-1	0.11304	85.6039
0.0191399	12.9	44.8627	2	-1	0.11307	85.5554
0.0191402	12.9	44.8452	3	-1	0.11307	85.5554
0.0191728	12.9	44.8631	4	-1	0.11308	85.563
0.0191728	12.9	44.8629	1	-1	0.11309	85.5705
0.0192053	12.9	44.8453	2	-1	0.11312	85.5156
0.0192057	12.9	44.8279	3	-1	0.11312	85.5156
0.0192383	12.9	44.8455	4	-1	0.11313	85.5231
0.0192383	12.9	44.8453	1	-1	0.11314	85.5307
0.0192709	12.9	44.8282	2	-1	0.11317	85.4823
0.0192712	12.9	44.8108	3	-1	0.11317	85.4823
0.0193039	12.9	44.8281	4	-1	0.11318	85.4898
0.0193039	12.9	44.8279	1	-1	0.11319	85.4974
0.0193365	12.9	44.8104	2	-1	0.11322	85.4426
0.0193368	12.9	44.7933	3	-1	0.11321	85.4351
0.0193695	12.9	44.8109	4	-1	0.11323	85.4502
0.0193695	12.9	44.8107	1	-1	0.11324	85.4577
0.0194021	12.9	44.7936	2	-1	0.11327	85.4094
0.0194024	12.9	44.7768	3	-1	0.11326	85.4019
0.0194351	12.9	44.7936	4	-1	0.11328	85.417
0.0194352	12.9	44.7934	1	-1	0.11329	85.4245
0.0194678	12.9	44.7762	2	-1	0.11332	85.3699
0.0194681	12.9	44.7597	3	-1	0.11331	85.3624
0.0195009	12.9	44.7766	4	-1	0.11333	85.3774
0.0195009	12.9	44.7763	1	-1	0.11334	85.385
0.0195336	12.9	44.759	2	-1	0.11337	85.3304
0.0195339	12.9	44.7428	3	-1	0.11336	85.3229
0.0195667	12.9	44.7589	4	-1	0.11338	85.3379
0.0195667	12.9	44.7586	1	-1	0.11339	85.3455
0.0195994	12.9	44.7421	2	-1	0.11342	85.2974
0.0195997	12.9	44.7262	3	-1	0.11341	85.2899
0.0196325	12.9	44.7419	4	-1	0.11342	85.2974
0.0196325	12.9	44.7417	1	-1	0.11343	85.305
0.0196653	12.9	44.7246	2	-1	0.11346	85.257
0.0196656	12.9	44.7087	3	-1	0.11346	85.257
0.0196984	12.9	44.7243	4	-1	0.11347	85.2645
0.0196984	12.9	44.7241	1	-1	0.11348	85.272
0.0197312	12.9	44.7074	2	-1	0.11351	85.2241
0.0197315	12.9	44.6916	3	-1	0.11351	85.2241
0.0197644	12.9	44.707	4	-1	0.11352	85.2316
0.0197644	12.9	44.7067	1	-1	0.11353	85.2391
0.0197972	12.9	44.6899	2	-1	0.11357	85.1924
0.0197975	12.9	44.6744	3	-1	0.11356	85.1849
0.0198304	12.9	44.6904	4	-1	0.11358	85.1999
0.0198304	12.9	44.6901	1	-1	0.11359	85.2074
0.0198632	12.9	44.673	2	-1	0.11362	85.1469
0.0198635	12.9	44.6579	3	-1	0.1136	85.1319
0.0198965	12.9	44.6728	4	-1	0.11363	85.1544
0.0198965	12.9	44.6725	1	-1	0.11364	85.1619
0.0199293	12.9	44.6562	2	-1	0.11366	85.1067
0.0199296	12.9	44.6414	3	-1	0.11365	85.0992
0.0199626	12.9	44.6557	4	-1	0.11367	85.1142
0.0199626	12.9	44.6555	1	-1	0.11368	85.1217
0.0199955	12.9	44.6392	2	-1	0.11371	85.0741
0.0199958	12.9	44.6248	3	-1	0.1137	85.0666
0.0200288	12.9	44.6382	4	-1	0.11372	85.0816
0.0200288	12.9	44.638	1	-1	0.11373	85.089
0.0200617	12.9	44.6224	2	-1	0.11376	85.0415
0.020062	12.9	44.6082	3	-1	0.11375	85.034
0.020095	12.9	44.6211	4	-1	0.11377	85.049
0.020095	12.9	44.6209	1	-1	0.11378	85.0564
0.020128	12.9	44.605	2	-1	0.11381	85.0026
0.0201283	12.9	44.5911	3	-1	0.1138	84.9951
0.0201613	12.9	44.6043	4	-1	0.11382	85.0101
0.0201613	12.9	44.6041	1	-1	0.11383	85.0176
0.0201943	12.9	44.5879	2	-1	0.11386	84.9638
0.0201946	12.9	44.5742	3	-1	0.11385	84.9563
0.0202277	12.9	44.5868	4	-1	0.11387	84.9713
0.0202277	12.9	44.5866	1	-1	0.11388	84.9787
0.0202607	12.9	44.5709	2	-1	0.1139	84.9239
0.020261	12.9	44.5573	3	-1	0.1139	84.9239
0.0202941	12.9	44.5695	4	-1	0.11392	84.9389
0.0202941	12.9	44.5693	1	-1	0.11393	84.9463
0.0203271	12.9	44.5534	2	-1	0.11395	84.8853
0.0203274	12.9	44.5399	3	-1	0.11395	84.8853
0.0203606	12.9	44.5523	4	-1	0.11396	84.8927
0.0203606	12.9	44.5521	1	-1	0.11397	84.9002
0.0203936	12.9	44.536	2	-1	0.114	84.853
0.0203939	12.9	44.5225	3	-1	0.114	84.853
0.0204271	12.9	44.5348	4	-1	0.11401	84.8604
0.0204271	12.9	44.5345	1	-1	0.11402	84.8679
0.0204602	12.9	44.519	2	-1	0.11405	84.8208
0.0204605	12.9	44.5055	3	-1	0.11405	84.8208
0.0204937	12.9	44.5176	4	-1	0.11406	84.8282
0.0204937	12.9	44.5174	1	-1	0.11407	84.8356
0.0205268	12.9	44.5014	2	-1	0.1141	84.7823
0.0205271	12.9	44.488	3	-1	0.1141	84.7823
0.0205603	12.9	44.5009	4	-1	0.11411	84.7897
0.0205603	12.9	44.5007	1	-1	0.11412	84.7971
0.0205935	12.9	44.4843	2	-1	0.11415	84.7439
0.0205938	12.9	44.4709	3	-1	0.11415	84.7439
0.020627	12.9	44.4835	4	-1	0.11416	84.7513
0.020627	12.9	44.4833	1	-1	0.11417	84.7587
0.0206602	12.9	44.4676	2	-1	0.1142	84.7118
0.0206605	12.9	44.4544	3	-1	0.11419	84.7044
0.0206938	12.9	44.4664	4	-1	0.11421	84.7192
0.0206938	12.9	44.4661	1	-1	0.11422	84.7267
0.020727	12.9	44.4503	2	-1	0.11425	84.6735
0.0207273	12.9	44.4375	3	-1	0.11424	84.6661
0.0207606	12.9	44.4496	4	-1	0.11426	84.6809
0.0207606	12.9	44.4494	1	-1	0.11427	84.6884
0.0207938	12.9	44.4335	2	-1	0.1143	84.6353
0.0207941	12.9	44.4209	3	-1	0.11429	84.6279
0.0208275	12.9	44.4323	4	-1	0.11431	84.6427
0.0208275	12.9	44.4321	1	-1	0.11432	84.6501
0.0208608	12.9	44.417	2	-1	0.11435	84.6034
0.020861	12.9	44.4047	3	-1	0.11434	84.596
0.0208944	12.9	44.4154	4	-1	0.11436	84.6108
0.0208944	12.9	44.4152	1	-1	0.11437	84.6182
0.0209277	12.9	44.4	2	-1	0.1144	84.5653
0.020928	12.9	44.3879	3	-1	0.11439	84.558
0.0209614	12.9	44.3989	4	-1	0.11441	84.5727
0.0209614	12.9	44.3987	1	-1	0.11442	84.5801
0.0209947	12.9	44.3832	2	-1	0.11445	84.5273
0.020995	12.9	44.3714	3	-1	0.11444	84.5199
0.0210284	12.9	44.3817	4	-1	0.11446	84.5347
0.0210284	12.9	44.3815	1	-1	0.11447	84.5421
0.0210618	12.9	44.3669	2	-1	0.1145	84.4956
0.0210621	12.9	44.3553	3	-1	0.11449	84.4882
0.0210955	12.9	44.3646	4	-1	0.1145	84.4956
0.0210955	12.9	44.3644	1	-1	0.11451	84.503
0.0211289	12.9	44.3496	2	-1	0.11455	84.4639
0.0211292	12.9	44.3384	3	-1	0.11454	84.4566
0.0211627	12.9	44.3485	4	-1	0.11456	84.4713
0.0211627	12.9	44.3482	1	-1	0.11457	84.4787
0.0211961	12.9	44.333	2	-1	0.1146	84.4199
0.0211964	12.9	44.3222	3	-1	0.11458	84.4052
0.0212299	12.9	44.3314	4	-1	0.11461	84.4273
0.0212299	12.9	44.3311	1	-1	0.11462	84.4346
0.0212634	12.9	44.316	2	-1	0.11464	84.3748
0.0212636	12.9	44.3055	3	-1	0.11463	84.3674
0.0212972	12.9	44.3134	4	-1	0.11465	84.3821
0.0212972	12.9	44.3132	1	-1	0.11466	84.3895
0.0213307	12.9	44.2993	2	-1	0.11469	84.3495
0.0213309	12.9	44.2888	3	-1	0.11469	84.3495
0.0213645	12.9	44.2964	4	-1	0.1147	84.3568
0.0213645	12.9	44.2962	1	-1	0.11471	84.3642
0.0213981	12.9	44.2819	2	-1	0.11474	84.3119
0.0213983	12.9	44.2714	3	-1	0.11474	84.3119
0.0214319	12.9	44.28	4	-1	0.11475	84.3192
0.0214319	12.9	44.2798	1	-1	0.11476	84.3265
0.0214655	12.9	44.2649	2	-1	0.11479	84.2743
0.0214657	12.9	44.2547	3	-1	0.11478	84.2669
0.0214993	12.9	44.2629	4	-1	0.1148	84.2816
0.0214993	12.9	44.2627	1	-1	0.11481	84.289
0.021533	12.9	44.2486	2	-1	0.11484	84.243
0.0215332	12.9	44.2387	3	-1	0.11483	84.2356
0.0215668	12.9	44.2461	4	-1	0.11485	84.2503
0.0215668	12.9	44.2459	1	-1	0.11486	84.2576
0.0216005	12.9	44.2318	2	-1	0.11489	84.2055
0.0216007	12.9	44.2221	3	-1	0.11488	84.1982
0.0216344	12.9	44.2291	4	-1	0.1149	84.2128
0.0216344	12.9	44.2289	1	-1	0.11491	84.2202
0.0216681	12.9	44.2147	2	-1	0.11494	84.1681
0.0216683	12.9	44.2052	3	-1	0.11493	84.1608
0.021702	12.9	44.2126	4	-1	0.11495	84.1755
0.021702	12.9	44.2123	1	-1	0.11496	84.1828
0.0217357	12.9	44.1981	2	-1	0.11499	84.1308
0.0217359	12.9	44.1889	3	-1	0.11498	84.1235
0.0217697	12.9	44.1955	4	-1	0.115	84.1381
0.0217697	12.9	44.1953	1	-1	0.11501	84.1454
0.0218034	12.9	44.1813	2	-1	0.11504	84.0936
0.0218037	12.9	44.1724	3	-1	0.11503	84.0863
0.0218375	12.9	44.1783	4	-1	0.11505	84.1009
0.0218375	12.9	44.178	1	-1	0.11506	84.1082
0.0218712	12.9	44.1647	2	-1	0.11508	84.0552
0.0218714	12.9	44.1558	3	-1	0.11508	84.0552
0.0219052	12.9	44.1612	4	-1	0.11509	84.0625
0.0219052	12.9	44.1609	1	-1	0.1151	84.0698
0.021939	12.9	44.1474	2	-1	0.11513	84.0242
0.0219392	12.9	44.1385	3	-1	0.11513	84.0242
0.0219731	12.9	44.1446	4	-1	0.11515	84.0388
0.0219731	12.9	44.1444	1	-1	0.11516	84.0461
0.0220069	12.9	44.1306	2	-1	0.11519	83.9883
0.0220071	12.9	44.1217	3	-1	0.11518	83.981
0.022041	12.9	44.1282	4	-1	0.1152	83.9956
0.022041	12.9	44.128	1	-1	0.11521	84.0029
0.0220749	12.9	44.1139	2	-1	0.11523	83.9441
0.0220751	12.9	44.105	3	-1	0.11523	83.9441
0.022109	12.9	44.1109	4	-1	0.11524	83.9513
0.022109	12.9	44.1107	1	-1	0.11525	83.9586
0.0221429	12.9	44.0975	2	-1	0.11528	83.9193
0.0221431	12.9	44.0886	3	-1	0.11528	83.9193
0.022177	12.9	44.0942	4	-1	0.11529	83.9266
0.022177	12.9	44.094	1	-1	0.1153	83.9339
0.0222109	12.9	44.0805	2	-1	0.11533	83.8825
0.0222111	12.9	44.0716	3	-1	0.11533	83.8825
0.0222451	12.9	44.0775	4	-1	0.11534	83.8897
0.0222451	12.9	44.0773	1	-1	0.11535	83.897
0.022279	12.9	44.0632	2	-1	0.11538	83.8457
0.0222792	12.9	44.0546	3	-1	0.11537	83.8384
0.0223132	12.9	44.0607	4	-1	0.1154	83.8602
0.0223132	12.9	44.0605	1	-1	0.11541	83.8675
0.0223472	12.9	44.0467	2	-1	0.11544	83.8101
0.0223474	12.9	44.0386	3	-1	0.11542	83.7956
0.0223814	12.9	44.044	4	-1	0.11544	83.8101
0.0223814	12.9	44.0438	1	-1	0.11545	83.8173
0.0224154	12.9	44.0302	2	-1	0.11548	83.7722
0.0224156	12.9	44.0223	3	-1	0.11547	83.765
0.0224497	12.9	44.0269	4	-1	0.11549	83.7795
0.0224497	12.9	44.0267	1	-1	0.1155	83.7867
0.0224837	12.9	44.0135	2	-1	0.11553	83.7356
0.0224839	12.9	44.0058	3	-1	0.11552	83.7283
0.022518	12.9	44.0098	4	-1	0.11554	83.7428
0.022518	12.9	44.0096	1	-1	0.11555	83.7501
0.0225521	12.9	43.9973	2	-1	0.11558	83.7051
0.0225523	12.9	43.9899	3	-1	0.11557	83.6979
0.0225864	12.9	43.9934	4	-1	0.11559	83.7123
0.0225864	12.9	43.9932	1	-1	0.1156	83.7196
0.0226205	12.9	43.9806	2	-1	0.11563	83.6686
0.0226207	12.9	43.9734	3	-1	0.11562	83.6614
0.0226548	12.9	43.9768	4	-1	0.11564	83.6758
0.0226548	12.9	43.9766	1	-1	0.11565	83.6831
0.022689	12.9	43.9638	2	-1	0.11568	83.6322
0.0226891	12.9	43.9568	3	-1	0.11567	83.6249
0.0227233	12.9	43.96	4	-1	0.11569	83.6394
0.0227233	12.9	43.9598	1	-1	0.1157	83.6466
0.0227575	12.9	43.9469	2	-1	0.11573	83.5958
0.0227577	12.9	43.9402	3	-1	0.11572	83.5886
0.0227919	12.9	43.9437	4	-1	0.11574	83.603
0.0227919	12.9	43.9435	1	-1	0.11575	83.6102
0.0228261	12.9	43.9307	2	-1	0.11578	83.5595
0.0228262	12.9	43.9242	3	-1	0.11577	83.5523
0.0228605	12.9	43.9269	4	-1	0.11579	83.5667
0.0228605	12.9	43.9267	1	-1	0.1158	83.5739
0.0228947	12.9	43.9144	2	-1	0.11583	83.5232
0.0228949	12.9	43.9081	3	-1	0.11582	83.516
0.0229291	12.9	43.9101	4	-1	0.11584	83.5304
0.0229292	12.9	43.9099	1	-1	0.11585	83.5376
0.0229634	12.9	43.8975	2	-1	0.11587	83.4798
0.0229636	12.9	43.8913	3	-1	0.11587	83.4798
0.0229979	12.9	43.8927	4	-1	0.11588	83.487
0.0229979	12.9	43.8925	1	-1	0.11589	83.4942
0.0230322	12.9	43.881	2	-1	0.11592	83.4557
0.0230323	12.9	43.8748	3	-1	0.11592	83.4557
0.0230667	12.9	43.8763	4	-1	0.11593	83.4629
0.0230667	12.9	43.8761	1	-1	0.11594	83.4701
0.023101	12.9	43.864	2	-1	0.11597	83.4197
0.0231011	12.9	43.8578	3	-1	0.11597	83.4197
0.0231355	12.9	43.8601	4	-1	0.11599	83.434
0.0231355	12.9	43.8599	1	-1	0.116	83.4412
0.0231699	12.9	43.8476	2	-1	0.11603	83.3848
0.02317	12.9	43.8419	3	-1	0.11601	83.3705
0.0232044	12.9	43.8435	4	-1	0.11604	83.392
0.0232044	12.9	43.8433	1	-1	0.11605	83.3992
0.0232388	12.9	43.8311	2	-1	0.11607	83.3417
0.0232389	12.9	43.8255	3	-1	0.11606	83.3345
0.0232734	12.9	43.8265	4	-1	0.11609	83.3561
0.0232734	12.9	43.8263	1	-1	0.1161	83.3633
0.0233078	12.9	43.8146	2	-1	0.11612	83.3058
0.0233079	12.9	43.8093	3	-1	0.11611	83.2987
0.0233424	12.9	43.8099	4	-1	0.11613	83.313
0.0233424	12.9	43.8097	1	-1	0.11614	83.3202
0.0233768	12.9	43.7984	2	-1	0.11617	83.276
0.023377	12.9	43.7931	3	-1	0.11617	83.276
0.0234115	12.9	43.7933	4	-1	0.11618	83.2832
0.0234115	12.9	43.7931	1	-1	0.11619	83.2903
0.0234459	12.9	43.7818	2	-1	0.11622	83.2402
0.0234461	12.9	43.7765	3	-1	0.11622	83.2402
0.0234806	12.9	43.7769	4	-1	0.11623	83.2474
0.0234806	12.9	43.7767	1	-1	0.11624	83.2545
0.0235151	12.9	43.765	2	-1	0.11627	83.2045
0.0235152	12.9	43.76	3	-1	0.11626	83.1974
0.0235498	12.9	43.7602	4	-1	0.11628	83.2117
0.0235498	12.9	43.76	1	-1	0.11629	83.2188
0.0235843	12.9	43.7484	2	-1	0.11632	83.1689
0.0235845	12.9	43.7436	3	-1	0.11631	83.1617
0.023619	12.9	43.7433	4	-1	0.11633	83.176
0.0236191	12.9	43.7431	1	-1	0.11634	83.1832
0.0236536	12.9	43.7319	2	-1	0.11637	83.1333
0.0236537	12.9	43.7273	3	-1	0.11636	83.1262
0.0236884	12.9	43.7265	4	-1	0.11638	83.1404
0.0236884	12.9	43.7263	1	-1	0.11639	83.1476
0.023723	12.9	43.7151	2	-1	0.11641	83.0906
0.0237231	12.9	43.7103	3	-1	0.11642	83.0978
0.0237577	12.9	43.7097	4	-1	0.11643	83.1049
0.0237577	12.9	43.7095	1	-1	0.11644	83.1121
0.0237924	12.9	43.6989	2	-1	0.11646	83.0611
0.0237925	12.9	43.6939	3	-1	0.11647	83.0683
0.0238272	12.9	43.6934	4	-1	0.11647	83.0683
0.0238272	12.9	43.6932	1	-1	0.11648	83.0754
0.0238618	12.9	43.6821	2	-1	0.11651	83.0316
0.0238619	12.9	43.6771	3	-1	0.11651	83.0316
0.0238967	12.9	43.6774	4	-1	0.11653	83.0459
0.0238967	12.9	43.6772	1	-1	0.11654	83.053
0.0239313	12.9	43.6658	2	-1	0.11657	82.9975
0.0239315	12.9	43.661	3	-1	0.11656	82.9904
0.0239662	12.9	43.6611	4	-1	0.11658	83.0046
0.0239662	12.9	43.6609	1	-1	0.11659	83.0117
0.0240009	12.9	43.6496	2	-1	0.11662	82.9622
0.024001	12.9	43.6451	3	-1	0.11661	82.9551
0.0240358	12.9	43.6447	4	-1	0.11663	82.9693
0.0240358	12.9	43.6445	1	-1	0.11664	82.9765
0.0240706	12.9	43.6334	2	-1	0.11667	82.927
0.0240707	12.9	43.629	3	-1	0.11666	82.9199
0.0241055	12.9	43.6282	4	-1	0.11668	82.9341
0.0241055	12.9	43.628	1	-1	0.11669	82.9412
0.0241403	12.9	43.6171	2	-1	0.11672	82.8918
0.0241404	12.9	43.6131	3	-1	0.1167	82.8776
0.0241752	12.9	43.6116	4	-1	0.11673	82.8989
0.0241752	12.9	43.6114	1	-1	0.11674	82.906
0.02421	12.9	43.6005	2	-1	0.11676	82.8496
0.0242101	12.9	43.5968	3	-1	0.11675	82.8425
0.024245	12.9	43.5948	4	-1	0.11678	82.8638
0.024245	12.9	43.5946	1	-1	0.11679	82.8709
0.0242798	12.9	43.5842	2	-1	0.11681	82.8146
0.0242799	12.9	43.5805	3	-1	0.11681	82.8146
0.0243148	12.9	43.5779	4	-1	0.11682	82.8217
0.0243148	12.9	43.5777	1	-1	0.11683	82.8288
0.0243497	12.9	43.5675	2	-1	0.11686	82.7855
0.0243498	12.9	43.5638	3	-1	0.11686	82.7855
0.0243847	12.9	43.5615	4	-1	0.11687	82.7926
0.0243847	12.9	43.5613	1	-1	0.11688	82.7997
0.0244196	12.9	43.5509	2	-1	0.11692	82.7576
0.0244197	12.9	43.5474	3	-1	0.11691	82.7506
0.0244547	12.9	43.5457	4	-1	0.11693	82.7647
0.0244547	12.9	43.5455	1	-1	0.11694	82.7718
0.0244896	12.9	43.5347	2	-1	0.11697	82.7169
0.0244897	12.9	43.5316	3	-1	0.11695	82.7028
0.0245247	12.9	43.5294	4	-1	0.11698	82.724
0.0245247	12.9	43.5292	1	-1	0.11699	82.7311
0.0245597	12.9	43.5188	2	-1	0.11702	82.6821
0.0245598	12.9	43.5161	3	-1	0.117	82.668
0.0245948	12.9	43.5128	4	-1	0.11703	82.6892
0.0245948	12.9	43.5126	1	-1	0.11704	82.6962
0.0246298	12.9	43.5027	2	-1	0.11706	82.6403
0.0246299	12.9	43.5002	3	-1	0.11705	82.6333
0.0246649	12.9	43.4959	4	-1	0.11707	82.6474
0.0246649	12.9	43.4957	1	-1	0.11708	82.6544
0.0247	12.9	43.4862	2	-1	0.11711	82.6115
0.0247	12.9	43.4839	3	-1	0.1171	82.6044
0.0247351	12.9	43.4793	4	-1	0.11712	82.6185
0.0247351	12.9	43.4792	1	-1	0.11713	82.6256
0.0247702	12.9	43.4697	2	-1	0.11716	82.5768
0.0247703	12.9	43.4676	3	-1	0.11715	82.5698
0.0248054	12.9	43.4634	4	-1	0.11718	82.5909
0.0248054	12.9	43.4632	1	-1	0.11719	82.598
0.0248405	12.9	43.4537	2	-1	0.11721	82.5364
0.0248406	12.9	43.4518	3	-1	0.1172	82.5294
0.0248757	12.9	43.4472	4	-1	0.11723	82.5505
0.0248757	12.9	43.447	1	-1	0.11724	82.5576
0.0249109	12.9	43.4378	2	-1	0.11726	82.5019
0.0249109	12.9	43.4361	3	-1	0.11725	82.4949
0.0249461	12.9	43.4305	4	-1	0.11727	82.509
0.0249461	12.9	43.4303	1	-1	0.11728	82.516
0.0249813	12.9	43.4217	2	-1	0.11731	82.4733
0.0249813	12.9	43.4202	3	-1	0.1173	82.4663
0.0250165	12.9	43.4142	4	-1	0.11732	82.4803
0.0250165	12.9	43.414	1	-1	0.11733	82.4873
0.0250517	12.9	43.4053	2	-1	0.11736	82.4389
0.0250518	12.9	43.404	3	-1	0.11735	82.4319
0.025087	12.9	43.3981	4	-1	0.11737	82.4459
0.025087	12.9	43.3979	1	-1	0.11738	82.4529
0.0251223	12.9	43.3891	2	-1	0.11741	82.4045
0.0251223	12.9	43.388	3	-1	0.1174	82.3975
0.0251576	12.9	43.382	4	-1	0.11742	82.4116
0.0251576	12.9	43.3818	1	-1	0.11743	82.4186
0.0251928	12.9	43.3724	2	-1	0.11746	82.3645
0.0251929	12.9	43.3714	3	-1	0.11745	82.3575
0.0252282	12.9	43.3655	1	-1	0.11748	82.3785
0.0252282	12.9	43.3655	4	-1	0.11748	82.3785
0.0252635	12.9	43.3566	2	-1	0.11751	82.3303
0.0252635	12.9	43.3558	3	-1	0.1175	82.3233
0.0252988	12.9	43.3488	4	-1	0.11752	82.3373
0.0252989	12.9	43.3486	1	-1	0.11753	82.3443
0.0253342	12.9	43.3404	2	-1	0.11756	82.2961
0.0253342	12.9	43.3398	3	-1	0.11755	82.2891
0.0253696	12.9	43.3323	4	-1	0.11757	82.3031
0.0253696	12.9	43.3321	1	-1	0.11758	82.3101
0.025405	12.9	43.3243	2	-1	0.11761	82.262
0.025405	12.9	43.3239	3	-1	0.1176	82.255
0.0254404	12.9	43.316	4	-1	0.11762	82.269
0.0254404	12.9	43.3158	1	-1	0.11763	82.276
0.0254758	12.9	43.3083	2	-1	0.11766	82.228
0.0254758	12.9	43.3081	3	-1	0.11765	82.221
0.0255112	12.9	43.2999	4	-1	0.11767	82.235
0.0255112	12.9	43.2997	1	-1	0.11768	82.2419
0.0255467	12.9	43.292	2	-1	0.1177	82.187
0.0255467	12.9	43.2918	3	-1	0.1177	82.187
0.0255821	12.9	43.2837	4	-1	0.11772	82.201
0.0255822	12.9	43.2835	1	-1	0.11773	82.2079
0.0256176	12.9	43.276	2	-1	0.11775	82.1531
0.0256176	12.9	43.2758	3	-1	0.11775	82.1531
0.0256531	12.9	43.2664	4	-1	0.11776	82.1601
0.0256531	12.9	43.2663	1	-1	0.11777	82.167
0.0256886	12.9	43.2591	2	-1	0.1178	82.1249
0.0256886	12.9	43.2589	3	-1	0.1178	82.1249
0.0257241	12.9	43.2504	4	-1	0.11782	82.1389
0.0257242	12.9	43.2502	1	-1	0.11783	82.1458
0.0257597	12.9	43.2429	2	-1	0.11786	82.0924
0.0257597	12.9	43.2429	3	-1	0.11785	82.0854
0.0257952	12.9	43.2346	4	-1	0.11787	82.0993
0.0257952	12.9	43.2345	1	-1	0.11788	82.1063
0.0258308	12.9	43.2267	3	-1	0.1179	82.0516
0.0258308	12.9	43.2265	2	-1	0.11791	82.0586
0.0258664	12.9	43.2185	4	-1	0.11792	82.0656
0.0258664	12.9	43.2184	1	-1	0.11793	82.0725
0.025902	12.9	43.2102	3	-1	0.11794	82.011
0.025902	12.9	43.21	2	-1	0.11795	82.0179
0.0259376	12.9	43.2023	4	-1	0.11797	82.0318
0.0259376	12.9	43.2021	1	-1	0.11798	82.0388
0.0259732	12.9	43.1934	3	-1	0.11799	81.9717
0.0259732	12.9	43.1932	2	-1	0.118	81.9786
0.0260089	12.9	43.1854	4	-1	0.11802	81.9925
0.0260089	12.9	43.1852	1	-1	0.11803	81.9994
0.0260445	12.9	43.1777	3	-1	0.11805	81.945
0.0260445	12.9	43.1775	2	-1	0.11806	81.952
0.0260802	12.9	43.169	4	-1	0.11807	81.9589
0.0260802	12.9	43.1689	1	-1	0.11808	81.9658
0.0261159	12.9	43.1618	2	-1	0.1181	81.9115
0.0261159	12.9	43.1618	3	-1	0.1181	81.9115
0.0261516	12.9	43.153	4	-1	0.11811	81.9184
0.0261516	12.9	43.1528	1	-1	0.11812	81.9254
0.0261873	12.9	43.1457	2	-1	0.11815	81.8837
0.0261873	12.9	43.1457	3	-1	0.11815	81.8837
0.026223	12.9	43.1365	4	-1	0.11816	81.8906
0.0262231	12.9	43.1363	1	-1	0.11817	81.8976
0.0262588	12.9	43.129	3	-1	0.1182	81.8503
0.0262588	12.9	43.1289	2	-1	0.11821	81.8572
0.0262946	12.9	43.1209	4	-1	0.11822	81.8641
0.0262946	12.9	43.1207	1	-1	0.11823	81.8711
0.0263303	12.9	43.1123	3	-1	0.11824	81.8043
0.0263303	12.9	43.1121	2	-1	0.11825	81.8113
0.0263661	12.9	43.1049	4	-1	0.11827	81.8251
0.0263661	12.9	43.1048	1	-1	0.11828	81.832
0.0264019	12.9	43.0963	3	-1	0.11829	81.771
0.0264019	12.9	43.0962	2	-1	0.1183	81.778
0.0264378	12.9	43.0888	4	-1	0.11832	81.7918
0.0264378	12.9	43.0886	1	-1	0.11833	81.7987
0.0264736	12.9	43.0802	3	-1	0.11834	81.7322
0.0264736	12.9	43.08	2	-1	0.11835	81.7391
0.0265095	12.9	43.072	4	-1	0.11837	81.7529
0.0265095	12.9	43.0719	1	-1	0.11838	81.7598
0.0265453	12.9	43.0647	2	-1	0.1184	81.7059
0.0265453	12.9	43.0647	3	-1	0.1184	81.7059
0.0265812	12.9	43.0558	4	-1	0.11841	81.7128
0.0265812	12.9	43.0556	1	-1	0.11842	81.7197
0.0266171	12.9	43.049	2	-1	0.11845	81.6784
0.0266171	12.9	43.049	3	-1	0.11845	81.6784
0.026653	12.9	43.0394	4	-1	0.11846	81.6853
0.026653	12.9	43.0393	1	-1	0.11847	81.6922
0.0266889	12.9	43.0323	2	-1	0.1185	81.6453
0.0266889	12.9	43.0323	3	-1	0.1185	81.6453
0.0267249	12.9	43.0239	4	-1	0.11851	81.6522
0.0267249	12.9	43.0237	1	-1	0.11852	81.6591
0.0267608	12.9	43.0156	3	-1	0.11854	81.6054
0.0267608	12.9	43.0154	2	-1	0.11855	81.6123
0.0267968	12.9	43.0083	4	-1	0.11857	81.626
0.0267968	12.9	43.0081	1	-1	0.11858	81.6329
0.0268328	12.9	42.999	3	-1	0.11859	81.5612
0.0268328	12.9	42.9989	2	-1	0.1186	81.5681
0.0268688	12.9	42.9917	4	-1	0.11862	81.5818
0.0268688	12.9	42.9916	1	-1	0.11863	81.5887
0.0269048	12.9	42.9835	3	-1	0.11864	81.5283
0.0269048	12.9	42.9833	2	-1	0.11865	81.5352
0.0269409	12.9	42.9752	4	-1	0.11867	81.5489
0.0269409	12.9	42.9751	1	-1	0.11868	81.5558
0.0269769	12.9	42.9685	2	-1	0.1187	81.5023
0.0269769	12.9	42.9685	3	-1	0.1187	81.5023
0.027013	12.9	42.9587	4	-1	0.11871	81.5092
0.027013	12.9	42.9585	1	-1	0.11872	81.5161
0.0270491	12.9	42.9522	2	-1	0.11875	81.4751
0.0270491	12.9	42.9522	3	-1	0.11875	81.4751
0.0270852	12.9	42.9432	4	-1	0.11876	81.482
0.0270852	12.9	42.943	1	-1	0.11877	81.4889
0.0271213	12.9	42.9355	3	-1	0.11879	81.4355
0.0271213	12.9	42.9353	2	-1	0.1188	81.4424
0.0271574	12.9	42.928	4	-1	0.11882	81.4561
0.0271574	12.9	42.9278	1	-1	0.11883	81.4629
0.0271935	12.9	42.9188	3	-1	0.11884	81.3917
0.0271935	12.9	42.9187	2	-1	0.11885	81.3985
0.0272297	12.9	42.9117	4	-1	0.11887	81.4122
0.0272297	12.9	42.9115	1	-1	0.11888	81.4191
0.0272659	12.9	42.9034	3	-1	0.11889	81.3591
0.0272659	12.9	42.9032	2	-1	0.1189	81.3659
0.027302	12.9	42.895	4	-1	0.11891	81.3728
0.0273021	12.9	42.8948	1	-1	0.11892	81.3796
0.0273382	12.9	42.8883	2	-1	0.11895	81.3389
0.0273382	12.9	42.8883	3	-1	0.11895	81.3389
0.0273745	12.9	42.8788	4	-1	0.11896	81.3457
0.0273745	12.9	42.8786	1	-1	0.11897	81.3526
0.0274107	12.9	42.8721	2	-1	0.119	81.3064
0.0274107	12.9	42.8721	3	-1	0.119	81.3064
0.0274469	12.9	42.8636	4	-1	0.11901	81.3132
0.0274469	12.9	42.8634	1	-1	0.11902	81.32
0.0274832	12.9	42.855	3	-1	0.11904	81.2615
0.0274832	12.9	42.8548	2	-1	0.11905	81.2683
0.0275195	12.9	42.8478	4	-1	0.11907	81.282
0.0275195	12.9	42.8476	1	-1	0.11908	81.2888
0.0275558	12.9	42.8391	3	-1	0.11909	81.2236
0.0275558	12.9	42.8389	2	-1	0.1191	81.2304
0.0275921	12.9	42.8317	4	-1	0.11912	81.244
0.0275921	12.9	42.8315	1	-1	0.11913	81.2509
0.0276284	12.9	42.824	3	-1	0.11914	81.1912
0.0276284	12.9	42.8239	2	-1	0.11915	81.198
0.0276647	12.9	42.8147	4	-1	0.11916	81.2049
0.0276647	12.9	42.8145	1	-1	0.11917	81.2117
0.0277011	12.9	42.8083	2	-1	0.1192	81.1713
0.0277011	12.9	42.8083	3	-1	0.1192	81.1713
0.0277374	12.9	42.7993	4	-1	0.11921	81.1781
0.0277375	12.9	42.7992	1	-1	0.11922	81.1849
0.0277738	12.9	42.7913	3	-1	0.11924	81.1267
0.0277738	12.9	42.7912	2	-1	0.11925	81.1335
0.0278102	12.9	42.7834	4	-1	0.11926	81.1403
0.0278102	12.9	42.7833	1	-1	0.11927	81.1471
0.0278466	12.9	42.7751	3	-1	0.11929	81.0945
0.0278466	12.9	42.7749	2	-1	0.1193	81.1013
0.0278831	12.9	42.7673	4	-1	0.11932	81.1149
0.0278831	12.9	42.7672	1	-1	0.11933	81.1217
0.0279195	12.9	42.7592	3	-1	0.11934	81.0568
0.0279195	12.9	42.759	2	-1	0.11935	81.0636
0.027956	12.9	42.7514	4	-1	0.11937	81.0772
0.027956	12.9	42.7513	1	-1	0.11938	81.084
0.0279924	12.9	42.7438	3	-1	0.11939	81.0248
0.0279924	12.9	42.7437	2	-1	0.1194	81.0316
0.0280289	12.9	42.7355	4	-1	0.11941	81.0383
0.0280289	12.9	42.7353	1	-1	0.11942	81.0451
0.0280654	12.9	42.7276	3	-1	0.11944	80.9927
0.0280654	12.9	42.7274	2	-1	0.11945	80.9995
0.028102	12.9	42.7195	4	-1	0.11946	81.0063
0.028102	12.9	42.7194	1	-1	0.11947	81.0131
0.0281385	12.9	42.7118	3	-1	0.11949	80.9608
0.0281385	12.9	42.7116	2	-1	0.1195	80.9675
0.028175	12.9	42.7034	4	-1	0.11951	80.9743
0.028175	12.9	42.7032	1	-1	0.11952	80.9811
0.0282116	12.9	42.6956	3	-1	0.11954	80.9288
0.0282116	12.9	42.6954	2	-1	0.11955	80.9356
0.0282482	12.9	42.6883	4	-1	0.11957	80.9492
0.0282482	12.9	42.6881	1	-1	0.11958	80.9559
0.0282848	12.9	42.6795	3	-1	0.11959	80.886
0.0282848	12.9	42.6793	2	-1	0.1196	80.8928
0.0283214	12.9	42.6724	4	-1	0.11962	80.9063
0.0283214	12.9	42.6722	1	-1	0.11963	80.9131
0.028358	12.9	42.6644	3	-1	0.11964	80.8542
0.028358	12.9	42.6642	2	-1	0.11965	80.861
0.0283947	12.9	42.6555	4	-1	0.11966	80.8677
0.0283947	12.9	42.6553	1	-1	0.11967	80.8745
0.0284313	12.9	42.6485	3	-1	0.11969	80.8279
0.0284313	12.9	42.6483	2	-1	0.1197	80.8347
0.028468	12.9	42.6398	4	-1	0.11971	80.8414
0.028468	12.9	42.6397	1	-1	0.11972	80.8482
0.0285047	12.9	42.6318	3	-1	0.11974	80.7908
0.0285047	12.9	42.6316	2	-1	0.11975	80.7975
0.0285414	12.9	42.6243	4	-1	0.11976	80.8043
0.0285414	12.9	42.6241	1	-1	0.11977	80.811
0.0285781	12.9	42.6159	3	-1	0.11979	80.7591
0.0285781	12.9	42.6157	2	-1	0.1198	80.7659
0.0286148	12.9	42.6085	4	-1	0.11982	80.7793
0.0286148	12.9	42.6083	1	-1	0.11983	80.7861
0.0286516	12.9	42.6003	3	-1	0.11984	80.7221
0.0286516	12.9	42.6002	2	-1	0.11985	80.7288
0.0286883	12.9	42.5929	4	-1	0.11987	80.7423
0.0286883	12.9	42.5928	1	-1	0.11988	80.749
0.0287251	12.9	42.5846	3	-1	0.11989	80.6851
0.0287251	12.9	42.5845	2	-1	0.1199	80.6918
0.0287619	12.9	42.5766	4	-1	0.11991	80.6986
0.0287619	12.9	42.5764	1	-1	0.11992	80.7053
0.0287987	12.9	42.5692	3	-1	0.11994	80.659
0.0287987	12.9	42.569	2	-1	0.11995	80.6658
0.0288355	12.9	42.5603	4	-1	0.11996	80.6725
0.0288355	12.9	42.5602	1	-1	0.11997	80.6792
0.0288724	12.9	42.5531	3	-1	0.11999	80.6276
0.0288724	12.9	42.5529	2	-1	0.12	80.6343
0.0289092	12.9	42.5452	4	-1	0.12001	80.641
0.0289092	12.9	42.545	1	-1	0.12002	80.6478
0.0289461	12.9	42.5365	3	-1	0.12004	80.5908
0.0289461	12.9	42.5364	2	-1	0.12005	80.5975
0.028983	12.9	42.5294	4	-1	0.12007	80.6109
0.028983	12.9	42.5293	1	-1	0.12008	80.6177
0.0290199	12.9	42.5203	3	-1	0.12008	80.5474
0.0290199	12.9	42.5201	2	-1	0.12009	80.5541
0.0290568	12.9	42.5134	4	-1	0.12012	80.5742
0.0290568	12.9	42.5132	1	-1	0.12013	80.5809
0.0290937	12.9	42.505	3	-1	0.12014	80.5174
0.0290937	12.9	42.5049	2	-1	0.12015	80.5241
0.0291307	12.9	42.4971	4	-1	0.12017	80.5375
0.0291307	12.9	42.4969	1	-1	0.12018	80.5442
0.0291677	12.9	42.4903	3	-1	0.12019	80.4862
0.0291677	12.9	42.4901	2	-1	0.1202	80.4929
0.0292046	12.9	42.4805	4	-1	0.12021	80.4996
0.0292046	12.9	42.4804	1	-1	0.12022	80.5063
0.0292416	12.9	42.4746	2	-1	0.12025	80.4671
0.0292416	12.9	42.4746	3	-1	0.12025	80.4671
0.0292786	12.9	42.4659	4	-1	0.12026	80.4738
0.0292786	12.9	42.4658	1	-1	0.12027	80.4805
0.0293157	12.9	42.4577	3	-1	0.12029	80.4239
0.0293157	12.9	42.4576	2	-1	0.1203	80.4306
0.0293527	12.9	42.4504	4	-1	0.12032	80.4439
0.0293527	12.9	42.4503	1	-1	0.12033	80.4506
0.0293898	12.9	42.4416	3	-1	0.12034	80.3874
0.0293898	12.9	42.4415	2	-1	0.12035	80.3941
0.0294268	12.9	42.4349	4	-1	0.12037	80.4075
0.0294268	12.9	42.4347	1	-1	0.12038	80.4142
0.0294639	12.9	42.4256	3	-1	0.12038	80.3444
0.0294639	12.9	42.4255	2	-1	0.12039	80.3511
0.029501	12.9	42.4183	4	-1	0.12042	80.3711
0.029501	12.9	42.4181	1	-1	0.12043	80.3778
0.0295381	12.9	42.4113	3	-1	0.12044	80.3201
0.0295381	12.9	42.4112	2	-1	0.12045	80.3268
0.0295753	12.9	42.4014	4	-1	0.12046	80.3334
0.0295753	12.9	42.4013	1	-1	0.12047	80.3401
0.0296124	12.9	42.3961	2	-1	0.1205	80.3012
0.0296124	12.9	42.3961	3	-1	0.1205	80.3012
0.0296496	12.9	42.3865	4	-1	0.1205	80.3012
0.0296496	12.9	42.3863	1	-1	0.12051	80.3079
0.0296867	12.9	42.3793	3	-1	0.12055	80.2703
0.0296867	12.9	42.3792	2	-1	0.12056	80.277
0.0297239	12.9	42.3717	4	-1	0.12056	80.277
0.0297239	12.9	42.3715	1	-1	0.12057	80.2837
0.0297611	12.9	42.3618	3	-1	0.12058	80.2209
0.0297611	12.9	42.3617	2	-1	0.12059	80.2275
0.0297984	12.9	42.3571	1	-1	0.12063	80.2541
0.0297984	12.9	42.3571	4	-1	0.12063	80.2541
0.0298356	12.9	42.3465	3	-1	0.12063	80.1795
0.0298356	12.9	42.3463	2	-1	0.12064	80.1861
0.0298729	12.9	42.3401	1	-1	0.12068	80.2127
0.0298729	12.9	42.3401	4	-1	0.12068	80.2127
0.0299101	12.9	42.3326	3	-1	0.12069	80.1554
0.0299101	12.9	42.3324	2	-1	0.1207	80.1621
0.0299474	12.9	42.3233	4	-1	0.12071	80.1687
0.0299474	12.9	42.3231	1	-1	0.12072	80.1753
0.0299847	12.9	42.3171	3	-1	0.12075	80.1314
0.0299847	12.9	42.317	2	-1	0.12076	80.138
0.030022	12.9	42.308	4	-1	0.12076	80.138
0.030022	12.9	42.3078	1	-1	0.12077	80.1447
0.0300594	12.9	42.3011	3	-1	0.1208	80.1008
0.0300594	12.9	42.301	2	-1	0.12081	80.1074
0.0300967	12.9	42.2937	4	-1	0.12082	80.1141
0.0300967	12.9	42.2936	1	-1	0.12083	80.1207
0.0301341	12.9	42.284	3	-1	0.12084	80.053
0.0301341	12.9	42.2839	2	-1	0.12085	80.0596
0.0301715	12.9	42.2787	1	-1	0.12088	80.0795
0.0301715	12.9	42.2787	4	-1	0.12088	80.0795
0.0302088	12.9	42.269	3	-1	0.12088	80.0159
0.0302089	12.9	42.2688	2	-1	0.12089	80.0225
0.0302463	12.9	42.2617	4	-1	0.12092	80.0424
0.0302463	12.9	42.2616	1	-1	0.12093	80.049
0.0302837	12.9	42.2539	3	-1	0.12094	79.9868
0.0302837	12.9	42.2538	2	-1	0.12095	79.9934
0.0303211	12.9	42.2447	4	-1	0.12096	80
0.0303211	12.9	42.2445	1	-1	0.12097	80.0066
0.0303586	12.9	42.2391	3	-1	0.121	79.9683
0.0303586	12.9	42.239	2	-1	0.12101	79.9749
0.030396	12.9	42.2292	4	-1	0.12101	79.9749
0.0303961	12.9	42.229	1	-1	0.12102	79.9815
0.0304335	12.9	42.2221	3	-1	0.12105	79.9326
0.0304335	12.9	42.222	2	-1	0.12106	79.9392
0.030471	12.9	42.2151	4	-1	0.12107	79.9459
0.030471	12.9	42.215	1	-1	0.12108	79.9525
0.0305086	12.9	42.2058	3	-1	0.12109	79.8905
0.0305086	12.9	42.2057	2	-1	0.1211	79.8971
0.0305461	12.9	42.2001	1	-1	0.12113	79.9169
0.0305461	12.9	42.2001	4	-1	0.12113	79.9169
0.0305836	12.9	42.19	3	-1	0.12113	79.8484
0.0305836	12.9	42.1898	2	-1	0.12114	79.855
0.0306212	12.9	42.1836	4	-1	0.12118	79.8813
0.0306212	12.9	42.1835	1	-1	0.12119	79.8879
0.0306588	12.9	42.1763	3	-1	0.12119	79.8195
0.0306588	12.9	42.1762	2	-1	0.1212	79.8261
0.0306964	12.9	42.166	4	-1	0.12121	79.8327
0.0306964	12.9	42.1659	1	-1	0.12122	79.8393
0.030734	12.9	42.1614	2	-1	0.12126	79.8078
0.030734	12.9	42.1614	3	-1	0.12126	79.8078
0.0307716	12.9	42.1506	4	-1	0.12125	79.8012
0.0307716	12.9	42.1505	1	-1	0.12126	79.8078
0.0308093	12.9	42.1451	2	-1	0.12131	79.783
0.0308093	12.9	42.1451	3	-1	0.12131	79.783
0.0308469	12.9	42.137	4	-1	0.12131	79.783
0.0308469	12.9	42.1368	1	-1	0.12132	79.7895
0.0308846	12.9	42.127	3	-1	0.12134	79.7293
0.0308846	12.9	42.1269	2	-1	0.12135	79.7359
0.0309223	12.9	42.1228	1	-1	0.12138	79.7556
0.0309223	12.9	42.1228	4	-1	0.12138	79.7556
0.03096	12.9	42.1118	3	-1	0.12138	79.6875
0.03096	12.9	42.1117	2	-1	0.12139	79.6941
0.0309977	12.9	42.1061	4	-1	0.12143	79.7203
0.0309977	12.9	42.106	1	-1	0.12144	79.7269
0.0310354	12.9	42.0978	3	-1	0.12144	79.6537
0.0310354	12.9	42.0977	2	-1	0.12145	79.6602
0.0310732	12.9	42.088	4	-1	0.12147	79.6734
0.0310732	12.9	42.0879	1	-1	0.12148	79.6799
0.0311109	12.9	42.084	2	-1	0.12151	79.6421
0.0311109	12.9	42.084	3	-1	0.12151	79.6421
0.0311487	12.9	42.0724	4	-1	0.1215	79.6356
0.0311487	12.9	42.0723	1	-1	0.12151	79.6421
0.0311865	12.9	42.0672	2	-1	0.12156	79.6175
0.0311865	12.9	42.0672	3	-1	0.12156	79.6175
0.0312243	12.9	42.0586	4	-1	0.12156	79.6175
0.0312243	12.9	42.0584	1	-1	0.12157	79.6241
0.0312622	12.9	42.0492	3	-1	0.12159	79.5694
0.0312622	12.9	42.049	2	-1	0.1216	79.5759
0.0313	12.9	42.0452	1	-1	0.12163	79.5956
0.0313	12.9	42.045	4	-1	0.12164	79.6021
0.0313379	12.9	42.0333	3	-1	0.12163	79.5227
0.0313379	12.9	42.0332	2	-1	0.12164	79.5293
0.0313757	12.9	42.0283	1	-1	0.12168	79.5554
0.0313757	12.9	42.0281	4	-1	0.12169	79.5619
0.0314136	12.9	42.0195	3	-1	0.12169	79.4944
0.0314136	12.9	42.0193	2	-1	0.1217	79.5009
0.0314515	12.9	42.0112	4	-1	0.12172	79.514
0.0314515	12.9	42.0111	1	-1	0.12175	79.5336
0.0314895	12.9	42.0068	2	-1	0.12176	79.4674
0.0314895	12.9	42.0068	3	-1	0.12176	79.4674
0.0315274	12.9	41.9943	4	-1	0.12175	79.4609
0.0315274	12.9	41.9941	1	-1	0.12176	79.4674
0.0315654	12.9	41.9903	2	-1	0.12181	79.4534
0.0315654	12.9	41.9902	3	-1	0.12182	79.4599
0.0316033	12.9	41.9802	4	-1	0.12181	79.4534
0.0316033	12.9	41.9801	1	-1	0.12182	79.4599
0.0316413	12.9	41.9723	3	-1	0.12185	79.4121
0.0316413	12.9	41.9722	2	-1	0.12187	79.4252
0.0316793	12.9	41.968	4	-1	0.12188	79.4317
0.0316793	12.9	41.9679	1	-1	0.12189	79.4382
0.0317173	12.9	41.9548	3	-1	0.12188	79.3541
0.0317173	12.9	41.9547	2	-1	0.12189	79.3606
0.0317553	12.9	41.9516	1	-1	0.12193	79.3867
0.0317554	12.9	41.9513	4	-1	0.12195	79.3997
0.0317934	12.9	41.9407	3	-1	0.12193	79.3247
0.0317934	12.9	41.9405	2	-1	0.12194	79.3312
0.0318315	12.9	41.9339	1	-1	0.122	79.3702
0.0318315	12.9	41.9337	4	-1	0.12199	79.3637
0.0318695	12.9	41.9298	3	-1	0.12201	79.3045
0.0318695	12.9	41.9297	2	-1	0.12202	79.311
0.0319076	12.9	41.9161	4	-1	0.122	79.298
0.0319076	12.9	41.916	1	-1	0.12202	79.311
0.0319457	12.9	41.9132	2	-1	0.12205	79.279
0.0319458	12.9	41.9129	3	-1	0.12208	79.2985
0.0319839	12.9	41.9017	4	-1	0.12205	79.279
0.0319839	12.9	41.9016	1	-1	0.12206	79.2855
0.032022	12.9	41.8952	2	-1	0.12213	79.2743
0.032022	12.9	41.8951	3	-1	0.12211	79.2613
0.0320602	12.9	41.8912	4	-1	0.12213	79.2743
0.0320602	12.9	41.891	1	-1	0.12214	79.2808
0.0320983	12.9	41.877	3	-1	0.12213	79.1921
0.0320983	12.9	41.8769	2	-1	0.12215	79.205
0.0321365	12.9	41.8752	1	-1	0.12217	79.218
0.0321365	12.9	41.8746	4	-1	0.12221	79.2439
0.0321747	12.9	41.8622	3	-1	0.12217	79.1615
0.0321747	12.9	41.862	2	-1	0.12218	79.168
0.0322129	12.9	41.8561	1	-1	0.12225	79.2134
0.032213	12.9	41.8556	4	-1	0.12225	79.2134
0.0322512	12.9	41.8515	3	-1	0.12225	79.1365
0.0322512	12.9	41.8514	2	-1	0.12226	79.1429
0.0322894	12.9	41.8389	4	-1	0.12226	79.1429
0.0322894	12.9	41.8388	1	-1	0.12231	79.1753
0.0323277	12.9	41.8374	2	-1	0.1223	79.0971
0.0323277	12.9	41.837	3	-1	0.12233	79.1165
0.032366	12.9	41.8227	4	-1	0.12229	79.0907
0.032366	12.9	41.8226	1	-1	0.1223	79.0971
0.0324043	12.9	41.8187	2	-1	0.12237	79.1066
0.0324043	12.9	41.8182	3	-1	0.12238	79.1131
0.0324426	12.9	41.8113	4	-1	0.12237	79.1066
0.0324426	12.9	41.8112	1	-1	0.12238	79.1131
0.0324809	12.9	41.8006	3	-1	0.1224	79.0493
0.0324809	12.9	41.8004	2	-1	0.12245	79.0816
0.0325193	12.9	41.7999	1	-1	0.12243	79.0687
0.0325193	12.9	41.7995	4	-1	0.12246	79.0881
0.0325576	12.9	41.7828	3	-1	0.12241	78.9895
0.0325576	12.9	41.7827	2	-1	0.12242	78.9959
0.032596	12.9	41.7813	1	-1	0.12248	79.0347
0.032596	12.9	41.7803	4	-1	0.12253	79.0669
0.0326344	12.9	41.7714	3	-1	0.12248	78.9684
0.0326344	12.9	41.7713	2	-1	0.12249	78.9749
0.0326728	12.9	41.7612	1	-1	0.12257	79.0264
0.0326728	12.9	41.7606	4	-1	0.12254	79.0071
0.0327112	12.9	41.7619	2	-1	0.12256	78.9386
0.0327112	12.9	41.7616	3	-1	0.12258	78.9514
0.0327497	12.9	41.7447	4	-1	0.12254	78.9257
0.0327497	12.9	41.7446	1	-1	0.1226	78.9643
0.0327881	12.9	41.7448	2	-1	0.12259	78.902
0.0327881	12.9	41.7438	3	-1	0.12265	78.9406
0.0328266	12.9	41.7311	4	-1	0.12259	78.902
0.0328266	12.9	41.731	1	-1	0.1226	78.9084
0.0328651	12.9	41.724	2	-1	0.12268	78.9193
0.0328651	12.9	41.723	3	-1	0.12268	78.9193
0.0329036	12.9	41.7221	4	-1	0.12269	78.9257
0.0329036	12.9	41.722	1	-1	0.1227	78.9321
0.0329421	12.9	41.7071	3	-1	0.12268	78.8331
0.0329421	12.9	41.707	2	-1	0.12277	78.8909
0.0329806	12.9	41.7086	1	-1	0.12272	78.8588
0.0329807	12.9	41.7078	4	-1	0.12278	78.8973
0.0330192	12.9	41.6909	3	-1	0.1227	78.7953
0.0330192	12.9	41.6908	2	-1	0.12271	78.8017
0.0330577	12.9	41.6876	1	-1	0.12279	78.8531
0.0330578	12.9	41.6864	4	-1	0.12283	78.8788
0.0330963	12.9	41.6819	3	-1	0.12279	78.7772
0.0330963	12.9	41.6818	2	-1	0.1228	78.7836
0.033135	12.9	41.668	1	-1	0.1229	78.8478
0.033135	12.9	41.6678	4	-1	0.12282	78.7964
0.0331735	12.9	41.6706	2	-1	0.12284	78.7133
0.0331736	12.9	41.6699	3	-1	0.1229	78.7518
0.0332122	12.9	41.6499	4	-1	0.12282	78.7005
0.0332122	12.9	41.6498	1	-1	0.12285	78.7197
0.0332508	12.9	41.6511	2	-1	0.12289	78.7353
0.0332509	12.9	41.6493	3	-1	0.12298	78.7929
0.0332895	12.9	41.6401	4	-1	0.12289	78.7353
0.0332895	12.9	41.64	1	-1	0.1229	78.7417
0.0333281	12.9	41.6288	2	-1	0.123	78.7402
0.0333282	12.9	41.6274	3	-1	0.12297	78.721
0.0333668	12.9	41.6328	1	-1	0.12298	78.7274
0.0333668	12.9	41.6324	4	-1	0.12301	78.7466
0.0334056	12.9	41.6119	3	-1	0.12295	78.6276
0.0334056	12.9	41.6118	2	-1	0.12308	78.7108
0.0334442	12.9	41.6159	1	-1	0.123	78.6596
0.0334443	12.9	41.6143	4	-1	0.12311	78.7299
0.033483	12.9	41.5972	3	-1	0.12299	78.6029
0.033483	12.9	41.5971	2	-1	0.123	78.6093
0.0335217	12.9	41.5923	1	-1	0.1231	78.6732
0.0335218	12.9	41.5902	4	-1	0.12314	78.6988
0.0335605	12.9	41.5929	3	-1	0.12311	78.5942
0.0335605	12.9	41.5928	2	-1	0.12312	78.6006
0.0335993	12.9	41.5732	1	-1	0.12322	78.6645
0.0335994	12.9	41.5725	4	-1	0.1231	78.5878
0.0336381	12.9	41.5808	2	-1	0.12312	78.5004
0.0336382	12.9	41.5795	3	-1	0.12323	78.5705
0.0336769	12.9	41.5573	4	-1	0.1231	78.4876
0.0336769	12.9	41.5572	1	-1	0.12317	78.5323
0.0337157	12.9	41.5575	2	-1	0.12319	78.53
0.0337158	12.9	41.5551	3	-1	0.12329	78.5937
0.0337546	12.9	41.5498	4	-1	0.1232	78.5364
0.0337546	12.9	41.5497	1	-1	0.12321	78.5427
0.0337935	12.9	41.5342	2	-1	0.12333	78.5591
0.0337936	12.9	41.5327	3	-1	0.12326	78.5146
0.0338324	12.9	41.5422	1	-1	0.12327	78.5209
0.0338324	12.9	41.5414	4	-1	0.12334	78.5655
0.0338713	12.9	41.5183	3	-1	0.12323	78.4305
0.0338713	12.9	41.5182	2	-1	0.12338	78.526
0.0339101	12.9	41.5241	1	-1	0.1233	78.4751
0.0339102	12.9	41.5219	4	-1	0.12343	78.5578
0.0339491	12.9	41.5068	3	-1	0.12329	78.4138
0.0339491	12.9	41.5067	2	-1	0.1233	78.4201
0.033988	12.9	41.4984	1	-1	0.12341	78.4901
0.0339881	12.9	41.4958	4	-1	0.12344	78.5092
0.034027	12.9	41.5037	3	-1	0.12342	78.4017
0.034027	12.9	41.5036	2	-1	0.12343	78.4081
0.034066	12.9	41.4796	1	-1	0.12355	78.4843
0.0340661	12.9	41.479	4	-1	0.12338	78.3763
0.034105	12.9	41.4898	2	-1	0.12341	78.286
0.034105	12.9	41.4881	3	-1	0.12356	78.3811
0.034144	12.9	41.4647	4	-1	0.12339	78.2733
0.034144	12.9	41.4646	1	-1	0.12346	78.3177
0.034183	12.9	41.4638	2	-1	0.1235	78.348
0.0341831	12.9	41.4611	3	-1	0.1236	78.4115
0.0342221	12.9	41.46	4	-1	0.12351	78.3544
0.0342221	12.9	41.4599	1	-1	0.12352	78.3607
0.0342611	12.9	41.4405	2	-1	0.12365	78.3785
0.0342612	12.9	41.4388	3	-1	0.12355	78.3152
0.0343002	12.9	41.453	1	-1	0.12355	78.3152
0.0343002	12.9	41.4517	4	-1	0.12366	78.3849
0.0343393	12.9	41.4252	3	-1	0.12351	78.2353
0.0343393	12.9	41.4251	2	-1	0.12368	78.3429
0.0343783	12.9	41.4318	1	-1	0.12359	78.2859
0.0343785	12.9	41.4288	4	-1	0.12375	78.3873
0.0344175	12.9	41.4153	2	-1	0.12359	78.2265
0.0344566	12.9	41.4037	1	-1	0.12373	78.3151
0.0344568	12.9	41.4007	4	-1	0.12374	78.3214
0.0344958	12.9	41.4145	2	-1	0.12372	78.1999
0.0344958	12.9	41.4141	3	-1	0.12375	78.2188
0.034535	12.9	41.3857	1	-1	0.12388	78.301
0.034535	12.9	41.3851	4	-1	0.12366	78.1619
0.0345741	12.9	41.3993	2	-1	0.12369	78.0674
0.0345742	12.9	41.3968	3	-1	0.12389	78.1936
0.0346134	12.9	41.3714	4	-1	0.12367	78.0548
0.0346134	12.9	41.3713	1	-1	0.12374	78.099
0.0346525	12.9	41.37	2	-1	0.1238	78.1664
0.0346527	12.9	41.3662	3	-1	0.12392	78.2422
0.0346918	12.9	41.3707	4	-1	0.12381	78.1727
0.0346918	12.9	41.3706	1	-1	0.12382	78.1791
0.034731	12.9	41.3456	2	-1	0.12398	78.206
0.0347312	12.9	41.3434	3	-1	0.12384	78.1177
0.0347703	12.9	41.3643	1	-1	0.12383	78.1114
0.0347704	12.9	41.3626	4	-1	0.12399	78.2123
0.0348096	12.9	41.3316	2	-1	0.12401	78.1806
0.0348488	12.9	41.3407	1	-1	0.12387	78.0923
0.034849	12.9	41.3368	4	-1	0.12408	78.2247
0.0348882	12.9	41.3238	2	-1	0.12388	78.0396
0.0349275	12.9	41.3097	1	-1	0.12404	78.1404
0.0349277	12.9	41.3057	4	-1	0.12405	78.1467
0.0349669	12.9	41.3256	2	-1	0.12401	77.9986
0.0349669	12.9	41.3251	3	-1	0.12406	78.0301
0.0350063	12.9	41.2909	1	-1	0.12421	78.1244
0.0350455	12.9	41.3102	2	-1	0.12397	77.851
0.035085	12.9	41.2789	1	-1	0.12407	77.9138
0.0351243	12.9	41.2787	2	-1	0.1241	77.9621
0.0351246	12.9	41.274	3	-1	0.12425	78.0563
0.0351638	12.9	41.2808	4	-1	0.12411	77.9683
0.0351638	12.9	41.2807	1	-1	0.12412	77.9746
0.0352033	12.9	41.2505	2	-1	0.1243	78.024
0.0352034	12.9	41.2475	3	-1	0.12414	77.9235
0.0352427	12.9	41.2751	1	-1	0.12411	77.9047
0.0352428	12.9	41.2729	4	-1	0.12432	78.0365
0.0353216	12.9	41.2502	1	-1	0.12415	77.8956
0.0353612	12.9	41.2313	2	-1	0.12416	77.8481
0.0354006	12.9	41.2157	1	-1	0.12435	77.9673
0.0354009	12.9	41.2107	4	-1	0.12437	77.9798
0.0354403	12.9	41.2369	3	-1	0.12437	77.8431
0.0354798	12.9	41.1955	1	-1	0.12455	77.9558
0.0355193	12.9	41.2232	2	-1	0.12424	77.6257
0.035559	12.9	41.1849	1	-1	0.12438	77.7132
0.0355984	12.9	41.187	2	-1	0.12437	77.7507
0.0355987	12.9	41.1809	3	-1	0.12459	77.8882
0.0356382	12.9	41.191	4	-1	0.12439	77.7632
0.0356382	12.9	41.1909	1	-1	0.1244	77.7694
0.0356778	12.9	41.1541	2	-1	0.12462	77.8583
0.035678	12.9	41.1499	3	-1	0.12444	77.7458
0.0357174	12.9	41.189	1	-1	0.12438	77.7084
0.0358365	12.9	41.1361	2	-1	0.12441	77.6495
0.0358761	12.9	41.1208	1	-1	0.12463	77.7868
0.0358764	12.9	41.1138	4	-1	0.12472	77.843
0.0359159	12.9	41.1487	3	-1	0.12466	77.6553
0.0359557	12.9	41.0957	1	-1	0.12489	77.7985
0.0360748	12.9	41.0982	2	-1	0.12462	77.4663
0.0361148	12.9	41.0963	1	-1	0.12465	77.4849
0.0361549	12.9	41.0515	3	-1	0.12478	77.6043
0.0361944	12.9	41.1018	1	-1	0.12468	77.5421
0.0362344	12.9	41.0442	2	-1	0.12513	77.7688
0.036274	12.9	41.0777	1	-1	0.12465	77.4705
0.0363141	12.9	41.0402	2	-1	0.12476	77.5148
0.0363538	12.9	41.0292	1	-1	0.12489	77.5955
0.0363543	12.9	41.0203	4	-1	0.12508	77.7136
0.0363939	12.9	41.0607	2	-1	0.12494	77.4726
0.0365938	12.9	41.002	1	-1	0.1249	77.1941
0.0366341	12.9	40.9562	3	-1	0.12513	77.4703
0.0366738	12.9	41.0153	1	-1	0.12498	77.3774
0.0367139	12.9	40.9455	2	-1	0.12548	77.6101
0.0367538	12.9	40.9937	1	-1	0.12489	77.2452
0.0368339	12.9	40.9394	1	-1	0.12514	77.4046
0.0368743	12.9	40.9693	2	-1	0.12519	77.2778
0.0370751	12.9	40.9025	1	-1	0.12509	76.8649
0.0371157	12.9	40.8561	3	-1	0.12553	77.3969
0.0371554	12.9	40.9315	1	-1	0.1253	77.2551
0.0371556	12.9	40.9295	4	-1	0.12552	77.3907
0.0371957	12.9	40.8381	2	-1	0.12585	77.4557
0.0372358	12.9	40.9156	1	-1	0.12507	76.9756
0.0373569	12.9	40.8741	2	-1	0.12538	77.081
0.037478	12.9	40.7878	1	-1	0.12613	77.2619
0.0375179	12.9	40.8517	2	-1	0.12521	76.5202
0.0376395	12.9	40.8475	4	-1	0.12574	77.108
0.0377201	12.9	40.8405	1	-1	0.12527	76.7163
0.0378418	12.9	40.7735	2	-1	0.12552	76.8788
0.0378829	12.9	40.6835	4	-1	0.12592	77.1238
0.0380846	12.9	40.6928	2	-1	0.12579	76.6265
0.0381257	12.9	40.7529	1	-1	0.12589	76.6874
0.0382879	12.9	40.7048	1	-1	0.12558	76.6807
0.0383693	12.9	40.6102	1	-1	0.12622	77.0151
0.0383705	12.9	40.5924	4	-1	0.12637	77.1066
0.0386143	12.9	40.6497	1	-1	0.12602	76.2233
0.0387772	12.9	40.635	1	-1	0.12569	76.3655
0.0388589	12.9	40.5291	1	-1	0.12632	76.7949
0.0389005	12.9	40.6363	3	-1	0.12645	76.5436
0.0390234	12.9	40.4883	1	-1	0.12733	76.6725
0.0390637	12.9	40.553	2	-1	0.12601	75.7363
0.0391472	12.9	40.4248	3	-1	0.12675	76.5352
0.0392689	12.9	40.5654	1	-1	0.12586	76.0713
0.0393928	12.9	40.536	2	-1	0.12657	76.339
0.0395162	12.9	40.3696	1	-1	0.12775	76.5841
0.0395566	12.9	40.4867	2	-1	0.12604	75.3422
0.0398874	12.9	40.4278	2	-1	0.1267	76.1968
0.040177	12.9	40.4305	1	-1	0.1271	75.7811
0.040425	12.9	40.1848	1	-1	0.12758	76.4914
0.040427	12.9	40.1611	4	-1	0.1276	76.5034
0.0405923	12.9	40.2262	1	-1	0.12841	76.0002
0.0406753	12.9	40.3203	1	-1	0.1272	75.2529
0.0408409	12.9	40.2771	1	-1	0.12644	75.5362
0.0410924	12.9	40.0878	1	-1	0.12891	75.9411
0.0414691	12.9	40.228	2	-1	0.12777	75.6438
0.0415947	12.9	39.9393	1	-1	0.12937	75.8946
0.0416357	12.9	40.1178	2	-1	0.12677	74.1388
0.0417198	12.9	39.924	2	-1	0.12829	75.2831
0.0417226	12.9	39.8971	3	-1	0.12846	75.3829
0.042777	12.9	40.0344	4	-1	0.12857	74.5247
0.0430338	12.9	39.6255	4	-1	0.12917	75.8619
0.0434562	12.9	39.8417	1	-1	0.12705	74.4506
0.0442285	12.9	39.4184	1	-1	0.13122	74.97
0.0442699	12.9	39.6292	2	-1	0.12772	72.7832
0.0445302	12.9	39.5061	2	-1	0.13111	76.3955
0.0447452	12.9	39.2713	1	-1	0.13158	74.8975
0.045963	12.9	39.4595	4	-1	0.13034	73.3442
0.0462274	12.9	38.9913	4	-1	0.1309	74.8043
0.0466602	12.9	39.2306	1	-1	0.12879	73.4013
0.0474552	12.9	38.8326	1	-1	0.13313	73.8626
0.0477656	12.9	38.9248	2	-1	0.13305	75.3953
0.0479869	12.9	38.6661	1	-1	0.13354	73.8198
0.0481255	12.9	38.6556	3	-1	0.13217	73.0665
0.0492411	12.9	38.9003	4	-1	0.13217	72.228
0.0499568	12.9	38.6263	1	-1	0.13048	72.3442
0.0510942	12.9	38.3323	2	-1	0.13499	74.3829
0.0511891	12.9	38.5847	3	-1	0.13302	72.4391
0.0513218	12.9	38.0581	1	-1	0.13548	72.7683
0.0513659	12.9	38.3637	2	-1	0.13124	70.2457
0.0514659	12.9	38.0712	3	-1	0.13393	71.9667
0.0526138	12.9	38.3338	4	-1	0.13407	71.1775
0.0533485	12.9	38.0141	1	-1	0.13235	71.3439
0.0534507	12.9	37.7616	4	-1	0.13515	72.7669
0.0545182	12.9	37.7036	2	-1	0.13704	73.4248
0.0547525	12.9	37.4587	1	-1	0.13734	71.733
0.0547981	12.9	37.7407	2	-1	0.13335	69.4097
0.0560836	12.9	37.7123	4	-1	0.13603	70.068
0.057567	12.9	37.3702	3	-1	0.13731	70.5203
0.0580396	12.9	36.8491	2	-1	0.13993	72.9448
0.0586618	12.9	37.5063	1	-1	0.13236	69.5972
0.0590093	12.9	37.3019	2	-1	0.13813	69.8791
0.059146	12.9	37.3219	1	-1	0.13474	68.6853
0.0592039	12.9	37.8224	2	-1	0.13674	70.5136
0.0593591	12.9	36.7162	4	-1	0.13778	70.9584
0.0596887	12.9	36.6055	2	-1	0.13839	68.5133
0.0597949	12.9	36.7785	3	-1	0.13863	69.1594
0.0601727	12.9	37.6647	2	-1	0.13122	66.0659
0.0604617	12.9	37.3358	2	-1	0.13478	68.3607
0.0606182	12.9	38.1084	1	-1	0.13192	67.5404
0.0607149	12.9	37.9394	1	-1	0.13458	69.8863
0.0632061	12.9	36.6678	4	-1	0.14004	68.0433
0.0638978	12.9	36.9095	1	-1	0.13892	68.9087
0.0639986	12.9	36.896	1	-1	0.1396	68.8193
0.0643006	12.9	37.1175	4	-1	0.13775	68.1796
0.06584	12.9	36.0048	4	-1	0.13945	69.9945
0.0670335	12.9	48.2586	2	-1	0.10229	62.6278
