0.00112617	10.8	35.256	3	-1	0.15494	85.5549
0.0011607	10.8	37.117	4	-1	0.14253	78.7024
0.00119363	10.8	38.4596	3	-1	0.13516	94.0505
0.00122576	10.8	39.4644	4	-1	0.13027	90.6478
0.00125704	10.8	40.2152	3	-1	0.12691	96.5095
0.00128799	10.8	40.7914	4	-1	0.12448	94.6616
0.00131841	10.8	41.2281	3	-1	0.12271	97.567
0.00134871	10.8	41.5677	4	-1	0.12138	96.5095
0.00137866	10.8	41.8259	3	-1	0.12039	98.0934
0.0014086	10.8	42.0277	1	-1	0.11964	97.4823
0.00143827	10.8	42.1807	3	-1	0.11906	98.3561
0.00146802	10.8	42.3008	1	-1	0.11863	98.0008
0.00149754	10.8	42.3905	3	-1	0.11829	98.4929
0.00152718	10.8	42.4614	4	-1	0.11804	98.2848
0.00155662	10.8	42.5121	3	-1	0.11785	98.5615
0.0015862	10.8	42.5529	1	-1	0.1177	98.4361
0.0015862	10.8	42.5529	4	-1	0.1177	98.4361
0.00161558	10.8	42.5816	2	-1	0.11759	98.5749
0.0016156	10.8	42.5796	3	-1	0.1176	98.5833
0.00164516	10.8	42.6022	1	-1	0.11752	98.5162
0.00164516	10.8	42.6022	4	-1	0.11752	98.5162
0.00167452	10.8	42.6163	2	-1	0.11746	98.5651
0.00167455	10.8	42.6138	3	-1	0.11747	98.5735
0.0017041	10.8	42.6254	1	-1	0.11743	98.5399
0.0017041	10.8	42.6254	4	-1	0.11743	98.5399
0.00173347	10.8	42.6305	2	-1	0.1174	98.5395
0.0017335	10.8	42.6276	3	-1	0.11741	98.5479
0.00176306	10.8	42.6325	4	-1	0.11739	98.5311
0.00176306	10.8	42.6321	1	-1	0.1174	98.5395
0.00179244	10.8	42.6317	2	-1	0.11739	98.5063
0.00179248	10.8	42.6285	3	-1	0.1174	98.5147
0.00182205	10.8	42.6294	1	-1	0.1174	98.5147
0.00182205	10.8	42.6294	4	-1	0.1174	98.5147
0.00185144	10.8	42.6257	2	-1	0.11741	98.4735
0.00185148	10.8	42.6224	3	-1	0.11741	98.4735
0.00188108	10.8	42.6206	1	-1	0.11742	98.4819
0.00188108	10.8	42.6206	4	-1	0.11742	98.4819
0.0019105	10.8	42.6147	2	-1	0.11744	98.4327
0.00191054	10.8	42.6115	3	-1	0.11744	98.4327
0.00194016	10.8	42.608	1	-1	0.11746	98.4494
0.00194016	10.8	42.608	4	-1	0.11746	98.4494
0.0019696	10.8	42.6008	2	-1	0.11748	98.3837
0.00196964	10.8	42.5976	3	-1	0.11748	98.3837
0.00199929	10.8	42.5931	4	-1	0.1175	98.4005
0.00199929	10.8	42.5927	1	-1	0.11751	98.4088
0.00202876	10.8	42.5848	2	-1	0.11753	98.335
0.0020288	10.8	42.5815	3	-1	0.11753	98.335
0.00205847	10.8	42.5771	1	-1	0.11755	98.3517
0.00205847	10.8	42.5771	4	-1	0.11755	98.3517
0.00208796	10.8	42.5692	2	-1	0.11757	98.2945
0.00208801	10.8	42.5655	3	-1	0.11758	98.3028
0.00211771	10.8	42.5609	1	-1	0.1176	98.3195
0.00211771	10.8	42.5609	4	-1	0.1176	98.3195
0.00214722	10.8	42.5525	2	-1	0.11763	98.2543
0.00214727	10.8	42.5488	3	-1	0.11763	98.2543
0.00217699	10.8	42.5438	4	-1	0.11765	98.271
0.002177	10.8	42.5434	1	-1	0.11766	98.2793
0.00220654	10.8	42.5347	2	-1	0.11768	98.1976
0.00220658	10.8	42.5311	3	-1	0.11768	98.1976
0.00223634	10.8	42.5259	1	-1	0.11771	98.2226
0.00223634	10.8	42.5259	4	-1	0.11771	98.2226
0.00226591	10.8	42.517	2	-1	0.11774	98.1576
0.00226596	10.8	42.5134	3	-1	0.11774	98.1576
0.00229574	10.8	42.508	4	-1	0.11776	98.1742
0.00229575	10.8	42.5076	1	-1	0.11777	98.1826
0.00232534	10.8	42.4986	2	-1	0.11779	98.1011
0.00232539	10.8	42.4946	3	-1	0.1178	98.1094
0.00235521	10.8	42.4896	4	-1	0.11782	98.1261
0.00235521	10.8	42.4892	1	-1	0.11783	98.1344
0.00238483	10.8	42.4802	2	-1	0.11785	98.0531
0.00238488	10.8	42.4762	3	-1	0.11785	98.0531
0.00241473	10.8	42.4712	1	-1	0.11788	98.078
0.00241473	10.8	42.4712	4	-1	0.11788	98.078
0.00244438	10.8	42.4622	2	-1	0.11791	98.0133
0.00244443	10.8	42.4581	3	-1	0.11791	98.0133
0.0024743	10.8	42.453	4	-1	0.11793	98.0299
0.00247431	10.8	42.4526	1	-1	0.11794	98.0382
0.00250398	10.8	42.4436	2	-1	0.11796	97.9571
0.00250404	10.8	42.4392	3	-1	0.11797	97.9655
0.00253394	10.8	42.4345	4	-1	0.11799	97.9821
0.00253395	10.8	42.4341	1	-1	0.118	97.9904
0.00256365	10.8	42.4252	2	-1	0.11802	97.9094
0.00256371	10.8	42.4203	3	-1	0.11803	97.9177
0.00259364	10.8	42.4161	4	-1	0.11805	97.9343
0.00259364	10.8	42.4157	1	-1	0.11806	97.9426
0.00262337	10.8	42.4068	2	-1	0.11808	97.8618
0.00262343	10.8	42.4016	3	-1	0.11809	97.87
0.00265339	10.8	42.3978	4	-1	0.11811	97.8866
0.0026534	10.8	42.3974	1	-1	0.11812	97.8949
0.00268315	10.8	42.3884	2	-1	0.11814	97.8142
0.00268321	10.8	42.3832	3	-1	0.11814	97.8142
0.00271321	10.8	42.3794	1	-1	0.11817	97.839
0.00271321	10.8	42.3794	4	-1	0.11817	97.839
0.00274298	10.8	42.3704	2	-1	0.11819	97.7666
0.00274305	10.8	42.3648	3	-1	0.1182	97.7748
0.00277308	10.8	42.3614	4	-1	0.11822	97.7914
0.00277308	10.8	42.361	1	-1	0.11823	97.7997
0.00280288	10.8	42.352	2	-1	0.11825	97.7192
0.00280295	10.8	42.346	3	-1	0.11826	97.7275
0.002833	10.8	42.343	4	-1	0.11828	97.744
0.00283301	10.8	42.3426	1	-1	0.11829	97.7523
0.00286283	10.8	42.3337	2	-1	0.11831	97.6719
0.00286291	10.8	42.3273	3	-1	0.11832	97.6802
0.00289299	10.8	42.3248	4	-1	0.11834	97.6967
0.002893	10.8	42.3244	1	-1	0.11835	97.7049
0.00292285	10.8	42.3155	2	-1	0.11837	97.6247
0.00292293	10.8	42.3091	3	-1	0.11837	97.6247
0.00295304	10.8	42.3065	4	-1	0.11839	97.6412
0.00295304	10.8	42.3061	1	-1	0.1184	97.6495
0.00298292	10.8	42.2972	2	-1	0.11842	97.5775
0.002983	10.8	42.2905	3	-1	0.11843	97.5857
0.00301314	10.8	42.2884	4	-1	0.11845	97.6022
0.00301315	10.8	42.288	1	-1	0.11846	97.6104
0.00304304	10.8	42.2791	2	-1	0.11848	97.5305
0.00304313	10.8	42.272	3	-1	0.11849	97.5387
0.0030733	10.8	42.2702	4	-1	0.11851	97.5552
0.00307331	10.8	42.2698	1	-1	0.11852	97.5634
0.00310323	10.8	42.261	2	-1	0.11854	97.4836
0.00310332	10.8	42.2535	3	-1	0.11855	97.4918
0.00313352	10.8	42.2522	4	-1	0.11857	97.5082
0.00313353	10.8	42.2518	1	-1	0.11858	97.5164
0.00316347	10.8	42.2429	2	-1	0.11859	97.4285
0.00316357	10.8	42.235	3	-1	0.1186	97.4367
0.0031938	10.8	42.2341	4	-1	0.11862	97.4532
0.00319381	10.8	42.2337	1	-1	0.11863	97.4614
0.00322377	10.8	42.2248	2	-1	0.11865	97.3898
0.00322388	10.8	42.2166	3	-1	0.11866	97.398
0.00325414	10.8	42.2161	4	-1	0.11868	97.4144
0.00325414	10.8	42.2157	1	-1	0.11869	97.4226
0.00328413	10.8	42.2069	2	-1	0.11871	97.3432
0.00328424	10.8	42.1982	3	-1	0.11872	97.3514
0.00331453	10.8	42.1982	4	-1	0.11874	97.3678
0.00331454	10.8	42.1978	1	-1	0.11875	97.376
0.00334455	10.8	42.1889	2	-1	0.11877	97.2966
0.00334467	10.8	42.1799	3	-1	0.11878	97.3048
0.00337498	10.8	42.1802	4	-1	0.11879	97.313
0.00337499	10.8	42.1799	1	-1	0.1188	97.3212
0.00340503	10.8	42.171	2	-1	0.11882	97.25
0.00340515	10.8	42.1616	3	-1	0.11883	97.2581
0.00343549	10.8	42.1623	4	-1	0.11885	97.2745
0.00343549	10.8	42.1619	1	-1	0.11886	97.2827
0.00346556	10.8	42.1531	2	-1	0.11888	97.2036
0.00346568	10.8	42.1433	3	-1	0.11889	97.2118
0.00349606	10.8	42.1445	4	-1	0.11891	97.2281
0.00349606	10.8	42.1441	1	-1	0.11892	97.2363
0.00352615	10.8	42.1352	2	-1	0.11894	97.1573
0.00352628	10.8	42.1251	3	-1	0.11895	97.1655
0.00355668	10.8	42.1267	4	-1	0.11896	97.1737
0.00355668	10.8	42.1263	1	-1	0.11897	97.1818
0.0035868	10.8	42.1174	2	-1	0.11899	97.1109
0.00358693	10.8	42.1069	3	-1	0.119	97.1191
0.00361736	10.8	42.1088	4	-1	0.11902	97.1354
0.00361737	10.8	42.1085	1	-1	0.11903	97.1436
0.00364751	10.8	42.0996	2	-1	0.11905	97.0648
0.00364765	10.8	42.0887	3	-1	0.11906	97.073
0.0036781	10.8	42.0911	4	-1	0.11908	97.0893
0.00367811	10.8	42.0907	1	-1	0.11909	97.0974
0.00370827	10.8	42.0818	2	-1	0.11911	97.0188
0.00370842	10.8	42.0706	3	-1	0.11912	97.027
0.0037389	10.8	42.0727	4	-1	0.11913	97.0351
0.0037389	10.8	42.0723	1	-1	0.11914	97.0433
0.0037691	10.8	42.0629	2	-1	0.11916	96.9648
0.00376925	10.8	42.0509	3	-1	0.11918	96.981
0.00379976	10.8	42.0541	4	-1	0.11919	96.9892
0.00379976	10.8	42.0537	1	-1	0.1192	96.9973
0.00382998	10.8	42.0444	2	-1	0.11922	96.9189
0.00383015	10.8	42.0317	3	-1	0.11924	96.9352
0.00386068	10.8	42.0359	4	-1	0.11925	96.9433
0.00386068	10.8	42.0355	1	-1	0.11926	96.9515
0.00389093	10.8	42.0263	2	-1	0.11928	96.8732
0.0038911	10.8	42.0128	3	-1	0.1193	96.8895
0.00392166	10.8	42.018	4	-1	0.11931	96.8976
0.00392166	10.8	42.0176	1	-1	0.11932	96.9057
0.00395193	10.8	42.0084	2	-1	0.11934	96.8276
0.00395211	10.8	41.9946	3	-1	0.11935	96.8357
0.0039827	10.8	42.0002	4	-1	0.11937	96.8519
0.0039827	10.8	41.9998	1	-1	0.11938	96.86
0.004013	10.8	41.9907	2	-1	0.1194	96.782
0.00401318	10.8	41.9765	3	-1	0.11941	96.7901
0.00404379	10.8	41.9825	4	-1	0.11942	96.7982
0.00404379	10.8	41.9821	1	-1	0.11943	96.8064
0.00407411	10.8	41.973	2	-1	0.11945	96.7363
0.00407431	10.8	41.9581	3	-1	0.11947	96.7525
0.00410494	10.8	41.9649	4	-1	0.11948	96.7606
0.00410495	10.8	41.9645	1	-1	0.11949	96.7687
0.00413529	10.8	41.9554	2	-1	0.11951	96.6909
0.00413549	10.8	41.9401	3	-1	0.11952	96.699
0.00416615	10.8	41.9474	4	-1	0.11954	96.7152
0.00416616	10.8	41.947	1	-1	0.11955	96.7233
0.00419653	10.8	41.9379	2	-1	0.11957	96.6457
0.00419673	10.8	41.9223	3	-1	0.11958	96.6537
0.00422742	10.8	41.9299	4	-1	0.11959	96.6618
0.00422742	10.8	41.9295	1	-1	0.1196	96.6699
0.00425782	10.8	41.9204	2	-1	0.11962	96.6002
0.00425803	10.8	41.904	3	-1	0.11964	96.6163
0.00428875	10.8	41.9122	4	-1	0.11965	96.6244
0.00428875	10.8	41.9118	1	-1	0.11966	96.6325
0.00431917	10.8	41.902	2	-1	0.11968	96.5473
0.00431939	10.8	41.8849	3	-1	0.11969	96.5553
0.00435014	10.8	41.8937	4	-1	0.11971	96.5715
0.00435014	10.8	41.8934	1	-1	0.11972	96.5795
0.00438058	10.8	41.8838	2	-1	0.11974	96.5023
0.00438081	10.8	41.8664	3	-1	0.11975	96.5103
0.00441158	10.8	41.8758	4	-1	0.11977	96.5264
0.00441159	10.8	41.8754	1	-1	0.11978	96.5345
0.00444206	10.8	41.866	2	-1	0.1198	96.4573
0.00444229	10.8	41.8482	3	-1	0.11981	96.4654
0.00447309	10.8	41.8581	4	-1	0.11982	96.4734
0.00447309	10.8	41.8577	1	-1	0.11983	96.4815
0.00450359	10.8	41.8483	2	-1	0.11985	96.4122
0.00450383	10.8	41.8298	3	-1	0.11987	96.4283
0.00453465	10.8	41.8406	4	-1	0.11988	96.4363
0.00453466	10.8	41.8402	1	-1	0.11989	96.4444
0.00456517	10.8	41.8308	2	-1	0.11991	96.3674
0.00456543	10.8	41.8116	3	-1	0.11993	96.3835
0.00459627	10.8	41.8232	4	-1	0.11994	96.3915
0.00459628	10.8	41.8228	1	-1	0.11995	96.3996
0.00462682	10.8	41.8134	2	-1	0.11997	96.3228
0.00462708	10.8	41.7939	3	-1	0.11998	96.3308
0.00465795	10.8	41.8059	4	-1	0.11999	96.3388
0.00465796	10.8	41.8055	1	-1	0.12	96.3468
0.00468852	10.8	41.7954	2	-1	0.12002	96.2702
0.00468879	10.8	41.7752	3	-1	0.12004	96.2862
0.00471969	10.8	41.7875	4	-1	0.12005	96.2942
0.0047197	10.8	41.7871	1	-1	0.12006	96.3022
0.00475029	10.8	41.7773	2	-1	0.12008	96.2257
0.00475057	10.8	41.7563	3	-1	0.1201	96.2417
0.00478149	10.8	41.7696	4	-1	0.12011	96.2497
0.0047815	10.8	41.7693	1	-1	0.12012	96.2577
0.00481211	10.8	41.7595	2	-1	0.12014	96.1813
0.0048124	10.8	41.7378	3	-1	0.12016	96.1973
0.00484335	10.8	41.7521	4	-1	0.12017	96.2053
0.00484336	10.8	41.7517	1	-1	0.12018	96.2133
0.004874	10.8	41.742	2	-1	0.1202	96.1369
0.00487429	10.8	41.72	3	-1	0.12021	96.1449
0.00490527	10.8	41.7347	4	-1	0.12022	96.1529
0.00490527	10.8	41.7344	1	-1	0.12023	96.1609
0.00493594	10.8	41.7247	2	-1	0.12025	96.0924
0.00493624	10.8	41.7019	3	-1	0.12027	96.1084
0.00496724	10.8	41.7175	4	-1	0.12028	96.1163
0.00496725	10.8	41.7172	1	-1	0.12029	96.1243
0.00499794	10.8	41.7075	2	-1	0.12031	96.0482
0.00499825	10.8	41.684	3	-1	0.12033	96.0642
0.00502928	10.8	41.6998	4	-1	0.12034	96.0722
0.00502928	10.8	41.6994	1	-1	0.12035	96.0802
0.00506	10.8	41.6892	2	-1	0.12037	95.9965
0.00506032	10.8	41.6654	3	-1	0.12038	96.0045
0.00509137	10.8	41.6819	4	-1	0.1204	96.0204
0.00509138	10.8	41.6815	1	-1	0.12041	96.0284
0.00512212	10.8	41.6715	2	-1	0.12043	95.9525
0.00512244	10.8	41.6474	3	-1	0.12044	95.9605
0.00515353	10.8	41.6643	4	-1	0.12045	95.9684
0.00515353	10.8	41.664	1	-1	0.12046	95.9764
0.0051843	10.8	41.654	2	-1	0.12048	95.9083
0.00518463	10.8	41.6292	3	-1	0.1205	95.9242
0.00521574	10.8	41.6471	4	-1	0.12051	95.9322
0.00521574	10.8	41.6467	1	-1	0.12052	95.9401
0.00524654	10.8	41.6367	2	-1	0.12054	95.8645
0.00524688	10.8	41.6113	3	-1	0.12056	95.8804
0.00527801	10.8	41.63	4	-1	0.12057	95.8883
0.00527801	10.8	41.6296	1	-1	0.12058	95.8963
0.00530883	10.8	41.6191	2	-1	0.1206	95.8131
0.00530918	10.8	41.5933	3	-1	0.12061	95.8211
0.00534034	10.8	41.6118	4	-1	0.12062	95.829
0.00534034	10.8	41.6115	1	-1	0.12063	95.837
0.00537119	10.8	41.6012	2	-1	0.12066	95.7771
0.00537154	10.8	41.5751	3	-1	0.12067	95.785
0.00540273	10.8	41.5943	4	-1	0.12068	95.793
0.00540273	10.8	41.5939	1	-1	0.12069	95.8009
0.00543361	10.8	41.5836	2	-1	0.12071	95.7256
0.00543397	10.8	41.5569	3	-1	0.12073	95.7415
0.00546518	10.8	41.577	4	-1	0.12074	95.7494
0.00546518	10.8	41.5767	1	-1	0.12075	95.7573
0.00549608	10.8	41.5665	2	-1	0.12077	95.6821
0.00549645	10.8	41.539	3	-1	0.12079	95.698
0.00552768	10.8	41.56	4	-1	0.12079	95.698
0.00552769	10.8	41.5596	1	-1	0.1208	95.7059
0.00555861	10.8	41.5488	2	-1	0.12083	95.6388
0.00555899	10.8	41.521	3	-1	0.12084	95.6467
0.00559025	10.8	41.5419	4	-1	0.12085	95.6546
0.00559025	10.8	41.5416	1	-1	0.12086	95.6625
0.00562121	10.8	41.531	2	-1	0.12089	95.5954
0.00562159	10.8	41.5029	3	-1	0.1209	95.6034
0.00565288	10.8	41.5245	4	-1	0.12091	95.6113
0.00565288	10.8	41.5241	1	-1	0.12092	95.6192
0.00568386	10.8	41.5136	2	-1	0.12094	95.5443
0.00568425	10.8	41.4848	3	-1	0.12096	95.5601
0.00571556	10.8	41.5073	4	-1	0.12097	95.568
0.00571557	10.8	41.507	1	-1	0.12098	95.5759
0.00574657	10.8	41.4965	2	-1	0.121	95.5012
0.00574697	10.8	41.4675	3	-1	0.12101	95.5091
0.0057783	10.8	41.4904	4	-1	0.12102	95.517
0.00577831	10.8	41.49	1	-1	0.12103	95.5249
0.00580935	10.8	41.479	2	-1	0.12106	95.4581
0.00580975	10.8	41.4496	3	-1	0.12107	95.466
0.00584111	10.8	41.4725	4	-1	0.12108	95.4739
0.00584111	10.8	41.4721	1	-1	0.12109	95.4818
0.00587218	10.8	41.4613	2	-1	0.12111	95.4073
0.00587259	10.8	41.4313	3	-1	0.12113	95.423
0.00590397	10.8	41.4551	4	-1	0.12114	95.4309
0.00590398	10.8	41.4548	1	-1	0.12115	95.4388
0.00593507	10.8	41.4441	2	-1	0.12117	95.3644
0.00593549	10.8	41.4134	3	-1	0.12119	95.3801
0.0059669	10.8	41.4382	4	-1	0.1212	95.388
0.0059669	10.8	41.4378	1	-1	0.12121	95.3959
0.00599801	10.8	41.4271	2	-1	0.12123	95.3216
0.00599844	10.8	41.3961	3	-1	0.12124	95.3295
0.00602988	10.8	41.4207	4	-1	0.12125	95.3373
0.00602988	10.8	41.4203	1	-1	0.12126	95.3452
0.00606103	10.8	41.4092	2	-1	0.12129	95.2789
0.00606146	10.8	41.3779	3	-1	0.1213	95.2867
0.00609292	10.8	41.4032	4	-1	0.12131	95.2946
0.00609293	10.8	41.4028	1	-1	0.12132	95.3024
0.0061241	10.8	41.3918	2	-1	0.12134	95.2284
0.00612454	10.8	41.3599	3	-1	0.12136	95.2441
0.00615602	10.8	41.3861	4	-1	0.12137	95.2519
0.00615603	10.8	41.3858	1	-1	0.12138	95.2598
0.00618722	10.8	41.3748	2	-1	0.1214	95.1858
0.00618767	10.8	41.3422	3	-1	0.12142	95.2015
0.00621919	10.8	41.3687	4	-1	0.12143	95.2093
0.00621919	10.8	41.3684	1	-1	0.12144	95.2172
0.00625042	10.8	41.357	2	-1	0.12146	95.1359
0.00625087	10.8	41.3241	3	-1	0.12147	95.1437
0.00628241	10.8	41.3512	4	-1	0.12148	95.1516
0.00628241	10.8	41.3509	1	-1	0.12149	95.1594
0.00631367	10.8	41.3397	2	-1	0.12152	95.101
0.00631413	10.8	41.3065	3	-1	0.12153	95.1088
0.00634569	10.8	41.3342	4	-1	0.12154	95.1166
0.00634569	10.8	41.3339	1	-1	0.12155	95.1244
0.00637697	10.8	41.3227	2	-1	0.12157	95.0508
0.00637744	10.8	41.2889	3	-1	0.12159	95.0665
0.00640903	10.8	41.3169	4	-1	0.1216	95.0743
0.00640903	10.8	41.3165	1	-1	0.12161	95.0821
0.00644034	10.8	41.3049	2	-1	0.12163	95.0012
0.00644082	10.8	41.2704	3	-1	0.12165	95.0168
0.00647243	10.8	41.2995	4	-1	0.12166	95.0246
0.00647244	10.8	41.2992	1	-1	0.12167	95.0324
0.00650377	10.8	41.2877	2	-1	0.12169	94.959
0.00650426	10.8	41.2529	3	-1	0.1217	94.9668
0.00653589	10.8	41.2825	4	-1	0.12171	94.9746
0.0065359	10.8	41.2822	1	-1	0.12172	94.9824
0.00656726	10.8	41.2709	2	-1	0.12175	94.9244
0.00656775	10.8	41.2358	3	-1	0.12176	94.9322
0.00659941	10.8	41.2653	4	-1	0.12177	94.94
0.00659942	10.8	41.2649	1	-1	0.12178	94.9478
0.00663081	10.8	41.2531	2	-1	0.1218	94.8672
0.00663131	10.8	41.2174	3	-1	0.12182	94.8828
0.00666299	10.8	41.248	4	-1	0.12183	94.8906
0.006663	10.8	41.2477	1	-1	0.12184	94.8984
0.00669442	10.8	41.236	2	-1	0.12186	94.8253
0.00669493	10.8	41.1996	3	-1	0.12188	94.8409
0.00672664	10.8	41.2312	4	-1	0.12189	94.8486
0.00672664	10.8	41.2309	1	-1	0.1219	94.8564
0.00675808	10.8	41.2193	2	-1	0.12192	94.7835
0.0067586	10.8	41.1827	3	-1	0.12193	94.7913
0.00679033	10.8	41.214	4	-1	0.12194	94.799
0.00679034	10.8	41.2137	1	-1	0.12195	94.8068
0.00682181	10.8	41.2016	2	-1	0.12198	94.7417
0.00682233	10.8	41.1647	3	-1	0.12199	94.7495
0.00685409	10.8	41.1968	4	-1	0.122	94.7573
0.0068541	10.8	41.1965	1	-1	0.12201	94.765
0.0068856	10.8	41.1846	2	-1	0.12203	94.6923
0.00688613	10.8	41.147	3	-1	0.12205	94.7078
0.00691791	10.8	41.1801	4	-1	0.12206	94.7156
0.00691792	10.8	41.1798	1	-1	0.12207	94.7234
0.00694944	10.8	41.1673	2	-1	0.12209	94.6434
0.00694998	10.8	41.1295	3	-1	0.1221	94.6512
0.00698179	10.8	41.1625	4	-1	0.12211	94.6589
0.0069818	10.8	41.1621	1	-1	0.12212	94.6667
0.00701335	10.8	41.15	2	-1	0.12215	94.6092
0.00701389	10.8	41.1119	3	-1	0.12216	94.617
0.00704573	10.8	41.1456	4	-1	0.12217	94.6247
0.00704574	10.8	41.1452	1	-1	0.12218	94.6325
0.00707732	10.8	41.1333	2	-1	0.12221	94.5678
0.00707787	10.8	41.0949	3	-1	0.12222	94.5756
0.00710973	10.8	41.1285	4	-1	0.12223	94.5833
0.00710974	10.8	41.1281	1	-1	0.12224	94.591
0.00714135	10.8	41.1156	2	-1	0.12226	94.5114
0.00714191	10.8	41.0767	3	-1	0.12228	94.5269
0.00717379	10.8	41.1113	4	-1	0.12229	94.5346
0.0071738	10.8	41.111	1	-1	0.1223	94.5424
0.00720544	10.8	41.0987	2	-1	0.12232	94.4702
0.007206	10.8	41.0595	3	-1	0.12233	94.4779
0.00723791	10.8	41.0947	4	-1	0.12234	94.4856
0.00723792	10.8	41.0943	1	-1	0.12235	94.4934
0.00726959	10.8	41.0815	2	-1	0.12238	94.429
0.00727015	10.8	41.042	3	-1	0.12239	94.4367
0.00730209	10.8	41.0772	4	-1	0.1224	94.4444
0.0073021	10.8	41.0769	1	-1	0.12241	94.4522
0.0073338	10.8	41.0644	2	-1	0.12244	94.3879
0.00733437	10.8	41.0246	3	-1	0.12245	94.3956
0.00736633	10.8	41.0605	4	-1	0.12246	94.4033
0.00736634	10.8	41.0602	1	-1	0.12247	94.411
0.00739806	10.8	41.0477	2	-1	0.12249	94.3392
0.00739864	10.8	41.0077	3	-1	0.1225	94.3469
0.00743063	10.8	41.0435	4	-1	0.12252	94.3623
0.00743064	10.8	41.0432	1	-1	0.12253	94.37
0.00746239	10.8	41.0303	2	-1	0.12255	94.291
0.00746297	10.8	40.99	3	-1	0.12256	94.2987
0.00749499	10.8	41.0265	4	-1	0.12257	94.3064
0.007495	10.8	41.0261	1	-1	0.12258	94.3141
0.00752678	10.8	41.0136	2	-1	0.12261	94.2574
0.00752737	10.8	40.973	3	-1	0.12262	94.2651
0.00755941	10.8	41.0094	4	-1	0.12263	94.2728
0.00755942	10.8	41.009	1	-1	0.12264	94.2804
0.00759124	10.8	40.9961	2	-1	0.12267	94.2094
0.00759183	10.8	40.9552	3	-1	0.12268	94.217
0.0076239	10.8	40.9924	4	-1	0.12269	94.2247
0.0076239	10.8	40.9921	1	-1	0.1227	94.2324
0.00765575	10.8	40.9792	2	-1	0.12272	94.161
0.00765634	10.8	40.9381	3	-1	0.12273	94.1686
0.00768844	10.8	40.9756	4	-1	0.12275	94.184
0.00768844	10.8	40.9752	1	-1	0.12276	94.1917
0.00772031	10.8	40.962	2	-1	0.12278	94.1131
0.00772092	10.8	40.9203	3	-1	0.12279	94.1208
0.00775304	10.8	40.9584	4	-1	0.1228	94.1285
0.00775305	10.8	40.9581	1	-1	0.12281	94.1361
0.00778495	10.8	40.9451	2	-1	0.12284	94.0798
0.00778555	10.8	40.9032	3	-1	0.12285	94.0875
0.0078177	10.8	40.9419	4	-1	0.12286	94.0951
0.00781771	10.8	40.9416	1	-1	0.12287	94.1028
0.00784964	10.8	40.9282	2	-1	0.1229	94.0321
0.00785025	10.8	40.886	3	-1	0.12291	94.0398
0.00788243	10.8	40.9248	4	-1	0.12292	94.0474
0.00788244	10.8	40.9244	1	-1	0.12293	94.0551
0.00791439	10.8	40.9112	2	-1	0.12295	93.9841
0.00791501	10.8	40.8687	3	-1	0.12296	93.9917
0.00794722	10.8	40.9082	4	-1	0.12298	94.007
0.00794722	10.8	40.9079	1	-1	0.12299	94.0147
0.0079792	10.8	40.8942	2	-1	0.12301	93.9366
0.00797982	10.8	40.8515	3	-1	0.12302	93.9443
0.00801206	10.8	40.8909	4	-1	0.12303	93.9519
0.00801207	10.8	40.8906	1	-1	0.12304	93.9595
0.00804407	10.8	40.8773	2	-1	0.12307	93.9036
0.0080447	10.8	40.8344	3	-1	0.12308	93.9112
0.00807697	10.8	40.8745	4	-1	0.12309	93.9188
0.00807697	10.8	40.8741	1	-1	0.1231	93.9264
0.00810901	10.8	40.8604	2	-1	0.12313	93.8562
0.00810964	10.8	40.8172	3	-1	0.12314	93.8639
0.00814193	10.8	40.8573	4	-1	0.12315	93.8715
0.00814194	10.8	40.857	1	-1	0.12316	93.8791
0.008174	10.8	40.8435	2	-1	0.12318	93.8085
0.00817464	10.8	40.8	3	-1	0.12319	93.8162
0.00820696	10.8	40.8408	4	-1	0.12321	93.8314
0.00820697	10.8	40.8405	1	-1	0.12322	93.839
0.00823905	10.8	40.8266	2	-1	0.12324	93.7614
0.0082397	10.8	40.7829	3	-1	0.12325	93.769
0.00827205	10.8	40.8237	4	-1	0.12326	93.7766
0.00827205	10.8	40.8233	1	-1	0.12327	93.7842
0.00830417	10.8	40.8098	2	-1	0.1233	93.7286
0.00830482	10.8	40.7658	3	-1	0.12331	93.7362
0.0083372	10.8	40.8073	4	-1	0.12332	93.7438
0.0083372	10.8	40.8069	1	-1	0.12333	93.7514
0.00836935	10.8	40.7929	2	-1	0.12336	93.6817
0.00837	10.8	40.7487	3	-1	0.12337	93.6892
0.00840241	10.8	40.7903	4	-1	0.12338	93.6968
0.00840241	10.8	40.7899	1	-1	0.12339	93.7044
0.00843458	10.8	40.7762	2	-1	0.12341	93.6343
0.00843524	10.8	40.7317	3	-1	0.12342	93.6419
0.00846767	10.8	40.7738	4	-1	0.12343	93.6495
0.00846768	10.8	40.7735	1	-1	0.12344	93.6571
0.00849988	10.8	40.7593	2	-1	0.12347	93.5946
0.00850054	10.8	40.7146	3	-1	0.12348	93.6022
0.008533	10.8	40.7568	4	-1	0.12349	93.6098
0.00853301	10.8	40.7565	1	-1	0.1235	93.6173
0.00856524	10.8	40.7426	2	-1	0.12353	93.555
0.00856591	10.8	40.6977	3	-1	0.12354	93.5626
0.00859839	10.8	40.7402	4	-1	0.12355	93.5701
0.0085984	10.8	40.7399	1	-1	0.12356	93.5777
0.00863066	10.8	40.7256	2	-1	0.12359	93.5084
0.00863134	10.8	40.6801	3	-1	0.1236	93.5159
0.00866385	10.8	40.7235	4	-1	0.12361	93.5235
0.00866385	10.8	40.7231	1	-1	0.12362	93.5311
0.00869614	10.8	40.709	2	-1	0.12364	93.4613
0.00869682	10.8	40.6633	3	-1	0.12365	93.4689
0.00872936	10.8	40.7066	4	-1	0.12366	93.4765
0.00872936	10.8	40.7062	1	-1	0.12367	93.484
0.00876168	10.8	40.6918	2	-1	0.1237	93.4219
0.00876237	10.8	40.6458	3	-1	0.12371	93.4295
0.00879493	10.8	40.69	4	-1	0.12372	93.4371
0.00879493	10.8	40.6896	1	-1	0.12373	93.4446
0.00882728	10.8	40.6755	2	-1	0.12376	93.3826
0.00882797	10.8	40.6293	3	-1	0.12377	93.3902
0.00886056	10.8	40.6734	4	-1	0.12378	93.3977
0.00886057	10.8	40.6731	1	-1	0.12379	93.4053
0.00889295	10.8	40.6585	2	-1	0.12382	93.3363
0.00889365	10.8	40.6121	3	-1	0.12383	93.3439
0.00892626	10.8	40.657	4	-1	0.12384	93.3514
0.00892626	10.8	40.6566	1	-1	0.12385	93.359
0.00895867	10.8	40.6417	2	-1	0.12388	93.2902
0.00895937	10.8	40.5954	3	-1	0.12388	93.2902
0.00899202	10.8	40.64	4	-1	0.1239	93.3052
0.00899202	10.8	40.6397	1	-1	0.12391	93.3127
0.00902446	10.8	40.6251	2	-1	0.12393	93.2435
0.00902516	10.8	40.5785	3	-1	0.12394	93.2511
0.00905783	10.8	40.6237	4	-1	0.12395	93.2586
0.00905784	10.8	40.6234	1	-1	0.12396	93.2661
0.0090903	10.8	40.6084	2	-1	0.12399	93.2045
0.00909101	10.8	40.5616	3	-1	0.124	93.2121
0.00912371	10.8	40.6069	4	-1	0.12401	93.2196
0.00912372	10.8	40.6066	1	-1	0.12402	93.2271
0.00915621	10.8	40.592	2	-1	0.12405	93.1656
0.00915692	10.8	40.5453	3	-1	0.12405	93.1656
0.00918965	10.8	40.5903	4	-1	0.12407	93.1806
0.00918966	10.8	40.5899	1	-1	0.12408	93.1881
0.00922219	10.8	40.5751	2	-1	0.12411	93.1197
0.0092229	10.8	40.5284	3	-1	0.12411	93.1197
0.00925565	10.8	40.5739	4	-1	0.12413	93.1348
0.00925566	10.8	40.5735	1	-1	0.12414	93.1423
0.00928822	10.8	40.5583	2	-1	0.12416	93.0665
0.00928893	10.8	40.5114	3	-1	0.12417	93.074
0.00932172	10.8	40.5569	4	-1	0.12418	93.0815
0.00932172	10.8	40.5565	1	-1	0.12419	93.089
0.00935431	10.8	40.5417	2	-1	0.12422	93.0348
0.00935503	10.8	40.4946	3	-1	0.12423	93.0422
0.00938784	10.8	40.5408	4	-1	0.12424	93.0497
0.00938784	10.8	40.5405	1	-1	0.12425	93.0572
0.00942046	10.8	40.5252	2	-1	0.12428	92.9892
0.00942118	10.8	40.4782	3	-1	0.12428	92.9892
0.00945403	10.8	40.5241	4	-1	0.1243	93.0041
0.00945403	10.8	40.5238	1	-1	0.12431	93.0116
0.00948668	10.8	40.509	2	-1	0.12434	92.9506
0.00948739	10.8	40.4621	3	-1	0.12434	92.9506
0.00952027	10.8	40.5075	4	-1	0.12435	92.9581
0.00952027	10.8	40.5072	1	-1	0.12436	92.9655
0.00955295	10.8	40.492	2	-1	0.12439	92.9046
0.00955367	10.8	40.4449	3	-1	0.1244	92.9121
0.00958657	10.8	40.4912	4	-1	0.12441	92.9196
0.00958658	10.8	40.4909	1	-1	0.12442	92.927
0.00961929	10.8	40.4754	2	-1	0.12445	92.8593
0.00962001	10.8	40.428	3	-1	0.12446	92.8667
0.00965294	10.8	40.4745	4	-1	0.12447	92.8742
0.00965295	10.8	40.4741	1	-1	0.12448	92.8817
0.00968569	10.8	40.459	2	-1	0.12451	92.8209
0.00968641	10.8	40.4118	3	-1	0.12451	92.8209
0.00971937	10.8	40.4579	4	-1	0.12453	92.8358
0.00971938	10.8	40.4576	1	-1	0.12454	92.8433
0.00975215	10.8	40.4422	2	-1	0.12457	92.7758
0.00975288	10.8	40.3951	3	-1	0.12457	92.7758
0.00978586	10.8	40.4417	4	-1	0.12459	92.7906
0.00978587	10.8	40.4414	1	-1	0.1246	92.7981
0.00981867	10.8	40.4257	2	-1	0.12463	92.7307
0.0098194	10.8	40.3787	3	-1	0.12463	92.7307
0.00985242	10.8	40.4249	4	-1	0.12464	92.7381
0.00985242	10.8	40.4246	1	-1	0.12465	92.7455
0.00988525	10.8	40.4094	2	-1	0.12468	92.692
0.00988599	10.8	40.3621	3	-1	0.12469	92.6994
0.00991903	10.8	40.4085	4	-1	0.1247	92.7069
0.00991903	10.8	40.4081	1	-1	0.12471	92.7143
0.0099519	10.8	40.3925	2	-1	0.12474	92.6471
0.00995264	10.8	40.345	3	-1	0.12475	92.6545
0.00998571	10.8	40.3923	4	-1	0.12476	92.6619
0.00998571	10.8	40.392	1	-1	0.12477	92.6693
0.0100186	10.8	40.376	2	-1	0.1248	92.6022
0.0100193	10.8	40.3286	3	-1	0.1248	92.6022
0.0100524	10.8	40.3757	4	-1	0.12482	92.6171
0.0100525	10.8	40.3754	1	-1	0.12483	92.6245
0.0100854	10.8	40.3599	2	-1	0.12486	92.5643
0.0100861	10.8	40.3126	3	-1	0.12486	92.5643
0.0101192	10.8	40.3592	4	-1	0.12487	92.5717
0.0101192	10.8	40.3589	1	-1	0.12488	92.5791
0.0101522	10.8	40.3431	2	-1	0.12491	92.5191
0.010153	10.8	40.2956	3	-1	0.12492	92.5265
0.0101861	10.8	40.3431	4	-1	0.12493	92.5339
0.0101861	10.8	40.3428	1	-1	0.12494	92.5413
0.0102191	10.8	40.3267	2	-1	0.12497	92.4745
0.0102198	10.8	40.2792	3	-1	0.12497	92.4745
0.010253	10.8	40.3265	4	-1	0.12499	92.4893
0.010253	10.8	40.3262	1	-1	0.125	92.4967
0.0102861	10.8	40.3106	2	-1	0.12503	92.4368
0.0102868	10.8	40.2633	3	-1	0.12503	92.4368
0.01032	10.8	40.3103	4	-1	0.12505	92.4516
0.01032	10.8	40.3099	1	-1	0.12506	92.459
0.0103531	10.8	40.2941	2	-1	0.12509	92.3923
0.0103538	10.8	40.2469	3	-1	0.12509	92.3923
0.0103871	10.8	40.2942	4	-1	0.1251	92.3997
0.0103871	10.8	40.2939	1	-1	0.12511	92.4071
0.0104201	10.8	40.2777	2	-1	0.12514	92.3474
0.0104209	10.8	40.2302	3	-1	0.12515	92.3548
0.0104542	10.8	40.2777	4	-1	0.12516	92.3622
0.0104542	10.8	40.2774	1	-1	0.12517	92.3696
0.0104873	10.8	40.2616	2	-1	0.1252	92.31
0.010488	10.8	40.2143	3	-1	0.1252	92.31
0.0105213	10.8	40.2615	4	-1	0.12522	92.3247
0.0105213	10.8	40.2612	1	-1	0.12523	92.3321
0.0105545	10.8	40.2452	2	-1	0.12526	92.2658
0.0105552	10.8	40.1979	3	-1	0.12526	92.2658
0.0105886	10.8	40.2453	4	-1	0.12528	92.2805
0.0105886	10.8	40.245	1	-1	0.12529	92.2879
0.0106217	10.8	40.2287	2	-1	0.12532	92.2216
0.0106225	10.8	40.1812	3	-1	0.12532	92.2216
0.0106558	10.8	40.229	4	-1	0.12533	92.229
0.0106559	10.8	40.2287	1	-1	0.12534	92.2364
0.0106891	10.8	40.2122	2	-1	0.12538	92.1844
0.0106898	10.8	40.1649	3	-1	0.12538	92.1844
0.0107232	10.8	40.2125	4	-1	0.12539	92.1918
0.0107232	10.8	40.2122	1	-1	0.1254	92.1991
0.0107564	10.8	40.1961	2	-1	0.12543	92.1399
0.0107572	10.8	40.1488	3	-1	0.12543	92.1399
0.0107906	10.8	40.1963	4	-1	0.12545	92.1546
0.0107906	10.8	40.196	1	-1	0.12546	92.1619
0.0108239	10.8	40.1797	2	-1	0.12549	92.096
0.0108247	10.8	40.1325	3	-1	0.12549	92.096
0.0108581	10.8	40.1801	4	-1	0.12551	92.1107
0.0108581	10.8	40.1798	1	-1	0.12552	92.118
0.0108914	10.8	40.1632	2	-1	0.12555	92.0522
0.0108922	10.8	40.1159	3	-1	0.12555	92.0522
0.0109256	10.8	40.164	4	-1	0.12557	92.0669
0.0109256	10.8	40.1637	1	-1	0.12558	92.0742
0.010959	10.8	40.147	2	-1	0.12561	92.0085
0.0109597	10.8	40.0998	3	-1	0.12561	92.0085
0.0109932	10.8	40.1476	4	-1	0.12562	92.0158
0.0109932	10.8	40.1473	1	-1	0.12563	92.0231
0.0110266	10.8	40.131	2	-1	0.12566	91.971
0.0110274	10.8	40.0838	3	-1	0.12566	91.971
0.0110609	10.8	40.1314	4	-1	0.12568	91.9857
0.0110609	10.8	40.1311	1	-1	0.12569	91.993
0.0110943	10.8	40.1146	2	-1	0.12572	91.9275
0.0110951	10.8	40.0675	3	-1	0.12572	91.9275
0.0111286	10.8	40.1154	4	-1	0.12574	91.9421
0.0111286	10.8	40.1151	1	-1	0.12575	91.9494
0.0111621	10.8	40.0983	2	-1	0.12578	91.884
0.0111628	10.8	40.051	3	-1	0.12578	91.884
0.0111964	10.8	40.0994	4	-1	0.1258	91.8986
0.0111964	10.8	40.0991	1	-1	0.12581	91.9059
0.0112299	10.8	40.0822	2	-1	0.12584	91.8406
0.0112306	10.8	40.0353	3	-1	0.12583	91.8333
0.0112643	10.8	40.083	4	-1	0.12585	91.8479
0.0112643	10.8	40.0827	1	-1	0.12586	91.8552
0.0112978	10.8	40.0663	2	-1	0.12589	91.8034
0.0112985	10.8	40.0195	3	-1	0.12589	91.8034
0.0113322	10.8	40.067	4	-1	0.12591	91.818
0.0113322	10.8	40.0667	1	-1	0.12592	91.8253
0.0113657	10.8	40.0501	2	-1	0.12595	91.7602
0.0113665	10.8	40.0034	3	-1	0.12595	91.7602
0.0114001	10.8	40.0508	4	-1	0.12597	91.7747
0.0114002	10.8	40.0505	1	-1	0.12598	91.782
0.0114337	10.8	40.0337	2	-1	0.12601	91.717
0.0114345	10.8	39.9872	3	-1	0.12601	91.717
0.0114682	10.8	40.0347	4	-1	0.12603	91.7316
0.0114682	10.8	40.0344	1	-1	0.12604	91.7388
0.0115018	10.8	40.0175	2	-1	0.12607	91.6739
0.0115025	10.8	39.9707	3	-1	0.12607	91.6739
0.0115363	10.8	40.0187	4	-1	0.12608	91.6812
0.0115363	10.8	40.0184	1	-1	0.12609	91.6885
0.0115699	10.8	40.0013	2	-1	0.12613	91.6376
0.0115707	10.8	39.9549	3	-1	0.12612	91.6303
0.0116044	10.8	40.0025	4	-1	0.12614	91.6449
0.0116044	10.8	40.0022	1	-1	0.12615	91.6521
0.0116381	10.8	39.9851	2	-1	0.12619	91.5947
0.0116389	10.8	39.9391	3	-1	0.12618	91.5874
0.0116727	10.8	39.9862	4	-1	0.1262	91.6019
0.0116727	10.8	39.9859	1	-1	0.12621	91.6092
0.0117064	10.8	39.9693	2	-1	0.12624	91.5512
0.0117071	10.8	39.9234	3	-1	0.12624	91.5512
0.011741	10.8	39.9703	4	-1	0.12626	91.5657
0.011741	10.8	39.97	1	-1	0.12627	91.573
0.0117747	10.8	39.9532	2	-1	0.1263	91.5085
0.0117754	10.8	39.9074	3	-1	0.1263	91.5085
0.0118093	10.8	39.9542	4	-1	0.12632	91.523
0.0118093	10.8	39.9539	1	-1	0.12633	91.5302
0.0118431	10.8	39.937	2	-1	0.12636	91.4658
0.0118438	10.8	39.8916	3	-1	0.12635	91.4586
0.0118777	10.8	39.9385	4	-1	0.12637	91.473
0.0118777	10.8	39.9382	1	-1	0.12638	91.4803
0.0119115	10.8	39.9212	2	-1	0.12642	91.4298
0.0119123	10.8	39.8762	3	-1	0.12641	91.4226
0.0119462	10.8	39.9225	4	-1	0.12643	91.437
0.0119462	10.8	39.9222	1	-1	0.12644	91.4443
0.01198	10.8	39.905	2	-1	0.12647	91.3801
0.0119808	10.8	39.8602	3	-1	0.12647	91.3801
0.0120147	10.8	39.9064	4	-1	0.12649	91.3945
0.0120147	10.8	39.9061	1	-1	0.1265	91.4017
0.0120486	10.8	39.8889	2	-1	0.12653	91.3376
0.0120493	10.8	39.8441	3	-1	0.12653	91.3376
0.0120833	10.8	39.8902	4	-1	0.12655	91.3521
0.0120833	10.8	39.8899	1	-1	0.12656	91.3593
0.0121172	10.8	39.8733	2	-1	0.12659	91.3018
0.012118	10.8	39.8289	3	-1	0.12658	91.2946
0.012152	10.8	39.8744	4	-1	0.1266	91.3091
0.012152	10.8	39.8741	1	-1	0.12661	91.3163
0.0121859	10.8	39.8574	2	-1	0.12665	91.2661
0.0121866	10.8	39.8134	3	-1	0.12664	91.2589
0.0122207	10.8	39.8584	4	-1	0.12666	91.2733
0.0122207	10.8	39.8581	1	-1	0.12667	91.2805
0.0122547	10.8	39.8412	2	-1	0.1267	91.2167
0.0122554	10.8	39.7973	3	-1	0.1267	91.2167
0.0122895	10.8	39.8423	4	-1	0.12672	91.2311
0.0122895	10.8	39.842	1	-1	0.12673	91.2383
0.0123235	10.8	39.825	2	-1	0.12676	91.1746
0.0123242	10.8	39.7812	3	-1	0.12676	91.1746
0.0123583	10.8	39.8265	4	-1	0.12678	91.189
0.0123583	10.8	39.8262	1	-1	0.12679	91.1961
0.0123924	10.8	39.809	2	-1	0.12682	91.1325
0.0123931	10.8	39.7653	3	-1	0.12681	91.1253
0.0124272	10.8	39.8107	4	-1	0.12683	91.1397
0.0124273	10.8	39.8104	1	-1	0.12684	91.1469
0.0124613	10.8	39.7933	2	-1	0.12688	91.0971
0.012462	10.8	39.7499	3	-1	0.12687	91.0899
0.0124962	10.8	39.7948	4	-1	0.12689	91.1043
0.0124962	10.8	39.7945	1	-1	0.1269	91.1114
0.0125303	10.8	39.7774	2	-1	0.12694	91.0552
0.012531	10.8	39.7344	3	-1	0.12693	91.048
0.0125653	10.8	39.7789	4	-1	0.12695	91.0623
0.0125653	10.8	39.7786	1	-1	0.12696	91.0695
0.0125994	10.8	39.7614	2	-1	0.12699	91.0062
0.0126001	10.8	39.7185	3	-1	0.12699	91.0062
0.0126344	10.8	39.7629	4	-1	0.12701	91.0205
0.0126344	10.8	39.7626	1	-1	0.12702	91.0277
0.0126685	10.8	39.7454	2	-1	0.12705	90.9644
0.0126692	10.8	39.7029	3	-1	0.12704	90.9573
0.0127035	10.8	39.7467	4	-1	0.12706	90.9716
0.0127035	10.8	39.7464	1	-1	0.12707	90.9787
0.0127377	10.8	39.7299	2	-1	0.12711	90.9358
0.0127384	10.8	39.6878	3	-1	0.1271	90.9286
0.0127727	10.8	39.7312	4	-1	0.12712	90.9429
0.0127727	10.8	39.7309	1	-1	0.12713	90.9501
0.012807	10.8	39.7142	2	-1	0.12717	90.8941
0.0128077	10.8	39.6725	3	-1	0.12716	90.887
0.012842	10.8	39.7155	4	-1	0.12718	90.9013
0.012842	10.8	39.7152	1	-1	0.12719	90.9084
0.0128763	10.8	39.6983	2	-1	0.12722	90.8455
0.012877	10.8	39.6567	3	-1	0.12722	90.8455
0.0129114	10.8	39.6997	4	-1	0.12724	90.8598
0.0129114	10.8	39.6994	1	-1	0.12725	90.8669
0.0129457	10.8	39.6824	2	-1	0.12728	90.804
0.0129464	10.8	39.6412	3	-1	0.12727	90.7969
0.0129808	10.8	39.6838	4	-1	0.1273	90.8183
0.0129808	10.8	39.6835	1	-1	0.12731	90.8254
0.0130151	10.8	39.6666	2	-1	0.12734	90.7627
0.0130158	10.8	39.6257	3	-1	0.12733	90.7555
0.0130503	10.8	39.6678	4	-1	0.12735	90.7698
0.0130503	10.8	39.6675	1	-1	0.12736	90.7769
0.0130846	10.8	39.6507	2	-1	0.1274	90.7278
0.0130853	10.8	39.6102	3	-1	0.12739	90.7207
0.0131198	10.8	39.6519	4	-1	0.12741	90.7349
0.0131198	10.8	39.6517	1	-1	0.12742	90.7421
0.0131542	10.8	39.6348	2	-1	0.12746	90.6866
0.0131549	10.8	39.5947	3	-1	0.12745	90.6795
0.0131894	10.8	39.6361	4	-1	0.12747	90.6937
0.0131894	10.8	39.6358	1	-1	0.12748	90.7008
0.0132239	10.8	39.6189	2	-1	0.12752	90.6454
0.0132245	10.8	39.5795	3	-1	0.1275	90.6312
0.0132591	10.8	39.6203	4	-1	0.12753	90.6525
0.0132591	10.8	39.62	1	-1	0.12754	90.6597
0.0132936	10.8	39.6032	2	-1	0.12758	90.6044
0.0132942	10.8	39.5644	3	-1	0.12756	90.5902
0.0133288	10.8	39.6045	4	-1	0.12759	90.6115
0.0133288	10.8	39.6042	1	-1	0.1276	90.6186
0.0133633	10.8	39.5874	2	-1	0.12763	90.5563
0.013364	10.8	39.549	3	-1	0.12762	90.5492
0.0133986	10.8	39.589	4	-1	0.12765	90.5705
0.0133986	10.8	39.5887	1	-1	0.12766	90.5776
0.0134332	10.8	39.5719	2	-1	0.12769	90.5153
0.0134338	10.8	39.5336	3	-1	0.12768	90.5083
0.0134685	10.8	39.5733	4	-1	0.1277	90.5224
0.0134685	10.8	39.573	1	-1	0.12771	90.5295
0.013503	10.8	39.5562	2	-1	0.12775	90.4809
0.0135037	10.8	39.5183	3	-1	0.12773	90.4667
0.0135384	10.8	39.5576	4	-1	0.12776	90.488
0.0135384	10.8	39.5573	1	-1	0.12777	90.4951
0.013573	10.8	39.5405	2	-1	0.1278	90.4331
0.0135736	10.8	39.5026	3	-1	0.12779	90.426
0.0136084	10.8	39.5419	4	-1	0.12782	90.4472
0.0136084	10.8	39.5416	1	-1	0.12783	90.4543
0.013643	10.8	39.5248	2	-1	0.12786	90.3924
0.0136437	10.8	39.487	3	-1	0.12785	90.3853
0.0136784	10.8	39.5263	4	-1	0.12788	90.4065
0.0136784	10.8	39.526	1	-1	0.12789	90.4136
0.0137131	10.8	39.5093	2	-1	0.12792	90.3517
0.0137137	10.8	39.4715	3	-1	0.12791	90.3447
0.0137485	10.8	39.5106	4	-1	0.12793	90.3588
0.0137485	10.8	39.5103	1	-1	0.12794	90.3659
0.0137832	10.8	39.4936	2	-1	0.12798	90.3176
0.0137839	10.8	39.4559	3	-1	0.12797	90.3105
0.0138187	10.8	39.4948	4	-1	0.12799	90.3246
0.0138187	10.8	39.4945	1	-1	0.128	90.3317
0.0138534	10.8	39.4778	2	-1	0.12804	90.2771
0.0138541	10.8	39.4408	3	-1	0.12802	90.263
0.0138889	10.8	39.4791	4	-1	0.12805	90.2841
0.0138889	10.8	39.4788	1	-1	0.12806	90.2912
0.0139237	10.8	39.4622	2	-1	0.1281	90.2367
0.0139243	10.8	39.4258	3	-1	0.12808	90.2226
0.0139592	10.8	39.4634	4	-1	0.12811	90.2437
0.0139592	10.8	39.4632	1	-1	0.12812	90.2508
0.013994	10.8	39.4466	2	-1	0.12815	90.1893
0.0139947	10.8	39.4106	3	-1	0.12814	90.1823
0.0140296	10.8	39.4479	4	-1	0.12817	90.2034
0.0140296	10.8	39.4476	1	-1	0.12818	90.2104
0.0140644	10.8	39.4311	2	-1	0.12821	90.1491
0.0140651	10.8	39.3955	3	-1	0.1282	90.142
0.0141	10.8	39.4322	4	-1	0.12822	90.1561
0.0141	10.8	39.432	1	-1	0.12823	90.1631
0.0141349	10.8	39.4156	2	-1	0.12827	90.1152
0.0141355	10.8	39.3806	3	-1	0.12825	90.1012
0.0141705	10.8	39.4167	4	-1	0.12828	90.1222
0.0141705	10.8	39.4164	1	-1	0.12829	90.1293
0.0142054	10.8	39.4001	2	-1	0.12833	90.0751
0.014206	10.8	39.3658	3	-1	0.12831	90.0611
0.014241	10.8	39.4013	4	-1	0.12834	90.0821
0.014241	10.8	39.401	1	-1	0.12835	90.0891
0.014276	10.8	39.3847	2	-1	0.12838	90.0281
0.0142766	10.8	39.3507	3	-1	0.12837	90.021
0.0143117	10.8	39.3859	4	-1	0.1284	90.0421
0.0143117	10.8	39.3856	1	-1	0.12841	90.0491
0.0143467	10.8	39.3694	2	-1	0.12844	89.9881
0.0143473	10.8	39.336	3	-1	0.12842	89.9741
0.0143823	10.8	39.3703	4	-1	0.12845	89.9951
0.0143823	10.8	39.37	1	-1	0.12846	90.0021
0.0144174	10.8	39.354	2	-1	0.1285	89.9545
0.014418	10.8	39.3213	3	-1	0.12848	89.9405
0.0144531	10.8	39.3549	4	-1	0.12851	89.9615
0.0144531	10.8	39.3546	1	-1	0.12852	89.9685
0.0144882	10.8	39.3382	2	-1	0.12856	89.9084
0.0144887	10.8	39.3061	3	-1	0.12854	89.8944
0.0145239	10.8	39.3391	4	-1	0.12857	89.9154
0.0145239	10.8	39.3389	1	-1	0.12858	89.9224
0.014559	10.8	39.3226	2	-1	0.12861	89.8617
0.0145596	10.8	39.2908	3	-1	0.1286	89.8547
0.0145948	10.8	39.3235	4	-1	0.12863	89.8756
0.0145948	10.8	39.3232	1	-1	0.12864	89.8826
0.0146299	10.8	39.3073	2	-1	0.12867	89.822
0.0146305	10.8	39.2759	3	-1	0.12866	89.815
0.0146657	10.8	39.308	4	-1	0.12868	89.829
0.0146657	10.8	39.3077	1	-1	0.12869	89.836
0.0147009	10.8	39.292	2	-1	0.12873	89.7887
0.0147014	10.8	39.2609	3	-1	0.12872	89.7817
0.0147367	10.8	39.2927	4	-1	0.12874	89.7956
0.0147367	10.8	39.2924	1	-1	0.12875	89.8026
0.0147719	10.8	39.2766	2	-1	0.12878	89.7422
0.0147725	10.8	39.2458	3	-1	0.12877	89.7352
0.0148078	10.8	39.2774	4	-1	0.1288	89.7561
0.0148078	10.8	39.2771	1	-1	0.12881	89.7631
0.014843	10.8	39.2614	2	-1	0.12884	89.7027
0.0148435	10.8	39.231	3	-1	0.12883	89.6957
0.0148789	10.8	39.2615	4	-1	0.12886	89.7166
0.0148789	10.8	39.2613	1	-1	0.12887	89.7236
0.0149142	10.8	39.2459	2	-1	0.1289	89.6633
0.0149147	10.8	39.2159	3	-1	0.12889	89.6564
0.0149501	10.8	39.246	4	-1	0.12891	89.6703
0.0149501	10.8	39.2457	1	-1	0.12892	89.6772
0.0149854	10.8	39.2304	2	-1	0.12896	89.6302
0.0149859	10.8	39.2007	3	-1	0.12895	89.6233
0.0150213	10.8	39.2307	4	-1	0.12897	89.6372
0.0150213	10.8	39.2304	1	-1	0.12898	89.6441
0.0150567	10.8	39.2151	2	-1	0.12902	89.591
0.0150572	10.8	39.1857	3	-1	0.12901	89.5841
0.0150926	10.8	39.2156	4	-1	0.12903	89.5979
0.0150926	10.8	39.2153	1	-1	0.12904	89.6049
0.015128	10.8	39.1994	2	-1	0.12908	89.5456
0.0151286	10.8	39.1706	3	-1	0.12906	89.5317
0.015164	10.8	39.1999	4	-1	0.12909	89.5525
0.015164	10.8	39.1997	1	-1	0.1291	89.5595
0.0151994	10.8	39.184	2	-1	0.12913	89.4996
0.0152	10.8	39.1556	3	-1	0.12912	89.4927
0.0152355	10.8	39.1845	4	-1	0.12915	89.5134
0.0152355	10.8	39.1842	1	-1	0.12916	89.5204
0.0152709	10.8	39.169	2	-1	0.12919	89.4606
0.0152714	10.8	39.1409	3	-1	0.12918	89.4536
0.015307	10.8	39.1692	4	-1	0.1292	89.4675
0.015307	10.8	39.1689	1	-1	0.12921	89.4744
0.0153425	10.8	39.1539	2	-1	0.12925	89.4278
0.015343	10.8	39.1261	3	-1	0.12924	89.4209
0.0153785	10.8	39.1535	4	-1	0.12926	89.4347
0.0153785	10.8	39.1533	1	-1	0.12927	89.4416
0.0154141	10.8	39.1383	2	-1	0.12931	89.3889
0.0154146	10.8	39.1109	3	-1	0.1293	89.382
0.0154502	10.8	39.1383	4	-1	0.12932	89.3958
0.0154502	10.8	39.138	1	-1	0.12933	89.4027
0.0154857	10.8	39.1229	2	-1	0.12936	89.3432
0.0154862	10.8	39.0958	3	-1	0.12935	89.3363
0.0155219	10.8	39.1231	4	-1	0.12938	89.357
0.0155219	10.8	39.1228	1	-1	0.12939	89.3639
0.0155575	10.8	39.1079	2	-1	0.12942	89.3044
0.015558	10.8	39.0811	3	-1	0.12941	89.2975
0.0155936	10.8	39.1081	4	-1	0.12944	89.3182
0.0155936	10.8	39.1078	1	-1	0.12945	89.3251
0.0156293	10.8	39.0925	2	-1	0.12948	89.2596
0.0156298	10.8	39.066	3	-1	0.12947	89.2527
0.0156655	10.8	39.0925	4	-1	0.12949	89.2665
0.0156655	10.8	39.0922	1	-1	0.1295	89.2734
0.0157011	10.8	39.0773	2	-1	0.12954	89.2272
0.0157016	10.8	39.0512	3	-1	0.12953	89.2203
0.0157374	10.8	39.0774	4	-1	0.12955	89.2341
0.0157374	10.8	39.0771	1	-1	0.12956	89.2409
0.0157731	10.8	39.0621	2	-1	0.12959	89.1817
0.0157735	10.8	39.0363	3	-1	0.12958	89.1749
0.0158093	10.8	39.0617	4	-1	0.12961	89.1955
0.0158093	10.8	39.0614	1	-1	0.12962	89.2024
0.0158451	10.8	39.0468	2	-1	0.12965	89.1433
0.0158455	10.8	39.0213	3	-1	0.12964	89.1364
0.0158813	10.8	39.0465	4	-1	0.12967	89.157
0.0158814	10.8	39.0462	1	-1	0.12968	89.1639
0.0159171	10.8	39.0318	2	-1	0.12971	89.1049
0.0159176	10.8	39.0066	3	-1	0.1297	89.098
0.0159534	10.8	39.0314	4	-1	0.12972	89.1118
0.0159534	10.8	39.0311	1	-1	0.12973	89.1186
0.0159892	10.8	39.0162	2	-1	0.12977	89.0666
0.0159897	10.8	38.9914	3	-1	0.12976	89.0597
0.0160256	10.8	39.016	4	-1	0.12978	89.0734
0.0160256	10.8	39.0158	1	-1	0.12979	89.0803
0.0160614	10.8	39.0011	2	-1	0.12983	89.0283
0.0160619	10.8	38.9766	3	-1	0.12982	89.0215
0.0160978	10.8	39.001	4	-1	0.12984	89.0352
0.0160978	10.8	39.0008	1	-1	0.12985	89.042
0.0161337	10.8	38.9861	2	-1	0.12988	88.9833
0.0161341	10.8	38.9619	3	-1	0.12987	88.9764
0.0161701	10.8	38.9855	4	-1	0.1299	88.997
0.0161701	10.8	38.9852	1	-1	0.12991	89.0038
0.016206	10.8	38.9709	2	-1	0.12994	88.9452
0.0162064	10.8	38.9471	3	-1	0.12993	88.9383
0.0162424	10.8	38.9702	4	-1	0.12995	88.952
0.0162424	10.8	38.97	1	-1	0.12996	88.9589
0.0162784	10.8	38.9553	2	-1	0.13	88.9071
0.0162788	10.8	38.9317	3	-1	0.12999	88.9003
0.0163148	10.8	38.9549	4	-1	0.13001	88.914
0.0163148	10.8	38.9546	1	-1	0.13002	88.9208
0.0163508	10.8	38.9402	2	-1	0.13006	88.8691
0.0163512	10.8	38.9169	3	-1	0.13005	88.8623
0.0163873	10.8	38.9399	4	-1	0.13007	88.876
0.0163873	10.8	38.9396	1	-1	0.13008	88.8828
0.0164233	10.8	38.9253	2	-1	0.13011	88.8244
0.0164237	10.8	38.9021	3	-1	0.13011	88.8244
0.0164598	10.8	38.9245	4	-1	0.13013	88.8381
0.0164598	10.8	38.9242	1	-1	0.13014	88.8449
0.0164959	10.8	38.9101	2	-1	0.13017	88.7866
0.0164963	10.8	38.8872	3	-1	0.13016	88.7798
0.0165324	10.8	38.9095	4	-1	0.13019	88.8002
0.0165324	10.8	38.9092	1	-1	0.1302	88.807
0.0165685	10.8	38.8947	2	-1	0.13023	88.7428
0.0165689	10.8	38.8721	3	-1	0.13022	88.7359
0.0166051	10.8	38.8942	4	-1	0.13025	88.7564
0.0166051	10.8	38.894	1	-1	0.13026	88.7632
0.0166412	10.8	38.8799	2	-1	0.13029	88.7051
0.0166416	10.8	38.8576	3	-1	0.13028	88.6983
0.0166778	10.8	38.8792	4	-1	0.1303	88.7119
0.0166778	10.8	38.8789	1	-1	0.13031	88.7187
0.016714	10.8	38.865	2	-1	0.13034	88.6667
0.0167144	10.8	38.8428	3	-1	0.13034	88.6667
0.0167506	10.8	38.8639	4	-1	0.13036	88.6803
0.0167506	10.8	38.8636	1	-1	0.13037	88.6871
0.0167868	10.8	38.8498	2	-1	0.1304	88.6291
0.0167872	10.8	38.8277	3	-1	0.1304	88.6291
0.0168235	10.8	38.8491	4	-1	0.13042	88.6427
0.0168235	10.8	38.8488	1	-1	0.13043	88.6495
0.0168597	10.8	38.8344	2	-1	0.13046	88.5856
0.0168601	10.8	38.8126	3	-1	0.13045	88.5788
0.0168964	10.8	38.8339	4	-1	0.13048	88.5992
0.0168964	10.8	38.8336	1	-1	0.13049	88.606
0.0169327	10.8	38.8197	2	-1	0.13052	88.5482
0.0169331	10.8	38.7982	3	-1	0.13051	88.5414
0.0169694	10.8	38.8183	4	-1	0.13053	88.555
0.0169694	10.8	38.8181	1	-1	0.13054	88.5617
0.0170057	10.8	38.8044	2	-1	0.13057	88.51
0.0170061	10.8	38.7829	3	-1	0.13057	88.51
0.0170425	10.8	38.8034	4	-1	0.13059	88.5236
0.0170425	10.8	38.8031	1	-1	0.1306	88.5304
0.0170788	10.8	38.7889	2	-1	0.13063	88.4667
0.0170792	10.8	38.7674	3	-1	0.13063	88.4667
0.0171156	10.8	38.7883	4	-1	0.13065	88.4803
0.0171156	10.8	38.788	1	-1	0.13066	88.4871
0.0171519	10.8	38.774	2	-1	0.13069	88.4295
0.0171523	10.8	38.7527	3	-1	0.13069	88.4295
0.0171888	10.8	38.7729	4	-1	0.13071	88.4431
0.0171888	10.8	38.7727	1	-1	0.13072	88.4498
0.0172251	10.8	38.759	2	-1	0.13075	88.3924
0.0172256	10.8	38.7377	3	-1	0.13075	88.3924
0.017262	10.8	38.758	4	-1	0.13076	88.3991
0.017262	10.8	38.7578	1	-1	0.13077	88.4059
0.0172984	10.8	38.7435	2	-1	0.13081	88.3553
0.0172988	10.8	38.7225	3	-1	0.1308	88.3485
0.0173353	10.8	38.743	4	-1	0.13082	88.362
0.0173353	10.8	38.7427	1	-1	0.13083	88.3688
0.0173718	10.8	38.7287	2	-1	0.13087	88.3183
0.0173722	10.8	38.708	3	-1	0.13086	88.3115
0.0174087	10.8	38.7277	4	-1	0.13088	88.325
0.0174087	10.8	38.7275	1	-1	0.13089	88.3318
0.0174452	10.8	38.7138	2	-1	0.13093	88.2813
0.0174456	10.8	38.6934	3	-1	0.13092	88.2746
0.0174821	10.8	38.7131	4	-1	0.13094	88.288
0.0174822	10.8	38.7128	1	-1	0.13095	88.2948
0.0175187	10.8	38.6987	2	-1	0.13099	88.2385
0.0175191	10.8	38.6785	3	-1	0.13098	88.2317
0.0175557	10.8	38.6982	4	-1	0.131	88.2452
0.0175557	10.8	38.6979	1	-1	0.13101	88.2519
0.0175922	10.8	38.6839	2	-1	0.13104	88.1949
0.0175926	10.8	38.6641	3	-1	0.13103	88.1882
0.0176292	10.8	38.6829	4	-1	0.13106	88.2084
0.0176292	10.8	38.6827	1	-1	0.13107	88.2151
0.0176658	10.8	38.6692	2	-1	0.1311	88.1582
0.0176662	10.8	38.6496	3	-1	0.13109	88.1514
0.0177029	10.8	38.668	4	-1	0.13111	88.1649
0.0177029	10.8	38.6678	1	-1	0.13112	88.1716
0.0177395	10.8	38.654	2	-1	0.13116	88.1215
0.0177399	10.8	38.6348	3	-1	0.13115	88.1148
0.0177766	10.8	38.6532	4	-1	0.13117	88.1282
0.0177766	10.8	38.6529	1	-1	0.13118	88.1349
0.0178132	10.8	38.6394	2	-1	0.13122	88.0848
0.0178136	10.8	38.6205	3	-1	0.13121	88.0781
0.0178503	10.8	38.6381	4	-1	0.13123	88.0916
0.0178504	10.8	38.6379	1	-1	0.13124	88.0983
0.017887	10.8	38.6244	2	-1	0.13127	88.0416
0.0178874	10.8	38.6056	3	-1	0.13127	88.0416
0.0179242	10.8	38.6236	4	-1	0.13129	88.055
0.0179242	10.8	38.6233	1	-1	0.1313	88.0617
0.0179609	10.8	38.6094	2	-1	0.13133	87.9992
0.0179613	10.8	38.5908	3	-1	0.13132	87.9925
0.0179981	10.8	38.6084	4	-1	0.13135	88.0126
0.0179981	10.8	38.6081	1	-1	0.13136	88.0193
0.0180349	10.8	38.5947	2	-1	0.13139	87.9628
0.0180352	10.8	38.5761	3	-1	0.13138	87.9561
0.0180721	10.8	38.5933	4	-1	0.1314	87.9695
0.0180721	10.8	38.5931	1	-1	0.13141	87.9762
0.0181089	10.8	38.5794	2	-1	0.13145	87.9264
0.0181092	10.8	38.5612	3	-1	0.13144	87.9197
0.0181461	10.8	38.5784	4	-1	0.13146	87.9331
0.0181461	10.8	38.5782	1	-1	0.13147	87.9398
0.0181829	10.8	38.5648	2	-1	0.13151	87.8901
0.0181833	10.8	38.5468	3	-1	0.1315	87.8834
0.0182202	10.8	38.5634	4	-1	0.13152	87.8968
0.0182202	10.8	38.5632	1	-1	0.13153	87.9035
0.0182571	10.8	38.5499	2	-1	0.13156	87.8472
0.0182574	10.8	38.532	3	-1	0.13156	87.8472
0.0182943	10.8	38.549	4	-1	0.13158	87.8606
0.0182943	10.8	38.5487	1	-1	0.13159	87.8673
0.0183312	10.8	38.535	2	-1	0.13162	87.8052
0.0183316	10.8	38.5173	3	-1	0.13161	87.7985
0.0183686	10.8	38.5336	4	-1	0.13164	87.8185
0.0183686	10.8	38.5334	1	-1	0.13165	87.8252
0.0184055	10.8	38.5202	2	-1	0.13168	87.7691
0.0184059	10.8	38.5028	3	-1	0.13167	87.7624
0.0184429	10.8	38.519	4	-1	0.1317	87.7824
0.0184429	10.8	38.5187	1	-1	0.13171	87.7891
0.0184798	10.8	38.5054	2	-1	0.13174	87.7272
0.0184802	10.8	38.4883	3	-1	0.13173	87.7206
0.0185172	10.8	38.5041	4	-1	0.13175	87.7339
0.0185172	10.8	38.5038	1	-1	0.13176	87.7406
0.0185542	10.8	38.4908	2	-1	0.13179	87.6905
0.0185546	10.8	38.4738	3	-1	0.13179	87.6905
0.0185916	10.8	38.4891	4	-1	0.13181	87.7038
0.0185917	10.8	38.4889	1	-1	0.13182	87.7104
0.0186287	10.8	38.4755	2	-1	0.13185	87.6487
0.018629	10.8	38.4585	3	-1	0.13185	87.6487
0.0186661	10.8	38.4743	4	-1	0.13187	87.662
0.0186661	10.8	38.4741	1	-1	0.13188	87.6687
0.0187032	10.8	38.461	2	-1	0.13191	87.6129
0.0187036	10.8	38.4443	3	-1	0.1319	87.6063
0.0187407	10.8	38.4593	4	-1	0.13193	87.6262
0.0187407	10.8	38.4591	1	-1	0.13194	87.6328
0.0187778	10.8	38.4465	2	-1	0.13197	87.5771
0.0187781	10.8	38.4301	3	-1	0.13196	87.5705
0.0188153	10.8	38.4448	4	-1	0.13198	87.5838
0.0188153	10.8	38.4446	1	-1	0.13199	87.5904
0.0188525	10.8	38.4317	2	-1	0.13203	87.5414
0.0188528	10.8	38.4155	3	-1	0.13202	87.5348
0.01889	10.8	38.4298	4	-1	0.13204	87.5481
0.01889	10.8	38.4295	1	-1	0.13205	87.5547
0.0189272	10.8	38.4169	2	-1	0.13209	87.5058
0.0189275	10.8	38.401	3	-1	0.13208	87.4992
0.0189647	10.8	38.4154	4	-1	0.1321	87.5124
0.0189648	10.8	38.4152	1	-1	0.13211	87.519
0.019002	10.8	38.4021	2	-1	0.13215	87.4644
0.0190023	10.8	38.3867	3	-1	0.13213	87.4512
0.0190396	10.8	38.4003	4	-1	0.13216	87.471
0.0190396	10.8	38.4001	1	-1	0.13217	87.4777
0.0190768	10.8	38.3874	2	-1	0.1322	87.4223
0.0190771	10.8	38.3723	3	-1	0.13219	87.4157
0.0191145	10.8	38.3858	4	-1	0.13222	87.4355
0.0191145	10.8	38.3856	1	-1	0.13223	87.4421
0.0191517	10.8	38.3727	2	-1	0.13226	87.3811
0.0191521	10.8	38.3579	3	-1	0.13225	87.3745
0.0191894	10.8	38.3707	4	-1	0.13228	87.3943
0.0191894	10.8	38.3704	1	-1	0.13229	87.4009
0.0192267	10.8	38.3582	2	-1	0.13232	87.3457
0.019227	10.8	38.3437	3	-1	0.13231	87.3391
0.0192644	10.8	38.3561	4	-1	0.13233	87.3523
0.0192644	10.8	38.3559	1	-1	0.13234	87.3589
0.0193018	10.8	38.3434	2	-1	0.13238	87.3104
0.0193021	10.8	38.3292	3	-1	0.13237	87.3038
0.0193395	10.8	38.3411	4	-1	0.13239	87.317
0.0193395	10.8	38.3409	1	-1	0.1324	87.3236
0.0193769	10.8	38.3287	2	-1	0.13244	87.2751
0.0193772	10.8	38.3148	3	-1	0.13243	87.2685
0.0194146	10.8	38.3269	4	-1	0.13245	87.2817
0.0194146	10.8	38.3267	1	-1	0.13246	87.2883
0.0194521	10.8	38.3141	2	-1	0.1325	87.2342
0.0194524	10.8	38.3006	3	-1	0.13248	87.221
0.0194899	10.8	38.3119	4	-1	0.13251	87.2408
0.0194899	10.8	38.3117	1	-1	0.13252	87.2474
0.0195273	10.8	38.2995	2	-1	0.13255	87.1925
0.0195276	10.8	38.2863	3	-1	0.13254	87.1859
0.0195651	10.8	38.2976	4	-1	0.13257	87.2056
0.0195651	10.8	38.2973	1	-1	0.13258	87.2122
0.0196027	10.8	38.285	2	-1	0.13261	87.1517
0.0196029	10.8	38.2721	3	-1	0.1326	87.1451
0.0196405	10.8	38.2826	4	-1	0.13263	87.1648
0.0196405	10.8	38.2823	1	-1	0.13264	87.1714
0.019678	10.8	38.2701	2	-1	0.13267	87.111
0.0196783	10.8	38.2575	3	-1	0.13266	87.1044
0.0197159	10.8	38.2676	4	-1	0.13268	87.1175
0.0197159	10.8	38.2674	1	-1	0.13269	87.1241
0.0197535	10.8	38.2556	2	-1	0.13272	87.0752
0.0197537	10.8	38.243	3	-1	0.13272	87.0752
0.0197914	10.8	38.2529	4	-1	0.13274	87.0883
0.0197914	10.8	38.2526	1	-1	0.13275	87.0949
0.019829	10.8	38.2406	2	-1	0.13278	87.0346
0.0198293	10.8	38.228	3	-1	0.13278	87.0346
0.0198669	10.8	38.2384	4	-1	0.1328	87.0477
0.0198669	10.8	38.2381	1	-1	0.13281	87.0543
0.0199046	10.8	38.2264	2	-1	0.13284	86.9998
0.0199048	10.8	38.2141	3	-1	0.13283	86.9933
0.0199425	10.8	38.2237	4	-1	0.13286	87.0129
0.0199425	10.8	38.2235	1	-1	0.13287	87.0195
0.0199802	10.8	38.2117	2	-1	0.1329	86.9594
0.0199805	10.8	38.1997	3	-1	0.13289	86.9528
0.0200182	10.8	38.2085	4	-1	0.13291	86.9659
0.0200182	10.8	38.2082	1	-1	0.13292	86.9725
0.0200559	10.8	38.1971	2	-1	0.13296	86.9304
0.0200562	10.8	38.1853	3	-1	0.13295	86.9238
0.020094	10.8	38.1943	4	-1	0.13297	86.9369
0.020094	10.8	38.1941	1	-1	0.13298	86.9434
0.0201317	10.8	38.1824	2	-1	0.13302	86.8901
0.020132	10.8	38.1708	3	-1	0.13301	86.8835
0.0201698	10.8	38.1796	4	-1	0.13303	86.8966
0.0201698	10.8	38.1794	1	-1	0.13304	86.9031
0.0202076	10.8	38.168	2	-1	0.13308	86.8555
0.0202078	10.8	38.1567	3	-1	0.13307	86.849
0.0202456	10.8	38.1657	4	-1	0.13309	86.862
0.0202456	10.8	38.1654	1	-1	0.1331	86.8686
0.0202835	10.8	38.1537	2	-1	0.13314	86.8153
0.0202837	10.8	38.1429	3	-1	0.13312	86.8023
0.0203216	10.8	38.1509	4	-1	0.13315	86.8219
0.0203216	10.8	38.1507	1	-1	0.13316	86.8284
0.0203595	10.8	38.1389	2	-1	0.13319	86.7687
0.0203597	10.8	38.1283	3	-1	0.13318	86.7622
0.0203976	10.8	38.1363	4	-1	0.13321	86.7818
0.0203976	10.8	38.1361	1	-1	0.13322	86.7883
0.0204355	10.8	38.125	2	-1	0.13325	86.7344
0.0204357	10.8	38.1147	3	-1	0.13324	86.7279
0.0204737	10.8	38.1215	4	-1	0.13326	86.7409
0.0204737	10.8	38.1213	1	-1	0.13327	86.7474
0.0205116	10.8	38.1104	2	-1	0.13331	86.7001
0.0205118	10.8	38.1003	3	-1	0.1333	86.6935
0.0205498	10.8	38.1067	4	-1	0.13332	86.7066
0.0205498	10.8	38.1065	1	-1	0.13333	86.7131
0.0205878	10.8	38.0958	2	-1	0.13337	86.6658
0.020588	10.8	38.086	3	-1	0.13336	86.6593
0.020626	10.8	38.0928	4	-1	0.13338	86.6723
0.020626	10.8	38.0926	1	-1	0.13339	86.6788
0.020664	10.8	38.0814	2	-1	0.13343	86.626
0.0206642	10.8	38.0721	3	-1	0.13341	86.613
0.0207023	10.8	38.0782	4	-1	0.13344	86.6325
0.0207023	10.8	38.078	1	-1	0.13345	86.639
0.0207403	10.8	38.0669	2	-1	0.13349	86.5862
0.0207405	10.8	38.058	3	-1	0.13347	86.5733
0.0207786	10.8	38.0632	4	-1	0.1335	86.5927
0.0207786	10.8	38.063	1	-1	0.13351	86.5992
0.0208167	10.8	38.0525	2	-1	0.13354	86.5457
0.0208169	10.8	38.0439	3	-1	0.13353	86.5392
0.020855	10.8	38.0491	4	-1	0.13356	86.5587
0.020855	10.8	38.0488	1	-1	0.13357	86.5651
0.0208932	10.8	38.0382	2	-1	0.1336	86.5061
0.0208933	10.8	38.0299	3	-1	0.13359	86.4996
0.0209315	10.8	38.0344	4	-1	0.13362	86.519
0.0209315	10.8	38.0342	1	-1	0.13363	86.5255
0.0209697	10.8	38.0237	2	-1	0.13366	86.4666
0.0209699	10.8	38.0156	3	-1	0.13365	86.4601
0.0210081	10.8	38.0193	4	-1	0.13367	86.473
0.0210081	10.8	38.0191	1	-1	0.13368	86.4795
0.0210463	10.8	38.0093	2	-1	0.13372	86.4383
0.0210464	10.8	38.0014	3	-1	0.13371	86.4318
0.0210847	10.8	38.0054	4	-1	0.13373	86.4447
0.0210847	10.8	38.0052	1	-1	0.13374	86.4512
0.0211229	10.8	37.9949	2	-1	0.13378	86.3989
0.0211231	10.8	37.9875	3	-1	0.13376	86.3859
0.0211613	10.8	37.9909	4	-1	0.13379	86.4053
0.0211613	10.8	37.9907	1	-1	0.1338	86.4118
0.0211996	10.8	37.9803	2	-1	0.13384	86.3595
0.0211998	10.8	37.9734	3	-1	0.13382	86.3466
0.0212381	10.8	37.976	4	-1	0.13385	86.366
0.0212381	10.8	37.9758	1	-1	0.13386	86.3724
0.0212764	10.8	37.9661	2	-1	0.13389	86.3194
0.0212765	10.8	37.9594	3	-1	0.13388	86.3129
0.0213149	10.8	37.962	4	-1	0.13391	86.3323
0.0213149	10.8	37.9618	1	-1	0.13392	86.3387
0.0213532	10.8	37.952	2	-1	0.13395	86.2802
0.0213534	10.8	37.9456	3	-1	0.13394	86.2738
0.0213918	10.8	37.9475	4	-1	0.13397	86.2931
0.0213918	10.8	37.9473	1	-1	0.13398	86.2995
0.0214302	10.8	37.9376	2	-1	0.13401	86.2411
0.0214303	10.8	37.9314	3	-1	0.134	86.2346
0.0214687	10.8	37.9326	4	-1	0.13402	86.2475
0.0214687	10.8	37.9323	1	-1	0.13403	86.2539
0.0215071	10.8	37.9233	2	-1	0.13407	86.2131
0.0215073	10.8	37.9174	3	-1	0.13406	86.2067
0.0215457	10.8	37.9188	4	-1	0.13408	86.2195
0.0215457	10.8	37.9186	1	-1	0.13409	86.226
0.0215842	10.8	37.9091	2	-1	0.13413	86.1741
0.0215843	10.8	37.9036	3	-1	0.13411	86.1613
0.0216228	10.8	37.9045	4	-1	0.13414	86.1805
0.0216228	10.8	37.9043	1	-1	0.13415	86.187
0.0216613	10.8	37.8947	2	-1	0.13419	86.1352
0.0216614	10.8	37.8897	3	-1	0.13417	86.1223
0.0216999	10.8	37.8898	4	-1	0.1342	86.1416
0.0216999	10.8	37.8896	1	-1	0.13421	86.148
0.0217385	10.8	37.8801	2	-1	0.13424	86.0899
0.0217386	10.8	37.8753	3	-1	0.13423	86.0835
0.0217772	10.8	37.8754	4	-1	0.13426	86.1027
0.0217772	10.8	37.8751	1	-1	0.13427	86.1092
0.0218157	10.8	37.8665	2	-1	0.1343	86.0566
0.0218158	10.8	37.8619	3	-1	0.13429	86.0502
0.0218544	10.8	37.8609	4	-1	0.13431	86.0631
0.0218544	10.8	37.8607	1	-1	0.13432	86.0695
0.021893	10.8	37.852	2	-1	0.13435	86.017
0.0218931	10.8	37.8474	3	-1	0.13435	86.017
0.0219318	10.8	37.8464	4	-1	0.13437	86.0298
0.0219318	10.8	37.8462	1	-1	0.13438	86.0362
0.0219704	10.8	37.8374	2	-1	0.13442	85.9848
0.0219705	10.8	37.8331	3	-1	0.13441	85.9784
0.0220092	10.8	37.8319	4	-1	0.13443	85.9912
0.0220092	10.8	37.8317	1	-1	0.13444	85.9976
0.0220479	10.8	37.8227	2	-1	0.13448	85.9462
0.022048	10.8	37.8186	3	-1	0.13447	85.9398
0.0220867	10.8	37.8178	4	-1	0.13449	85.9526
0.0220867	10.8	37.8176	1	-1	0.1345	85.959
0.0221254	10.8	37.8089	2	-1	0.13453	85.9068
0.0221255	10.8	37.805	3	-1	0.13452	85.9004
0.0221642	10.8	37.8036	4	-1	0.13455	85.9195
0.0221642	10.8	37.8034	1	-1	0.13456	85.9259
0.022203	10.8	37.7949	2	-1	0.13459	85.8683
0.022203	10.8	37.7912	3	-1	0.13458	85.8619
0.0222418	10.8	37.7891	4	-1	0.13461	85.8811
0.0222418	10.8	37.7889	1	-1	0.13462	85.8875
0.0222806	10.8	37.7806	2	-1	0.13465	85.8299
0.0222807	10.8	37.7772	3	-1	0.13464	85.8236
0.0223195	10.8	37.7745	4	-1	0.13467	85.8427
0.0223195	10.8	37.7743	1	-1	0.13468	85.8491
0.0223583	10.8	37.7662	2	-1	0.13471	85.7916
0.0223584	10.8	37.7627	3	-1	0.13471	85.7916
0.0223973	10.8	37.7603	4	-1	0.13472	85.798
0.0223973	10.8	37.7601	1	-1	0.13473	85.8044
0.0224361	10.8	37.7522	2	-1	0.13476	85.7579
0.0224362	10.8	37.7488	3	-1	0.13476	85.7579
0.0224751	10.8	37.7463	4	-1	0.13478	85.7707
0.0224751	10.8	37.7461	1	-1	0.13479	85.777
0.022514	10.8	37.7379	2	-1	0.13482	85.7197
0.022514	10.8	37.7345	3	-1	0.13482	85.7197
0.022553	10.8	37.732	4	-1	0.13484	85.7325
0.022553	10.8	37.7318	1	-1	0.13485	85.7388
0.0225919	10.8	37.7235	2	-1	0.13488	85.6816
0.022592	10.8	37.7201	3	-1	0.13488	85.6816
0.0226309	10.8	37.7176	4	-1	0.1349	85.6943
0.0226309	10.8	37.7173	1	-1	0.13491	85.7007
0.0226699	10.8	37.709	2	-1	0.13494	85.6436
0.0226699	10.8	37.7056	3	-1	0.13494	85.6436
0.0227089	10.8	37.703	4	-1	0.13496	85.6563
0.0227089	10.8	37.7028	1	-1	0.13497	85.6626
0.0227479	10.8	37.6945	2	-1	0.135	85.6056
0.022748	10.8	37.6911	3	-1	0.135	85.6056
0.022787	10.8	37.689	4	-1	0.13502	85.6183
0.022787	10.8	37.6888	1	-1	0.13503	85.6246
0.022826	10.8	37.6808	2	-1	0.13505	85.5667
0.0228261	10.8	37.6774	3	-1	0.13505	85.5667
0.0228652	10.8	37.6747	4	-1	0.13507	85.5794
0.0228652	10.8	37.6745	1	-1	0.13508	85.5858
0.0229042	10.8	37.6667	2	-1	0.13511	85.5343
0.0229043	10.8	37.6633	3	-1	0.13511	85.5343
0.0229434	10.8	37.6604	4	-1	0.13513	85.547
0.0229434	10.8	37.6602	1	-1	0.13514	85.5533
0.0229825	10.8	37.6522	2	-1	0.13517	85.4965
0.0229826	10.8	37.6489	3	-1	0.13517	85.4965
0.0230217	10.8	37.6461	4	-1	0.13519	85.5092
0.0230217	10.8	37.6459	1	-1	0.1352	85.5155
0.0230608	10.8	37.6378	2	-1	0.13523	85.4588
0.0230609	10.8	37.6344	3	-1	0.13523	85.4588
0.0231	10.8	37.6318	4	-1	0.13525	85.4714
0.0231001	10.8	37.6315	1	-1	0.13526	85.4778
0.0231392	10.8	37.6233	2	-1	0.13529	85.4211
0.0231393	10.8	37.62	3	-1	0.13529	85.4211
0.0231785	10.8	37.6173	4	-1	0.13531	85.4338
0.0231785	10.8	37.6171	1	-1	0.13532	85.4401
0.0232177	10.8	37.6094	2	-1	0.13535	85.3889
0.0232177	10.8	37.6061	3	-1	0.13535	85.3889
0.023257	10.8	37.604	4	-1	0.13537	85.4016
0.023257	10.8	37.6038	1	-1	0.13538	85.4079
0.0232962	10.8	37.5958	2	-1	0.13541	85.3514
0.0232963	10.8	37.5926	3	-1	0.1354	85.3451
0.0233355	10.8	37.5898	4	-1	0.13542	85.3577
0.0233355	10.8	37.5896	1	-1	0.13543	85.364
0.0233748	10.8	37.5815	2	-1	0.13546	85.313
0.0233749	10.8	37.5784	3	-1	0.13546	85.313
0.0234141	10.8	37.5755	4	-1	0.13548	85.3256
0.0234142	10.8	37.5753	1	-1	0.13549	85.3319
0.0234534	10.8	37.5672	2	-1	0.13552	85.2756
0.0234535	10.8	37.5641	3	-1	0.13552	85.2756
0.0234928	10.8	37.5612	4	-1	0.13554	85.2882
0.0234928	10.8	37.561	1	-1	0.13555	85.2945
0.0235322	10.8	37.5529	2	-1	0.13558	85.2383
0.0235322	10.8	37.5498	3	-1	0.13558	85.2383
0.0235716	10.8	37.5468	4	-1	0.1356	85.2508
0.0235716	10.8	37.5466	1	-1	0.13561	85.2571
0.023611	10.8	37.5386	2	-1	0.13564	85.201
0.023611	10.8	37.5355	3	-1	0.13564	85.201
0.0236504	10.8	37.5325	4	-1	0.13566	85.2136
0.0236504	10.8	37.5323	1	-1	0.13567	85.2198
0.0236898	10.8	37.5243	2	-1	0.1357	85.1638
0.0236899	10.8	37.5212	3	-1	0.1357	85.1638
0.0237293	10.8	37.5183	4	-1	0.13572	85.1764
0.0237294	10.8	37.518	1	-1	0.13573	85.1826
0.0237688	10.8	37.51	2	-1	0.13576	85.1267
0.0237688	10.8	37.5069	3	-1	0.13576	85.1267
0.0238083	10.8	37.504	4	-1	0.13578	85.1392
0.0238083	10.8	37.5038	1	-1	0.13579	85.1455
0.0238478	10.8	37.4957	2	-1	0.13582	85.0896
0.0238479	10.8	37.4927	3	-1	0.13582	85.0896
0.0238874	10.8	37.4903	4	-1	0.13584	85.1021
0.0238874	10.8	37.4901	1	-1	0.13585	85.1084
0.0239268	10.8	37.4824	2	-1	0.13587	85.0516
0.0239269	10.8	37.4793	3	-1	0.13587	85.0516
0.0239665	10.8	37.4763	4	-1	0.13589	85.0642
0.0239665	10.8	37.4761	1	-1	0.1359	85.0704
0.024006	10.8	37.4686	2	-1	0.13593	85.02
0.0240061	10.8	37.4655	3	-1	0.13593	85.02
0.0240456	10.8	37.4623	4	-1	0.13595	85.0325
0.0240456	10.8	37.4621	1	-1	0.13596	85.0388
0.0240852	10.8	37.4545	2	-1	0.13599	84.9831
0.0240853	10.8	37.4515	3	-1	0.13599	84.9831
0.0241249	10.8	37.4482	4	-1	0.136	84.9894
0.0241249	10.8	37.448	1	-1	0.13601	84.9956
0.0241645	10.8	37.4401	2	-1	0.13605	84.9516
0.0241645	10.8	37.4371	3	-1	0.13605	84.9516
0.0242042	10.8	37.4344	4	-1	0.13607	84.9641
0.0242042	10.8	37.4342	1	-1	0.13608	84.9703
0.0242438	10.8	37.4259	2	-1	0.13611	84.9095
0.0242439	10.8	37.4231	3	-1	0.1361	84.9033
0.0242836	10.8	37.4203	4	-1	0.13613	84.922
0.0242836	10.8	37.4201	1	-1	0.13614	84.9283
0.0243232	10.8	37.4121	2	-1	0.13617	84.8728
0.0243233	10.8	37.4095	3	-1	0.13616	84.8666
0.024363	10.8	37.4057	4	-1	0.13618	84.8791
0.024363	10.8	37.4055	1	-1	0.13619	84.8853
0.0244027	10.8	37.3981	2	-1	0.13623	84.8415
0.0244028	10.8	37.3955	3	-1	0.13623	84.8415
0.0244425	10.8	37.3917	4	-1	0.13624	84.8477
0.0244425	10.8	37.3915	1	-1	0.13625	84.854
0.0244823	10.8	37.3838	2	-1	0.13629	84.8049
0.0244823	10.8	37.3814	3	-1	0.13628	84.7987
0.0245221	10.8	37.3778	4	-1	0.1363	84.8112
0.0245221	10.8	37.3776	1	-1	0.13631	84.8174
0.0245619	10.8	37.3696	2	-1	0.13635	84.7684
0.0245619	10.8	37.3674	3	-1	0.13634	84.7622
0.0246017	10.8	37.364	4	-1	0.13637	84.7809
0.0246017	10.8	37.3638	1	-1	0.13638	84.7871
0.0246416	10.8	37.3559	2	-1	0.13641	84.7267
0.0246416	10.8	37.354	3	-1	0.1364	84.7205
0.0246815	10.8	37.3497	4	-1	0.13642	84.7329
0.0246815	10.8	37.3495	1	-1	0.13643	84.7391
0.0247213	10.8	37.3419	2	-1	0.13646	84.6894
0.0247214	10.8	37.3399	3	-1	0.13646	84.6894
0.0247613	10.8	37.3355	4	-1	0.13648	84.7018
0.0247613	10.8	37.3353	1	-1	0.13649	84.708
0.0248011	10.8	37.3278	2	-1	0.13652	84.6531
0.0248012	10.8	37.3259	3	-1	0.13652	84.6531
0.0248411	10.8	37.3215	4	-1	0.13654	84.6655
0.0248411	10.8	37.3213	1	-1	0.13655	84.6717
0.024881	10.8	37.3138	2	-1	0.13658	84.6168
0.0248811	10.8	37.3118	3	-1	0.13658	84.6168
0.024921	10.8	37.3075	4	-1	0.1366	84.6292
0.024921	10.8	37.3073	1	-1	0.13661	84.6354
0.024961	10.8	37.2998	2	-1	0.13664	84.5806
0.024961	10.8	37.2981	3	-1	0.13663	84.5744
0.025001	10.8	37.2935	4	-1	0.13666	84.593
0.025001	10.8	37.2933	1	-1	0.13667	84.5992
0.025041	10.8	37.2861	2	-1	0.1367	84.5445
0.0250411	10.8	37.2845	3	-1	0.13669	84.5383
0.0250811	10.8	37.2792	4	-1	0.13671	84.5507
0.0250811	10.8	37.279	1	-1	0.13672	84.5569
0.0251211	10.8	37.2722	2	-1	0.13676	84.5137
0.0251212	10.8	37.2706	3	-1	0.13676	84.5137
0.0251612	10.8	37.2654	4	-1	0.13677	84.5198
0.0251612	10.8	37.2652	1	-1	0.13678	84.526
0.0252013	10.8	37.258	2	-1	0.13682	84.4776
0.0252013	10.8	37.2566	3	-1	0.13681	84.4715
0.0252414	10.8	37.2517	4	-1	0.13683	84.4838
0.0252414	10.8	37.2515	1	-1	0.13684	84.49
0.0252815	10.8	37.244	2	-1	0.13688	84.4417
0.0252816	10.8	37.2429	3	-1	0.13687	84.4355
0.0253217	10.8	37.2382	4	-1	0.1369	84.454
0.0253217	10.8	37.238	1	-1	0.13691	84.4602
0.0253618	10.8	37.2306	2	-1	0.13694	84.4006
0.0253619	10.8	37.2298	3	-1	0.13692	84.3883
0.025402	10.8	37.2239	4	-1	0.13695	84.4068
0.025402	10.8	37.2237	1	-1	0.13696	84.4129
0.0254422	10.8	37.217	2	-1	0.13699	84.3638
0.0254422	10.8	37.2162	3	-1	0.13699	84.3638
0.0254824	10.8	37.2098	4	-1	0.13701	84.3762
0.0254825	10.8	37.2097	1	-1	0.13702	84.3823
0.0255227	10.8	37.2032	2	-1	0.13705	84.3281
0.0255227	10.8	37.2024	3	-1	0.13705	84.3281
0.0255629	10.8	37.1961	4	-1	0.13707	84.3404
0.0255629	10.8	37.1959	1	-1	0.13708	84.3465
0.0256032	10.8	37.1893	2	-1	0.13711	84.2924
0.0256032	10.8	37.1887	3	-1	0.1371	84.2862
0.0256435	10.8	37.1824	4	-1	0.13713	84.3047
0.0256435	10.8	37.1822	1	-1	0.13714	84.3108
0.0256838	10.8	37.1757	2	-1	0.13717	84.2568
0.0256838	10.8	37.1753	3	-1	0.13716	84.2506
0.0257241	10.8	37.1683	4	-1	0.13718	84.2629
0.0257241	10.8	37.1681	1	-1	0.13719	84.269
0.0257644	10.8	37.1617	2	-1	0.13722	84.2202
0.0257644	10.8	37.1613	3	-1	0.13722	84.2202
0.0258048	10.8	37.1544	4	-1	0.13724	84.2325
0.0258048	10.8	37.1542	1	-1	0.13725	84.2386
0.0258451	10.8	37.1478	2	-1	0.13728	84.1847
0.0258451	10.8	37.1474	3	-1	0.13728	84.1847
0.0258855	10.8	37.1407	4	-1	0.1373	84.197
0.0258855	10.8	37.1405	1	-1	0.13731	84.2031
0.0259259	10.8	37.1341	2	-1	0.13734	84.1493
0.0259259	10.8	37.1337	3	-1	0.13734	84.1493
0.0259663	10.8	37.127	4	-1	0.13736	84.1615
0.0259663	10.8	37.1269	1	-1	0.13737	84.1676
0.0260068	10.8	37.1205	2	-1	0.1374	84.1139
0.0260068	10.8	37.1201	3	-1	0.1374	84.1139
0.0260472	10.8	37.1134	4	-1	0.13742	84.1261
0.0260472	10.8	37.1132	1	-1	0.13743	84.1322
0.0260877	10.8	37.1064	2	-1	0.13746	84.0734
0.0260877	10.8	37.106	3	-1	0.13746	84.0734
0.0261282	10.8	37.0987	4	-1	0.13748	84.0856
0.0261282	10.8	37.0986	1	-1	0.13749	84.0917
0.0261687	10.8	37.0922	2	-1	0.13752	84.0381
0.0261687	10.8	37.0918	3	-1	0.13752	84.0381
0.0262092	10.8	37.0846	4	-1	0.13754	84.0504
0.0262092	10.8	37.0844	1	-1	0.13755	84.0565
0.0262497	10.8	37.0782	2	-1	0.13758	84.0029
0.0262497	10.8	37.0778	3	-1	0.13758	84.0029
0.0262903	10.8	37.0706	4	-1	0.13759	84.009
0.0262903	10.8	37.0704	1	-1	0.1376	84.0151
0.0263309	10.8	37.0641	2	-1	0.13764	83.9729
0.0263309	10.8	37.0637	3	-1	0.13764	83.9729
0.0263715	10.8	37.0573	4	-1	0.13766	83.9851
0.0263715	10.8	37.0571	1	-1	0.13767	83.9912
0.0264121	10.8	37.0504	2	-1	0.1377	83.9327
0.0264121	10.8	37.0502	3	-1	0.13769	83.9266
0.0264527	10.8	37.0437	4	-1	0.13772	83.9449
0.0264527	10.8	37.0435	1	-1	0.13773	83.951
0.0264934	10.8	37.0372	2	-1	0.13776	83.8977
0.0264934	10.8	37.0372	3	-1	0.13775	83.8916
0.026534	10.8	37.0297	4	-1	0.13777	83.9038
0.026534	10.8	37.0295	1	-1	0.13778	83.9099
0.0265747	10.8	37.0236	2	-1	0.13781	83.8617
0.0265747	10.8	37.0236	3	-1	0.13781	83.8617
0.0266154	10.8	37.016	4	-1	0.13783	83.8739
0.0266154	10.8	37.0158	1	-1	0.13784	83.88
0.0266561	10.8	37.0099	2	-1	0.13787	83.8268
0.0266561	10.8	37.0099	3	-1	0.13787	83.8268
0.0266968	10.8	37.0026	4	-1	0.13789	83.839
0.0266968	10.8	37.0024	1	-1	0.1379	83.8451
0.0267376	10.8	36.9959	2	-1	0.13793	83.7869
0.0267376	10.8	36.9959	3	-1	0.13793	83.7869
0.0267784	10.8	36.9881	4	-1	0.13795	83.7991
0.0267784	10.8	36.9879	1	-1	0.13796	83.8051
0.0268191	10.8	36.9818	2	-1	0.13799	83.7521
0.0268191	10.8	36.9818	3	-1	0.13799	83.7521
0.0268599	10.8	36.9741	4	-1	0.13801	83.7643
0.0268599	10.8	36.9739	1	-1	0.13802	83.7703
0.0269007	10.8	36.968	2	-1	0.13805	83.7174
0.0269007	10.8	36.968	3	-1	0.13805	83.7174
0.0269416	10.8	36.9605	4	-1	0.13807	83.7295
0.0269416	10.8	36.9603	1	-1	0.13808	83.7356
0.0269824	10.8	36.9544	2	-1	0.13811	83.6827
0.0269824	10.8	36.9544	3	-1	0.13811	83.6827
0.0270233	10.8	36.9468	4	-1	0.13812	83.6888
0.0270233	10.8	36.9466	1	-1	0.13813	83.6949
0.0270642	10.8	36.9407	2	-1	0.13817	83.6532
0.0270642	10.8	36.9407	3	-1	0.13817	83.6532
0.0271051	10.8	36.9335	4	-1	0.13818	83.6593
0.0271051	10.8	36.9334	1	-1	0.13819	83.6653
0.027146	10.8	36.9267	3	-1	0.13822	83.6126
0.027146	10.8	36.9266	2	-1	0.13823	83.6187
0.027187	10.8	36.9204	4	-1	0.13825	83.6308
0.027187	10.8	36.9202	1	-1	0.13826	83.6368
0.0272279	10.8	36.9125	3	-1	0.13827	83.562
0.0272279	10.8	36.9123	2	-1	0.13828	83.568
0.0272689	10.8	36.9056	4	-1	0.13831	83.5861
0.0272689	10.8	36.9054	1	-1	0.13832	83.5922
0.0273099	10.8	36.8991	3	-1	0.13834	83.5336
0.0273099	10.8	36.8989	2	-1	0.13835	83.5396
0.0273509	10.8	36.8912	4	-1	0.13836	83.5457
0.0273509	10.8	36.891	1	-1	0.13837	83.5517
0.0273919	10.8	36.8857	2	-1	0.13841	83.5103
0.0273919	10.8	36.8857	3	-1	0.13841	83.5103
0.027433	10.8	36.8781	4	-1	0.13842	83.5164
0.027433	10.8	36.878	1	-1	0.13843	83.5224
0.027474	10.8	36.8717	3	-1	0.13846	83.47
0.027474	10.8	36.8715	2	-1	0.13847	83.476
0.0275151	10.8	36.8651	4	-1	0.13848	83.482
0.0275151	10.8	36.865	1	-1	0.13849	83.4881
0.0275562	10.8	36.8576	3	-1	0.13851	83.4297
0.0275562	10.8	36.8574	2	-1	0.13852	83.4357
0.0275973	10.8	36.852	1	-1	0.13855	83.4538
0.0275973	10.8	36.852	4	-1	0.13855	83.4538
0.0276385	10.8	36.8442	3	-1	0.13857	83.3905
0.0276385	10.8	36.844	2	-1	0.13858	83.3965
0.0276796	10.8	36.8373	4	-1	0.1386	83.4086
0.0276796	10.8	36.8371	1	-1	0.13861	83.4146
0.0277208	10.8	36.8305	3	-1	0.13863	83.3564
0.0277208	10.8	36.8303	2	-1	0.13864	83.3624
0.027762	10.8	36.8231	4	-1	0.13866	83.3744
0.027762	10.8	36.823	1	-1	0.13867	83.3804
0.0278032	10.8	36.8172	2	-1	0.1387	83.3283
0.0278032	10.8	36.8172	3	-1	0.1387	83.3283
0.0278444	10.8	36.81	4	-1	0.13872	83.3403
0.0278444	10.8	36.8099	1	-1	0.13873	83.3464
0.0278856	10.8	36.8036	3	-1	0.13875	83.2883
0.0278856	10.8	36.8035	2	-1	0.13876	83.2943
0.0279269	10.8	36.7968	4	-1	0.13878	83.3063
0.0279269	10.8	36.7966	1	-1	0.13879	83.3123
0.0279681	10.8	36.7897	3	-1	0.13881	83.2494
0.0279681	10.8	36.7896	2	-1	0.13882	83.2554
0.0280094	10.8	36.7826	4	-1	0.13884	83.2674
0.0280094	10.8	36.7824	1	-1	0.13885	83.2734
0.0280507	10.8	36.776	3	-1	0.13887	83.2155
0.0280508	10.8	36.7758	2	-1	0.13888	83.2215
0.0280921	10.8	36.7686	4	-1	0.13889	83.2275
0.0280921	10.8	36.7684	1	-1	0.1389	83.2335
0.0281334	10.8	36.7622	3	-1	0.13893	83.1866
0.0281334	10.8	36.762	2	-1	0.13894	83.1926
0.0281748	10.8	36.7556	4	-1	0.13896	83.2046
0.0281748	10.8	36.7555	1	-1	0.13897	83.2106
0.0282161	10.8	36.7486	3	-1	0.13898	83.1419
0.0282162	10.8	36.7484	2	-1	0.13899	83.1479
0.0282576	10.8	36.7419	4	-1	0.13902	83.1658
0.0282576	10.8	36.7417	1	-1	0.13903	83.1718
0.028299	10.8	36.7345	3	-1	0.13904	83.1032
0.028299	10.8	36.7344	2	-1	0.13905	83.1092
0.0283404	10.8	36.7277	4	-1	0.13908	83.1271
0.0283404	10.8	36.7275	1	-1	0.13909	83.1331
0.0283818	10.8	36.7217	3	-1	0.13911	83.0755
0.0283818	10.8	36.7215	2	-1	0.13912	83.0815
0.0284233	10.8	36.7139	4	-1	0.13913	83.0875
0.0284233	10.8	36.7137	1	-1	0.13914	83.0935
0.0284648	10.8	36.7083	3	-1	0.13917	83.0469
0.0284648	10.8	36.7082	2	-1	0.13918	83.0529
0.0285063	10.8	36.7011	4	-1	0.13919	83.0588
0.0285063	10.8	36.701	1	-1	0.1392	83.0648
0.0285478	10.8	36.6939	3	-1	0.13922	83.0024
0.0285478	10.8	36.6937	2	-1	0.13923	83.0084
0.0285893	10.8	36.6873	4	-1	0.13925	83.0203
0.0285894	10.8	36.6871	1	-1	0.13926	83.0263
0.0286309	10.8	36.68	3	-1	0.13928	82.969
0.0286309	10.8	36.6798	2	-1	0.13929	82.9749
0.0286725	10.8	36.6738	4	-1	0.13932	82.9928
0.0286725	10.8	36.6737	1	-1	0.13933	82.9987
0.0287141	10.8	36.6671	3	-1	0.13934	82.9306
0.0287141	10.8	36.667	2	-1	0.13935	82.9366
0.0287557	10.8	36.66	4	-1	0.13937	82.9485
0.0287557	10.8	36.6599	1	-1	0.13938	82.9544
0.0287973	10.8	36.6543	3	-1	0.1394	82.9022
0.0287973	10.8	36.6542	2	-1	0.13941	82.9081
0.0288389	10.8	36.6461	4	-1	0.13942	82.9141
0.0288389	10.8	36.6459	1	-1	0.13943	82.92
0.0288806	10.8	36.6401	2	-1	0.13947	82.8748
0.0288806	10.8	36.6401	3	-1	0.13947	82.8748
0.0289223	10.8	36.6335	4	-1	0.13949	82.8867
0.0289223	10.8	36.6333	1	-1	0.1395	82.8926
0.028964	10.8	36.6263	3	-1	0.13952	82.8307
0.028964	10.8	36.6261	2	-1	0.13953	82.8366
0.0290057	10.8	36.6204	4	-1	0.13955	82.8485
0.0290057	10.8	36.6202	1	-1	0.13956	82.8544
0.0290474	10.8	36.6124	3	-1	0.13957	82.7866
0.0290474	10.8	36.6123	2	-1	0.13958	82.7926
0.0290892	10.8	36.6057	4	-1	0.13961	82.8104
0.0290892	10.8	36.6055	1	-1	0.13962	82.8163
0.0291309	10.8	36.5996	3	-1	0.13964	82.7594
0.0291309	10.8	36.5994	2	-1	0.13965	82.7654
0.0291727	10.8	36.5916	4	-1	0.13966	82.7713
0.0291727	10.8	36.5914	1	-1	0.13967	82.7772
0.0292145	10.8	36.5865	2	-1	0.13971	82.7372
0.0292145	10.8	36.5865	3	-1	0.13971	82.7372
0.0292563	10.8	36.5791	4	-1	0.13972	82.7431
0.0292563	10.8	36.579	1	-1	0.13973	82.749
0.0292982	10.8	36.5723	3	-1	0.13976	82.6933
0.0292982	10.8	36.5722	2	-1	0.13977	82.6992
0.02934	10.8	36.5657	4	-1	0.13978	82.7052
0.02934	10.8	36.5655	1	-1	0.13979	82.7111
0.0293819	10.8	36.558	3	-1	0.13981	82.6544
0.0293819	10.8	36.5578	2	-1	0.13982	82.6604
0.0294238	10.8	36.5525	4	-1	0.13985	82.6781
0.0294238	10.8	36.5524	1	-1	0.13986	82.684
0.0294657	10.8	36.5451	3	-1	0.13987	82.6167
0.0294657	10.8	36.5449	2	-1	0.13988	82.6226
0.0295076	10.8	36.5385	4	-1	0.13991	82.6403
0.0295076	10.8	36.5383	1	-1	0.13992	82.6462
0.0295495	10.8	36.5318	3	-1	0.13993	82.5789
0.0295496	10.8	36.5317	2	-1	0.13994	82.5848
0.0295915	10.8	36.5241	4	-1	0.13996	82.5966
0.0295915	10.8	36.524	1	-1	0.13997	82.6025
0.0296335	10.8	36.5189	3	-1	0.14	82.5569
0.0296335	10.8	36.5188	2	-1	0.14001	82.5628
0.0296755	10.8	36.511	4	-1	0.14001	82.5628
0.0296755	10.8	36.5108	1	-1	0.14002	82.5687
0.0297175	10.8	36.5047	3	-1	0.14006	82.5242
0.0297175	10.8	36.5045	2	-1	0.14007	82.53
0.0297595	10.8	36.4982	4	-1	0.14008	82.5359
0.0297595	10.8	36.4981	1	-1	0.14009	82.5418
0.0298016	10.8	36.4902	3	-1	0.14011	82.4807
0.0298016	10.8	36.4901	2	-1	0.14012	82.4866
0.0298436	10.8	36.4856	1	-1	0.14015	82.5043
0.0298436	10.8	36.4856	4	-1	0.14015	82.5043
0.0298857	10.8	36.4773	3	-1	0.14016	82.4422
0.0298857	10.8	36.4771	2	-1	0.14017	82.4481
0.0299278	10.8	36.4716	1	-1	0.14021	82.4716
0.0299278	10.8	36.4716	4	-1	0.14021	82.4716
0.0299699	10.8	36.4642	3	-1	0.14022	82.4048
0.0299699	10.8	36.4641	2	-1	0.14023	82.4107
0.0300121	10.8	36.4572	4	-1	0.14026	82.4283
0.0300121	10.8	36.457	1	-1	0.14027	82.4342
0.0300542	10.8	36.4517	3	-1	0.14029	82.3782
0.0300542	10.8	36.4515	2	-1	0.1403	82.384
0.0300964	10.8	36.4436	4	-1	0.14031	82.3899
0.0300964	10.8	36.4435	1	-1	0.14032	82.3958
0.0301386	10.8	36.4381	2	-1	0.14036	82.3516
0.0301386	10.8	36.4381	3	-1	0.14036	82.3516
0.0301808	10.8	36.4306	4	-1	0.14037	82.3574
0.0301808	10.8	36.4305	1	-1	0.14038	82.3633
0.030223	10.8	36.4239	3	-1	0.14041	82.3133
0.030223	10.8	36.4237	2	-1	0.14042	82.3191
0.0302653	10.8	36.4183	4	-1	0.14044	82.3309
0.0302653	10.8	36.4182	1	-1	0.14045	82.3367
0.0303075	10.8	36.4098	3	-1	0.14046	82.2654
0.0303075	10.8	36.4097	2	-1	0.14047	82.2713
0.0303498	10.8	36.4045	1	-1	0.14051	82.2947
0.0303498	10.8	36.4045	4	-1	0.14051	82.2947
0.0303921	10.8	36.3973	3	-1	0.14052	82.2331
0.0303921	10.8	36.3972	2	-1	0.14053	82.239
0.0304344	10.8	36.3904	4	-1	0.14056	82.2566
0.0304344	10.8	36.3902	1	-1	0.14057	82.2624
0.0304768	10.8	36.3853	3	-1	0.14059	82.2068
0.0304768	10.8	36.3851	2	-1	0.1406	82.2126
0.0305191	10.8	36.3763	4	-1	0.1406	82.2126
0.0305191	10.8	36.3761	1	-1	0.14061	82.2185
0.0305615	10.8	36.3711	2	-1	0.14066	82.1852
0.0305615	10.8	36.3711	3	-1	0.14066	82.1852
0.0306039	10.8	36.3644	4	-1	0.14067	82.1911
0.0306039	10.8	36.3643	1	-1	0.14068	82.1969
0.0306463	10.8	36.3565	3	-1	0.1407	82.1366
0.0306463	10.8	36.3564	2	-1	0.14071	82.1424
0.0306887	10.8	36.3519	1	-1	0.14074	82.16
0.0306887	10.8	36.3517	4	-1	0.14075	82.1658
0.0307311	10.8	36.3426	3	-1	0.14075	82.0939
0.0307311	10.8	36.3424	2	-1	0.14076	82.0997
0.0307736	10.8	36.3378	1	-1	0.1408	82.1231
0.0307736	10.8	36.3375	4	-1	0.14081	82.1289
0.0308161	10.8	36.3306	3	-1	0.14081	82.0619
0.0308161	10.8	36.3305	2	-1	0.14082	82.0677
0.0308586	10.8	36.3233	4	-1	0.14085	82.0852
0.0308586	10.8	36.3231	1	-1	0.14088	82.1027
0.0309011	10.8	36.3184	3	-1	0.14089	82.0272
0.0309011	10.8	36.3183	2	-1	0.1409	82.0331
0.0309436	10.8	36.3092	4	-1	0.1409	82.0331
0.0309436	10.8	36.309	1	-1	0.14091	82.0389
0.0309862	10.8	36.3048	2	-1	0.14095	82.0097
0.0309862	10.8	36.3047	3	-1	0.14096	82.0155
0.0310287	10.8	36.2971	4	-1	0.14096	82.0155
0.0310287	10.8	36.297	1	-1	0.14097	82.0213
0.0310713	10.8	36.2895	3	-1	0.141	81.9672
0.0310713	10.8	36.2893	2	-1	0.14102	81.9788
0.0311139	10.8	36.2857	1	-1	0.14104	81.9905
0.0311139	10.8	36.2857	4	-1	0.14104	81.9905
0.0311565	10.8	36.2753	3	-1	0.14104	81.919
0.0311565	10.8	36.2752	2	-1	0.14105	81.9248
0.0311991	10.8	36.2716	1	-1	0.14109	81.9481
0.0311992	10.8	36.2711	4	-1	0.14112	81.9655
0.0312418	10.8	36.2629	3	-1	0.1411	81.8873
0.0312418	10.8	36.2628	2	-1	0.14111	81.8931
0.0312845	10.8	36.2566	1	-1	0.14117	81.9279
0.0312845	10.8	36.2563	4	-1	0.14116	81.9221
0.0313272	10.8	36.2525	3	-1	0.14118	81.8577
0.0313272	10.8	36.2524	2	-1	0.14119	81.8635
0.0313699	10.8	36.242	4	-1	0.14119	81.8635
0.0313699	10.8	36.2419	1	-1	0.14122	81.8809
0.0314126	10.8	36.2387	2	-1	0.14124	81.8261
0.0314126	10.8	36.2384	3	-1	0.14126	81.8377
0.0314553	10.8	36.2298	4	-1	0.14125	81.8319
0.0314553	10.8	36.2297	1	-1	0.14126	81.8377
0.0314981	10.8	36.2236	2	-1	0.14132	81.8108
0.0314981	10.8	36.2234	3	-1	0.14131	81.805
0.0315409	10.8	36.2187	4	-1	0.14133	81.8166
0.0315409	10.8	36.2186	1	-1	0.14134	81.8224
0.0315837	10.8	36.2086	3	-1	0.14134	81.7467
0.0315837	10.8	36.2085	2	-1	0.14136	81.7582
0.0316265	10.8	36.2057	1	-1	0.14139	81.7756
0.0316265	10.8	36.2054	4	-1	0.14141	81.7872
0.0316693	10.8	36.196	3	-1	0.14139	81.7094
0.0316693	10.8	36.1958	2	-1	0.1414	81.7152
0.0317122	10.8	36.1901	1	-1	0.14147	81.7557
0.0317122	10.8	36.1899	4	-1	0.14146	81.7499
0.031755	10.8	36.1862	3	-1	0.14148	81.6859
0.031755	10.8	36.186	2	-1	0.14149	81.6917
0.0317979	10.8	36.1744	4	-1	0.14148	81.6859
0.0317979	10.8	36.1742	1	-1	0.1415	81.6975
0.0318408	10.8	36.1723	2	-1	0.14154	81.664
0.0318409	10.8	36.1718	3	-1	0.14157	81.6813
0.0318837	10.8	36.1627	4	-1	0.14154	81.664
0.0318838	10.8	36.1626	1	-1	0.14155	81.6697
0.0319267	10.8	36.1567	2	-1	0.14162	81.6489
0.0319267	10.8	36.1564	3	-1	0.14161	81.6431
0.0319697	10.8	36.1536	1	-1	0.14163	81.6547
0.0319697	10.8	36.1534	4	-1	0.14164	81.6604
0.0320126	10.8	36.1406	3	-1	0.14162	81.5689
0.0320126	10.8	36.1405	2	-1	0.14165	81.5862
0.0320556	10.8	36.1399	1	-1	0.14167	81.5977
0.0320556	10.8	36.1389	4	-1	0.14173	81.6323
0.0320986	10.8	36.1283	3	-1	0.14167	81.5367
0.0320986	10.8	36.1282	2	-1	0.14168	81.5424
0.0321417	10.8	36.1225	1	-1	0.14177	81.5942
0.0321417	10.8	36.1215	4	-1	0.14177	81.5942
0.0321847	10.8	36.121	2	-1	0.14178	81.5156
0.0321847	10.8	36.121	3	-1	0.14178	81.5156
0.0322278	10.8	36.1066	4	-1	0.14176	81.5041
0.0322278	10.8	36.1064	1	-1	0.14184	81.55
0.0322708	10.8	36.1079	2	-1	0.14181	81.4579
0.0322709	10.8	36.1067	3	-1	0.14189	81.5038
0.032314	10.8	36.0934	4	-1	0.1418	81.4521
0.032314	10.8	36.0933	1	-1	0.14181	81.4579
0.0323571	10.8	36.0899	2	-1	0.1419	81.4862
0.0323571	10.8	36.0881	3	-1	0.14194	81.5091
0.0324002	10.8	36.0873	4	-1	0.14192	81.4976
0.0324002	10.8	36.0871	1	-1	0.14193	81.5034
0.0324434	10.8	36.0734	2	-1	0.14203	81.4626
0.0324434	10.8	36.0733	3	-1	0.14192	81.3995
0.0324865	10.8	36.0769	1	-1	0.14194	81.411
0.0324866	10.8	36.0753	4	-1	0.14205	81.474
0.0325297	10.8	36.0584	3	-1	0.14193	81.3586
0.0325297	10.8	36.0583	2	-1	0.14195	81.37
0.0325729	10.8	36.0573	1	-1	0.14202	81.4101
0.032573	10.8	36.0542	4	-1	0.14212	81.4675
0.0326162	10.8	36.0527	3	-1	0.14204	81.347
0.0326162	10.8	36.0525	2	-1	0.14205	81.3527
0.0326594	10.8	36.0384	1	-1	0.14218	81.4272
0.0326595	10.8	36.0368	4	-1	0.14208	81.3699
0.0327027	10.8	36.0446	2	-1	0.14208	81.2536
0.0327027	10.8	36.0428	3	-1	0.1422	81.3222
0.032746	10.8	36.0239	4	-1	0.14206	81.2421
0.032746	10.8	36.0238	1	-1	0.14218	81.3108
0.0327892	10.8	36.0269	2	-1	0.14214	81.2461
0.0327893	10.8	36.023	3	-1	0.14229	81.3318
0.0328326	10.8	36.0151	4	-1	0.14214	81.2461
0.0328326	10.8	36.015	1	-1	0.14215	81.2518
0.0328759	10.8	36.0052	2	-1	0.14229	81.3086
0.032876	10.8	36.0014	3	-1	0.14228	81.3029
0.0329192	10.8	36.0119	1	-1	0.14226	81.2914
0.0329193	10.8	36.011	4	-1	0.14232	81.3257
0.0329627	10.8	35.9902	2	-1	0.14245	81.3071
0.0329627	10.8	35.9899	3	-1	0.14221	81.1701
0.033006	10.8	35.9989	1	-1	0.14225	81.1929
0.0330061	10.8	35.995	4	-1	0.14246	81.3128
0.0330494	10.8	35.9771	2	-1	0.14227	81.1673
0.0330928	10.8	35.9743	1	-1	0.14238	81.23
0.033093	10.8	35.9688	4	-1	0.1425	81.2985
0.0331363	10.8	35.9772	3	-1	0.14241	81.1499
0.0331363	10.8	35.9771	2	-1	0.14242	81.1556
0.0331798	10.8	35.9542	1	-1	0.14259	81.2525
0.0331799	10.8	35.9515	4	-1	0.14239	81.1385
0.0332232	10.8	35.9685	2	-1	0.14238	80.9944
0.0332233	10.8	35.9652	3	-1	0.14261	81.1252
0.0332668	10.8	35.9419	4	-1	0.14236	80.983
0.0332668	10.8	35.9418	1	-1	0.14256	81.0968
0.0333102	10.8	35.9466	2	-1	0.14247	81.0179
0.0333104	10.8	35.9403	3	-1	0.14269	81.143
0.0333538	10.8	35.9373	4	-1	0.14248	81.0236
0.0333538	10.8	35.9371	1	-1	0.14249	81.0293
0.0333973	10.8	35.9211	2	-1	0.14268	81.1281
0.0333975	10.8	35.9155	3	-1	0.14263	81.0997
0.0334409	10.8	35.9356	1	-1	0.14257	81.0656
0.0334409	10.8	35.9337	4	-1	0.14271	81.1452
0.0334845	10.8	35.907	2	-1	0.14286	81.1566
0.033528	10.8	35.9207	1	-1	0.14256	80.9862
0.0335717	10.8	35.8959	2	-1	0.14262	80.9835
0.0336153	10.8	35.8926	1	-1	0.14273	81.0459
0.0336156	10.8	35.8843	4	-1	0.14288	81.1311
0.033659	10.8	35.8998	2	-1	0.14277	80.9491
0.0337027	10.8	35.8696	1	-1	0.14298	81.0682
0.0337029	10.8	35.8647	4	-1	0.14273	80.9265
0.0338776	10.8	35.8568	1	-1	0.14281	80.7612
0.0339216	10.8	35.8302	3	-1	0.143	80.9235
0.0339651	10.8	35.8601	1	-1	0.14291	80.8726
0.0339652	10.8	35.8578	4	-1	0.14308	80.9688
0.034009	10.8	35.8226	2	-1	0.14327	80.9893
0.0340527	10.8	35.8448	1	-1	0.14286	80.7575
0.0340967	10.8	35.8149	2	-1	0.14302	80.8342
0.0341403	10.8	35.8123	1	-1	0.14305	80.8512
0.0341407	10.8	35.8012	4	-1	0.14328	80.9812
0.0341844	10.8	35.8223	2	-1	0.14311	80.7573
0.0342282	10.8	35.7859	1	-1	0.14336	80.8984
0.0343162	10.8	35.7801	1	-1	0.14351	80.8006
0.0343599	10.8	35.7927	2	-1	0.14309	80.4554
0.034404	10.8	35.7758	1	-1	0.14312	80.4723
0.0344483	10.8	35.7475	3	-1	0.1434	80.766
0.034492	10.8	35.783	1	-1	0.14328	80.6984
0.0344921	10.8	35.7812	4	-1	0.14341	80.7716
0.0345361	10.8	35.739	2	-1	0.14365	80.7976
0.03458	10.8	35.77	1	-1	0.14317	80.5276
0.0346681	10.8	35.7368	1	-1	0.14336	80.6435
0.0347123	10.8	35.7403	2	-1	0.14341	80.5448
0.0347567	10.8	35.6951	4	-1	0.14348	80.5841
0.0348448	10.8	35.6949	1	-1	0.14392	80.6365
0.0348887	10.8	35.7191	2	-1	0.14337	80.189
0.0349331	10.8	35.6916	1	-1	0.1435	80.2618
0.0349776	10.8	35.6648	3	-1	0.14383	80.5951
0.0350215	10.8	35.7062	1	-1	0.14366	80.4998
0.0350216	10.8	35.7053	4	-1	0.14373	80.5391
0.0350657	10.8	35.6535	2	-1	0.14404	80.6044
0.0351099	10.8	35.6977	1	-1	0.14347	80.2854
0.0352429	10.8	35.6567	2	-1	0.14367	80.3344
0.0352876	10.8	35.6082	4	-1	0.14391	80.4686
0.035376	10.8	35.6061	1	-1	0.14435	80.4896
0.0355089	10.8	35.6019	2	-1	0.14392	80.2051
0.0355537	10.8	35.6275	1	-1	0.14401	80.2552
0.0356424	10.8	35.6261	1	-1	0.14377	80.0546
0.0357313	10.8	35.5925	1	-1	0.14386	80.1716
0.0357761	10.8	35.5721	2	-1	0.14401	80.1793
0.0358212	10.8	35.5233	4	-1	0.14436	80.3741
0.0360434	10.8	35.5284	2	-1	0.14417	79.8593
0.0360884	10.8	35.5453	1	-1	0.14426	79.9092
0.0361776	10.8	35.5557	1	-1	0.14407	79.8747
0.0362668	10.8	35.5246	1	-1	0.14402	79.8913
0.036312	10.8	35.4813	2	-1	0.14431	80.0344
0.0363563	10.8	35.4594	1	-1	0.14455	80.1675
0.0364016	10.8	35.5186	3	-1	0.14467	79.9591
0.0366257	10.8	35.4559	1	-1	0.14437	79.4245
0.0366713	10.8	35.3588	3	-1	0.14484	80.0133
0.0368048	10.8	35.4651	1	-1	0.14405	79.5373
0.0369403	10.8	35.4443	2	-1	0.14481	79.7632
0.0370755	10.8	35.3237	1	-1	0.14598	79.9452
0.0371197	10.8	35.402	2	-1	0.14425	78.7907
0.0372117	10.8	35.265	3	-1	0.14543	79.8759
0.0374817	10.8	35.3466	2	-1	0.14482	79.5321
0.0377989	10.8	35.3344	1	-1	0.14534	79.088
0.0379797	10.8	35.2741	1	-1	0.14481	79.3132
0.0380724	10.8	35.1434	4	-1	0.1459	79.8096
0.0382535	10.8	35.1818	1	-1	0.14662	79.357
0.0385266	10.8	35.2071	1	-1	0.14527	79.0542
0.0388017	10.8	35.1016	1	-1	0.14699	79.2228
0.0388468	10.8	35.1389	2	-1	0.14571	78.4146
0.0390759	10.8	35.1541	1	-1	0.14536	78.6836
0.0391676	10.8	35.0504	1	-1	0.1461	79.2042
0.0392143	10.8	35.1449	2	-1	0.14633	78.9735
0.039444	10.8	35.0379	1	-1	0.14545	77.7267
0.0397661	10.8	35.0714	2	-1	0.1457	78.8377
0.0400894	10.8	35.1032	1	-1	0.14642	78.0282
0.0403693	10.8	34.7	4	-1	0.1473	79.2959
0.0408308	10.8	34.8572	1	-1	0.14624	78.2786
0.0411118	10.8	34.7693	1	-1	0.14859	78.362
0.0413913	10.8	34.8038	1	-1	0.14657	77.9379
0.041439	10.8	34.7154	2	-1	0.14885	79.1797
0.0415341	10.8	34.7724	3	-1	0.14776	78.1427
0.0416734	10.8	34.6512	1	-1	0.14906	78.3166
0.0417196	10.8	34.7192	2	-1	0.14731	77.2227
0.0419545	10.8	34.7603	1	-1	0.1467	77.537
0.0420032	10.8	34.6684	2	-1	0.14931	79.134
0.0426635	10.8	34.6552	2	-1	0.14742	77.704
0.0429945	10.8	34.719	1	-1	0.14751	76.8922
0.0434673	10.8	34.1948	1	-1	0.15126	77.9932
0.0435142	10.8	34.4257	2	-1	0.1471	75.5327
0.0438025	10.8	34.4256	2	-1	0.15056	79.1879
0.0441883	10.8	34.1625	3	-1	0.14992	76.9176
0.0448119	10.8	34.3114	4	-1	0.14969	76.3724
0.0455817	10.8	34.2577	1	-1	0.14829	76.3988
0.0459195	10.8	34.2196	2	-1	0.14778	74.5535
0.0460243	10.8	33.8051	3	-1	0.15074	76.9671
0.0468439	10.8	34.0689	1	-1	0.14745	76.064
0.0469515	10.8	33.6409	4	-1	0.15113	77.7738
0.0474331	10.8	33.9665	1	-1	0.14862	75.622
0.0477307	10.8	33.5989	1	-1	0.15405	76.5999
0.047779	10.8	33.8339	2	-1	0.14981	74.2332
0.0480774	10.8	33.7837	2	-1	0.15326	77.5097
0.0481795	10.8	33.893	3	-1	0.15165	76.0188
0.048325	10.8	33.6032	1	-1	0.15425	76.403
0.0499695	10.8	33.409	2	-1	0.1555	78.464
0.050618	10.8	33.5736	1	-1	0.14932	74.9448
0.0507314	10.8	33.1223	4	-1	0.15301	76.5165
0.0509233	10.8	33.0771	1	-1	0.15609	75.6397
0.0512247	10.8	33.4861	1	-1	0.15041	74.35
0.0516922	10.8	33.093	3	-1	0.15456	74.415
0.051837	10.8	33.3534	1	-1	0.15217	74.1244
0.0521454	10.8	33.0895	1	-1	0.15681	75.1906
0.0529636	10.8	33.708	1	-1	0.15206	73.562
0.053476	10.8	32.9162	1	-1	0.15679	74.7473
0.0538829	10.8	33.2059	1	-1	0.15026	73.9359
0.0545613	10.8	33.5862	2	-1	0.15191	73.9257
0.0549834	10.8	32.588	3	-1	0.15694	73.244
0.055027	10.8	32.6642	1	-1	0.15691	73.23
0.0550397	10.8	32.6382	4	-1	0.15683	73.1927
0.0551446	10.8	32.5968	4	-1	0.15693	74.0341
0.055192	10.8	32.7755	3	-1	0.15598	73.638
0.0554923	10.8	33.1376	2	-1	0.15038	70.4983
0.0558025	10.8	32.8749	2	-1	0.15381	72.9165
0.055969	10.8	33.4416	1	-1	0.15106	71.7522
0.0560725	10.8	33.4129	1	-1	0.15323	74.0027
0.0565428	10.8	32.2707	2	-1	0.15875	74.1199
0.0565983	10.8	32.5504	1	-1	0.15754	73.555
0.0570775	10.8	33.1557	2	-1	0.15711	75.4212
0.0571181	10.8	32.9846	1	-1	0.15174	72.8434
0.0572216	10.8	33.0947	1	-1	0.15176	72.6507
0.0573261	10.8	33.219	1	-1	0.1513	71.4724
0.057391	10.8	33.4735	2	-1	0.15076	71.5656
0.0574952	10.8	33.3871	2	-1	0.1532	73.116
0.0575588	10.8	32.1483	4	-1	0.15627	74.5812
0.0579251	10.8	32.3827	3	-1	0.15862	72.4789
0.0584024	10.8	32.259	1	-1	0.16135	73.1613
0.0586171	10.8	33.0305	1	-1	0.15756	72.3482
0.0587629	10.8	33.0962	2	-1	0.15171	70.386
0.0589337	10.8	33.3699	1	-1	0.15148	70.795
0.0594692	10.8	32.239	1	-1	0.15947	73.0676
0.0599576	10.8	32.2391	2	-1	0.16163	75.6659
0.060321	10.8	33.0031	1	-1	0.1519	69.6087
0.0604934	10.8	33.1894	2	-1	0.15323	71.9288
0.0609259	10.8	31.9423	2	-1	0.16001	71.182
0.0614201	10.8	31.7764	1	-1	0.16326	72.412
0.0617881	10.8	32.5827	2	-1	0.15439	70.1199
0.0618969	10.8	32.8409	2	-1	0.15281	69.4875
0.0620712	10.8	32.9585	1	-1	0.15525	72.0384
0.0626198	10.8	31.8472	1	-1	0.16146	72.0161
0.0630086	10.8	31.7947	2	-1	0.16317	74.5375
0.0641494	10.8	37.4813	4	-1	0.10046	40.526
0.0646811	10.8	35.6155	1	-1	0.09345	67.3514
