0.004436	13	29.8556	2	-1	0.08872	189.979
0.007482	13	31.833	3	-1	0.14964	320.428
0.01037	13	33.249	1	-1	0.1607	344.111
0.0122305	13	34.0441	4	-1	0.15589	333.812
0.015049	13	34.4198	2	-1	0.14984	71.4442
0.017508	13	35.2375	3	-1	0.14276	68.0685
0.01996	13	35.817	1	-1	0.14277	68.0732
0.022126	13	36.3228	4	-1	0.14154	67.4868
0.024561	13	36.5665	2	-1	0.1389	72.5895
0.026838	13	36.9717	3	-1	0.13756	71.8892
0.0291895	13	37.1413	1	-1	0.13601	71.0792
0.0313155	13	37.432	4	-1	0.13509	70.5984
0.0337465	13	37.4825	2	-1	0.13396	72.8994
0.0358785	13	37.7204	3	-1	0.13378	72.8015
0.038225	13	37.7105	1	-1	0.13296	72.3552
0.040389	13	37.9154	4	-1	0.13285	72.2954
0.0427485	13	37.9127	2	-1	0.13213	73.105
0.044832	13	38.0796	3	-1	0.13214	73.1105
0.047197	13	37.9747	1	-1	0.13166	72.845
0.0493335	13	38.1357	4	-1	0.1317	72.8671
0.0516945	13	38.0792	2	-1	0.13126	73.2314
0.053771	13	38.2201	3	-1	0.13148	73.3542
0.0561315	13	38.0931	1	-1	0.13111	73.1477
0.0582585	13	38.235	4	-1	0.13128	73.2426
0.0606165	13	38.1496	2	-1	0.13094	73.249
0.06269	13	38.2795	3	-1	0.13117	73.3777
0.065058	13	38.1394	1	-1	0.13088	73.2155
0.0671715	13	38.2732	4	-1	0.1311	73.3386
0.0695335	13	38.1686	2	-1	0.13081	73.2665
0.071612	13	38.2959	3	-1	0.13108	73.4177
0.0739815	13	38.1552	1	-1	0.13081	73.2665
0.076086	13	38.2861	4	-1	0.13105	73.4009
0.078453	13	38.1675	2	-1	0.13078	73.2456
0.080534	13	38.2951	3	-1	0.13105	73.3968
0.0829085	13	38.1531	1	-1	0.1308	73.2568
0.085006	13	38.2839	4	-1	0.13106	73.4024
0.0873795	13	38.156	2	-1	0.13081	73.2337
0.0894625	13	38.2855	3	-1	0.13108	73.3848
0.091841	13	38.143	1	-1	0.13083	73.2449
0.0939345	13	38.2751	4	-1	0.1311	73.396
0.0963135	13	38.141	2	-1	0.13085	73.2028
0.0983975	13	38.2729	3	-1	0.13113	73.3594
0.100781	13	38.1293	1	-1	0.13088	73.2196
0.102871	13	38.2633	4	-1	0.13115	73.3706
0.105256	13	38.1242	2	-1	0.13091	73.175
0.10734	13	38.2586	3	-1	0.13118	73.3259
0.109729	13	38.1133	1	-1	0.13094	73.1917
0.111817	13	38.2497	4	-1	0.13121	73.3426
0.114207	13	38.1066	2	-1	0.13096	73.1375
0.116291	13	38.2438	3	-1	0.13124	73.2939
0.118685	13	38.097	1	-1	0.131	73.1598
0.12077	13	38.2357	4	-1	0.13126	73.305
0.123167	13	38.088	2	-1	0.13103	73.1072
0.12525	13	38.228	3	-1	0.1313	73.2578
0.12765	13	38.0788	1	-1	0.13106	73.1239
0.129733	13	38.2202	4	-1	0.13133	73.2746
0.132135	13	38.0701	2	-1	0.13109	73.0713
0.134218	13	38.2128	3	-1	0.13136	73.2219
0.136623	13	38.0607	1	-1	0.13112	73.0881
0.138705	13	38.2048	4	-1	0.13139	73.2386
0.141113	13	38.0517	2	-1	0.13115	73.0356
0.143194	13	38.1971	3	-1	0.13142	73.1859
0.145604	13	38.0425	1	-1	0.13118	73.0523
0.147685	13	38.1893	4	-1	0.13145	73.2027
0.150099	13	38.0339	2	-1	0.13122	73.0055
0.152178	13	38.1819	3	-1	0.13148	73.1501
0.154595	13	38.0241	1	-1	0.13125	73.0221
0.156675	13	38.1736	4	-1	0.13152	73.1724
0.159094	13	38.0154	2	-1	0.13128	72.9617
0.161172	13	38.1662	3	-1	0.13155	73.1118
0.163594	13	38.006	1	-1	0.13131	72.9784
0.165673	13	38.1582	4	-1	0.13158	73.1284
0.168097	13	37.9971	2	-1	0.13134	72.9262
0.170175	13	38.1506	3	-1	0.13161	73.0761
0.172603	13	37.9877	1	-1	0.13138	72.9484
0.174679	13	38.1426	4	-1	0.13164	73.0927
0.17711	13	37.9782	2	-1	0.13141	72.8922
0.179186	13	38.1345	3	-1	0.13167	73.0364
0.18162	13	37.9688	1	-1	0.13144	72.9088
0.183696	13	38.1266	4	-1	0.13171	73.0586
0.186132	13	37.96	2	-1	0.13147	72.8527
0.188207	13	38.119	3	-1	0.13174	73.0023
0.190646	13	37.9506	1	-1	0.13151	72.8749
0.19272	13	38.111	4	-1	0.13177	73.019
0.195163	13	37.9412	2	-1	0.13154	72.8189
0.197236	13	38.103	3	-1	0.1318	72.9628
0.199681	13	37.9319	1	-1	0.13157	72.8355
0.201754	13	38.0951	4	-1	0.13183	72.9794
0.204202	13	37.9226	2	-1	0.1316	72.7796
0.206275	13	38.0872	3	-1	0.13187	72.9289
0.208726	13	37.9134	1	-1	0.13164	72.8017
0.210797	13	38.0793	4	-1	0.1319	72.9455
0.213251	13	37.9042	2	-1	0.13167	72.7459
0.215322	13	38.0714	3	-1	0.13193	72.8895
0.217779	13	37.895	1	-1	0.1317	72.7624
0.219849	13	38.0636	4	-1	0.13196	72.9061
0.222309	13	37.8858	2	-1	0.13173	72.7067
0.224378	13	38.0557	3	-1	0.13199	72.8502
0.226841	13	37.8762	1	-1	0.13177	72.7288
0.22891	13	38.0476	4	-1	0.13203	72.8723
0.231375	13	37.8668	2	-1	0.1318	72.6691
0.233444	13	38.0396	3	-1	0.13206	72.8125
0.235912	13	37.8575	1	-1	0.13183	72.6857
0.23798	13	38.0316	4	-1	0.13209	72.829
0.240452	13	37.8478	2	-1	0.13187	72.6356
0.242519	13	38.0233	3	-1	0.13213	72.7788
0.244993	13	37.8387	1	-1	0.1319	72.6522
0.24706	13	38.0156	4	-1	0.13216	72.7954
0.249537	13	37.8296	2	-1	0.13193	72.5967
0.251603	13	38.0079	3	-1	0.13219	72.7398
0.254083	13	37.8202	1	-1	0.13196	72.6132
0.256148	13	37.9998	4	-1	0.13222	72.7563
0.258632	13	37.8105	2	-1	0.132	72.5594
0.260696	13	37.9915	3	-1	0.13226	72.7023
0.263182	13	37.8008	1	-1	0.13203	72.5759
0.265246	13	37.9833	4	-1	0.13229	72.7188
0.267735	13	37.7919	2	-1	0.13206	72.5206
0.269798	13	37.9757	3	-1	0.13232	72.6634
0.272291	13	37.7825	1	-1	0.1321	72.5426
0.274353	13	37.9676	4	-1	0.13235	72.6798
0.276848	13	37.7728	2	-1	0.13213	72.4834
0.27891	13	37.9593	3	-1	0.13239	72.626
0.281408	13	37.7638	1	-1	0.13216	72.4999
0.283469	13	37.9516	4	-1	0.13242	72.6425
0.285971	13	37.7544	2	-1	0.1322	72.4503
0.288031	13	37.9436	3	-1	0.13245	72.5873
0.290535	13	37.7446	1	-1	0.13223	72.4667
0.292595	13	37.9353	4	-1	0.13249	72.6092
0.295102	13	37.7356	2	-1	0.13226	72.4078
0.297161	13	37.9276	3	-1	0.13252	72.5501
0.299672	13	37.7262	1	-1	0.1323	72.4297
0.30173	13	37.9195	4	-1	0.13255	72.5665
0.304243	13	37.7165	2	-1	0.13233	72.3708
0.306301	13	37.9112	3	-1	0.13258	72.5075
0.308817	13	37.7067	1	-1	0.13236	72.3872
0.310874	13	37.9029	4	-1	0.13262	72.5294
0.313394	13	37.6971	2	-1	0.1324	72.3339
0.31545	13	37.8946	3	-1	0.13265	72.4705
0.317973	13	37.6869	1	-1	0.13243	72.3503
0.320029	13	37.886	4	-1	0.13269	72.4924
0.322555	13	37.6777	2	-1	0.13247	72.2932
0.324609	13	37.878	3	-1	0.13272	72.4296
0.327138	13	37.6675	1	-1	0.1325	72.3095
0.329193	13	37.8694	4	-1	0.13276	72.4514
0.331725	13	37.6585	2	-1	0.13254	72.2564
0.333778	13	37.8616	3	-1	0.13279	72.3927
0.336313	13	37.6485	1	-1	0.13257	72.2728
0.338366	13	37.8531	4	-1	0.13282	72.4091
0.340905	13	37.6388	2	-1	0.13261	72.2198
0.342956	13	37.8448	3	-1	0.13286	72.356
0.345498	13	37.6294	1	-1	0.13264	72.2361
0.347549	13	37.8368	4	-1	0.13289	72.3723
0.350093	13	37.6203	2	-1	0.13267	72.1778
0.352144	13	37.829	3	-1	0.13292	72.3138
0.354692	13	37.6105	1	-1	0.13271	72.1996
0.356741	13	37.8206	4	-1	0.13296	72.3356
0.359292	13	37.6005	2	-1	0.13274	72.1374
0.361341	13	37.8121	3	-1	0.13299	72.2732
0.363896	13	37.591	1	-1	0.13278	72.1591
0.365944	13	37.8039	4	-1	0.13303	72.295
0.368501	13	37.5812	2	-1	0.13281	72.101
0.370549	13	37.7956	3	-1	0.13306	72.2367
0.373109	13	37.5719	1	-1	0.13284	72.1173
0.375155	13	37.7875	4	-1	0.13309	72.253
0.377719	13	37.5618	2	-1	0.13288	72.0646
0.379765	13	37.7789	3	-1	0.13313	72.2002
0.382332	13	37.5522	1	-1	0.13291	72.0809
0.384377	13	37.7707	4	-1	0.13316	72.2165
0.386947	13	37.5426	2	-1	0.13295	72.0245
0.388992	13	37.7624	3	-1	0.1332	72.1599
0.391565	13	37.5327	1	-1	0.13298	72.0407
0.393609	13	37.754	4	-1	0.13323	72.1762
0.396185	13	37.5229	2	-1	0.13302	71.9844
0.398228	13	37.7456	3	-1	0.13327	72.1197
0.400808	13	37.513	1	-1	0.13305	72.0006
0.40285	13	37.7371	4	-1	0.1333	72.1359
0.405433	13	37.5032	2	-1	0.13309	71.9444
0.407475	13	37.7287	3	-1	0.13334	72.0796
0.410061	13	37.4933	1	-1	0.13313	71.9661
0.412102	13	37.7202	4	-1	0.13337	72.0958
0.414691	13	37.4832	2	-1	0.13316	71.9045
0.416732	13	37.7116	3	-1	0.13341	72.0395
0.419324	13	37.474	1	-1	0.1332	71.9261
0.421363	13	37.7036	4	-1	0.13344	72.0557
0.423959	13	37.4638	2	-1	0.13323	71.8647
0.425998	13	37.6949	3	-1	0.13348	71.9996
0.428597	13	37.4544	1	-1	0.13327	71.8863
0.430635	13	37.6868	4	-1	0.13351	72.0158
0.433237	13	37.4442	2	-1	0.1333	71.825
0.435275	13	37.6781	3	-1	0.13355	71.9597
0.43788	13	37.4348	1	-1	0.13334	71.8465
0.439916	13	37.67	4	-1	0.13358	71.9759
0.442525	13	37.4246	2	-1	0.13337	71.7853
0.444561	13	37.6613	3	-1	0.13362	71.9199
0.447173	13	37.4151	1	-1	0.13341	71.8069
0.449208	13	37.6531	4	-1	0.13365	71.9361
0.451823	13	37.4049	2	-1	0.13344	71.7458
0.453858	13	37.6445	3	-1	0.13369	71.8802
0.456476	13	37.3955	1	-1	0.13348	71.7673
0.458509	13	37.6363	4	-1	0.13372	71.8963
0.461131	13	37.3851	2	-1	0.13351	71.7025
0.463164	13	37.6274	3	-1	0.13376	71.8367
0.46579	13	37.3753	1	-1	0.13355	71.724
0.467821	13	37.6189	4	-1	0.13379	71.8528
0.47045	13	37.3646	2	-1	0.13359	71.6685
0.472481	13	37.6098	3	-1	0.13383	71.7972
0.475113	13	37.3547	1	-1	0.13362	71.6845
0.477144	13	37.6013	4	-1	0.13387	71.8187
0.479779	13	37.345	2	-1	0.13366	71.6253
0.481808	13	37.593	3	-1	0.1339	71.7539
0.484448	13	37.3343	1	-1	0.1337	71.6467
0.486476	13	37.5838	4	-1	0.13394	71.7754
0.489119	13	37.3244	2	-1	0.13373	71.5823
0.491147	13	37.5753	3	-1	0.13398	71.7161
0.493792	13	37.3147	1	-1	0.13377	71.6037
0.495819	13	37.5669	4	-1	0.13401	71.7321
0.498469	13	37.3046	2	-1	0.13381	71.5447
0.500495	13	37.5582	3	-1	0.13405	71.673
0.503147	13	37.2944	1	-1	0.13384	71.5607
0.505173	13	37.5496	4	-1	0.13409	71.6944
0.507829	13	37.2852	2	-1	0.13388	71.5056
0.509853	13	37.5416	3	-1	0.13412	71.6338
0.512512	13	37.2748	1	-1	0.13391	71.5217
0.514537	13	37.5327	4	-1	0.13416	71.6552
0.517199	13	37.2653	2	-1	0.13395	71.4629
0.519222	13	37.5244	3	-1	0.13419	71.5909
0.521888	13	37.2546	1	-1	0.13399	71.4842
0.523911	13	37.5153	4	-1	0.13423	71.6122
0.52658	13	37.2449	2	-1	0.13402	71.4202
0.528602	13	37.507	3	-1	0.13427	71.5534
0.531274	13	37.2354	1	-1	0.13406	71.4415
0.533295	13	37.4987	4	-1	0.1343	71.5694
0.535971	13	37.2248	2	-1	0.13409	71.3776
0.537991	13	37.4897	3	-1	0.13434	71.5107
0.540671	13	37.2153	1	-1	0.13413	71.3989
0.542689	13	37.4813	4	-1	0.13437	71.5267
0.545373	13	37.2043	2	-1	0.13417	71.3405
0.547391	13	37.472	3	-1	0.13441	71.4681
0.550078	13	37.1943	1	-1	0.13421	71.3617
0.552095	13	37.4633	4	-1	0.13445	71.4893
0.554785	13	37.1839	2	-1	0.13424	71.2981
0.556803	13	37.4545	3	-1	0.13449	71.4308
0.559496	13	37.1746	1	-1	0.13428	71.3193
0.561511	13	37.4464	4	-1	0.13452	71.4468
0.564209	13	37.1638	2	-1	0.13432	71.2573
0.566224	13	37.4371	3	-1	0.13456	71.3846
0.568924	13	37.1534	1	-1	0.13435	71.2732
0.570939	13	37.4282	4	-1	0.1346	71.4058
0.573643	13	37.1436	2	-1	0.13439	71.2151
0.575656	13	37.4197	3	-1	0.13463	71.3423
0.578364	13	37.1328	1	-1	0.13443	71.2363
0.580376	13	37.4104	4	-1	0.13467	71.3635
0.583088	13	37.1226	2	-1	0.13447	71.1745
0.585099	13	37.4016	3	-1	0.13471	71.3015
0.587814	13	37.1123	1	-1	0.13451	71.1957
0.589825	13	37.3928	4	-1	0.13475	71.3227
0.592543	13	37.1021	2	-1	0.13454	71.125
0.594553	13	37.3839	3	-1	0.13478	71.2519
0.597276	13	37.0912	1	-1	0.13458	71.1461
0.599284	13	37.3745	4	-1	0.13482	71.273
0.602011	13	37.0802	2	-1	0.13462	71.0883
0.604019	13	37.365	3	-1	0.13486	71.2151
0.606748	13	37.0699	1	-1	0.13466	71.1095
0.608756	13	37.3563	4	-1	0.1349	71.2362
0.611489	13	37.0598	2	-1	0.1347	71.0443
0.613495	13	37.3474	3	-1	0.13494	71.1709
0.616232	13	37.0493	1	-1	0.13474	71.0654
0.618238	13	37.3384	4	-1	0.13498	71.192
0.620978	13	37.0389	2	-1	0.13477	70.9988
0.622983	13	37.3295	3	-1	0.13501	71.1253
0.625727	13	37.0286	1	-1	0.13481	71.0199
0.62773	13	37.3205	4	-1	0.13505	71.1463
0.630478	13	37.0176	2	-1	0.13485	70.9587
0.632481	13	37.3111	3	-1	0.13509	71.085
0.635233	13	37.0073	1	-1	0.13489	70.9798
0.637235	13	37.3022	4	-1	0.13513	71.1061
0.63999	13	36.9969	2	-1	0.13493	70.9187
0.641991	13	37.2933	3	-1	0.13517	71.0449
0.64475	13	36.9868	1	-1	0.13497	70.9398
0.64675	13	37.2845	4	-1	0.13521	71.0659
0.649513	13	36.9765	2	-1	0.13501	70.8751
0.651512	13	37.2755	3	-1	0.13524	70.9959
0.654278	13	36.9655	1	-1	0.13504	70.8909
0.656277	13	37.2661	4	-1	0.13528	71.0169
0.659046	13	36.9555	2	-1	0.13508	70.8301
0.661044	13	37.2574	3	-1	0.13532	70.9559
0.663817	13	36.9446	1	-1	0.13512	70.851
0.665814	13	37.2481	4	-1	0.13536	70.9769
0.668591	13	36.9343	2	-1	0.13516	70.7866
0.670587	13	37.2391	3	-1	0.1354	70.9123
0.673368	13	36.9238	1	-1	0.1352	70.8076
0.675363	13	37.23	4	-1	0.13544	70.9333
0.678148	13	36.9133	2	-1	0.13524	70.747
0.680142	13	37.221	3	-1	0.13548	70.8726
0.68293	13	36.9033	1	-1	0.13528	70.7679
0.684924	13	37.2123	4	-1	0.13552	70.8935
0.687716	13	36.8927	2	-1	0.13532	70.7001
0.689708	13	37.2031	3	-1	0.13555	70.8203
0.692504	13	36.8815	1	-1	0.13536	70.721
0.694495	13	37.1934	4	-1	0.13559	70.8412
0.697295	13	36.8707	2	-1	0.1354	70.6607
0.699286	13	37.1842	3	-1	0.13564	70.7859
0.702089	13	36.8608	1	-1	0.13543	70.6763
0.704079	13	37.1756	4	-1	0.13567	70.8016
0.706886	13	36.85	2	-1	0.13547	70.6088
0.708874	13	37.1662	3	-1	0.13571	70.7339
0.711686	13	36.8387	1	-1	0.13551	70.6296
0.713673	13	37.1564	4	-1	0.13575	70.7547
0.716488	13	36.8278	2	-1	0.13555	70.5696
0.718476	13	37.1471	3	-1	0.1358	70.6997
0.721294	13	36.818	1	-1	0.13559	70.5904
0.72328	13	37.1385	4	-1	0.13583	70.7153
0.726102	13	36.8069	2	-1	0.13563	70.5231
0.728087	13	37.1289	3	-1	0.13587	70.6479
0.730914	13	36.7959	1	-1	0.13567	70.5439
0.732898	13	37.1194	4	-1	0.13591	70.6687
0.735729	13	36.785	2	-1	0.13572	70.4819
0.737711	13	37.1098	3	-1	0.13595	70.6014
0.740546	13	36.7735	1	-1	0.13576	70.5027
0.742529	13	37.1	4	-1	0.136	70.6273
0.745367	13	36.7635	2	-1	0.1358	70.4357
0.747348	13	37.0913	3	-1	0.13604	70.5602
0.75019	13	36.7529	1	-1	0.13584	70.4564
0.75217	13	37.0821	4	-1	0.13607	70.5757
0.755017	13	36.7416	2	-1	0.13588	70.3896
0.756996	13	37.0723	3	-1	0.13612	70.5139
0.759846	13	36.7312	1	-1	0.13592	70.4103
0.761825	13	37.0633	4	-1	0.13616	70.5346
0.764678	13	36.7207	2	-1	0.13596	70.3472
0.766656	13	37.0542	3	-1	0.1362	70.4714
0.769514	13	36.7102	1	-1	0.136	70.3679
0.77149	13	37.0449	4	-1	0.13623	70.4869
0.774352	13	36.6982	2	-1	0.13604	70.2976
0.776328	13	37.0346	3	-1	0.13628	70.4217
0.779194	13	36.6874	1	-1	0.13608	70.3183
0.781168	13	37.0253	4	-1	0.13632	70.4423
0.784038	13	36.6767	2	-1	0.13612	70.2555
0.786012	13	37.016	3	-1	0.13636	70.3794
0.788885	13	36.6659	1	-1	0.13616	70.2761
0.790858	13	37.0066	4	-1	0.1364	70.4
0.793736	13	36.6545	2	-1	0.1362	70.2062
0.795707	13	36.9967	3	-1	0.13644	70.3299
0.79859	13	36.6433	1	-1	0.13625	70.232
0.80056	13	36.987	4	-1	0.13649	70.3557
0.803446	13	36.6325	2	-1	0.13629	70.1658
0.805416	13	36.9776	3	-1	0.13653	70.2893
0.808306	13	36.6221	1	-1	0.13633	70.1864
0.810275	13	36.9686	4	-1	0.13657	70.3099
0.813168	13	36.6114	2	-1	0.13637	70.1167
0.815136	13	36.9593	3	-1	0.13661	70.2401
0.818034	13	36.6002	1	-1	0.13641	70.1373
0.820001	13	36.9495	4	-1	0.13665	70.2607
0.822903	13	36.5885	2	-1	0.13645	70.0678
0.824869	13	36.9393	3	-1	0.13669	70.191
0.827776	13	36.5771	1	-1	0.1365	70.0935
0.82974	13	36.9294	4	-1	0.13674	70.2167
0.832651	13	36.5661	2	-1	0.13654	70.0277
0.834615	13	36.9199	3	-1	0.13678	70.1508
0.837529	13	36.5555	1	-1	0.13658	70.0482
0.839492	13	36.9107	4	-1	0.13682	70.1713
0.84241	13	36.5444	2	-1	0.13662	69.9754
0.844372	13	36.901	3	-1	0.13686	70.0983
0.847295	13	36.5327	1	-1	0.13666	69.9959
0.849255	13	36.8908	4	-1	0.1369	70.1188
0.852183	13	36.5215	2	-1	0.13671	69.9355
0.854142	13	36.8811	3	-1	0.13695	70.0583
0.857073	13	36.5104	1	-1	0.13675	69.956
0.859032	13	36.8715	4	-1	0.13699	70.0788
0.861967	13	36.4997	2	-1	0.13679	69.8835
0.863925	13	36.8621	3	-1	0.13703	70.0061
0.866865	13	36.4881	1	-1	0.13684	69.9091
0.868821	13	36.8519	4	-1	0.13707	70.0266
0.871765	13	36.4761	2	-1	0.13688	69.8367
0.873721	13	36.8416	3	-1	0.13712	69.9592
0.876669	13	36.4652	1	-1	0.13692	69.8571
0.878623	13	36.8321	4	-1	0.13716	69.9796
0.881576	13	36.4541	2	-1	0.13697	69.7936
0.883529	13	36.8223	3	-1	0.1372	69.9108
0.886486	13	36.4421	1	-1	0.13701	69.814
0.888438	13	36.812	4	-1	0.13725	69.9363
0.891399	13	36.4312	2	-1	0.13705	69.742
0.89335	13	36.8023	3	-1	0.13729	69.8641
0.896316	13	36.4198	1	-1	0.1371	69.7674
0.898266	13	36.7925	4	-1	0.13734	69.8896
0.901235	13	36.409	2	-1	0.13714	69.6956
0.903185	13	36.7832	3	-1	0.13738	69.8176
0.906158	13	36.3979	1	-1	0.13718	69.7159
0.908106	13	36.7733	4	-1	0.13742	69.8379
0.911084	13	36.386	2	-1	0.13722	69.6442
0.913031	13	36.763	3	-1	0.13746	69.766
0.916014	13	36.3744	1	-1	0.13727	69.6696
0.91796	13	36.7528	4	-1	0.13751	69.7914
0.920947	13	36.3624	2	-1	0.13731	69.5981
0.922892	13	36.7424	3	-1	0.13755	69.7197
0.925883	13	36.3513	1	-1	0.13736	69.6234
0.927827	13	36.7326	4	-1	0.1376	69.745
0.930822	13	36.3396	2	-1	0.1374	69.552
0.932765	13	36.7226	3	-1	0.13764	69.6735
0.935765	13	36.3288	1	-1	0.13745	69.5773
0.937707	13	36.713	4	-1	0.13769	69.6988
0.940711	13	36.3173	2	-1	0.13749	69.5026
0.942652	13	36.7031	3	-1	0.13773	69.6239
0.94566	13	36.306	1	-1	0.13753	69.5228
0.947599	13	36.693	4	-1	0.13777	69.6441
0.950613	13	36.2935	2	-1	0.13758	69.4533
0.952551	13	36.6821	3	-1	0.13782	69.5744
0.95557	13	36.2817	1	-1	0.13763	69.4785
0.957507	13	36.6719	4	-1	0.13787	69.5997
0.960529	13	36.2705	2	-1	0.13767	69.4076
0.962465	13	36.6622	3	-1	0.13791	69.5286
0.965491	13	36.2594	1	-1	0.13771	69.4278
0.967426	13	36.6524	4	-1	0.13795	69.5488
0.970458	13	36.2474	2	-1	0.13776	69.3551
0.972391	13	36.6418	3	-1	0.138	69.4759
0.975427	13	36.2352	1	-1	0.1378	69.3752
0.97736	13	36.6313	4	-1	0.13805	69.5011
0.9804	13	36.2243	2	-1	0.13785	69.3097
0.982332	13	36.6217	3	-1	0.13809	69.4303
0.985377	13	36.2123	1	-1	0.1379	69.3348
0.987307	13	36.6112	4	-1	0.13814	69.4555
0.990357	13	36.2004	2	-1	0.13794	69.2539
0.992286	13	36.6007	3	-1	0.13818	69.3744
0.99534	13	36.1884	1	-1	0.13799	69.279
0.997268	13	36.5903	4	-1	0.13823	69.3995
1.00033	13	36.1766	2	-1	0.13803	69.2053
1.00225	13	36.58	3	-1	0.13828	69.3307
1.00532	13	36.1654	1	-1	0.13808	69.2304
1.00724	13	36.57	4	-1	0.13832	69.3507
1.01031	13	36.1529	2	-1	0.13813	69.1584
1.01224	13	36.5591	3	-1	0.13837	69.2785
1.01531	13	36.1411	1	-1	0.13817	69.1784
1.01723	13	36.5488	4	-1	0.13841	69.2986
1.02031	13	36.1294	2	-1	0.13822	69.11
1.02223	13	36.5384	3	-1	0.13846	69.23
1.02531	13	36.1173	1	-1	0.13826	69.13
1.02723	13	36.5281	4	-1	0.13851	69.255
1.03032	13	36.1066	2	-1	0.13831	69.0583
1.03224	13	36.5184	3	-1	0.13855	69.1782
1.03533	13	36.0937	1	-1	0.13836	69.0833
1.03725	13	36.5073	4	-1	0.1386	69.2031
1.04035	13	36.0817	2	-1	0.1384	68.9999
1.04226	13	36.4967	3	-1	0.13865	69.1245
1.04537	13	36.0695	1	-1	0.13845	69.0248
1.04728	13	36.4859	4	-1	0.13869	69.1445
1.05039	13	36.0571	2	-1	0.1385	68.9569
1.0523	13	36.475	3	-1	0.13874	69.0764
1.05541	13	36.0453	1	-1	0.13855	68.9818
1.05733	13	36.4648	4	-1	0.13879	69.1013
1.06044	13	36.0336	2	-1	0.13859	68.9023
1.06235	13	36.4546	3	-1	0.13884	69.0265
1.06547	13	36.0221	1	-1	0.13864	68.9271
1.06739	13	36.4442	4	-1	0.13888	69.0464
1.07051	13	36.0089	2	-1	0.13869	68.8527
1.07242	13	36.4327	3	-1	0.13893	68.9719
1.07555	13	35.9967	1	-1	0.13873	68.8726
1.07746	13	36.4221	4	-1	0.13898	68.9967
1.08059	13	35.9853	2	-1	0.13878	68.8017
1.0825	13	36.412	3	-1	0.13903	68.9257
1.08564	13	35.9729	1	-1	0.13883	68.8265
1.08755	13	36.4011	4	-1	0.13908	68.9505
1.09069	13	35.9607	2	-1	0.13888	68.7457
1.0926	13	36.3902	3	-1	0.13912	68.8645
1.09575	13	35.9473	1	-1	0.13893	68.7704
1.09765	13	36.3786	4	-1	0.13918	68.8942
1.10081	13	35.936	2	-1	0.13898	68.6966
1.10271	13	36.3686	3	-1	0.13923	68.8201
1.10587	13	35.9238	1	-1	0.13903	68.7213
1.10777	13	36.3578	4	-1	0.13927	68.8399
1.11093	13	35.911	2	-1	0.13907	68.6393
1.11283	13	36.3467	3	-1	0.13932	68.7626
1.116	13	35.899	1	-1	0.13912	68.6639
1.1179	13	36.336	4	-1	0.13937	68.7873
1.12108	13	35.8864	2	-1	0.13917	68.5904
1.12297	13	36.325	3	-1	0.13942	68.7137
1.12615	13	35.8742	1	-1	0.13922	68.6151
1.12805	13	36.3142	4	-1	0.13947	68.7383
1.13123	13	35.8618	2	-1	0.13927	68.5384
1.13313	13	36.3033	3	-1	0.13952	68.6614
1.13632	13	35.8496	1	-1	0.13932	68.563
1.13821	13	36.2925	4	-1	0.13957	68.686
1.14141	13	35.8368	2	-1	0.13937	68.4831
1.1433	13	36.2812	3	-1	0.13962	68.606
1.1465	13	35.8242	1	-1	0.13942	68.5077
1.14839	13	36.2701	4	-1	0.13967	68.6305
1.15159	13	35.8119	2	-1	0.13947	68.4314
1.15348	13	36.2592	3	-1	0.13972	68.554
1.15669	13	35.7993	1	-1	0.13952	68.4559
1.15858	13	36.2482	4	-1	0.13977	68.5786
1.1618	13	35.7871	2	-1	0.13957	68.3764
1.16368	13	36.2374	3	-1	0.13982	68.4989
1.1669	13	35.7742	1	-1	0.13962	68.4009
1.16879	13	36.2259	4	-1	0.13987	68.5234
1.17202	13	35.7612	2	-1	0.13967	68.3217
1.1739	13	36.2144	3	-1	0.13992	68.444
1.17713	13	35.7484	1	-1	0.13972	68.3461
1.17901	13	36.2032	4	-1	0.13997	68.4684
1.18225	13	35.7358	2	-1	0.13977	68.2671
1.18413	13	36.192	3	-1	0.14002	68.3892
1.18737	13	35.7229	1	-1	0.13983	68.2964
1.18925	13	36.1805	4	-1	0.14008	68.4185
1.1925	13	35.71	2	-1	0.13988	68.2142
1.19438	13	36.1692	3	-1	0.14013	68.3361
1.19763	13	35.6976	1	-1	0.13993	68.2386
1.19951	13	36.1582	4	-1	0.14018	68.3605
1.20277	13	35.6846	2	-1	0.13998	68.1566
1.20464	13	36.1467	3	-1	0.14023	68.2783
1.20791	13	35.6714	1	-1	0.14003	68.1809
1.20978	13	36.135	4	-1	0.14028	68.3027
1.21305	13	35.6581	2	-1	0.14008	68.0992
1.21492	13	36.1233	3	-1	0.14034	68.2256
1.2182	13	35.6454	1	-1	0.14014	68.1283
1.22007	13	36.1119	4	-1	0.14039	68.2499
1.22335	13	35.6319	2	-1	0.14019	68.0468
1.22522	13	36.1001	3	-1	0.14044	68.1681
1.2285	13	35.6192	1	-1	0.14024	68.0711
1.23037	13	36.0889	4	-1	0.1405	68.1973
1.23366	13	35.6068	2	-1	0.14029	67.9897
1.23553	13	36.0779	3	-1	0.14055	68.1157
1.23882	13	35.5939	1	-1	0.14035	68.0188
1.24069	13	36.0662	4	-1	0.1406	68.14
1.24399	13	35.58	2	-1	0.1404	67.9311
1.24586	13	36.054	3	-1	0.14065	68.0521
1.24916	13	35.5665	1	-1	0.14046	67.9601
1.25103	13	36.042	4	-1	0.14071	68.0811
1.25434	13	35.5533	2	-1	0.14051	67.8792
1.2562	13	36.0303	3	-1	0.14076	68
1.25952	13	35.5404	1	-1	0.14056	67.9034
1.26138	13	36.019	4	-1	0.14082	68.029
1.2647	13	35.5277	2	-1	0.14062	67.821
1.26656	13	36.0075	3	-1	0.14087	67.9415
1.26989	13	35.5134	1	-1	0.14067	67.8451
1.27175	13	35.995	4	-1	0.14093	67.9705
1.27508	13	35.5009	2	-1	0.14072	67.7614
1.27694	13	35.9838	3	-1	0.14098	67.8866
1.28028	13	35.4874	1	-1	0.14078	67.7902
1.28214	13	35.9717	4	-1	0.14103	67.9106
1.28548	13	35.4734	2	-1	0.14084	67.705
1.28733	13	35.9592	3	-1	0.14109	67.8252
1.29069	13	35.4595	1	-1	0.14089	67.7291
1.29254	13	35.9471	4	-1	0.14115	67.8541
1.2959	13	35.4473	2	-1	0.14095	67.6538
1.29775	13	35.9361	3	-1	0.1412	67.7738
1.30111	13	35.4338	1	-1	0.141	67.6778
1.30296	13	35.9243	4	-1	0.14126	67.8026
1.30633	13	35.4211	2	-1	0.14105	67.5851
1.30817	13	35.9127	3	-1	0.14131	67.7096
1.31155	13	35.4068	1	-1	0.14111	67.6138
1.3134	13	35.9	4	-1	0.14137	67.7384
1.31678	13	35.3928	2	-1	0.14117	67.5293
1.31862	13	35.8874	3	-1	0.14142	67.6489
1.32201	13	35.3784	1	-1	0.14123	67.558
1.32385	13	35.8747	4	-1	0.14148	67.6776
1.32724	13	35.3644	2	-1	0.14128	67.469
1.32909	13	35.8624	3	-1	0.14154	67.5931
1.33248	13	35.3515	1	-1	0.14134	67.4976
1.33432	13	35.8507	4	-1	0.1416	67.6218
1.33773	13	35.3368	2	-1	0.1414	67.4104
1.33957	13	35.8376	3	-1	0.14165	67.5296
1.34298	13	35.3228	1	-1	0.14146	67.439
1.34481	13	35.8251	4	-1	0.14172	67.5629
1.34823	13	35.3092	2	-1	0.14152	67.3552
1.35007	13	35.813	3	-1	0.14177	67.4742
1.35349	13	35.2954	1	-1	0.14157	67.379
1.35532	13	35.8009	4	-1	0.14183	67.5027
1.35875	13	35.2823	2	-1	0.14163	67.2923
1.36058	13	35.789	3	-1	0.14189	67.4158
1.36402	13	35.2682	1	-1	0.14169	67.3208
1.36585	13	35.7763	4	-1	0.14194	67.4395
1.36929	13	35.2532	2	-1	0.14175	67.2279
1.37112	13	35.7629	3	-1	0.142	67.3465
1.37457	13	35.2383	1	-1	0.14181	67.2563
1.37639	13	35.7497	4	-1	0.14207	67.3797
1.37985	13	35.2247	2	-1	0.14187	67.1701
1.38167	13	35.7376	3	-1	0.14213	67.2932
1.38513	13	35.2109	1	-1	0.14193	67.1985
1.38696	13	35.7251	4	-1	0.14218	67.3169
1.39042	13	35.1966	2	-1	0.14199	67.1094
1.39225	13	35.7123	3	-1	0.14224	67.2275
1.39572	13	35.1823	1	-1	0.14205	67.1377
1.39754	13	35.6995	4	-1	0.1423	67.2559
1.40102	13	35.1675	2	-1	0.14211	67.0457
1.40284	13	35.6864	3	-1	0.14237	67.1683
1.40632	13	35.1538	1	-1	0.14217	67.074
1.40814	13	35.674	4	-1	0.14243	67.1966
1.41163	13	35.1392	2	-1	0.14223	66.9822
1.41345	13	35.661	3	-1	0.14249	67.1046
1.41695	13	35.1248	1	-1	0.14229	67.0105
1.41876	13	35.648	4	-1	0.14255	67.1329
1.42226	13	35.1101	2	-1	0.14235	66.9221
1.42408	13	35.6349	3	-1	0.14261	67.0443
1.42759	13	35.0959	1	-1	0.14241	66.9503
1.4294	13	35.6222	4	-1	0.14267	67.0725
1.43291	13	35.0816	2	-1	0.14247	66.8559
1.43472	13	35.6092	3	-1	0.14273	66.9779
1.43825	13	35.0664	1	-1	0.14254	66.8888
1.44005	13	35.5954	4	-1	0.14279	67.0061
1.44359	13	35.0506	2	-1	0.1426	66.7916
1.44539	13	35.5814	3	-1	0.14286	66.9133
1.44893	13	35.0362	1	-1	0.14266	66.8197
1.45073	13	35.5686	4	-1	0.14293	66.9461
1.45428	13	35.0219	2	-1	0.14272	66.729
1.45608	13	35.5558	3	-1	0.14299	66.8552
1.45963	13	35.0076	1	-1	0.14279	66.7617
1.46143	13	35.5428	4	-1	0.14305	66.8833
1.46499	13	34.9922	2	-1	0.14285	66.6651
1.46679	13	35.529	3	-1	0.14311	66.7864
1.47035	13	34.9774	1	-1	0.14291	66.6931
1.47215	13	35.5157	4	-1	0.14318	66.8191
1.47572	13	34.9628	2	-1	0.14298	66.6015
1.47751	13	35.5024	3	-1	0.14324	66.7226
1.48109	13	34.9468	1	-1	0.14304	66.6294
1.48288	13	35.4881	4	-1	0.1433	66.7505
1.48647	13	34.9316	2	-1	0.14311	66.5349
1.48826	13	35.4742	3	-1	0.14337	66.6558
1.49185	13	34.9158	1	-1	0.14318	66.5675
1.49364	13	35.4602	4	-1	0.14344	66.6884
1.49724	13	34.9013	2	-1	0.14324	66.4687
1.49903	13	35.4471	3	-1	0.1435	66.5893
1.50263	13	34.886	1	-1	0.14331	66.5012
1.50442	13	35.4333	4	-1	0.14357	66.6218
1.50803	13	34.8703	2	-1	0.14338	66.4011
1.50981	13	35.4189	3	-1	0.14363	66.5169
1.51344	13	34.8537	1	-1	0.14344	66.4289
1.51522	13	35.4041	4	-1	0.1437	66.5493
1.51885	13	34.8382	2	-1	0.14351	66.3354
1.52063	13	35.3902	3	-1	0.14378	66.4602
1.52426	13	34.8235	1	-1	0.14358	66.3678
1.52604	13	35.3769	4	-1	0.14384	66.4879
1.52968	13	34.8078	2	-1	0.14365	66.2653
1.53146	13	35.3627	3	-1	0.14391	66.3853
1.53511	13	34.7917	1	-1	0.14372	66.2976
1.53688	13	35.3478	4	-1	0.14397	66.413
1.54054	13	34.7745	2	-1	0.14379	66.1986
1.54231	13	35.3326	3	-1	0.14405	66.3183
1.54597	13	34.7596	1	-1	0.14386	66.2308
1.54774	13	35.319	4	-1	0.14412	66.3505
1.55142	13	34.744	2	-1	0.14393	66.1321
1.55318	13	35.3051	3	-1	0.14419	66.2516
1.55686	13	34.7284	1	-1	0.14399	66.1597
1.55863	13	35.2908	4	-1	0.14425	66.2792
1.56232	13	34.7118	2	-1	0.14407	66.0599
1.56408	13	35.2754	3	-1	0.14432	66.1745
1.56777	13	34.6939	1	-1	0.14414	66.092
1.56954	13	35.2596	4	-1	0.1444	66.2112
1.57324	13	34.6784	2	-1	0.14421	65.9909
1.575	13	35.2454	3	-1	0.14447	66.1099
1.57871	13	34.662	1	-1	0.14428	66.023
1.58047	13	35.2309	4	-1	0.14454	66.1419
1.58418	13	34.6465	2	-1	0.14435	65.9163
1.58594	13	35.2165	3	-1	0.14461	66.035
1.58966	13	34.6291	1	-1	0.14443	65.9528
1.59142	13	35.2007	4	-1	0.14469	66.0715
1.59515	13	34.612	2	-1	0.14451	65.845
1.5969	13	35.1849	3	-1	0.14476	65.9589
1.60065	13	34.594	1	-1	0.14458	65.8769
1.60239	13	35.169	4	-1	0.14484	65.9954
1.60615	13	34.5782	2	-1	0.14466	65.7755
1.60789	13	35.1544	3	-1	0.14492	65.8937
1.61165	13	34.5612	1	-1	0.14473	65.8073
1.61339	13	35.1393	4	-1	0.14499	65.9255
1.61716	13	34.5452	2	-1	0.1448	65.6987
1.6189	13	35.1245	3	-1	0.14506	65.8167
1.62268	13	34.5279	1	-1	0.14488	65.735
1.62442	13	35.1085	4	-1	0.14513	65.8485
1.6282	13	34.5092	2	-1	0.14496	65.6254
1.62994	13	35.0916	3	-1	0.14521	65.7386
1.63373	13	34.4918	1	-1	0.14504	65.6616
1.63547	13	35.0759	4	-1	0.1453	65.7793
1.63926	13	34.4748	2	-1	0.14512	65.5554
1.641	13	35.0604	3	-1	0.14537	65.6683
1.64481	13	34.4577	1	-1	0.1452	65.5915
1.64654	13	35.0448	4	-1	0.14545	65.7045
1.65035	13	34.4401	2	-1	0.14528	65.4798
1.65208	13	35.0288	3	-1	0.14553	65.5925
1.65591	13	34.4228	1	-1	0.14535	65.5113
1.65763	13	35.0129	4	-1	0.1456	65.624
1.66147	13	34.4048	2	-1	0.14544	65.4045
1.66319	13	34.9962	3	-1	0.14568	65.5124
1.66703	13	34.3857	1	-1	0.14552	65.4405
1.66876	13	34.9791	4	-1	0.14577	65.5529
1.67261	13	34.368	2	-1	0.1456	65.3208
1.67433	13	34.9627	3	-1	0.14585	65.4329
1.67819	13	34.349	1	-1	0.14569	65.3611
1.6799	13	34.9453	4	-1	0.14593	65.4688
1.68377	13	34.3299	2	-1	0.14577	65.2419
1.68549	13	34.928	3	-1	0.14602	65.3538
1.68937	13	34.3119	1	-1	0.14586	65.2822
1.69108	13	34.9115	4	-1	0.14611	65.3941
1.69497	13	34.2938	2	-1	0.14594	65.1692
1.69668	13	34.8952	3	-1	0.14619	65.2809
1.70057	13	34.2766	1	-1	0.14602	65.205
1.70228	13	34.8792	4	-1	0.14627	65.3166
1.70619	13	34.2574	2	-1	0.14611	65.0853
1.70789	13	34.8615	3	-1	0.14635	65.1922
1.71181	13	34.2372	1	-1	0.1462	65.1254
1.71351	13	34.8428	4	-1	0.14644	65.2323
1.71743	13	34.2168	2	-1	0.14629	65.0033
1.71913	13	34.8241	3	-1	0.14653	65.11
1.72307	13	34.1973	1	-1	0.14638	65.0433
1.72476	13	34.8064	4	-1	0.14662	65.15
1.72871	13	34.1792	2	-1	0.14647	64.9304
1.7304	13	34.7899	3	-1	0.14671	65.0368
1.73436	13	34.1609	1	-1	0.14656	64.9703
1.73605	13	34.773	4	-1	0.14679	65.0723
1.74001	13	34.1407	2	-1	0.14665	64.8406
1.7417	13	34.7543	3	-1	0.14688	64.9423
1.74567	13	34.1201	1	-1	0.14674	64.8804
1.74736	13	34.7352	4	-1	0.14697	64.9821
1.75134	13	34.0995	2	-1	0.14684	64.7585
1.75303	13	34.7164	3	-1	0.14707	64.86
1.75702	13	34.0791	1	-1	0.14694	64.8026
1.7587	13	34.6977	4	-1	0.14717	64.9041
1.76271	13	34.0591	2	-1	0.14703	64.6712
1.76438	13	34.6793	3	-1	0.14726	64.7724
1.7684	13	34.0389	1	-1	0.14713	64.7152
1.77007	13	34.6604	4	-1	0.14735	64.812
1.7741	13	34.0172	2	-1	0.14723	64.5859
1.77577	13	34.6405	3	-1	0.14745	64.6824
1.77981	13	33.9965	1	-1	0.14733	64.6298
1.78148	13	34.6213	4	-1	0.14755	64.7263
1.78552	13	33.9751	2	-1	0.14743	64.4982
1.78719	13	34.6018	3	-1	0.14765	64.5945
1.79125	13	33.9541	1	-1	0.14753	64.542
1.79291	13	34.5821	4	-1	0.14774	64.6338
1.79698	13	33.9317	2	-1	0.14764	64.4069
1.79864	13	34.5614	3	-1	0.14785	64.4985
1.80272	13	33.9089	1	-1	0.14774	64.4506
1.80437	13	34.5403	4	-1	0.14795	64.5422
1.80847	13	33.8869	2	-1	0.14785	64.3162
1.81012	13	34.5199	3	-1	0.14806	64.4075
1.81422	13	33.8644	1	-1	0.14796	64.364
1.81587	13	34.4992	4	-1	0.14816	64.451
1.81999	13	33.8421	2	-1	0.14807	64.2247
1.82164	13	34.4786	3	-1	0.14827	64.3114
1.82576	13	33.8195	1	-1	0.14818	64.2724
1.82741	13	34.4574	4	-1	0.14837	64.3548
1.83154	13	33.796	2	-1	0.14829	64.1282
1.83318	13	34.4357	3	-1	0.14848	64.2103
1.83733	13	33.7724	1	-1	0.1484	64.1757
1.83897	13	34.4136	4	-1	0.14859	64.2579
1.84313	13	33.7483	2	-1	0.14852	64.0338
1.84477	13	34.3914	3	-1	0.14871	64.1157
1.84894	13	33.7247	1	-1	0.14863	64.0812
1.85057	13	34.3696	4	-1	0.14882	64.1631
1.85476	13	33.701	2	-1	0.14875	63.9317
1.85639	13	34.3472	3	-1	0.14893	64.0091
1.86059	13	33.6751	1	-1	0.14888	63.9876
1.86221	13	34.323	4	-1	0.14905	64.0607
1.86643	13	33.6478	2	-1	0.14901	63.824
1.86805	13	34.2975	3	-1	0.14918	63.8969
1.87227	13	33.6212	1	-1	0.14914	63.8797
1.87389	13	34.2729	4	-1	0.14931	63.9525
1.87813	13	33.596	2	-1	0.14927	63.7307
1.87975	13	34.2495	3	-1	0.14943	63.799
1.884	13	33.5708	1	-1	0.14939	63.7819
1.88561	13	34.2263	4	-1	0.14955	63.8502
1.88988	13	33.546	2	-1	0.14952	63.6201
1.89148	13	34.2026	3	-1	0.14967	63.6839
1.89576	13	33.5172	1	-1	0.14966	63.6797
1.89737	13	34.1756	4	-1	0.1498	63.7393
1.90166	13	33.4879	2	-1	0.14981	63.503
1.90326	13	34.1477	3	-1	0.14994	63.5581
1.90757	13	33.4566	1	-1	0.14996	63.5666
1.90917	13	34.1189	4	-1	0.15009	63.6217
1.9135	13	33.4284	2	-1	0.15011	63.3964
1.91509	13	34.0925	3	-1	0.15024	63.4513
1.91943	13	33.4001	1	-1	0.15025	63.4555
1.92101	13	34.0664	4	-1	0.15037	63.5062
1.92537	13	33.3728	2	-1	0.15039	63.2848
1.92695	13	34.0407	3	-1	0.15051	63.3353
1.93132	13	33.3442	1	-1	0.15054	63.3479
1.9329	13	34.0137	4	-1	0.15065	63.3942
1.93729	13	33.3133	2	-1	0.1507	63.1601
1.93886	13	33.9842	3	-1	0.15079	63.1978
1.94327	13	33.2793	1	-1	0.15087	63.2313
1.94484	13	33.9519	4	-1	0.15095	63.2649
1.94926	13	33.2432	2	-1	0.15105	63.0242
1.95083	13	33.9179	3	-1	0.15113	63.0575
1.95527	13	33.2077	1	-1	0.15123	63.0993
1.95683	13	33.8847	4	-1	0.15131	63.1326
1.96129	13	33.1733	2	-1	0.15142	62.903
1.96285	13	33.8522	3	-1	0.15148	62.9279
1.96733	13	33.1386	1	-1	0.1516	62.9777
1.96887	13	33.8199	4	-1	0.15165	62.9985
1.97337	13	33.1046	2	-1	0.15178	62.7657
1.97492	13	33.7875	3	-1	0.15182	62.7822
1.97944	13	33.0672	1	-1	0.15197	62.8443
1.98097	13	33.752	4	-1	0.152	62.8567
1.98551	13	33.0274	2	-1	0.15218	62.6075
1.98704	13	33.7136	3	-1	0.15219	62.6116
1.99161	13	32.9825	1	-1	0.15242	62.7062
1.99313	13	33.6706	4	-1	0.1524	62.698
1.99773	13	32.9342	2	-1	0.15267	62.4392
1.99924	13	33.6246	3	-1	0.15264	62.4269
2.00386	13	32.886	1	-1	0.15293	62.5455
2.00537	13	33.5791	4	-1	0.15289	62.5291
2.01002	13	32.8386	2	-1	0.15319	62.28
2.01152	13	33.5343	3	-1	0.15313	62.2556
2.01619	13	32.7918	1	-1	0.15344	62.3816
2.01768	13	33.49	4	-1	0.15337	62.3531
2.02238	13	32.7442	2	-1	0.15371	62.1025
2.02387	13	33.4442	3	-1	0.15361	62.0621
2.02859	13	32.6908	1	-1	0.154	62.2197
2.03007	13	33.3929	4	-1	0.15387	62.1672
2.03483	13	32.6314	2	-1	0.15433	61.8805
2.0363	13	33.3347	3	-1	0.15416	61.8123
2.0411	13	32.5618	1	-1	0.15471	62.0329
2.04255	13	33.2671	4	-1	0.15449	61.9447
2.0474	13	32.4823	2	-1	0.15514	61.6002
2.04884	13	33.1897	3	-1	0.15488	61.4969
2.05373	13	32.3916	1	-1	0.15565	61.8027
2.05516	13	33.101	4	-1	0.15533	61.6756
2.06012	13	32.2859	2	-1	0.15625	61.2433
2.06153	13	32.9973	3	-1	0.15585	61.0865
2.06656	13	32.1597	1	-1	0.15697	61.5255
2.06794	13	32.8726	4	-1	0.15647	61.3295
2.07307	13	32.0017	2	-1	0.15789	60.6872
2.07442	13	32.7144	3	-1	0.15723	60.4336
2.07968	13	31.7816	1	-1	0.15918	61.1831
2.08098	13	32.4899	4	-1	0.15824	60.8218
2.08646	13	31.4227	2	-1	0.16128	59.3028
2.08767	13	32.1154	3	-1	0.1598	58.7586
2.0936	13	30.6207	1	-1	0.16572	60.9354
2.09459	13	31.2535	4	-1	0.16274	59.8397
2.10156	13	27.6271	2	-1	0.17211	52.9667
2.10189	13	27.9086	3	-1	0.16576	51.0125
2.11137	13	28.0532	1	-1	0.19615	60.365
2.11155	13	28.2112	4	-1	0.1998	61.4883
2.11761	13	31.0067	2	-1	0.16511	51.4602
2.11936	13	31.8359	3	-1	0.15985	49.8208
2.12174	13	32.1657	1	-1	0.08272	25.7815
2.1219	13	32.177	3	-1	0.00315	3.66834
2.12323	13	31.873	2	-1	0.06757	78.6887
2.12619	13	33.5743	1	-1	0.08579	99.9068
2.12619	13	33.5743	4	-1	0.17165	199.895
2.13152	13	33.455	2	-1	0.10662	55.4158
2.13327	13	34.0023	3	-1	0.14164	73.6175
2.1357	13	33.8881	1	-1	0.08363	43.4667
2.13655	13	33.8333	3	-1	0.01709	16.9678
2.13887	13	33.1224	2	-1	0.10188	101.152
2.1404	13	32.0644	4	-1	0.17767	176.4
2.1404	13	32.0646	1	-1	0.07697	76.4198
2.14887	13	30.9464	2	-1	0.16927	68.7447
2.14887	13	30.9464	3	-1	0.16927	68.7447
2.15254	13	36.3328	1	-1	0.07354	29.8664
2.15396	13	36.4756	4	-1	0.10183	41.3556
2.15575	13	36.1859	2	-1	0.06423	58.5559
2.15575	13	36.1858	4	-1	1e-05	0.0091166
2.15575	13	36.1856	2	-1	1e-05	0.0091166
2.15576	13	36.1855	4	-1	1e-05	0.0091166
2.15576	13	36.1854	2	-1	1e-05	0.0091166
2.15576	13	36.1853	4	-1	1e-05	0.0091166
2.15576	13	36.1851	2	-1	1e-05	0.0091166
2.15576	13	36.185	4	-1	1e-05	0.0091166
2.15576	13	36.1849	2	-1	1e-05	0.0091166
2.15576	13	36.1848	4	-1	1e-05	0.0091166
2.15576	13	36.1847	2	-1	1e-05	0.0091166
2.15576	13	36.1846	4	-1	1e-05	0.0091166
2.15576	13	36.1844	2	-1	1e-05	0.0091166
2.15576	13	36.1843	4	-1	1e-05	0.0091166
2.15576	13	36.1842	2	-1	1e-05	0.0091166
2.15576	13	36.1841	4	-1	1e-05	0.0091166
2.15576	13	36.1839	2	-1	1e-05	0.0091166
2.15576	13	36.1838	4	-1	1e-05	0.0091166
2.15576	13	36.1837	2	-1	1e-05	0.0091166
2.15576	13	36.1836	4	-1	1e-05	0.0091166
2.15576	13	36.1834	2	-1	1e-05	0.0091166
2.15576	13	36.1834	4	-1	1e-05	0.0091166
2.15576	13	36.1832	2	-1	1e-05	0.0091166
2.15577	13	36.1831	4	-1	1e-05	0.0091166
2.15577	13	36.183	2	-1	1e-05	0.0091166
2.15577	13	36.1829	4	-1	1e-05	0.0091166
2.15577	13	36.1827	2	-1	1e-05	0.0091166
2.15577	13	36.1826	4	-1	1e-05	0.0091166
2.15577	13	36.1825	2	-1	1e-05	0.0091166
2.15577	13	36.1824	4	-1	1e-05	0.0091166
2.15577	13	36.1822	2	-1	1e-05	0.0091166
2.15577	13	36.1821	4	-1	1e-05	0.0091166
2.15577	13	36.182	2	-1	1e-05	0.0091166
2.15577	13	36.1819	4	-1	1e-05	0.0091166
2.15577	13	36.1818	2	-1	1e-05	0.0091166
2.15577	13	36.1817	4	-1	1e-05	0.0091166
2.15577	13	36.1815	2	-1	1e-05	0.0091166
2.15577	13	36.1814	4	-1	1e-05	0.0091166
2.15577	13	36.1813	2	-1	1e-05	0.0091166
2.15577	13	36.1812	4	-1	1e-05	0.0091166
2.15577	13	36.181	2	-1	1e-05	0.0091166
2.15577	13	36.1809	4	-1	1e-05	0.0091166
2.15577	13	36.1808	2	-1	1e-05	0.0091166
2.15578	13	36.1807	4	-1	1e-05	0.0091166
2.15578	13	36.1806	2	-1	1e-05	0.0091166
2.15578	13	36.1805	4	-1	1e-05	0.0091166
2.15578	13	36.1803	2	-1	1e-05	0.0091166
2.15578	13	36.1802	4	-1	1e-05	0.0091166
2.15578	13	36.1801	2	-1	1e-05	0.0091166
2.15578	13	36.18	4	-1	1e-05	0.0091166
2.15578	13	36.1798	1	-1	0.02857	26.0461
2.15826	13	37.7463	2	-1	0.04959	63.4549
2.15826	13	37.7463	3	-1	0.1143	146.257
2.16226	13	38.6457	1	-1	0.08004	102.418
2.16373	13	38.5567	4	-1	0.10954	140.166
2.16595	13	37.8197	2	-1	0.07376	62.445
2.16633	13	37.6934	4	-1	0.00775	6.56112
2.16784	13	36.8948	1	-1	0.07345	62.1825
2.17006	13	36.2324	3	-1	0.15599	132.296
2.17006	13	36.2325	2	-1	0.0745	63.1838
2.17753	13	31.1027	4	-1	0.14948	126.775
2.17753	13	31.1032	2	-1	2e-05	0.0169621
2.17766	13	31.1726	1	-1	0.15202	128.929
2.17909	13	31.9348	4	-1	0.03104	26.3252
2.18339	13	31.8043	2	-1	0.11455	53.3709
2.18621	13	32.4606	4	-1	0.05649	26.3197
2.18647	13	32.5339	3	-1	0.17878	83.2968
2.18647	13	32.534	4	-1	1e-05	0.00465918
2.18728	13	32.7677	3	-1	0.01609	7.49662
2.18728	13	32.7678	4	-1	1e-05	0.00465918
2.18807	13	33.0123	3	-1	0.01575	7.33821
2.18807	13	33.0125	4	-1	1e-05	0.00465918
2.18809	13	33.0206	1	-1	0.14601	68.0287
2.18875	13	32.3039	3	-1	0.01377	8.6457
2.18875	13	32.3041	2	-1	0.05085	31.9269
2.19764	13	29.8189	4	-1	0.17779	111.628
2.19764	13	29.8196	2	-1	2e-05	0.0125573
2.19764	13	29.8196	3	-1	2e-05	0.0125573
2.1979	13	29.9918	1	-1	0.18286	114.811
2.1993	13	30.9158	4	-1	0.03315	20.8137
2.20287	13	33.0874	2	-1	0.10453	37.0214
2.20465	13	33.7109	3	-1	0.13508	47.8413
2.20716	13	33.6873	1	-1	0.08576	30.3736
2.20799	13	33.6566	3	-1	0.01656	16.1845
2.21038	13	33.0254	2	-1	0.1039	101.544
2.21178	13	32.158	4	-1	0.17822	174.179
2.21178	13	32.1582	1	-1	0.07592	74.1986
2.22071	13	30.9813	2	-1	0.17852	70.1647
2.22071	13	30.9813	3	-1	0.17852	70.1647
2.22428	13	35.9921	1	-1	0.07147	28.0902
2.22572	13	36.1742	4	-1	0.10032	39.4293
2.22766	13	35.8569	2	-1	0.06751	62.204
2.22769	13	35.8504	4	-1	0.00067	0.617341
2.22824	13	35.6201	1	-1	0.04205	38.745
2.23096	13	36.81	2	-1	0.06544	67.7784
2.23096	13	36.81	3	-1	0.13361	138.384
2.23572	13	35.9361	1	-1	0.0952	98.6018
2.2374	13	36.1736	4	-1	0.12876	133.361
2.23985	13	35.7255	2	-1	0.0825	59.3696
2.24085	13	35.5526	4	-1	0.02005	14.4286
2.24326	13	34.7872	1	-1	0.10697	76.979
2.24405	13	34.0108	3	-1	0.1666	135.624
2.24405	13	34.0109	2	-1	0.06407	52.1573
2.25038	13	31.7489	1	-1	0.12661	103.069
2.25038	13	31.7489	4	-1	0.12661	103.069
2.25471	13	35.0901	2	-1	0.08645	40.5773
2.25623	13	35.374	3	-1	0.11693	54.8838
2.25832	13	35.1447	1	-1	0.07236	33.9639
2.25848	13	35.1222	3	-1	0.00315	4.17163
2.2594	13	34.761	2	-1	0.05451	72.1891
2.26229	13	35.9359	1	-1	0.07608	100.755
2.26229	13	35.9359	4	-1	0.15158	200.742
2.26748	13	34.7398	2	-1	0.10382	57.713
2.26922	13	35.1395	3	-1	0.1388	77.1583
2.27175	13	34.8603	1	-1	0.08541	47.479
2.27283	13	34.7372	3	-1	0.02176	20.3042
2.27525	13	34.1072	2	-1	0.10974	102.398
2.27602	13	33.3339	4	-1	0.17078	159.354
2.27602	13	33.334	1	-1	0.06363	59.373
2.28243	13	31.3169	2	-1	0.12825	66.8421
2.28243	13	31.3169	3	-1	0.12825	66.8421
2.28672	13	35.0364	1	-1	0.08582	44.7282
2.28823	13	35.3231	4	-1	0.11608	60.4993
2.2903	13	35.1148	2	-1	0.07166	57.3739
2.29041	13	35.1002	4	-1	0.00209	1.67334
2.29119	13	34.7982	1	-1	0.05041	40.3603
2.29404	13	36.0436	2	-1	0.07273	67.7251
2.29404	13	36.0436	3	-1	0.14647	136.391
2.29906	13	35.2017	1	-1	0.10041	93.5003
2.30077	13	35.531	4	-1	0.13448	125.226
2.30324	13	35.2002	2	-1	0.08346	57.5308
2.3042	13	35.0672	4	-1	0.0192	13.235
2.30661	13	34.3285	1	-1	0.10626	73.2474
2.30754	13	33.4971	3	-1	0.1695	135.774
2.30754	13	33.4972	2	-1	0.06686	53.5566
2.31424	13	31.461	1	-1	0.13411	107.426
2.31424	13	31.461	4	-1	0.13411	107.426
2.31846	13	35.1208	2	-1	0.08441	38.6298
2.31998	13	35.3997	3	-1	0.11468	52.4827
2.32205	13	35.177	1	-1	0.07167	32.7994
2.32219	13	35.1563	3	-1	0.00285	3.82448
2.32303	13	34.8249	2	-1	0.05216	69.9946
2.3259	13	36.0207	1	-1	0.07419	99.5572
2.3259	13	36.0207	4	-1	0.1487	199.544
2.33101	13	34.939	2	-1	0.10222	57.9478
2.33274	13	35.3091	3	-1	0.13687	77.5907
2.33525	13	35.0114	1	-1	0.08475	48.0442
2.33631	13	34.8797	3	-1	0.02136	20.1301
2.33874	13	34.2187	2	-1	0.10896	102.686
2.33952	13	33.4461	4	-1	0.17014	160.343
2.33952	13	33.4463	1	-1	0.06405	60.3619
2.34595	13	31.3903	2	-1	0.12875	66.7825
2.34595	13	31.3903	3	-1	0.12875	66.7825
2.35024	13	35.031	1	-1	0.08579	44.4992
2.35176	13	35.3192	4	-1	0.11611	60.2262
2.35384	13	35.1146	2	-1	0.07187	57.4225
2.35397	13	35.0962	4	-1	0.00262	2.09332
2.35479	13	34.7794	1	-1	0.05153	41.1713
2.35765	13	36.0071	2	-1	0.07373	67.7416
2.35765	13	36.0071	3	-1	0.14821	136.172
2.36272	13	35.0696	1	-1	0.10122	92.9989
2.36443	13	35.4187	4	-1	0.13555	124.541
2.36692	13	35.1108	2	-1	0.08406	57.3828
2.36794	13	34.9772	4	-1	0.02041	13.9327
2.37036	13	34.2766	1	-1	0.10763	73.4726
2.37121	13	33.4794	3	-1	0.16983	136.344
2.37121	13	33.4796	2	-1	0.06538	52.4888
2.37777	13	31.4273	1	-1	0.13118	105.315
2.37777	13	31.4273	4	-1	0.13118	105.315
2.38203	13	35.0575	2	-1	0.08523	39.3854
2.38354	13	35.3432	3	-1	0.11555	53.3965
2.38562	13	35.136	1	-1	0.07187	33.2116
2.38577	13	35.1151	3	-1	0.00295	3.9428
2.38661	13	34.7882	2	-1	0.05214	69.6872
2.38948	13	35.9991	1	-1	0.07425	99.2382
2.38948	13	35.9991	4	-1	0.14906	199.225
2.39457	13	34.9787	2	-1	0.10179	57.8254
2.3963	13	35.342	3	-1	0.13632	77.4413
2.3988	13	35.0479	1	-1	0.08453	48.0202
2.39986	13	34.914	3	-1	0.02133	20.1493
2.40229	13	34.2439	2	-1	0.1087	102.683
2.40307	13	33.4776	4	-1	0.17005	160.637
2.40307	13	33.4777	1	-1	0.06421	60.6556
2.40953	13	31.4115	2	-1	0.12913	66.7925
2.40953	13	31.4115	3	-1	0.12913	66.7925
2.41382	13	35.0238	1	-1	0.08575	44.3542
2.41533	13	35.3132	4	-1	0.1161	60.0528
2.41742	13	35.1147	2	-1	0.07199	57.4266
2.41756	13	35.094	4	-1	0.00296	2.3612
2.4184	13	34.7704	1	-1	0.05206	41.5284
2.42127	13	35.99	2	-1	0.07423	67.7528
2.42127	13	35.99	3	-1	0.14917	136.154
2.42635	13	35.0129	1	-1	0.1015	92.6433
2.42807	13	35.3705	4	-1	0.13594	124.078
2.43057	13	35.0768	2	-1	0.08436	57.3176
2.43163	13	34.9417	4	-1	0.02118	14.3905
2.43405	13	34.2625	1	-1	0.10842	73.6649
2.43485	13	33.496	3	-1	0.16997	136.753
2.43485	13	33.4961	2	-1	0.06445	51.8545
2.44133	13	31.4243	1	-1	0.12958	104.256
2.44133	13	31.4243	4	-1	0.12958	104.256
2.44561	13	35.0219	2	-1	0.08567	39.8021
2.44713	13	35.3117	3	-1	0.11604	53.9119
2.44921	13	35.1162	1	-1	0.07204	33.4696
2.44937	13	35.0939	3	-1	0.00317	4.21487
2.45022	13	34.7661	2	-1	0.05239	69.6583
2.4531	13	35.9812	1	-1	0.07454	99.1092
2.4531	13	35.9812	4	-1	0.14974	199.096
2.45818	13	34.976	2	-1	0.10167	57.7015
2.45991	13	35.3394	3	-1	0.13619	77.2928
2.46241	13	35.0542	1	-1	0.08455	47.9852
2.46349	13	34.9184	3	-1	0.02167	20.4011
2.46592	13	34.2532	2	-1	0.10893	102.551
2.46668	13	33.5071	4	-1	0.17005	160.092
2.46668	13	33.5073	1	-1	0.06385	60.1111
2.47311	13	31.4246	2	-1	0.12861	66.8277
2.47311	13	31.4246	3	-1	0.12861	66.8277
2.47741	13	35.0032	1	-1	0.08592	44.6454
2.47893	13	35.2952	4	-1	0.11631	60.4365
2.48102	13	35.1055	2	-1	0.07213	57.3462
2.48118	13	35.0827	4	-1	0.00327	2.59978
2.48203	13	34.7546	1	-1	0.05251	41.7475
2.48491	13	35.9719	2	-1	0.07467	67.7586
2.48491	13	35.9719	3	-1	0.15006	136.171
2.48999	13	34.9759	1	-1	0.10161	92.2051
2.49172	13	35.3391	4	-1	0.13612	123.521
2.49422	13	35.0584	2	-1	0.08454	57.2609
2.49531	13	34.9217	4	-1	0.02183	14.786
2.49775	13	34.2585	1	-1	0.10902	73.8418
2.4985	13	33.5217	3	-1	0.17005	137.115
2.4985	13	33.5218	2	-1	0.0637	51.3627
2.50492	13	31.4307	1	-1	0.12842	103.548
2.50492	13	31.4307	4	-1	0.12842	103.548
2.50922	13	34.9937	2	-1	0.08599	40.1073
2.51074	13	35.2869	3	-1	0.1164	54.291
2.51283	13	35.1019	1	-1	0.0722	33.6754
2.513	13	35.0779	3	-1	0.00343	4.53524
2.51385	13	34.7474	2	-1	0.05274	69.7342
2.51674	13	35.9632	1	-1	0.07489	99.0216
2.51674	13	35.9632	4	-1	0.15051	199.008
2.52183	13	34.9584	2	-1	0.10168	57.5895
2.52355	13	35.3243	3	-1	0.13623	77.1579
2.52606	13	35.05	1	-1	0.08464	47.9384
2.52716	13	34.9125	3	-1	0.02214	20.7342
2.5296	13	34.2572	2	-1	0.10931	102.369
2.53033	13	33.5354	4	-1	0.17008	159.281
2.53033	13	33.5355	1	-1	0.06332	59.2995
2.53672	13	31.4344	2	-1	0.12785	66.8811
2.53672	13	31.4344	3	-1	0.12785	66.8811
2.54103	13	34.9815	1	-1	0.08615	45.067
2.54255	13	35.2761	4	-1	0.11658	60.9856
2.54464	13	35.0964	2	-1	0.07228	57.2424
2.54482	13	35.0716	4	-1	0.00356	2.81936
2.54568	13	34.7397	1	-1	0.05291	41.9023
2.54858	13	35.9559	2	-1	0.07507	67.7649
2.54858	13	35.9559	3	-1	0.1509	136.216
2.55366	13	34.9503	1	-1	0.10166	91.7675
2.55539	13	35.3173	4	-1	0.13622	122.964
2.55789	13	35.0483	2	-1	0.08468	57.2162
2.55901	13	34.91	4	-1	0.02238	15.1216
2.56145	13	34.2597	1	-1	0.10951	73.9932
2.56216	13	33.5506	3	-1	0.1701	137.443
2.56216	13	33.5507	2	-1	0.06306	50.9535
2.56854	13	31.4405	1	-1	0.12748	103.006
2.56854	13	31.4405	4	-1	0.12748	103.006
2.57285	13	34.9719	2	-1	0.08626	40.3593
2.57437	13	35.2677	3	-1	0.11671	54.6063
2.57647	13	35.0928	1	-1	0.07234	33.8464
2.57665	13	35.0671	3	-1	0.0037	4.86586
2.57752	13	34.7338	2	-1	0.05308	69.8054
2.58041	13	35.9499	1	-1	0.07524	98.9479
2.58041	13	35.9499	4	-1	0.15127	198.935
2.5855	13	34.9419	2	-1	0.10166	57.4707
2.58723	13	35.3102	3	-1	0.13624	77.0196
2.58973	13	35.0469	1	-1	0.08474	47.9055
2.59087	13	34.9075	3	-1	0.02265	21.0913
2.59331	13	34.2632	2	-1	0.10974	102.188
2.594	13	33.5682	4	-1	0.17011	158.404
2.594	13	33.5683	1	-1	0.06274	58.4226
2.60035	13	31.4481	2	-1	0.12703	66.9425
2.60035	13	31.4481	3	-1	0.12703	66.9425
2.60467	13	34.9599	1	-1	0.08638	45.5207
2.6062	13	35.2573	4	-1	0.11685	61.5778
2.60829	13	35.0874	2	-1	0.07242	57.1361
2.60849	13	35.0608	4	-1	0.00385	3.03748
2.60936	13	34.7254	1	-1	0.0533	42.0513
2.61226	13	35.9409	2	-1	0.07546	67.7683
2.61226	13	35.9409	3	-1	0.15172	136.255
2.61734	13	34.9276	1	-1	0.10168	91.3157
2.61907	13	35.2979	4	-1	0.13628	122.389
2.62158	13	35.0411	2	-1	0.08482	57.1795
2.62273	13	34.901	4	-1	0.02295	15.4712
2.62518	13	34.2639	1	-1	0.11	74.154
2.62585	13	33.5842	3	-1	0.17014	137.787
2.62585	13	33.5843	2	-1	0.06239	50.5264
2.63218	13	31.4536	1	-1	0.12656	102.494
2.63218	13	31.4536	4	-1	0.12656	102.494
2.6365	13	34.948	2	-1	0.08651	40.6036
2.63803	13	35.2468	3	-1	0.117	54.9141
2.64013	13	35.0822	1	-1	0.0725	34.028
2.64033	13	35.0547	3	-1	0.00399	5.21637
2.6412	13	34.7175	2	-1	0.0535	69.9438
2.64411	13	35.9334	1	-1	0.07567	98.928
2.64411	13	35.9334	4	-1	0.15215	198.915
2.64919	13	34.9167	2	-1	0.10168	57.3362
2.65093	13	35.2887	3	-1	0.1363	76.858
2.65344	13	35.0378	1	-1	0.08488	47.8629
2.6546	13	34.8968	3	-1	0.02323	21.4874
2.65705	13	34.2661	2	-1	0.11024	101.97
2.6577	13	33.601	4	-1	0.17016	157.395
2.6577	13	33.6011	1	-1	0.06207	57.4137
2.66401	13	31.4618	2	-1	0.12614	67.0244
2.66401	13	31.4618	3	-1	0.12614	67.0244
2.66834	13	34.9404	1	-1	0.08663	46.0308
2.66987	13	35.2402	4	-1	0.11714	62.2423
2.67197	13	35.0804	2	-1	0.07257	57.0295
2.67218	13	35.052	4	-1	0.00413	3.24558
2.67306	13	34.7128	1	-1	0.0537	42.2004
2.67597	13	35.9277	2	-1	0.07586	67.7745
2.67597	13	35.9277	3	-1	0.15255	136.291
2.68105	13	34.906	1	-1	0.1017	90.8604
2.68279	13	35.2796	4	-1	0.13634	121.808
2.6853	13	35.0351	2	-1	0.08495	57.14
2.68648	13	34.8932	4	-1	0.02351	15.8135
2.68893	13	34.2692	1	-1	0.11048	74.3122
2.68956	13	33.6199	3	-1	0.17017	138.125
2.68956	13	33.62	2	-1	0.06173	50.1055
2.69585	13	31.4687	1	-1	0.1257	102.029
2.69585	13	31.4687	4	-1	0.1257	102.029
2.70018	13	34.9271	2	-1	0.08675	40.8351
2.70171	13	35.2286	3	-1	0.11728	55.2062
2.70382	13	35.0746	1	-1	0.07265	34.1979
2.70403	13	35.045	3	-1	0.0043	5.58804
2.70492	13	34.7038	2	-1	0.05394	70.0975
2.70784	13	35.9178	1	-1	0.07609	98.8824
2.70784	13	35.9178	4	-1	0.15303	198.869
2.71292	13	34.8913	2	-1	0.10172	57.2103
2.71466	13	35.2671	3	-1	0.13639	76.7098
2.71717	13	35.0293	1	-1	0.08502	47.8178
2.71836	13	34.8866	3	-1	0.02382	21.8853
2.72082	13	34.27	2	-1	0.11075	101.755
2.72143	13	33.6369	4	-1	0.1702	156.376
2.72143	13	33.637	1	-1	0.06138	56.3947
2.7277	13	31.4765	2	-1	0.12526	67.1168
2.7277	13	31.4765	3	-1	0.12526	67.1168
2.73204	13	34.9204	1	-1	0.08687	46.5466
2.73357	13	35.2227	4	-1	0.11742	62.9159
2.73567	13	35.0737	2	-1	0.07272	56.9237
2.7359	13	35.0433	4	-1	0.00443	3.46771
2.73679	13	34.7005	1	-1	0.05411	42.3562
2.73971	13	35.914	2	-1	0.07627	67.7775
2.73971	13	35.914	3	-1	0.15341	136.328
2.74479	13	34.8845	1	-1	0.10169	90.367
2.74653	13	35.2613	4	-1	0.13637	121.185
2.74905	13	35.0295	2	-1	0.08507	57.1055
2.75025	13	34.8858	4	-1	0.0241	16.1778
2.75271	13	34.2755	1	-1	0.11097	74.4915
2.7533	13	33.6575	3	-1	0.17021	138.461
2.7533	13	33.6576	2	-1	0.06106	49.6705
2.75955	13	31.4858	1	-1	0.12489	101.594
2.75955	13	31.4858	4	-1	0.12489	101.594
2.7639	13	34.9094	2	-1	0.08697	41.0526
2.76543	13	35.2132	3	-1	0.11754	55.4827
2.76754	13	35.0695	1	-1	0.0728	34.3639
2.76777	13	35.038	3	-1	0.00459	5.931
2.76867	13	34.6925	2	-1	0.05437	70.2546
2.77159	13	35.9052	1	-1	0.07651	98.8629
2.77159	13	35.9052	4	-1	0.15389	198.85
2.77668	13	34.867	2	-1	0.10174	57.0803
2.77841	13	35.2465	3	-1	0.13646	76.5597
2.78094	13	35.022	1	-1	0.08516	47.7783
2.78216	13	34.8777	3	-1	0.02443	22.2922
2.78461	13	34.2759	2	-1	0.11127	101.533
2.78519	13	33.6761	4	-1	0.17024	155.343
2.78519	13	33.6762	1	-1	0.06067	55.3609
2.79141	13	31.494	2	-1	0.12442	67.225
2.79141	13	31.494	3	-1	0.12442	67.225
2.79577	13	34.8997	1	-1	0.08709	47.0553
2.7973	13	35.2047	4	-1	0.11768	63.5833
2.79941	13	35.0667	2	-1	0.07287	56.8276
2.79965	13	35.0342	4	-1	0.00475	3.70428
2.80055	13	34.6869	1	-1	0.05458	42.5641
2.80348	13	35.8991	2	-1	0.07671	67.777
2.80348	13	35.8991	3	-1	0.15432	136.349
2.80857	13	34.8583	1	-1	0.10173	89.8834
2.8103	13	35.2391	4	-1	0.13646	120.569
2.81283	13	35.0206	2	-1	0.08522	57.0682
2.81406	13	34.8754	4	-1	0.02471	16.5472
2.81652	13	34.2801	1	-1	0.1115	74.6668
2.81708	13	33.6962	3	-1	0.17025	138.81
2.81708	13	33.6963	2	-1	0.06034	49.1969
2.82328	13	31.505	1	-1	0.12405	101.141
2.82328	13	31.505	4	-1	0.12405	101.141
2.82764	13	34.8934	2	-1	0.08719	41.2773
2.82917	13	35.1993	3	-1	0.1178	55.7686
2.83129	13	35.0662	1	-1	0.07294	34.5311
2.83153	13	35.0327	3	-1	0.0049	6.29496
2.83245	13	34.6832	2	-1	0.0548	70.4008
2.83538	13	35.8947	1	-1	0.07693	98.8309
2.83538	13	35.8947	4	-1	0.15476	198.818
2.84047	13	34.848	2	-1	0.10173	56.9437
2.84221	13	35.2305	3	-1	0.13649	76.4008
2.84473	13	35.0188	1	-1	0.08529	47.7414
2.84598	13	34.8727	3	-1	0.02503	22.6885
2.84844	13	34.2851	2	-1	0.11177	101.314
2.84898	13	33.7193	4	-1	0.17026	154.333
2.84898	13	33.7194	1	-1	0.05996	54.351
2.85516	13	31.5155	2	-1	0.12362	67.3422
2.85516	13	31.5155	3	-1	0.12362	67.3422
2.85953	13	34.8848	1	-1	0.08731	47.5622
2.86106	13	35.1918	4	-1	0.11794	64.248
2.86318	13	35.0642	2	-1	0.07302	56.7366
2.86343	13	35.0296	4	-1	0.00505	3.92385
2.86435	13	34.6778	1	-1	0.05503	42.7584
2.86729	13	35.8876	2	-1	0.07715	67.7825
2.86729	13	35.8876	3	-1	0.15521	136.364
2.87237	13	34.8343	1	-1	0.10174	89.3868
2.87411	13	35.2189	4	-1	0.13652	119.944
2.87664	13	35.0143	2	-1	0.08537	57.0388
2.87791	13	34.8674	4	-1	0.02536	16.9439
2.88037	13	34.2881	1	-1	0.11205	74.8647
2.88089	13	33.7406	3	-1	0.17029	139.171
2.88089	13	33.7408	2	-1	0.05958	48.6924
2.88705	13	31.5259	1	-1	0.12322	100.703
2.88705	13	31.5259	4	-1	0.12322	100.703
2.89142	13	34.8759	2	-1	0.08741	41.5013
2.89295	13	35.1841	3	-1	0.11806	56.0536
2.89507	13	35.0623	1	-1	0.07309	34.7023
2.89534	13	35.0266	3	-1	0.00522	6.66582
2.89626	13	34.6726	2	-1	0.05527	70.5785
2.8992	13	35.8827	1	-1	0.07738	98.8124
2.8992	13	35.8827	4	-1	0.15568	198.8
2.90429	13	34.8243	2	-1	0.10173	56.8007
2.90603	13	35.2104	3	-1	0.13654	76.2367
2.90856	13	35.0128	1	-1	0.08544	47.7052
2.90985	13	34.865	3	-1	0.02568	23.1102
2.91231	13	34.2935	2	-1	0.11232	101.08
2.91281	13	33.7648	4	-1	0.1703	153.258
2.91281	13	33.7649	1	-1	0.0592	53.2757
2.91895	13	31.5393	2	-1	0.12282	67.4798
2.91895	13	31.5393	3	-1	0.12282	67.4798
2.92332	13	34.869	1	-1	0.08751	48.0798
2.92486	13	35.1782	4	-1	0.11818	64.9305
2.92698	13	35.0618	2	-1	0.07317	56.6507
2.92725	13	35.0251	4	-1	0.00538	4.16538
2.92818	13	34.6684	1	-1	0.05552	42.9854
2.93113	13	35.8768	2	-1	0.07762	67.7845
2.93113	13	35.8768	3	-1	0.15616	136.372
2.93622	13	34.8114	1	-1	0.10174	88.8481
2.93796	13	35.1996	4	-1	0.13658	119.273
2.94049	13	35.0096	2	-1	0.08551	57.0067
2.94179	13	34.861	4	-1	0.02603	17.3533
2.94426	13	34.2981	1	-1	0.11261	75.0733
2.94473	13	33.7894	3	-1	0.17032	139.538
2.94473	13	33.7895	2	-1	0.0588	48.173
2.95086	13	31.5527	1	-1	0.12243	100.303
2.95086	13	31.5527	4	-1	0.12243	100.303
2.95524	13	34.8626	2	-1	0.08761	41.7131
2.95677	13	35.1726	3	-1	0.11829	56.3205
2.9589	13	35.0614	1	-1	0.07325	34.876
2.95917	13	35.0237	3	-1	0.00554	7.03135
2.96011	13	34.6642	2	-1	0.05578	70.7958
2.96307	13	35.8708	1	-1	0.07785	98.807
2.96307	13	35.8708	4	-1	0.15663	198.794
2.96816	13	34.7975	2	-1	0.10177	56.6617
2.9699	13	35.1879	3	-1	0.13664	76.0759
2.97244	13	35.0054	1	-1	0.0856	47.6588
2.97375	13	34.8561	3	-1	0.02636	23.5441
2.97622	13	34.3019	2	-1	0.11289	100.831
2.97667	13	33.8129	4	-1	0.17034	152.144
2.97667	13	33.813	1	-1	0.0584	52.1615
2.98278	13	31.5649	2	-1	0.12205	67.6402
2.98278	13	31.5649	3	-1	0.12205	67.6402
2.98716	13	34.8559	1	-1	0.08771	48.609
2.9887	13	35.1668	4	-1	0.11841	65.6229
2.99083	13	35.0614	2	-1	0.07332	56.5653
2.99111	13	35.0225	4	-1	0.00571	4.40518
2.99206	13	34.6608	1	-1	0.05602	43.2186
2.99502	13	35.8668	2	-1	0.07808	67.7837
2.99502	13	35.8668	3	-1	0.1571	136.383
3.0001	13	34.788	1	-1	0.10175	88.3323
3.00185	13	35.1799	4	-1	0.13664	118.621
3.00439	13	35.0042	2	-1	0.08567	56.9842
3.00572	13	34.854	4	-1	0.0267	17.7597
3.00819	13	34.3081	1	-1	0.11317	75.276
3.00862	13	33.8397	3	-1	0.17034	139.91
3.00862	13	33.8398	2	-1	0.05799	47.6304
3.0147	13	31.5791	1	-1	0.12165	99.9179
3.0147	13	31.5791	4	-1	0.12165	99.9179
3.01909	13	34.8497	2	-1	0.08782	41.9269
3.02063	13	35.1615	3	-1	0.11854	56.5931
3.02276	13	35.0617	1	-1	0.0734	35.0425
3.02306	13	35.0216	3	-1	0.00588	7.41675
3.02401	13	34.6571	2	-1	0.05629	71.0015
3.02697	13	35.8616	1	-1	0.07834	98.8143
3.02697	13	35.8616	4	-1	0.15761	198.802
3.03206	13	34.7744	2	-1	0.10174	56.5002
3.03381	13	35.1685	3	-1	0.13666	75.8927
3.03635	13	35.0003	1	-1	0.08575	47.6204
3.0377	13	34.8494	3	-1	0.02707	23.994
3.04017	13	34.3129	2	-1	0.11347	100.576
3.04058	13	33.8658	4	-1	0.17036	151.002
3.04058	13	33.8659	1	-1	0.05756	51.0193
3.04664	13	31.5937	2	-1	0.12128	67.8186
3.04664	13	31.5937	3	-1	0.12128	67.8186
3.05104	13	34.8445	1	-1	0.08791	49.1584
3.05258	13	35.1571	4	-1	0.11865	66.3479
3.05471	13	35.0626	2	-1	0.07347	56.485
3.05501	13	35.0214	4	-1	0.00604	4.64365
3.05597	13	34.6543	1	-1	0.05654	43.4689
3.05894	13	35.8577	2	-1	0.07857	67.7854
3.05894	13	35.8577	3	-1	0.15807	136.373
3.06403	13	34.764	1	-1	0.10174	87.775
3.06578	13	35.1597	4	-1	0.13669	117.928
3.06832	13	34.9994	2	-1	0.08583	56.9656
3.06969	13	34.8476	4	-1	0.02741	18.1921
3.07216	13	34.3198	1	-1	0.11375	75.4961
3.07255	13	33.894	3	-1	0.17037	140.292
3.07255	13	33.8941	2	-1	0.05715	47.0603
3.07859	13	31.6091	1	-1	0.12092	99.5718
3.07859	13	31.6091	4	-1	0.12092	99.5718
3.08299	13	34.8389	2	-1	0.08801	42.1262
3.08453	13	35.1524	3	-1	0.11877	56.8495
3.08667	13	35.0635	1	-1	0.07355	35.2049
3.08698	13	35.0211	3	-1	0.00622	7.79742
3.08795	13	34.6507	2	-1	0.05684	71.2549
3.09092	13	35.8521	1	-1	0.07884	98.8341
3.09092	13	35.8521	4	-1	0.1586	198.822
3.09601	13	34.7491	2	-1	0.10176	56.3486
3.09776	13	35.1473	3	-1	0.13674	75.7185
3.10031	13	34.995	1	-1	0.08592	47.5774
3.1017	13	34.8425	3	-1	0.0278	24.446
3.10417	13	34.3249	2	-1	0.11408	100.317
3.10453	13	33.9231	4	-1	0.17039	149.833
3.10453	13	33.9232	1	-1	0.05669	49.8505
3.11056	13	31.6253	2	-1	0.12053	68.0153
3.11056	13	31.6253	3	-1	0.12053	68.0153
3.11496	13	34.8332	1	-1	0.08811	49.7207
3.1165	13	35.1475	4	-1	0.11889	67.0899
3.11864	13	35.0642	2	-1	0.07363	56.4085
3.11896	13	35.0206	4	-1	0.0064	4.90309
3.11994	13	34.6471	1	-1	0.05714	43.7754
3.12292	13	35.8466	2	-1	0.07911	67.7834
3.12292	13	35.8466	3	-1	0.15913	136.346
3.12801	13	34.7336	1	-1	0.10176	87.1905
3.12976	13	35.1343	4	-1	0.13678	117.196
3.13231	13	34.9904	2	-1	0.08601	56.9414
3.13372	13	34.8374	4	-1	0.0282	18.6693
3.13619	13	34.3303	1	-1	0.1144	75.7365
3.13653	13	33.9519	3	-1	0.17042	140.692
3.13653	13	33.952	2	-1	0.05623	46.4212
3.14254	13	31.6416	1	-1	0.12019	99.224
3.14254	13	31.6416	4	-1	0.12019	99.224
3.14695	13	34.8278	2	-1	0.08819	42.3238
3.14849	13	35.1429	3	-1	0.11899	57.1051
3.15063	13	35.0657	1	-1	0.0737	35.3698
3.15096	13	35.0209	3	-1	0.00658	8.19631
3.15195	13	34.6448	2	-1	0.0574	71.4998
3.15493	13	35.8434	1	-1	0.07936	98.854
3.15493	13	35.8434	4	-1	0.15963	198.842
3.16002	13	34.7252	2	-1	0.10172	56.1772
3.16177	13	35.1273	3	-1	0.13676	75.5288
3.16432	13	34.9906	1	-1	0.08608	47.5396
3.16575	13	34.8366	3	-1	0.02855	24.9062
3.16822	13	34.3382	2	-1	0.11468	100.044
3.16854	13	33.9821	4	-1	0.17042	148.67
3.16854	13	33.9822	1	-1	0.05581	48.6871
3.17453	13	31.659	2	-1	0.11985	68.2323
3.17453	13	31.659	3	-1	0.11985	68.2323
3.17894	13	34.8239	1	-1	0.08828	50.259
3.18048	13	35.1397	4	-1	0.1191	67.8053
3.18263	13	35.0683	2	-1	0.07378	56.3378
3.18297	13	35.0222	4	-1	0.00676	5.16188
3.18396	13	34.6429	1	-1	0.0577	44.0593
3.18695	13	35.8401	2	-1	0.07964	67.7845
3.18695	13	35.8401	3	-1	0.16017	136.326
3.19204	13	34.7137	1	-1	0.10171	86.5691
3.19379	13	35.1177	4	-1	0.13678	116.418
3.19634	13	34.9887	2	-1	0.08616	56.9352
3.19779	13	34.834	4	-1	0.02894	19.1238
3.20027	13	34.3457	1	-1	0.11499	75.9863
3.20056	13	34.0137	3	-1	0.17043	141.073
3.20056	13	34.0138	2	-1	0.05535	45.8157
3.20653	13	31.6781	1	-1	0.11952	98.9322
3.20653	13	31.6781	4	-1	0.11952	98.9322
3.21095	13	34.8219	2	-1	0.08837	42.5101
3.21249	13	35.138	3	-1	0.1192	57.3408
3.21465	13	35.072	1	-1	0.07386	35.5301
3.21499	13	35.0247	3	-1	0.00693	8.57779
3.21599	13	34.6421	2	-1	0.05799	71.7787
3.21899	13	35.8379	1	-1	0.0799	98.8984
3.21899	13	35.8379	4	-1	0.16068	198.886
3.22407	13	34.7016	2	-1	0.1017	56.0053
3.22583	13	35.1076	3	-1	0.1368	75.3345
3.22838	13	34.9869	1	-1	0.08625	47.4971
3.22985	13	34.8315	3	-1	0.02934	25.3828
3.23233	13	34.3537	2	-1	0.11531	99.7578
3.23259	13	34.0474	4	-1	0.17044	147.452
3.23259	13	34.0475	1	-1	0.05487	47.4695
3.23855	13	31.6982	2	-1	0.11919	68.4803
3.23855	13	31.6982	3	-1	0.11919	68.4803
3.24298	13	34.8158	1	-1	0.08845	50.8187
3.24452	13	35.133	4	-1	0.11931	68.5493
3.24667	13	35.0736	2	-1	0.07394	56.2709
3.24703	13	35.0248	4	-1	0.00715	5.4414
3.24804	13	34.6385	1	-1	0.05835	44.4064
3.25104	13	35.8318	2	-1	0.08022	67.782
3.25104	13	35.8318	3	-1	0.1613	136.291
3.25613	13	34.6855	1	-1	0.10169	85.9231
3.25788	13	35.0941	4	-1	0.13683	115.615
3.26044	13	34.9823	2	-1	0.08635	56.9291
3.26193	13	34.8263	4	-1	0.02979	19.64
3.26441	13	34.3604	1	-1	0.11567	76.2592
3.26465	13	34.0822	3	-1	0.17046	141.496
3.26465	13	34.0823	2	-1	0.05434	45.1067
3.27059	13	31.719	1	-1	0.11884	98.647
3.27059	13	31.719	4	-1	0.11884	98.647
3.27502	13	34.8136	2	-1	0.08854	42.6966
3.27656	13	35.1313	3	-1	0.11942	57.5879
3.27872	13	35.0777	1	-1	0.07402	35.6947
3.27908	13	35.0276	3	-1	0.00733	9.01045
3.2801	13	34.6378	2	-1	0.05866	72.1082
3.28311	13	35.8299	1	-1	0.0805	98.9551
3.28311	13	35.8299	4	-1	0.16184	198.943
3.28819	13	34.6746	2	-1	0.10167	55.8136
3.28995	13	35.085	3	-1	0.13684	75.1208
3.29251	13	34.9817	1	-1	0.08643	47.4473
3.29402	13	34.825	3	-1	0.03021	25.9002
3.2965	13	34.3699	2	-1	0.11599	99.4427
3.29672	13	34.1188	4	-1	0.17046	146.142
3.29672	13	34.1189	1	-1	0.05384	46.1591
3.30264	13	31.741	2	-1	0.11853	68.7689
3.30264	13	31.741	3	-1	0.11853	68.7689
3.30707	13	34.8106	1	-1	0.08863	51.4214
3.30862	13	35.1289	4	-1	0.11953	69.349
3.31078	13	35.0809	2	-1	0.0741	56.2045
3.31116	13	35.0293	4	-1	0.00754	5.71905
3.31219	13	34.6358	1	-1	0.05902	44.7664
3.3152	13	35.8248	2	-1	0.08082	67.7793
3.3152	13	35.8248	3	-1	0.16245	136.238
3.32028	13	34.6586	1	-1	0.10165	85.2482
3.32204	13	35.0717	4	-1	0.13686	114.777
3.32461	13	34.9773	2	-1	0.08653	56.9239
3.32614	13	34.8201	4	-1	0.03067	20.1763
3.32861	13	34.3774	1	-1	0.11635	76.541
3.3288	13	34.1547	3	-1	0.17049	141.921
3.3288	13	34.1548	2	-1	0.05331	44.3769
3.33472	13	31.7644	1	-1	0.11824	98.4267
3.33472	13	31.7644	4	-1	0.11824	98.4267
3.33915	13	34.8104	2	-1	0.0887	42.8647
3.3407	13	35.1289	3	-1	0.11961	57.8022
3.34286	13	35.0865	1	-1	0.07418	35.8479
3.34325	13	35.0336	3	-1	0.00772	9.42613
3.34428	13	34.6365	2	-1	0.05933	72.442
3.3473	13	35.824	1	-1	0.0811	99.0232
3.3473	13	35.824	4	-1	0.16299	199.011
3.35238	13	34.6495	2	-1	0.10162	55.6182
3.35414	13	35.0642	3	-1	0.13686	74.9056
3.35671	13	34.9779	1	-1	0.08661	47.403
3.35826	13	34.82	3	-1	0.03107	26.4021
3.36074	13	34.3875	2	-1	0.11666	99.1332
3.36091	13	34.1918	4	-1	0.17049	144.876
3.36091	13	34.1918	1	-1	0.05283	44.8929
3.3668	13	31.7875	2	-1	0.11796	69.0713
3.3668	13	31.7875	3	-1	0.11796	69.0713
3.37124	13	34.8086	1	-1	0.08878	51.985
3.37279	13	35.1276	4	-1	0.11971	70.096
3.37496	13	35.0909	2	-1	0.07426	56.1512
3.37535	13	35.0365	4	-1	0.00792	5.98866
3.3764	13	34.6356	1	-1	0.05968	45.1267
3.37942	13	35.8216	2	-1	0.08142	67.7822
3.37942	13	35.8216	3	-1	0.16359	136.189
3.3845	13	34.6371	1	-1	0.10158	84.5654
3.38626	13	35.054	4	-1	0.13686	113.936
3.38884	13	34.9761	2	-1	0.08671	56.9374
3.39041	13	34.8175	4	-1	0.03151	20.6908
3.39289	13	34.3969	1	-1	0.11701	76.8337
3.39303	13	34.2306	3	-1	0.1705	142.332
3.39303	13	34.2306	2	-1	0.0523	43.6597
3.39891	13	31.8113	1	-1	0.11766	98.2219
3.39891	13	31.8113	4	-1	0.11766	98.2219
3.40335	13	34.8067	2	-1	0.08886	43.0294
3.4049	13	35.1262	3	-1	0.11981	58.0166
3.40707	13	35.0954	1	-1	0.07434	35.9983
3.40748	13	35.0395	3	-1	0.00813	9.85813
3.40853	13	34.6346	2	-1	0.06005	72.8144
3.41156	13	35.8182	1	-1	0.08174	99.1148
3.41156	13	35.8182	4	-1	0.1642	199.103
3.41664	13	34.6235	2	-1	0.10155	55.407
3.41841	13	35.0427	3	-1	0.13687	74.6781
3.42098	13	34.9741	1	-1	0.0868	47.3592
3.42258	13	34.8151	3	-1	0.03199	26.9299
3.42505	13	34.4069	2	-1	0.11736	98.7962
3.42517	13	34.2712	4	-1	0.17051	143.539
3.42517	13	34.2713	1	-1	0.05174	43.5559
3.43104	13	31.8367	2	-1	0.1174	69.4141
3.43104	13	31.8367	3	-1	0.1174	69.4141
3.43548	13	34.806	1	-1	0.08894	52.5868
3.43703	13	35.1258	4	-1	0.11991	70.8981
3.4392	13	35.1013	2	-1	0.07443	56.0974
3.43962	13	35.0438	4	-1	0.00834	6.2858
3.44069	13	34.6343	1	-1	0.06044	45.5532
3.44372	13	35.8157	2	-1	0.08208	67.7787
3.44372	13	35.8157	3	-1	0.16484	136.119
3.4488	13	34.6087	1	-1	0.10152	83.8315
3.45057	13	35.0305	4	-1	0.13688	113.031
3.45315	13	34.9714	2	-1	0.08691	56.9454
3.45477	13	34.8119	4	-1	0.03248	21.2816
3.45724	13	34.417	1	-1	0.11774	77.1459
3.45733	13	34.3148	3	-1	0.17052	142.79
3.45733	13	34.3148	2	-1	0.05115	42.832
3.46318	13	31.8645	1	-1	0.11712	98.074
3.46318	13	31.8645	4	-1	0.11712	98.074
3.46763	13	34.8044	2	-1	0.08902	43.1863
3.46918	13	35.1248	3	-1	0.12002	58.2254
3.47136	13	35.106	1	-1	0.07452	36.1519
3.47179	13	35.0469	3	-1	0.00856	10.3033
3.47287	13	34.6324	2	-1	0.06088	73.2788
3.47591	13	35.8113	1	-1	0.08246	99.2537
3.47591	13	35.8113	4	-1	0.16553	199.242
3.48099	13	34.5911	2	-1	0.10151	55.1805
3.48276	13	35.016	3	-1	0.13692	74.4292
3.48534	13	34.9665	1	-1	0.08702	47.3038
3.48699	13	34.8068	3	-1	0.03301	27.5015
3.48946	13	34.4261	2	-1	0.11813	98.4171
3.48951	13	34.3574	4	-1	0.17055	142.089
3.48951	13	34.3575	1	-1	0.05054	42.1061
3.49536	13	31.8924	2	-1	0.1169	69.8202
3.49536	13	31.8924	3	-1	0.1169	69.8202
3.49981	13	34.808	1	-1	0.08909	53.2103
3.50136	13	35.1282	4	-1	0.1201	71.7315
3.50354	13	35.1151	2	-1	0.0746	56.0523
3.50398	13	35.0544	4	-1	0.00875	6.5745
3.50507	13	34.6361	1	-1	0.06121	45.9914
3.50812	13	35.8131	2	-1	0.08276	67.7805
3.50812	13	35.8131	3	-1	0.1661	136.036
3.51319	13	34.5844	1	-1	0.10143	83.0713
3.51496	13	35.0106	4	-1	0.13687	112.097
3.51754	13	34.9691	2	-1	0.0871	56.9653
3.51922	13	34.8088	4	-1	0.03345	21.877
3.52168	13	34.4393	1	-1	0.11845	77.4689
3.52172	13	34.4009	3	-1	0.17054	143.227
3.52172	13	34.401	2	-1	0.05001	42.0005
3.52758	13	31.9407	1	-1	0.11722	98.4463
3.52758	13	31.9407	4	-1	0.11722	98.4463
3.53202	13	34.8955	2	-1	0.08879	43.1019
3.53356	13	35.2049	3	-1	0.11969	58.1019
3.53574	13	35.1886	1	-1	0.07442	36.1262
3.53616	13	35.1279	3	-1	0.00849	10.24
3.53722	13	34.7229	2	-1	0.06006	72.44
3.54026	13	35.8982	1	-1	0.08188	98.7577
3.54026	13	35.8982	4	-1	0.16478	198.746
3.5453	13	34.729	2	-1	0.10084	55.1913
3.54706	13	35.1332	3	-1	0.13603	74.4513
3.54963	13	35.0798	1	-1	0.08664	47.4194
3.55126	13	34.9105	3	-1	0.03256	27.3154
3.55373	13	34.5047	2	-1	0.11756	98.6242
3.5538	13	34.4259	4	-1	0.17005	142.659
3.5538	13	34.426	1	-1	0.05087	42.6762
3.55963	13	31.9303	2	-1	0.11664	69.6358
3.55963	13	31.9303	3	-1	0.11664	69.6358
3.5641	13	34.7682	1	-1	0.08929	53.3075
3.56565	13	35.0941	4	-1	0.1204	71.8806
3.56784	13	35.097	2	-1	0.07486	56.0162
3.56831	13	35.0323	4	-1	0.00944	7.06375
3.56945	13	34.5961	1	-1	0.06277	46.9695
3.57251	13	35.769	2	-1	0.08405	67.7877
3.57251	13	35.769	3	-1	0.16834	135.769
3.57759	13	34.4836	1	-1	0.10155	81.9018
3.57937	13	34.9262	4	-1	0.13722	110.67
3.58197	13	34.9142	2	-1	0.08758	56.9997
3.58373	13	34.7576	4	-1	0.03523	22.9287
3.58612	13	34.4429	3	-1	0.17054	110.993
3.58612	13	34.4428	1	-1	0.11846	77.0973
3.58737	13	34.8014	3	-1	0.02504	17.4495
3.58737	13	34.8015	2	-1	0.07281	50.7387
3.59254	13	34.7068	1	-1	0.10332	72
3.59254	13	34.7068	4	-1	0.12838	89.4634
3.59664	13	38.3836	2	-1	0.08211	44.2832
3.59801	13	38.316	3	-1	0.10953	59.0713
3.59998	13	37.9753	1	-1	0.0667	35.9724
3.59998	13	37.9751	3	-1	1e-05	0.0149903
3.59998	13	37.9749	1	-1	1e-05	0.0149903
3.59998	13	37.9748	3	-1	1e-05	50
3.59998	13	37.9746	1	-1	1e-05	50
3.59998	13	37.9744	3	-1	1e-05	50
3.59998	13	37.9742	1	-1	1e-05	50
3.59998	13	37.9741	3	-1	1e-05	50
3.59998	13	37.9739	1	-1	1e-05	50
3.59998	13	37.9737	3	-1	1e-05	50
3.59998	13	37.9735	1	-1	1e-05	50
3.59998	13	37.9734	3	-1	1e-05	50
3.59998	13	37.9732	1	-1	1e-05	50
3.59998	13	37.973	3	-1	1e-05	50
3.59998	13	37.9728	1	-1	1e-05	50
3.59998	13	37.9727	3	-1	1e-05	50
3.59998	13	37.9725	1	-1	1e-05	50
3.59999	13	37.9723	3	-1	1e-05	50
3.59999	13	37.9721	1	-1	1e-05	50
3.59999	13	37.972	3	-1	1e-05	50
3.59999	13	37.9718	1	-1	1e-05	50
3.59999	13	37.9716	3	-1	1e-05	50
3.59999	13	37.9714	1	-1	1e-05	50
3.59999	13	37.9712	3	-1	1e-05	50
3.59999	13	37.971	1	-1	1e-05	50
3.59999	13	37.9709	3	-1	1e-05	50
3.59999	13	37.9707	1	-1	1e-05	50
3.59999	13	37.9705	3	-1	1e-05	50
3.59999	13	37.9703	1	-1	1e-05	50
3.59999	13	37.9702	3	-1	1e-05	50
3.59999	13	37.97	1	-1	1e-05	50
3.59999	13	37.9698	3	-1	1e-05	50
3.59999	13	37.9696	1	-1	1e-05	50
3.59999	13	37.9695	3	-1	1e-05	50
3.59999	13	37.9693	1	-1	1e-05	50
3.59999	13	37.9691	3	-1	1e-05	50
3.59999	13	37.9689	1	-1	1e-05	50
3.6	13	37.9688	3	-1	1e-05	50
3.6	13	37.9686	1	-1	1e-05	50
3.6	13	37.9684	3	-1	1e-05	50
3.6	13	37.9682	1	-1	1e-05	50
3.6	13	37.9681	3	-1	1e-05	50
3.6	13	37.9679	1	-1	1e-05	50
3.6	13	37.9677	3	-1	1e-05	50
3.6	13	37.9675	1	-1	1e-05	50
3.6	13	37.9674	3	-1	1e-05	50
3.6	13	37.9672	1	-1	1e-05	50
3.6	13	37.967	3	-1	1e-05	50
3.6	13	37.9668	1	-1	1e-05	50
3.6	13	37.9667	3	-1	1e-05	50
3.6	13	37.9664	1	-1	1e-05	50
3.6	13	37.9663	3	-1	1e-05	50
3.6	13	37.9661	1	-1	1e-05	50
3.6	13	37.9659	3	-1	1e-05	50
3.6	13	37.9657	1	-1	1e-05	50
3.6	13	37.9656	3	-1	1e-05	50
3.6	13	37.9654	1	-1	1e-05	50
3.60001	13	37.9652	3	-1	1e-05	50
3.60001	13	37.965	1	-1	1e-05	50
3.60001	13	37.9649	3	-1	1e-05	50
3.60001	13	37.9647	1	-1	1e-05	50
3.60001	13	37.9645	3	-1	1e-05	50
3.60001	13	37.9643	1	-1	1e-05	50
3.60001	13	37.9642	3	-1	1e-05	50
3.60001	13	37.964	2	-1	0.02836	141800
3.60262	13	39.2094	1	-1	0.05218	260900
3.60262	13	39.2094	4	-1	0.1195	597500
3.60659	13	40.4103	2	-1	0.07955	60.3933
3.60798	13	40.1476	3	-1	0.10718	81.3696
3.61019	13	39.4086	1	-1	0.07188	54.5703
3.61039	13	39.3215	3	-1	0.00411	5.40861
3.6111	13	38.9041	2	-1	0.05062	66.614
3.61391	13	38.9199	4	-1	0.14623	192.433
3.61391	13	38.9199	1	-1	0.07026	92.4595
3.61938	13	36.2286	3	-1	0.10938	60.8918
3.61984	13	36.2337	2	-1	0.11874	66.1025
3.62263	13	36.691	1	-1	0.06501	36.1911
3.62263	13	36.691	4	-1	0.08774	48.8448
3.62713	13	37.8701	2	-1	0.09012	58.097
3.6286	13	37.8581	3	-1	0.11953	77.0565
3.63088	13	37.4647	1	-1	0.07497	48.3303
3.63117	13	37.3805	3	-1	0.00586	7.24978
3.63208	13	36.9523	2	-1	0.05665	70.0854
3.6349	13	37.2555	4	-1	0.15539	192.243
3.6349	13	37.2556	1	-1	0.07458	92.2677
3.64055	13	35.088	3	-1	0.113	60.2442
3.64103	13	35.1296	2	-1	0.12252	65.3196
3.64388	13	35.7476	1	-1	0.06648	35.4428
3.64388	13	35.7476	4	-1	0.0901	48.0354
3.6484	13	37.178	2	-1	0.09056	57.6705
3.6499	13	37.2392	3	-1	0.12041	76.6796
3.65217	13	36.9411	1	-1	0.07526	47.9271
3.65251	13	36.8527	3	-1	0.00698	8.48735
3.6535	13	36.4086	2	-1	0.05902	71.7656
3.65633	13	36.7669	4	-1	0.15846	192.68
3.65633	13	36.767	1	-1	0.07624	92.7043
3.66211	13	34.6763	3	-1	0.11573	60.2886
3.66255	13	34.7284	2	-1	0.12454	64.8781
3.66552	13	35.2947	1	-1	0.06823	35.5439
3.66552	13	35.2947	4	-1	0.09145	47.6401
3.67004	13	36.7875	2	-1	0.09037	56.9834
3.67155	13	36.8919	3	-1	0.12056	76.0199
3.67382	13	36.6445	1	-1	0.07563	47.689
3.67425	13	36.5457	3	-1	0.00843	10.0286
3.67535	13	36.0604	2	-1	0.06267	74.5539
3.67807	13	36.2215	4	-1	0.16049	190.923
3.67807	13	36.2216	1	-1	0.07645	90.9469
3.68419	13	34.0673	3	-1	0.12236	61.5493
3.68453	13	34.1286	2	-1	0.12923	65.005
3.68776	13	34.5541	1	-1	0.07159	36.0111
3.68776	13	34.5541	4	-1	0.09314	46.8511
3.69219	13	36.4001	2	-1	0.08841	55.2597
3.6937	13	36.5466	3	-1	0.11877	74.2359
3.69595	13	36.3516	1	-1	0.07528	47.0529
3.69642	13	36.2492	3	-1	0.00942	11.1216
3.69758	13	35.7478	2	-1	0.06419	75.7851
3.70031	13	35.9638	4	-1	0.16258	191.948
3.70031	13	35.9639	1	-1	0.0779	91.9717
3.70655	13	33.828	3	-1	0.12462	61.5377
3.70685	13	33.8887	2	-1	0.13076	64.5697
3.71022	13	34.221	1	-1	0.07346	36.2748
3.71022	13	34.221	4	-1	0.09439	46.61
3.71464	13	36.0553	2	-1	0.08842	54.6241
3.71617	13	36.2417	3	-1	0.11914	73.6023
3.71843	13	36.091	1	-1	0.07576	46.803
3.71898	13	35.9802	3	-1	0.01105	12.7289
3.72029	13	35.4283	2	-1	0.06865	79.0808
3.72286	13	35.3994	4	-1	0.1645	189.494
3.72286	13	35.3996	1	-1	0.07771	89.5173
3.72958	13	33.1403	3	-1	0.13427	63.3439
3.72974	13	33.1852	2	-1	0.13751	64.8724
3.73353	13	33.2493	1	-1	0.07909	37.3119
3.73353	13	33.2493	4	-1	0.09713	45.8225
3.73783	13	35.6203	2	-1	0.08592	52.0727
3.73937	13	35.8536	3	-1	0.1167	70.7273
3.74158	13	35.7645	1	-1	0.075	45.4545
3.74215	13	35.6605	3	-1	0.01144	13.2346
3.74345	13	35.1238	2	-1	0.06789	78.54
3.74617	13	35.3723	4	-1	0.16674	192.897
3.74617	13	35.3724	1	-1	0.08032	92.9199
3.7527	13	33.2711	3	-1	0.13061	61.924
3.75291	13	33.3252	2	-1	0.13496	63.9863
3.75659	13	33.4578	1	-1	0.07787	36.9192
3.75659	13	33.4578	4	-1	0.0972	46.0838
3.76098	13	35.4059	2	-1	0.08789	53.0256
3.76255	13	35.6684	3	-1	0.1192	71.9155
3.7648	13	35.6048	1	-1	0.07632	46.0452
3.76549	13	35.4874	3	-1	0.01382	15.3317
3.76705	13	34.8598	2	-1	0.07593	84.2356
3.76939	13	34.5808	4	-1	0.16814	186.532
3.76939	13	34.5809	1	-1	0.07802	86.5542
3.77688	13	32.009	2	-1	0.14987	65.7671
3.77701	13	32.0641	3	-1	0.15233	66.8466
3.78302	13	30.66	1	-1	0.12278	53.8792
3.78584	13	31.6848	4	-1	0.18689	82.0125
3.78855	13	29.9936	2	-1	0.15392	65.9808
3.79092	13	31.3715	3	-1	0.15788	67.6783
3.79664	13	30.737	4	-1	0.16177	69.3459
3.79664	13	30.7377	2	-1	2e-05	0.00857339
3.79664	13	30.7377	3	-1	2e-05	0.00857339
3.79697	13	31.3064	1	-1	0.16848	72.2222
3.79823	13	31.999	4	-1	0.0319	13.6746
3.80181	13	33.031	2	-1	0.09666	36.4576
3.80369	13	33.7079	3	-1	0.13436	50.677
3.80637	13	33.9873	1	-1	0.09136	34.4586
3.80862	13	33.9692	3	-1	0.04491	32.9566
3.81051	13	33.9413	4	-1	0.17412	127.776
3.81051	13	33.9414	3	-1	2e-05	0.0146767
3.81098	13	33.9735	2	-1	0.12727	93.3955
3.81187	13	32.9816	4	-1	0.02712	19.9017
3.81187	13	32.9817	1	-1	0.06501	47.7068
3.81916	13	31.3736	2	-1	0.14588	69.1768
3.81916	13	31.3736	3	-1	0.14588	69.1768
3.82312	13	36.3367	1	-1	0.07919	37.5522
3.82454	13	36.476	4	-1	0.10762	51.0338
3.82657	13	36.3868	2	-1	0.06894	57.3926
3.82658	13	36.3845	4	-1	0.00021	0.174825
3.82658	13	36.3843	2	-1	1e-05	0.00832501
3.82658	13	36.3842	4	-1	1e-05	0.00832501
3.82658	13	36.384	2	-1	1e-05	0.00832501
3.82658	13	36.3839	4	-1	1e-05	0.00832501
3.82658	13	36.3838	2	-1	1e-05	0.00832501
3.82658	13	36.3836	4	-1	1e-05	0.00832501
3.82658	13	36.3835	2	-1	1e-05	0.00832501
3.82658	13	36.3834	4	-1	1e-05	0.00832501
3.82658	13	36.3832	2	-1	1e-05	0.00832501
3.82658	13	36.3831	4	-1	1e-05	0.00832501
3.82659	13	36.3813	1	-1	0.02842	23.6597
3.82923	13	37.8679	2	-1	0.05285	65.1183
3.82923	13	37.8679	3	-1	0.12209	150.431
3.83332	13	38.9274	1	-1	0.08181	100.801
3.83476	13	38.8089	4	-1	0.11078	136.496
3.83702	13	38.2823	2	-1	0.0741	59.7629
3.8375	13	38.1181	4	-1	0.00954	7.69417
3.83863	13	37.5315	1	-1	0.06404	51.6493
3.84095	13	36.8936	3	-1	0.15259	138.203
3.84095	13	36.8937	2	-1	0.06897	62.4672
3.84782	13	33.8533	1	-1	0.13739	124.436
3.84801	13	33.9165	4	-1	0.14128	127.959
3.85353	13	32.7102	2	-1	0.11435	55.7098
3.85588	13	33.1994	3	-1	0.17446	84.9946
3.8582	13	31.9002	1	-1	0.13973	68.0746
3.86101	13	33.1476	4	-1	0.14959	72.8783
3.8658	13	34.0157	3	-1	0.15209	55.6963
3.8658	13	34.0159	2	-1	0.1521	55.7
3.87026	13	34.1646	4	-1	0.08925	32.6839
3.87086	13	34.2295	1	-1	0.1199	43.9082
3.87353	13	35.1537	2	-1	0.06531	37.6839
3.87353	13	35.1537	3	-1	0.09236	53.2918
3.87828	13	36.4508	1	-1	0.09507	54.8555
3.87981	13	36.5916	4	-1	0.12556	72.4482
3.88211	13	36.4426	2	-1	0.07664	54.8879
3.88253	13	36.3512	4	-1	0.00842	6.03022
3.8836	13	35.9046	1	-1	0.06183	44.2813
3.88634	13	36.1406	3	-1	0.16112	138.229
3.88634	13	36.1407	2	-1	0.07608	65.2711
3.89234	13	34.2753	4	-1	0.12005	102.994
3.89271	13	34.3337	1	-1	0.12741	109.309
3.89581	13	34.8349	2	-1	0.06941	36.6357
3.89581	13	34.8349	3	-1	0.09135	48.216
3.90021	13	36.7088	1	-1	0.088	46.4478
3.90171	13	36.8205	4	-1	0.11805	62.3087
3.90396	13	36.6314	2	-1	0.07497	56.8428
3.90441	13	36.5267	4	-1	0.00894	6.77838
3.90546	13	36.0657	1	-1	0.06101	46.2582
3.90825	13	36.3682	3	-1	0.16076	137.555
3.90825	13	36.3683	2	-1	0.07687	65.7739
3.91425	13	34.3957	4	-1	0.12008	102.747
3.9146	13	34.4466	1	-1	0.12693	108.608
3.91778	13	34.8111	2	-1	0.0706	37.0254
3.91778	13	34.8111	3	-1	0.09199	48.2431
3.92221	13	36.4922	1	-1	0.08851	46.4181
3.92373	13	36.6297	4	-1	0.11892	62.3663
3.92599	13	36.467	2	-1	0.07571	56.8991
3.92653	13	36.347	4	-1	0.01078	8.10161
3.92775	13	35.8209	1	-1	0.06636	49.8722
3.93031	13	35.7217	3	-1	0.16209	137.902
3.93031	13	35.7218	2	-1	0.07562	64.3355
3.9369	13	33.5599	4	-1	0.13181	112.141
3.93707	13	33.601	1	-1	0.13516	114.991
3.94074	13	33.6552	2	-1	0.07678	36.8091
3.94074	13	33.6552	3	-1	0.09475	45.424
3.94499	13	36.0605	1	-1	0.085	40.7498
3.94651	13	36.2431	4	-1	0.11535	55.2999
3.94872	13	36.1455	2	-1	0.07451	57.5633
3.94925	13	36.0353	4	-1	0.01074	8.29728
3.95041	13	35.545	1	-1	0.06387	49.3433
3.9532	13	35.894	3	-1	0.16424	137.095
3.9532	13	35.8941	2	-1	0.07901	65.9516
3.95943	13	33.9497	4	-1	0.1245	103.923
3.9597	13	34.0005	1	-1	0.12995	108.472
3.96313	13	34.1953	2	-1	0.07396	37.267
3.96313	13	34.1953	3	-1	0.09418	47.4554
3.96754	13	35.9147	1	-1	0.08825	44.4674
3.96909	13	36.1191	4	-1	0.11923	60.0776
3.97136	13	36.0362	2	-1	0.07638	57.0767
3.97204	13	35.9043	4	-1	0.01354	10.1181
3.9735	13	35.3	1	-1	0.07369	55.0665
3.9758	13	34.9245	3	-1	0.16528	138.067
3.9758	13	34.9247	2	-1	0.07538	62.9688
3.98318	13	32.4329	1	-1	0.1475	123.214
3.98333	13	32.4953	4	-1	0.1505	125.72
3.98913	13	31.135	2	-1	0.11911	53.1622
3.992	13	32.0435	3	-1	0.18429	82.254
3.99447	13	30.6222	1	-1	0.1492	66.5923
3.99689	13	31.9158	4	-1	0.15521	69.2747
4.0024	13	32.0799	3	-1	0.15876	51.5521
4.0024	13	32.0802	4	-1	1e-05	0.00324717
4.00268	13	32.2204	2	-1	0.16437	53.3738
4.00322	13	32.4917	3	-1	0.01631	5.29614
4.0069	13	34.3842	1	-1	0.08993	29.2018
4.00859	13	34.8067	4	-1	0.11802	38.3232
4.01098	13	34.9126	2	-1	0.08168	58.2929
4.01239	13	34.7581	4	-1	0.02819	20.1185
4.0149	13	34.1121	1	-1	0.10971	78.2972
4.01556	13	33.5263	3	-1	0.17311	140.831
4.01556	13	33.5264	2	-1	0.06326	51.4644
4.02202	13	31.438	1	-1	0.12927	105.166
4.02202	13	31.438	4	-1	0.12927	105.166
4.02631	13	34.9968	2	-1	0.0858	39.8958
4.02783	13	35.2899	3	-1	0.11622	54.0407
4.02997	13	35.3786	1	-1	0.07327	34.0696
4.03039	13	35.3153	3	-1	0.00827	10.1423
4.03122	13	34.9983	2	-1	0.05357	65.6978
4.03424	13	36.2128	1	-1	0.07701	94.4444
4.03424	13	36.2128	4	-1	0.15854	194.432
4.03907	13	35.4308	2	-1	0.09675	55.6835
4.04077	13	35.7316	3	-1	0.13072	75.2345
4.0433	13	35.7027	1	-1	0.08443	48.5928
4.04483	13	35.4827	3	-1	0.03075	26.6973
4.04735	13	34.9427	2	-1	0.11459	99.4878
4.04745	13	34.8333	4	-1	0.16754	145.459
4.04745	13	34.8334	1	-1	0.05238	45.4766
4.05322	13	32.1656	2	-1	0.11531	68.7679
4.05322	13	32.1656	3	-1	0.11531	68.7679
4.05774	13	34.5711	1	-1	0.09046	53.948
4.05932	13	34.9264	4	-1	0.12211	72.8232
4.06156	13	35.0599	2	-1	0.07646	55.7045
4.06227	13	34.9673	4	-1	0.01407	10.2506
4.06371	13	34.4296	1	-1	0.07251	52.8268
4.0663	13	34.5529	3	-1	0.17114	137.639
4.0663	13	34.5531	2	-1	0.08063	64.8464
4.07323	13	32.7745	4	-1	0.13866	111.517
4.07332	13	32.8027	1	-1	0.14048	112.981
4.07732	13	32.7026	2	-1	0.08182	37.1099
4.07732	13	32.7026	3	-1	0.09854	44.6934
4.08158	13	35.169	1	-1	0.08522	38.652
4.08314	13	35.4554	4	-1	0.1164	52.7939
4.08536	13	35.4998	2	-1	0.07552	57.4909
4.08609	13	35.3803	4	-1	0.01467	11.1678
4.08756	13	34.7935	1	-1	0.07351	55.9607
4.09003	13	34.6685	3	-1	0.16901	137.552
4.09003	13	34.6687	2	-1	0.07884	64.1654
4.09728	13	32.5642	1	-1	0.14494	117.962
4.09752	13	32.6651	4	-1	0.14982	121.934
4.10311	13	31.846	2	-1	0.11667	53.3837
4.10571	13	32.5446	3	-1	0.18057	82.6218
4.10826	13	30.9914	1	-1	0.14605	66.8268
4.11076	13	32.2621	4	-1	0.15299	70.0023
4.11611	13	32.8895	3	-1	0.15699	52.2429
4.11611	13	32.8897	4	-1	1e-05	0.00332779
4.11633	13	32.9844	2	-1	0.16136	53.6972
4.11691	13	33.2416	3	-1	0.01603	5.33444
4.12052	13	34.7076	1	-1	0.0907	30.183
4.12222	13	35.1019	4	-1	0.11785	39.218
4.12468	13	35.19	2	-1	0.08327	58.6491
4.12629	13	35.005	4	-1	0.0322	22.6793
4.12881	13	34.4844	1	-1	0.11449	80.6381
4.12906	13	34.2105	3	-1	0.17088	142.876
4.12906	13	34.2106	2	-1	0.05543	46.3462
4.13503	13	31.792	1	-1	0.1194	99.8328
4.13503	13	31.792	4	-1	0.1194	99.8328
4.13947	13	34.7303	2	-1	0.0888	42.6533
4.14103	13	35.0598	3	-1	0.11988	57.582
4.14323	13	35.2026	1	-1	0.07506	36.0536
4.1438	13	35.1223	3	-1	0.01142	13.2054
4.14492	13	34.7019	2	-1	0.06274	72.5486
4.14795	13	35.7291	4	-1	0.16954	196.045
4.14795	13	35.7292	1	-1	0.08308	96.0685
4.15383	13	34.2718	3	-1	0.11768	58.6202
4.1542	13	34.3202	2	-1	0.12492	62.2267
4.15738	13	34.6475	1	-1	0.07096	35.3474
4.15738	13	34.6475	4	-1	0.09312	46.3861
4.16193	13	35.8618	2	-1	0.09096	56.1794
4.1635	13	36.0767	3	-1	0.12236	75.5728
4.16582	13	36.0446	1	-1	0.07786	48.0884
4.16662	13	35.8925	3	-1	0.016	17.0467
4.1683	13	35.2332	2	-1	0.08043	85.6915
4.1702	13	34.5729	4	-1	0.16542	176.241
4.1702	13	34.5731	1	-1	0.07158	76.2625
4.17812	13	29.3709	3	-1	0.1583	68.865
4.17812	13	29.3716	1	-1	2e-05	0.00870057
4.17832	13	29.5103	2	-1	0.16231	4047.63
4.17974	13	30.4609	3	-1	0.03251	810.723
4.18457	13	31.6106	1	-1	0.12502	3117.71
4.18719	13	32.419	4	-1	0.18138	4523.19
4.18991	13	30.6983	2	-1	0.14876	64.1428
4.19224	13	31.9511	3	-1	0.15348	66.178
4.19788	13	32.6762	4	-1	0.15938	68.722
4.19788	13	32.6764	1	-1	0.15939	68.7263
4.20238	13	33.7212	3	-1	0.0899	36.0639
4.20316	13	33.7684	2	-1	0.10946	43.9105
4.20538	13	34.9488	1	-1	0.06007	24.0974
4.20538	13	34.9488	4	-1	0.09199	36.9023
4.21057	13	35.3635	2	-1	0.10377	63.34
4.21217	13	35.6402	3	-1	0.13588	82.9396
4.2146	13	35.723	1	-1	0.08059	49.1912
4.21531	13	35.6081	3	-1	0.01429	15.0611
4.21688	13	35.0419	2	-1	0.07802	82.2302
4.21886	13	34.4705	4	-1	0.16587	174.821
4.21886	13	34.4706	1	-1	0.07101	74.8419
4.2266	13	31.7927	2	-1	0.15465	68.5353
4.22662	13	31.8016	3	-1	0.15508	68.7259
4.233	13	29.5872	1	-1	0.12804	56.7427
4.23633	13	31.056	4	-1	0.19476	86.3107
4.23898	13	29.6864	2	-1	0.15788	63.7487
4.24099	13	30.9127	3	-1	0.15992	64.5724
4.24725	13	30.2179	4	-1	0.16548	66.8174
4.24725	13	30.2186	2	-1	2e-05	0.00807559
4.24725	13	30.2186	3	-1	2e-05	0.00807559
4.24758	13	30.795	1	-1	0.17198	69.442
4.24887	13	31.5578	4	-1	0.03236	13.0663
4.25246	13	32.7964	2	-1	0.09768	36.2247
4.25434	13	33.5005	3	-1	0.1353	50.1762
4.25702	13	33.9684	1	-1	0.09126	33.8439
4.25933	13	33.9643	3	-1	0.04617	33.5953
4.2612	13	33.9386	4	-1	0.17468	127.105
4.2612	13	33.9386	3	-1	2e-05	0.0145529
4.26172	13	33.9727	2	-1	0.12731	92.6363
4.26257	13	33.0386	4	-1	0.02738	19.9229
4.26257	13	33.0387	1	-1	0.06467	47.0567
4.27003	13	31.4182	2	-1	0.14927	69.7752
4.27003	13	31.4182	3	-1	0.14927	69.7752
4.27395	13	36.3428	1	-1	0.07836	36.6288
4.27537	13	36.4823	4	-1	0.10683	49.9369
4.27741	13	36.4831	2	-1	0.06921	57.4071
4.2775	13	36.4626	4	-1	0.00182	1.50962
4.27776	13	36.3534	1	-1	0.03413	28.3096
4.28055	13	37.6915	2	-1	0.06108	67.9422
4.28055	13	37.6915	3	-1	0.1321	146.941
4.28475	13	38.2802	1	-1	0.08406	93.5039
4.28625	13	38.23	4	-1	0.11399	126.796
4.28857	13	37.8667	2	-1	0.07635	59.1494
4.28935	13	37.6291	4	-1	0.01549	12.0003
4.29091	13	36.8985	1	-1	0.07818	60.5671
4.29253	13	35.9761	3	-1	0.15552	140.742
4.29253	13	35.9762	2	-1	0.0637	57.6471
4.30031	13	28.8247	4	-1	0.15568	140.887
4.30032	13	28.8254	2	-1	2e-05	0.0180995
4.30067	13	29.0974	1	-1	0.1627	147.24
4.30193	13	30.0261	4	-1	0.03229	29.2217
4.30848	13	31.826	2	-1	0.15625	55.3882
4.30916	13	32.1595	3	-1	0.17698	62.7366
4.3141	13	31.9852	1	-1	0.14921	52.8926
4.31605	13	32.8603	4	-1	0.15136	53.6547
4.3193	13	33.6612	2	-1	0.104	48.3878
4.32164	13	33.8231	4	-1	0.04687	21.8071
4.32273	13	33.8984	3	-1	0.1726	80.3052
4.32273	13	33.8985	4	-1	1e-05	0.00465268
4.32352	13	33.9905	3	-1	0.01593	7.41172
4.32352	13	33.9905	4	-1	1e-05	0.00465268
4.32401	13	34.0594	1	-1	0.13252	61.6573
4.32427	13	33.7602	3	-1	0.01483	10.7729
4.32427	13	33.7604	2	-1	0.05252	38.152
4.3323	13	31.7758	1	-1	0.16078	116.795
4.3323	13	31.7758	4	-1	0.16078	116.795
4.33609	13	35.8647	2	-1	0.07577	32.0326
4.33757	13	36.0628	3	-1	0.10528	44.5083
4.33964	13	36.096	1	-1	0.071	30.0161
4.3401	13	36.0016	3	-1	0.00919	11.4603
4.34086	13	35.6796	2	-1	0.05131	63.9855
4.34387	13	36.7363	1	-1	0.07532	93.9269
4.34387	13	36.7363	4	-1	0.1555	193.914
4.3487	13	35.575	2	-1	0.0966	56.1922
4.35041	13	35.8657	3	-1	0.13095	76.1736
4.35299	13	35.8992	1	-1	0.08576	49.8866
4.3548	13	35.6471	3	-1	0.03624	29.7049
4.35696	13	35.2793	4	-1	0.1652	135.41
4.35696	13	35.2792	2	-1	0.11241	92.1393
4.35819	13	35.5569	4	-1	0.02472	20.2623
4.3582	13	35.557	1	-1	0.06796	55.7049
4.36343	13	35.1246	2	-1	0.10471	60.6452
4.36343	13	35.1246	3	-1	0.12945	74.9739
4.36757	13	38.1893	1	-1	0.08278	47.9439
4.36897	13	38.1414	4	-1	0.11075	64.1434
4.37112	13	37.8931	2	-1	0.07097	56.9583
4.37121	13	37.8628	4	-1	0.0019	1.52488
4.37156	13	37.6902	1	-1	0.03807	30.5538
4.37444	13	38.6646	2	-1	0.06447	67.5008
4.37444	13	38.6646	3	-1	0.13733	143.786
4.37879	13	38.8016	1	-1	0.08706	91.1528
4.38027	13	38.6967	4	-1	0.11674	122.228
4.38263	13	38.2878	2	-1	0.07679	58.1786
4.38332	13	38.0607	4	-1	0.01376	10.425
4.3847	13	37.397	1	-1	0.07331	55.5421
4.38641	13	36.444	3	-1	0.15251	141.764
4.38641	13	36.4441	2	-1	0.06198	57.6129
4.39396	13	30.3864	4	-1	0.15083	140.203
4.39396	13	30.387	2	-1	2e-05	0.0185908
4.39415	13	30.5091	1	-1	0.15475	143.846
4.39552	13	31.3288	4	-1	0.03121	29.011
4.40033	13	32.3331	2	-1	0.12353	52.2061
4.40277	13	32.9941	3	-1	0.17623	74.4781
4.4055	13	31.285	1	-1	0.14515	61.3431
4.40786	13	32.4656	4	-1	0.15064	63.6633
4.4133	13	33.6748	2	-1	0.15587	55.4934
4.41336	13	33.7	3	-1	0.1572	55.967
4.41715	13	34.719	1	-1	0.09723	34.6162
4.41885	13	35.1205	4	-1	0.11112	39.5614
4.42133	13	35.302	2	-1	0.08366	55.9599
4.42298	13	35.1151	4	-1	0.03288	21.9933
4.42552	13	34.618	1	-1	0.11517	77.0368
4.42567	13	34.4622	3	-1	0.1704	144.248
4.42567	13	34.4623	2	-1	0.05388	45.6108
4.43159	13	31.9061	1	-1	0.11847	100.288
4.43159	13	31.9061	4	-1	0.11847	100.288
4.43609	13	34.4362	2	-1	0.08999	43.171
4.43768	13	34.8068	3	-1	0.12169	58.3785
4.43992	13	35.0612	1	-1	0.07657	36.733
4.44071	13	34.9598	3	-1	0.01575	17.0602
4.44215	13	34.4321	2	-1	0.07313	79.2136
4.44466	13	34.4213	4	-1	0.17134	185.594
4.44466	13	34.4215	1	-1	0.07904	85.6153
4.45177	13	32.8639	2	-1	0.14224	64.2835
4.45212	13	33.0001	3	-1	0.14917	67.4154
4.45739	13	32.6166	1	-1	0.1124	50.7977
4.45991	13	33.1296	4	-1	0.17729	80.1238
4.4623	13	31.8162	2	-1	0.14021	66.5891
4.46486	13	32.9641	3	-1	0.1494	70.9536
4.46997	13	33.8148	4	-1	0.1534	72.8533
4.46997	13	33.8149	1	-1	0.15341	72.8581
4.47442	13	34.5972	3	-1	0.08892	36.6953
4.47512	13	34.6173	2	-1	0.11011	45.4399
4.4774	13	35.6651	1	-1	0.05971	24.641
4.4774	13	35.6651	4	-1	0.08897	36.7159
4.48236	13	36.2293	2	-1	0.09909	62.4032
4.48392	13	36.4018	3	-1	0.13031	82.0644
4.48631	13	36.4242	1	-1	0.07913	49.8331
4.48698	13	36.2874	3	-1	0.01328	14.3707
4.48832	13	35.7596	2	-1	0.07167	77.5565
4.49044	13	35.193	4	-1	0.16166	174.938
4.49044	13	35.1931	1	-1	0.06927	74.9594
4.49769	13	33.0838	2	-1	0.145	67.6748
4.49789	13	33.1561	3	-1	0.14898	69.5323
4.50328	13	31.9557	1	-1	0.11177	52.1656
4.5062	13	32.627	3	-1	0.05844	34.3341
4.50633	13	32.6609	4	-1	0.18084	106.245
4.50633	13	32.6611	3	-1	2e-05	0.0117502
4.50634	13	32.6613	1	-1	0.0027	1.58628
4.50648	13	32.7033	3	-1	0.00282	51.087
4.50789	13	33.0522	4	-1	0.03111	563.587
4.50789	13	33.0525	3	-1	2e-05	0.362319
4.5084	13	33.1909	2	-1	0.14283	2587.5
4.50928	13	32.2784	4	-1	0.02785	504.529
4.50928	13	32.2786	1	-1	0.05616	1017.39
4.51812	13	26.7011	3	-1	0.17672	75.8878
4.51812	13	26.7015	4	-1	1e-05	0.00429424
4.51857	13	27.117	2	-1	0.1858	79.787
4.51903	13	27.5337	3	-1	0.01813	7.78546
4.52528	13	31.0792	1	-1	0.14324	61.5107
4.527	13	31.8631	4	-1	0.16862	72.4095
4.52941	13	32.7596	2	-1	0.08251	42.069
4.52994	13	32.7801	4	-1	0.01074	5.47596
4.53101	13	32.5498	1	-1	0.06164	31.4281
4.53412	13	34.337	2	-1	0.0835	67.4203
4.53412	13	34.337	3	-1	0.17674	142.705
4.53882	13	34.7192	1	-1	0.09411	75.9871
4.5405	13	35.0907	4	-1	0.12759	103.02
4.54293	13	35.3115	2	-1	0.08215	56.352
4.54438	13	35.1269	4	-1	0.02907	19.941
4.54693	13	34.4766	1	-1	0.11051	75.806
4.54738	13	34.0766	3	-1	0.17119	143.231
4.54738	13	34.0767	2	-1	0.05999	50.1924
4.55358	13	31.7214	1	-1	0.12384	103.614
4.55358	13	31.7214	4	-1	0.12384	103.614
4.55797	13	34.7251	2	-1	0.08794	41.5262
4.55953	13	35.0552	3	-1	0.119	56.193
4.56173	13	35.3095	1	-1	0.07516	35.4913
4.56239	13	35.214	3	-1	0.01319	14.9293
4.56351	13	34.7942	2	-1	0.06349	71.8619
4.56643	13	35.4959	4	-1	0.16917	191.477
4.56643	13	35.496	1	-1	0.08084	91.4997
4.57251	13	34.2562	3	-1	0.12167	60.084
4.57278	13	34.2963	2	-1	0.12692	62.6765
4.57611	13	34.4389	1	-1	0.07191	35.5111
4.57611	13	34.4389	4	-1	0.09198	45.4222
4.58049	13	36.0296	2	-1	0.08759	54.9188
4.58204	13	36.2225	3	-1	0.11861	74.3683
4.58434	13	36.2731	1	-1	0.07692	48.2287
4.58518	13	36.1012	3	-1	0.01688	17.9957
4.58674	13	35.4736	2	-1	0.0775	82.6226
4.58871	13	34.8098	4	-1	0.16434	175.203
4.58871	13	34.81	1	-1	0.07056	75.2239
4.59648	13	30.469	3	-1	0.15547	68.7859
4.59648	13	30.4696	1	-1	2e-05	0.00884877
4.59659	13	30.5331	2	-1	0.15764	7264.52
4.59807	13	31.3838	3	-1	0.03184	1467.28
4.6023	13	32.3656	1	-1	0.11425	5264.98
4.60538	13	33.0263	4	-1	0.17809	8206.91
4.60743	13	31.8539	2	-1	0.14103	65.0327
4.60975	13	32.88	3	-1	0.14904	68.7264
4.61513	13	31.1628	4	-1	0.15393	70.9813
4.61513	13	31.1634	2	-1	2e-05	0.00922254
4.61513	13	31.1634	3	-1	2e-05	0.00922254
4.61552	13	31.6058	1	-1	0.16176	74.5919
4.6167	13	32.2314	4	-1	0.03133	14.4471
4.62064	13	33.0253	2	-1	0.10234	38.7519
4.62254	13	33.7086	3	-1	0.14031	53.1296
4.6253	13	34.2993	1	-1	0.09319	35.2872
4.62777	13	34.2909	3	-1	0.04943	34.6585
4.62922	13	34.296	4	-1	0.17171	120.397
4.62922	13	34.2961	3	-1	2e-05	0.0140233
4.63009	13	34.3556	2	-1	0.12893	90.4011
4.63063	13	33.7282	4	-1	0.02805	19.6676
4.63063	13	33.7284	1	-1	0.05718	40.0926
4.63797	13	31.783	2	-1	0.14684	71.9769
4.63797	13	31.783	3	-1	0.14684	71.9769
4.64193	13	36.1486	1	-1	0.07928	38.8608
4.64338	13	36.311	4	-1	0.10825	53.0611
4.64546	13	36.4087	2	-1	0.07061	57.2668
4.64574	13	36.3484	4	-1	0.00548	4.44444
4.64616	13	36.1722	1	-1	0.0406	32.9278
4.64908	13	37.3832	2	-1	0.06683	67.5801
4.64908	13	37.3832	3	-1	0.14291	144.514
4.6535	13	37.3614	1	-1	0.08838	89.372
4.65506	13	37.4158	4	-1	0.11966	121.003
4.65747	13	37.2675	2	-1	0.07946	58.0805
4.65861	13	36.979	4	-1	0.0229	16.7385
4.66079	13	36.1761	1	-1	0.09749	71.2594
4.66148	13	35.6119	3	-1	0.1597	143.525
4.66148	13	35.6119	2	-1	0.05736	51.5503
4.66841	13	32.7373	1	-1	0.13861	124.571
4.66841	13	32.7373	4	-1	0.13861	124.571
4.6726	13	35.0801	2	-1	0.08384	37.6911
4.67418	13	35.38	3	-1	0.11529	51.8297
4.67641	13	35.586	1	-1	0.07622	34.2654
4.67741	13	35.4248	3	-1	0.01982	20.6372
4.67915	13	34.7569	2	-1	0.08256	85.9642
4.68108	13	34.1405	4	-1	0.16951	176.499
4.68108	13	34.1406	1	-1	0.07349	76.5202
4.68913	13	28.5505	3	-1	0.16095	68.6559
4.68913	13	28.5512	1	-1	2e-05	0.00853133
4.6894	13	28.7617	2	-1	0.16644	3031.69
4.69079	13	29.7782	3	-1	0.03322	605.1
4.69626	13	31.625	1	-1	0.13717	2498.54
4.69821	13	32.3739	4	-1	0.18173	3310.2
4.702	13	29.9686	2	-1	0.15367	60.9705
4.704	13	31.2001	3	-1	0.15475	61.399
4.70984	13	32.953	1	-1	0.15672	62.1806
4.71032	13	33.1548	4	-1	0.16628	65.9737
4.71475	13	33.244	2	-1	0.12351	48.4619
4.71669	13	33.9236	3	-1	0.13695	53.7354
4.71956	13	34.5613	1	-1	0.09635	37.8051
4.72219	13	34.5704	3	-1	0.05252	35.2791
4.72318	13	34.5991	4	-1	0.16869	113.314
4.72318	13	34.5992	3	-1	2e-05	0.0134345
4.7244	13	34.6951	2	-1	0.13082	87.8753
4.72462	13	34.421	4	-1	0.02874	19.3054
4.72462	13	34.4212	1	-1	0.0486	32.6459
4.73192	13	32.1588	2	-1	0.14593	75.0206
4.73192	13	32.1588	3	-1	0.14593	75.0206
4.73591	13	35.9796	1	-1	0.07983	41.0395
4.73738	13	36.1635	4	-1	0.10931	56.1947
4.7395	13	36.2925	2	-1	0.07188	57.504
4.73995	13	36.1975	4	-1	0.00894	7.152
4.74061	13	35.9205	1	-1	0.04896	39.168
4.74364	13	37.0152	2	-1	0.07378	67.4283
4.74364	13	37.0152	3	-1	0.15459	141.281
4.74829	13	36.3229	1	-1	0.09313	85.1124
4.74994	13	36.5089	4	-1	0.12612	115.262
4.75245	13	36.5439	2	-1	0.08313	57.3785
4.75403	13	36.2478	4	-1	0.03169	21.8733
4.75646	13	35.6627	3	-1	0.16341	112.79
4.75646	13	35.6625	1	-1	0.11168	77.0845
4.75732	13	35.797	4	-1	0.01704	11.7615
4.7577	13	35.5085	3	-1	0.02475	18.1412
4.7577	13	35.5086	2	-1	0.07338	53.7858
4.76578	13	31.9625	4	-1	0.16157	118.427
4.76578	13	31.963	2	-1	2e-05	0.0146595
4.76578	13	31.963	3	-1	2e-05	0.0146595
4.76601	13	32.2988	1	-1	0.16611	121.755
4.76732	13	32.9363	4	-1	0.03084	22.605
4.77086	13	34.5953	2	-1	0.09958	37.8329
4.77258	13	35.0166	3	-1	0.13153	49.9715
4.7752	13	35.392	1	-1	0.08677	32.9661
4.7766	13	35.2433	3	-1	0.02799	24.39
4.77922	13	34.7195	2	-1	0.11283	98.3182
4.77934	13	34.6152	4	-1	0.16958	147.769
4.77934	13	34.6153	1	-1	0.05484	47.7867
4.78541	13	31.8632	2	-1	0.12132	68.8731
4.78541	13	31.8632	3	-1	0.12132	68.8731
4.79002	13	33.5581	1	-1	0.09215	52.3134
4.79169	13	34.0568	4	-1	0.12557	71.2858
4.79402	13	34.5356	2	-1	0.08014	55.5294
4.79539	13	34.4184	4	-1	0.02728	18.9024
4.79789	13	33.7079	1	-1	0.10524	72.9213
4.79887	13	33.14	3	-1	0.17705	141.776
4.79887	13	33.1401	2	-1	0.06965	55.7735
4.80627	13	31.3661	1	-1	0.14804	118.546
4.80627	13	31.3661	4	-1	0.14804	118.546
4.81026	13	35.5443	2	-1	0.07987	35.0461
4.81174	13	35.7742	3	-1	0.10949	48.043
4.81385	13	35.9907	1	-1	0.07168	31.4524
4.81429	13	35.9057	3	-1	0.00888	11.0228
4.81491	13	35.6616	2	-1	0.04728	58.6892
4.81791	13	36.8404	1	-1	0.07242	89.8957
4.81791	13	36.8404	4	-1	0.15297	189.883
4.82252	13	36.3376	2	-1	0.09209	55.9818
4.82416	13	36.5192	3	-1	0.12488	75.9149
4.82664	13	36.5725	1	-1	0.08257	50.1945
4.8282	13	36.2754	3	-1	0.03112	27.3727
4.8307	13	35.6482	4	-1	0.16372	144.006
4.8307	13	35.6481	2	-1	0.11212	98.6191
4.8314	13	35.7496	3	-1	0.01392	12.2438
4.83195	13	35.3594	4	-1	0.02484	21.8489
4.83195	13	35.3595	1	-1	0.07491	65.8897
4.84007	13	32.1021	3	-1	0.1624	68.4366
4.84007	13	32.1023	2	-1	0.16241	68.4408
4.84452	13	33.9138	4	-1	0.08911	37.5516
4.84539	13	33.9825	1	-1	0.10644	44.8546
4.84714	13	35.556	2	-1	0.0524	37.0292
4.84714	13	35.556	3	-1	0.08439	59.6354
4.85192	13	37.3972	1	-1	0.09563	67.5783
4.85338	13	37.4275	4	-1	0.12469	88.1139
4.85566	13	37.4056	2	-1	0.07472	53.1437
4.85586	13	37.3502	4	-1	0.00402	2.85917
4.85631	13	37.1486	1	-1	0.04287	30.4908
4.85932	13	38.1956	2	-1	0.06915	67.1946
4.85932	13	38.1956	3	-1	0.14788	143.698
4.86368	13	38.6226	1	-1	0.08733	84.8606
4.86516	13	38.5355	4	-1	0.11687	113.565
4.86751	13	38.277	2	-1	0.07653	57.386
4.8682	13	38.0503	4	-1	0.01385	10.3854
4.86942	13	37.4679	1	-1	0.06878	51.5747
4.8713	13	36.5529	3	-1	0.15239	143.278
4.8713	13	36.553	2	-1	0.06203	58.3208
4.87863	13	32.7843	4	-1	0.14654	137.777
4.87863	13	32.7847	2	-1	2e-05	0.0188041
4.87863	13	32.7863	1	-1	0.14664	137.871
4.88013	13	33.3709	4	-1	0.02991	28.1215
4.88375	13	33.931	2	-1	0.10239	48.1518
4.8859	13	34.0389	4	-1	0.04296	20.2032
4.8872	13	34.0768	3	-1	0.17138	80.5963
4.8872	13	34.0769	4	-1	1e-05	0.00470278
4.888	13	34.1397	3	-1	0.01606	7.55267
4.888	13	34.1397	4	-1	1e-05	0.00470278
4.88841	13	34.182	1	-1	0.12955	60.9246
4.88874	13	33.8382	3	-1	0.01469	10.7975
4.88874	13	33.8383	2	-1	0.05671	41.6832
4.89697	13	31.7872	1	-1	0.16456	120.956
4.89697	13	31.7872	4	-1	0.16456	120.956
4.90071	13	35.6253	2	-1	0.07489	31.2771
4.90221	13	35.8525	3	-1	0.10483	43.7813
4.90431	13	36.0547	1	-1	0.07198	30.0618
4.90503	13	35.9113	3	-1	0.01438	16.6512
4.90605	13	35.4796	2	-1	0.06043	69.9745
4.90901	13	36.124	4	-1	0.16606	192.288
4.90901	13	36.1241	1	-1	0.07972	92.3113
4.91513	13	34.7747	3	-1	0.12232	60.5455
4.9153	13	34.7957	2	-1	0.12574	62.2383
4.91883	13	34.5365	1	-1	0.07407	36.6629
4.91883	13	34.5365	4	-1	0.09202	45.5477
4.92317	13	35.9512	2	-1	0.08683	53.9685
4.92474	13	36.1562	3	-1	0.11814	73.4291
4.92706	13	36.308	1	-1	0.07767	48.2752
4.9281	13	36.0988	3	-1	0.02091	21.2112
4.92992	13	35.4067	2	-1	0.08585	87.0866
4.93142	13	34.6242	4	-1	0.16491	167.285
4.93142	13	34.6243	1	-1	0.06635	67.3057
4.9396	13	27.8097	3	-1	0.16357	71.1452
4.9396	13	27.8101	4	-1	1e-05	0.00434953
4.94003	13	28.1621	2	-1	0.17227	74.9293
4.94046	13	28.515	3	-1	0.01729	7.52033
4.94891	13	28.0878	1	-1	0.18618	80.9795
4.94922	13	28.3227	4	-1	0.1838	79.9443
4.95504	13	28.3508	2	-1	0.12265	44.6503
4.95796	13	29.5889	4	-1	0.05847	21.2858
4.95954	13	30.1239	3	-1	0.21261	77.4
4.95954	13	30.1243	1	-1	0.12412	45.1855
4.96097	13	31.0282	3	-1	0.02857	18.7111
4.96097	13	31.0284	2	-1	0.06009	39.3542
4.96815	13	27.619	4	-1	0.17231	112.85
4.96815	13	27.6199	2	-1	2e-05	0.0130984
4.96815	13	27.6199	3	-1	2e-05	0.0130984
4.9698	13	28.1761	4	-1	0.03287	21.5273
4.9698	13	28.177	2	-1	2e-05	0.0130984
4.9698	13	28.177	3	-1	2e-05	0.0130984
4.96999	13	28.3364	1	-1	0.1804	118.148
4.97153	13	29.5308	4	-1	0.03462	22.6734
4.97568	13	31.7459	2	-1	0.11378	38.6783
4.97753	13	32.5696	3	-1	0.15089	51.2935
4.98025	13	33.5563	1	-1	0.09141	31.0739
4.98179	13	33.5762	3	-1	0.03094	25.2881
4.98447	13	33.2576	2	-1	0.11614	94.9244
4.98472	13	33.0614	4	-1	0.18079	147.765
4.98472	13	33.0616	1	-1	0.05846	47.781
4.99135	13	30.9806	2	-1	0.13268	69.4187
4.99135	13	30.9806	3	-1	0.13268	69.4187
4.99573	13	33.7408	1	-1	0.08768	45.8745
4.99735	13	34.198	4	-1	0.11999	62.7793
4.99959	13	34.7172	2	-1	0.07715	55.716
