0.00108496	11.5	34.3065	4	-1	0.17063	16894.1
0.00111973	11.5	37.0941	3	-1	0.14728	85.7675
0.00115255	11.5	39.0899	4	-1	0.13546	78.8842
0.00118381	11.5	40.5481	3	-1	0.12833	93.9321
0.00121429	11.5	41.6531	1	-1	0.12356	90.4406
0.00124391	11.5	42.489	3	-1	0.12023	96.3536
0.00127321	11.5	43.139	4	-1	0.11781	94.4142
0.00130196	11.5	43.6378	3	-1	0.11603	97.4305
0.00133061	11.5	44.0304	1	-1	0.11468	96.2969
0.00135887	11.5	44.3333	3	-1	0.11365	97.9572
0.00138714	11.5	44.5747	4	-1	0.11286	97.2763
0.00141511	11.5	44.7595	3	-1	0.11226	98.2582
0.00144316	11.5	44.9078	4	-1	0.11178	97.8381
0.00147097	11.5	45.0195	3	-1	0.11142	98.4015
0.00149889	11.5	45.1098	4	-1	0.11114	98.1542
0.00152661	11.5	45.1765	3	-1	0.11092	98.473
0.00155445	11.5	45.2309	4	-1	0.11075	98.3221
0.00158212	11.5	45.2682	3	-1	0.11063	98.5041
0.00160994	11.5	45.2998	1	-1	0.11053	98.4151
0.00160994	11.5	45.2998	4	-1	0.11053	98.4151
0.00163756	11.5	45.321	2	-1	0.11046	98.4931
0.00163759	11.5	45.3188	3	-1	0.11046	98.4931
0.00166539	11.5	45.3365	1	-1	0.11041	98.4485
0.00166539	11.5	45.3365	4	-1	0.11041	98.4485
0.00169301	11.5	45.3466	2	-1	0.11038	98.4832
0.00169304	11.5	45.3444	3	-1	0.11038	98.4832
0.00172084	11.5	45.3525	4	-1	0.11035	98.4565
0.00172085	11.5	45.3521	1	-1	0.11036	98.4654
0.00174847	11.5	45.3547	2	-1	0.11034	98.4388
0.0017485	11.5	45.3521	3	-1	0.11035	98.4477
0.00177632	11.5	45.3553	1	-1	0.11034	98.4388
0.00177632	11.5	45.3553	4	-1	0.11034	98.4388
0.00180396	11.5	45.3537	2	-1	0.11034	98.4124
0.00180399	11.5	45.351	3	-1	0.11034	98.4124
0.00183183	11.5	45.3501	1	-1	0.11035	98.4213
0.00183183	11.5	45.3501	4	-1	0.11035	98.4213
0.00185948	11.5	45.3452	2	-1	0.11036	98.3688
0.00185951	11.5	45.3426	3	-1	0.11036	98.3688
0.00188737	11.5	45.3391	4	-1	0.11037	98.3778
0.00188738	11.5	45.3386	1	-1	0.11038	98.3867
0.00191505	11.5	45.3324	2	-1	0.11039	98.3255
0.00191508	11.5	45.3298	3	-1	0.11039	98.3255
0.00194297	11.5	45.3253	1	-1	0.11041	98.3433
0.00194297	11.5	45.3253	4	-1	0.11041	98.3433
0.00197067	11.5	45.3174	2	-1	0.11043	98.2823
0.0019707	11.5	45.3149	3	-1	0.11043	98.2823
0.0019986	11.5	45.309	4	-1	0.11045	98.3001
0.00199861	11.5	45.3086	1	-1	0.11046	98.309
0.00202633	11.5	45.3005	2	-1	0.11047	98.2305
0.00202636	11.5	45.2975	3	-1	0.11048	98.2394
0.0020543	11.5	45.292	1	-1	0.1105	98.2572
0.0020543	11.5	45.292	4	-1	0.1105	98.2572
0.00208204	11.5	45.283	2	-1	0.11052	98.1876
0.00208208	11.5	45.2795	3	-1	0.11053	98.1965
0.00211004	11.5	45.2737	1	-1	0.11055	98.2143
0.00211004	11.5	45.2737	4	-1	0.11055	98.2143
0.00213781	11.5	45.2641	2	-1	0.11057	98.1361
0.00213785	11.5	45.2602	3	-1	0.11058	98.145
0.00216583	11.5	45.2551	1	-1	0.1106	98.1628
0.00216583	11.5	45.2551	4	-1	0.1106	98.1628
0.00219362	11.5	45.2457	2	-1	0.11062	98.0935
0.00219367	11.5	45.2414	3	-1	0.11063	98.1023
0.00222168	11.5	45.2361	1	-1	0.11065	98.1201
0.00222168	11.5	45.2361	4	-1	0.11065	98.1201
0.0022495	11.5	45.2263	2	-1	0.11068	98.051
0.00224955	11.5	45.222	3	-1	0.11068	98.051
0.00227758	11.5	45.2164	4	-1	0.1107	98.0687
0.00227759	11.5	45.2159	1	-1	0.11071	98.0776
0.00230543	11.5	45.2067	2	-1	0.11073	97.9998
0.00230548	11.5	45.2024	3	-1	0.11073	97.9998
0.00233354	11.5	45.1972	1	-1	0.11076	98.0264
0.00233354	11.5	45.1972	4	-1	0.11076	98.0264
0.00236141	11.5	45.1874	2	-1	0.11078	97.9487
0.00236146	11.5	45.1827	3	-1	0.11079	97.9576
0.00238955	11.5	45.1776	1	-1	0.11081	97.9752
0.00238955	11.5	45.1776	4	-1	0.11081	97.9752
0.00241745	11.5	45.1676	2	-1	0.11084	97.9065
0.0024175	11.5	45.1629	3	-1	0.11084	97.9065
0.00244561	11.5	45.1582	4	-1	0.11086	97.9242
0.00244562	11.5	45.1578	1	-1	0.11087	97.933
0.00247354	11.5	45.1483	2	-1	0.11089	97.8556
0.00247359	11.5	45.1436	3	-1	0.11089	97.8556
0.00250174	11.5	45.1386	1	-1	0.11092	97.8821
0.00250174	11.5	45.1386	4	-1	0.11092	97.8821
0.00252968	11.5	45.1287	2	-1	0.11094	97.8048
0.00252974	11.5	45.1236	3	-1	0.11095	97.8136
0.00255791	11.5	45.1188	4	-1	0.11097	97.8313
0.00255791	11.5	45.1184	1	-1	0.11098	97.8401
0.00258588	11.5	45.1091	2	-1	0.111	97.7629
0.00258594	11.5	45.104	3	-1	0.111	97.7629
0.00261414	11.5	45.0996	4	-1	0.11102	97.7805
0.00261414	11.5	45.0992	1	-1	0.11103	97.7893
0.00264213	11.5	45.0895	2	-1	0.11105	97.7123
0.0026422	11.5	45.084	3	-1	0.11106	97.7211
0.00267042	11.5	45.0799	1	-1	0.11108	97.7387
0.00267042	11.5	45.0799	4	-1	0.11108	97.7387
0.00269844	11.5	45.0699	2	-1	0.1111	97.6617
0.00269851	11.5	45.064	3	-1	0.11111	97.6705
0.00272676	11.5	45.0607	4	-1	0.11113	97.6881
0.00272676	11.5	45.0603	1	-1	0.11114	97.6969
0.0027548	11.5	45.0508	2	-1	0.11116	97.6201
0.00275487	11.5	45.0449	3	-1	0.11116	97.6201
0.00278315	11.5	45.0413	4	-1	0.11118	97.6377
0.00278315	11.5	45.0408	1	-1	0.11119	97.6464
0.00281121	11.5	45.0311	2	-1	0.11121	97.5697
0.00281129	11.5	45.0248	3	-1	0.11122	97.5785
0.0028396	11.5	45.0214	4	-1	0.11124	97.5961
0.0028396	11.5	45.021	1	-1	0.11125	97.6048
0.00286769	11.5	45.0111	2	-1	0.11127	97.5197
0.00286776	11.5	45.0048	3	-1	0.11127	97.5197
0.0028961	11.5	45.0019	4	-1	0.11129	97.5372
0.00289611	11.5	45.0015	1	-1	0.1113	97.546
0.00292421	11.5	44.9921	2	-1	0.11132	97.4781
0.00292429	11.5	44.9854	3	-1	0.11133	97.4869
0.00295266	11.5	44.9827	1	-1	0.11135	97.5044
0.00295266	11.5	44.9827	4	-1	0.11135	97.5044
0.00298079	11.5	44.9729	2	-1	0.11137	97.428
0.00298088	11.5	44.9657	3	-1	0.11138	97.4368
0.00300927	11.5	44.9632	4	-1	0.1114	97.4543
0.00300927	11.5	44.9628	1	-1	0.11141	97.463
0.00303743	11.5	44.9528	2	-1	0.11143	97.3783
0.00303752	11.5	44.9453	3	-1	0.11144	97.387
0.00306594	11.5	44.9437	4	-1	0.11145	97.3958
0.00306594	11.5	44.9433	1	-1	0.11146	97.4045
0.00309412	11.5	44.9338	2	-1	0.11148	97.3369
0.00309421	11.5	44.9259	3	-1	0.11149	97.3457
0.00312266	11.5	44.9245	4	-1	0.11151	97.3631
0.00312266	11.5	44.9241	1	-1	0.11152	97.3719
0.00315086	11.5	44.9143	2	-1	0.11153	97.2787
0.00315096	11.5	44.906	3	-1	0.11154	97.2874
0.00317944	11.5	44.9048	4	-1	0.11156	97.3048
0.00317944	11.5	44.9044	1	-1	0.11157	97.3136
0.00320766	11.5	44.8945	2	-1	0.11159	97.2377
0.00320776	11.5	44.8858	3	-1	0.1116	97.2464
0.00323627	11.5	44.8856	4	-1	0.11162	97.2639
0.00323628	11.5	44.8852	1	-1	0.11163	97.2726
0.00326451	11.5	44.8757	2	-1	0.11164	97.1881
0.00326462	11.5	44.8666	3	-1	0.11165	97.1968
0.00329316	11.5	44.8665	4	-1	0.11167	97.2142
0.00329316	11.5	44.8661	1	-1	0.11168	97.2229
0.00332142	11.5	44.8564	2	-1	0.1117	97.1473
0.00332154	11.5	44.8469	3	-1	0.11171	97.156
0.0033501	11.5	44.847	4	-1	0.11172	97.1647
0.0033501	11.5	44.8466	1	-1	0.11173	97.1734
0.00337839	11.5	44.8367	2	-1	0.11175	97.0979
0.0033785	11.5	44.8267	3	-1	0.11176	97.1066
0.0034071	11.5	44.8272	4	-1	0.11178	97.124
0.0034071	11.5	44.8268	1	-1	0.11179	97.1327
0.0034354	11.5	44.8174	2	-1	0.1118	97.0486
0.00343553	11.5	44.8071	3	-1	0.11181	97.0573
0.00346414	11.5	44.8085	4	-1	0.11183	97.0747
0.00346415	11.5	44.8081	1	-1	0.11184	97.0833
0.00349248	11.5	44.7984	2	-1	0.11186	97.0081
0.00349261	11.5	44.7877	3	-1	0.11187	97.0167
0.00352125	11.5	44.7892	4	-1	0.11188	97.0254
0.00352125	11.5	44.7888	1	-1	0.11189	97.0341
0.00354961	11.5	44.7789	2	-1	0.11191	96.9589
0.00354974	11.5	44.7678	3	-1	0.11192	96.9676
0.00357841	11.5	44.7696	4	-1	0.11194	96.9849
0.00357842	11.5	44.7692	1	-1	0.11195	96.9936
0.00360679	11.5	44.7592	2	-1	0.11197	96.9102
0.00360693	11.5	44.7477	3	-1	0.11198	96.9188
0.00363563	11.5	44.7506	4	-1	0.11199	96.9275
0.00363563	11.5	44.7501	1	-1	0.112	96.9361
0.00366403	11.5	44.7406	2	-1	0.11202	96.8696
0.00366417	11.5	44.7287	3	-1	0.11203	96.8782
0.00369289	11.5	44.7316	4	-1	0.11204	96.8869
0.0036929	11.5	44.7312	1	-1	0.11205	96.8955
0.00372132	11.5	44.7214	2	-1	0.11207	96.8207
0.00372147	11.5	44.7091	3	-1	0.11208	96.8294
0.00375022	11.5	44.7123	4	-1	0.1121	96.8467
0.00375022	11.5	44.7119	1	-1	0.11211	96.8553
0.00377867	11.5	44.7019	2	-1	0.11213	96.7722
0.00377883	11.5	44.6893	3	-1	0.11214	96.7809
0.0038076	11.5	44.6927	4	-1	0.11215	96.7895
0.00380761	11.5	44.6923	1	-1	0.11216	96.7981
0.00383608	11.5	44.6829	2	-1	0.11218	96.7319
0.00383624	11.5	44.6699	3	-1	0.11219	96.7405
0.00386504	11.5	44.6743	4	-1	0.11221	96.7578
0.00386504	11.5	44.6739	1	-1	0.11222	96.7664
0.00389353	11.5	44.6641	2	-1	0.11223	96.675
0.0038937	11.5	44.6503	3	-1	0.11225	96.6922
0.00392252	11.5	44.6553	4	-1	0.11226	96.7008
0.00392253	11.5	44.6549	1	-1	0.11227	96.7094
0.00395105	11.5	44.6449	2	-1	0.11229	96.6351
0.00395122	11.5	44.6307	3	-1	0.1123	96.6437
0.00398007	11.5	44.636	4	-1	0.11231	96.6523
0.00398007	11.5	44.6356	1	-1	0.11232	96.6609
0.00400861	11.5	44.6254	2	-1	0.11234	96.5867
0.00400879	11.5	44.6108	3	-1	0.11235	96.5953
0.00403767	11.5	44.6164	4	-1	0.11237	96.6125
0.00403768	11.5	44.616	1	-1	0.11238	96.6211
0.00406624	11.5	44.6065	2	-1	0.1124	96.547
0.00406643	11.5	44.5916	3	-1	0.11241	96.5556
0.00409532	11.5	44.5981	4	-1	0.11242	96.5642
0.00409533	11.5	44.5977	1	-1	0.11243	96.5728
0.00412392	11.5	44.5878	2	-1	0.11245	96.4988
0.00412411	11.5	44.5725	3	-1	0.11246	96.5073
0.00415303	11.5	44.5791	4	-1	0.11247	96.5159
0.00415304	11.5	44.5787	1	-1	0.11248	96.5245
0.00418165	11.5	44.5686	2	-1	0.1125	96.4506
0.00418185	11.5	44.5529	3	-1	0.11251	96.4592
0.0042108	11.5	44.5599	4	-1	0.11253	96.4763
0.0042108	11.5	44.5595	1	-1	0.11254	96.4849
0.00423944	11.5	44.5493	2	-1	0.11256	96.4029
0.00423964	11.5	44.5332	3	-1	0.11257	96.4114
0.00426862	11.5	44.5405	4	-1	0.11258	96.42
0.00426862	11.5	44.5401	1	-1	0.11259	96.4286
0.00429729	11.5	44.5298	2	-1	0.11261	96.3549
0.00429749	11.5	44.5133	3	-1	0.11262	96.3635
0.0043265	11.5	44.5217	4	-1	0.11264	96.3806
0.0043265	11.5	44.5213	1	-1	0.11265	96.3892
0.00435518	11.5	44.5115	2	-1	0.11266	96.3071
0.0043554	11.5	44.4943	3	-1	0.11268	96.3242
0.00438443	11.5	44.5032	4	-1	0.11269	96.3327
0.00438443	11.5	44.5028	1	-1	0.1127	96.3413
0.00441314	11.5	44.4927	2	-1	0.11272	96.2678
0.00441336	11.5	44.4751	3	-1	0.11273	96.2764
0.00444241	11.5	44.4843	4	-1	0.11274	96.2849
0.00444242	11.5	44.4839	1	-1	0.11275	96.2934
0.00447115	11.5	44.4735	2	-1	0.11277	96.2201
0.00447137	11.5	44.4556	3	-1	0.11278	96.2287
0.00450046	11.5	44.4651	4	-1	0.1128	96.2457
0.00450046	11.5	44.4647	1	-1	0.11281	96.2543
0.00452921	11.5	44.4542	2	-1	0.11282	96.1643
0.00452944	11.5	44.4355	3	-1	0.11284	96.1814
0.00455855	11.5	44.4458	4	-1	0.11285	96.1899
0.00455856	11.5	44.4454	1	-1	0.11286	96.1984
0.00458733	11.5	44.4348	2	-1	0.11288	96.1254
0.00458757	11.5	44.4158	3	-1	0.11289	96.1339
0.00461671	11.5	44.4271	4	-1	0.1129	96.1424
0.00461671	11.5	44.4267	1	-1	0.11291	96.1509
0.00464551	11.5	44.4166	2	-1	0.11293	96.0861
0.00464575	11.5	44.3968	3	-1	0.11295	96.1031
0.00467491	11.5	44.4087	4	-1	0.11296	96.1116
0.00467492	11.5	44.4083	1	-1	0.11297	96.1201
0.00470373	11.5	44.398	2	-1	0.11298	96.0306
0.00470399	11.5	44.3774	3	-1	0.113	96.0476
0.00473318	11.5	44.3899	4	-1	0.11301	96.0561
0.00473318	11.5	44.3895	1	-1	0.11302	96.0646
0.00476202	11.5	44.379	2	-1	0.11304	95.9918
0.00476228	11.5	44.3581	3	-1	0.11305	96.0003
0.00479149	11.5	44.3709	4	-1	0.11306	96.0088
0.0047915	11.5	44.3705	1	-1	0.11307	96.0173
0.00482036	11.5	44.3598	2	-1	0.11309	95.9447
0.00482063	11.5	44.3382	3	-1	0.11311	95.9617
0.00484987	11.5	44.3518	4	-1	0.11312	95.9701
0.00484987	11.5	44.3514	1	-1	0.11313	95.9786
0.00487876	11.5	44.3406	2	-1	0.11315	95.898
0.00487904	11.5	44.3186	3	-1	0.11316	95.9064
0.0049083	11.5	44.3326	4	-1	0.11317	95.9149
0.0049083	11.5	44.3322	1	-1	0.11318	95.9234
0.00493722	11.5	44.3213	2	-1	0.1132	95.851
0.0049375	11.5	44.2986	3	-1	0.11322	95.8679
0.00496679	11.5	44.3141	4	-1	0.11323	95.8764
0.00496679	11.5	44.3137	1	-1	0.11324	95.8848
0.00499572	11.5	44.3033	2	-1	0.11325	95.8041
0.00499602	11.5	44.2798	3	-1	0.11327	95.821
0.00502533	11.5	44.2959	4	-1	0.11328	95.8295
0.00502533	11.5	44.2955	1	-1	0.11329	95.8379
0.00505428	11.5	44.2848	2	-1	0.11331	95.7657
0.00505458	11.5	44.261	3	-1	0.11332	95.7742
0.00508392	11.5	44.2773	4	-1	0.11333	95.7826
0.00508392	11.5	44.2769	1	-1	0.11334	95.7911
0.0051129	11.5	44.266	2	-1	0.11336	95.719
0.00511321	11.5	44.2415	3	-1	0.11338	95.7359
0.00514257	11.5	44.2585	4	-1	0.11339	95.7443
0.00514258	11.5	44.2581	1	-1	0.1134	95.7528
0.00517157	11.5	44.2471	2	-1	0.11341	95.6643
0.00517189	11.5	44.2218	3	-1	0.11343	95.6811
0.00520128	11.5	44.2396	4	-1	0.11344	95.6896
0.00520128	11.5	44.2392	1	-1	0.11345	95.698
0.0052303	11.5	44.2281	2	-1	0.11347	95.6262
0.00523064	11.5	44.202	3	-1	0.11349	95.643
0.00526004	11.5	44.2206	4	-1	0.11349	95.643
0.00526004	11.5	44.2202	1	-1	0.1135	95.6514
0.00528909	11.5	44.2089	2	-1	0.11352	95.5797
0.00528943	11.5	44.1822	3	-1	0.11354	95.5965
0.00531886	11.5	44.2016	4	-1	0.11355	95.605
0.00531887	11.5	44.2012	1	-1	0.11356	95.6134
0.00534794	11.5	44.1899	2	-1	0.11358	95.5337
0.00534829	11.5	44.1624	3	-1	0.1136	95.5505
0.00537774	11.5	44.1826	4	-1	0.1136	95.5505
0.00537774	11.5	44.1822	1	-1	0.11361	95.5589
0.00540684	11.5	44.1708	2	-1	0.11363	95.4874
0.0054072	11.5	44.1426	3	-1	0.11365	95.5042
0.00543667	11.5	44.1643	4	-1	0.11366	95.5126
0.00543668	11.5	44.1639	1	-1	0.11367	95.521
0.00546579	11.5	44.153	2	-1	0.11369	95.4496
0.00546616	11.5	44.1245	3	-1	0.1137	95.458
0.00549565	11.5	44.1463	4	-1	0.11371	95.4664
0.00549566	11.5	44.146	1	-1	0.11372	95.4748
0.0055248	11.5	44.1348	2	-1	0.11374	95.4035
0.00552517	11.5	44.1059	3	-1	0.11375	95.4118
0.00555469	11.5	44.128	4	-1	0.11376	95.4202
0.0055547	11.5	44.1276	1	-1	0.11377	95.4286
0.00558386	11.5	44.1162	2	-1	0.11379	95.3574
0.00558424	11.5	44.0866	3	-1	0.11381	95.3742
0.00561379	11.5	44.1094	4	-1	0.11381	95.3742
0.00561379	11.5	44.109	1	-1	0.11382	95.3826
0.00564298	11.5	44.0974	2	-1	0.11384	95.3115
0.00564337	11.5	44.0671	3	-1	0.11386	95.3282
0.00567294	11.5	44.0907	4	-1	0.11387	95.3366
0.00567294	11.5	44.0904	1	-1	0.11388	95.3449
0.00570216	11.5	44.0787	2	-1	0.1139	95.266
0.00570256	11.5	44.0477	3	-1	0.11392	95.2827
0.00573215	11.5	44.072	4	-1	0.11392	95.2827
0.00573215	11.5	44.0717	1	-1	0.11393	95.2911
0.00576139	11.5	44.0598	2	-1	0.11395	95.2202
0.0057618	11.5	44.0281	3	-1	0.11397	95.2369
0.00579141	11.5	44.0533	4	-1	0.11398	95.2453
0.00579142	11.5	44.053	1	-1	0.11399	95.2536
0.00582068	11.5	44.041	2	-1	0.11401	95.1749
0.0058211	11.5	44.009	3	-1	0.11402	95.1832
0.00585073	11.5	44.0346	4	-1	0.11403	95.1916
0.00585074	11.5	44.0342	1	-1	0.11404	95.1999
0.00588003	11.5	44.0222	2	-1	0.11406	95.1293
0.00588045	11.5	43.9895	3	-1	0.11408	95.146
0.00591011	11.5	44.0159	4	-1	0.11409	95.1543
0.00591012	11.5	44.0156	1	-1	0.1141	95.1626
0.00593943	11.5	44.0035	2	-1	0.11412	95.0842
0.00593986	11.5	43.9705	3	-1	0.11413	95.0925
0.00596955	11.5	43.9972	4	-1	0.11414	95.1008
0.00596955	11.5	43.9969	1	-1	0.11415	95.1091
0.00599889	11.5	43.9847	2	-1	0.11417	95.0387
0.00599933	11.5	43.951	3	-1	0.11419	95.0554
0.00602904	11.5	43.9786	4	-1	0.11419	95.0554
0.00602904	11.5	43.9782	1	-1	0.1142	95.0637
0.00605841	11.5	43.966	2	-1	0.11423	95.0017
0.00605886	11.5	43.932	3	-1	0.11424	95.01
0.00608859	11.5	43.96	4	-1	0.11425	95.0183
0.00608859	11.5	43.9596	1	-1	0.11426	95.0266
0.00611798	11.5	43.9473	2	-1	0.11428	94.9485
0.00611844	11.5	43.9126	3	-1	0.1143	94.9651
0.00614819	11.5	43.9413	4	-1	0.1143	94.9651
0.00614819	11.5	43.941	1	-1	0.11431	94.9734
0.00617761	11.5	43.9285	2	-1	0.11433	94.9033
0.00617808	11.5	43.8931	3	-1	0.11435	94.9199
0.00620785	11.5	43.9228	4	-1	0.11436	94.9282
0.00620786	11.5	43.9224	1	-1	0.11437	94.9365
0.0062373	11.5	43.9099	2	-1	0.11439	94.8586
0.00623777	11.5	43.8738	3	-1	0.11441	94.8752
0.00626757	11.5	43.9043	4	-1	0.11441	94.8752
0.00626757	11.5	43.9039	1	-1	0.11442	94.8835
0.00629704	11.5	43.8912	2	-1	0.11444	94.8136
0.00629752	11.5	43.8545	3	-1	0.11446	94.8302
0.00632734	11.5	43.8858	4	-1	0.11447	94.8384
0.00632735	11.5	43.8854	1	-1	0.11448	94.8467
0.00635684	11.5	43.8727	2	-1	0.1145	94.7691
0.00635733	11.5	43.8357	3	-1	0.11451	94.7774
0.00638717	11.5	43.8676	4	-1	0.11452	94.7856
0.00638718	11.5	43.8673	1	-1	0.11453	94.7939
0.00641669	11.5	43.8544	2	-1	0.11455	94.7242
0.0064172	11.5	43.8163	3	-1	0.11457	94.7408
0.00644706	11.5	43.8494	4	-1	0.11457	94.7408
0.00644706	11.5	43.849	1	-1	0.11458	94.749
0.0064766	11.5	43.8359	2	-1	0.1146	94.6794
0.00647712	11.5	43.7968	3	-1	0.11462	94.696
0.006507	11.5	43.8312	4	-1	0.11463	94.7042
0.00650701	11.5	43.8308	1	-1	0.11464	94.7125
0.00653656	11.5	43.8176	2	-1	0.11466	94.6352
0.00653709	11.5	43.7778	3	-1	0.11467	94.6434
0.006567	11.5	43.8129	4	-1	0.11468	94.6517
0.00656701	11.5	43.8125	1	-1	0.11469	94.66
0.00659658	11.5	43.7992	2	-1	0.11471	94.5906
0.00659712	11.5	43.7584	3	-1	0.11473	94.6071
0.00662706	11.5	43.7946	4	-1	0.11473	94.6071
0.00662706	11.5	43.7942	1	-1	0.11474	94.6153
0.00665666	11.5	43.7808	2	-1	0.11477	94.5543
0.00665721	11.5	43.7393	3	-1	0.11478	94.5625
0.00668717	11.5	43.7764	4	-1	0.11479	94.5708
0.00668717	11.5	43.776	1	-1	0.1148	94.579
0.00671679	11.5	43.7624	2	-1	0.11482	94.5021
0.00671736	11.5	43.7199	3	-1	0.11484	94.5185
0.00674734	11.5	43.7579	4	-1	0.11484	94.5185
0.00674734	11.5	43.7575	1	-1	0.11485	94.5267
0.00677698	11.5	43.7438	2	-1	0.11487	94.4577
0.00677756	11.5	43.7006	3	-1	0.11489	94.4741
0.00680756	11.5	43.7395	4	-1	0.1149	94.4824
0.00680757	11.5	43.7391	1	-1	0.11491	94.4906
0.00683723	11.5	43.7254	2	-1	0.11493	94.4139
0.00683782	11.5	43.6819	3	-1	0.11494	94.4221
0.00686784	11.5	43.7212	4	-1	0.11495	94.4303
0.00686785	11.5	43.7208	1	-1	0.11496	94.4385
0.00689754	11.5	43.707	2	-1	0.11498	94.3697
0.00689813	11.5	43.6629	3	-1	0.115	94.3861
0.00692818	11.5	43.7029	4	-1	0.115	94.3861
0.00692818	11.5	43.7025	1	-1	0.11501	94.3943
0.0069579	11.5	43.6887	2	-1	0.11504	94.3337
0.0069585	11.5	43.6443	3	-1	0.11505	94.3419
0.00698857	11.5	43.6848	4	-1	0.11506	94.3501
0.00698858	11.5	43.6844	1	-1	0.11507	94.3583
0.00701832	11.5	43.6704	2	-1	0.11509	94.282
0.00701893	11.5	43.6254	3	-1	0.11511	94.2984
0.00704902	11.5	43.6666	4	-1	0.11511	94.2984
0.00704903	11.5	43.6663	1	-1	0.11512	94.3065
0.0070788	11.5	43.6522	2	-1	0.11514	94.238
0.00707942	11.5	43.6065	3	-1	0.11516	94.2544
0.00710953	11.5	43.6486	4	-1	0.11517	94.2626
0.00710954	11.5	43.6482	1	-1	0.11518	94.2707
0.00713933	11.5	43.6341	2	-1	0.1152	94.1946
0.00713996	11.5	43.5881	3	-1	0.11521	94.2028
0.0071701	11.5	43.6306	4	-1	0.11522	94.211
0.0071701	11.5	43.6302	1	-1	0.11523	94.2191
0.00719992	11.5	43.6159	2	-1	0.11525	94.1508
0.00720055	11.5	43.5694	3	-1	0.11527	94.1671
0.00723071	11.5	43.6125	4	-1	0.11527	94.1671
0.00723072	11.5	43.6122	1	-1	0.11528	94.1753
0.00726056	11.5	43.5977	2	-1	0.1153	94.1071
0.00726121	11.5	43.5506	3	-1	0.11532	94.1234
0.00729139	11.5	43.5946	4	-1	0.11533	94.1316
0.0072914	11.5	43.5942	1	-1	0.11534	94.1397
0.00732126	11.5	43.5797	2	-1	0.11536	94.0639
0.00732191	11.5	43.5323	3	-1	0.11537	94.0721
0.00735212	11.5	43.5767	4	-1	0.11538	94.0802
0.00735213	11.5	43.5763	1	-1	0.11539	94.0884
0.00738202	11.5	43.5617	2	-1	0.11541	94.0204
0.00738268	11.5	43.5136	3	-1	0.11543	94.0367
0.00741291	11.5	43.5587	4	-1	0.11543	94.0367
0.00741291	11.5	43.5584	1	-1	0.11544	94.0448
0.00744284	11.5	43.5437	2	-1	0.11547	93.985
0.0074435	11.5	43.4954	3	-1	0.11548	93.9932
0.00747375	11.5	43.5409	4	-1	0.11549	94.0013
0.00747376	11.5	43.5406	1	-1	0.1155	94.0094
0.00750371	11.5	43.5258	2	-1	0.11552	93.934
0.00750437	11.5	43.4772	3	-1	0.11553	93.9421
0.00753465	11.5	43.5231	4	-1	0.11554	93.9502
0.00753466	11.5	43.5227	1	-1	0.11555	93.9584
0.00756463	11.5	43.5078	2	-1	0.11557	93.8906
0.00756531	11.5	43.4586	3	-1	0.11559	93.9069
0.00759561	11.5	43.5052	4	-1	0.11559	93.9069
0.00759561	11.5	43.5049	1	-1	0.1156	93.915
0.00762561	11.5	43.4899	2	-1	0.11563	93.8555
0.0076263	11.5	43.4404	3	-1	0.11564	93.8636
0.00765662	11.5	43.4871	4	-1	0.11565	93.8718
0.00765663	11.5	43.4868	1	-1	0.11566	93.8799
0.00768665	11.5	43.471	2	-1	0.11568	93.7971
0.00768735	11.5	43.4209	3	-1	0.11569	93.8052
0.00771769	11.5	43.4683	4	-1	0.1157	93.8133
0.0077177	11.5	43.4679	1	-1	0.11571	93.8215
0.00774776	11.5	43.4524	2	-1	0.11574	93.7622
0.00774845	11.5	43.402	3	-1	0.11575	93.7703
0.00777883	11.5	43.45	4	-1	0.11576	93.7784
0.00777883	11.5	43.4496	1	-1	0.11577	93.7865
0.00780891	11.5	43.4341	2	-1	0.11579	93.7116
0.00780962	11.5	43.3835	3	-1	0.1158	93.7197
0.00784001	11.5	43.4319	4	-1	0.11581	93.7277
0.00784002	11.5	43.4315	1	-1	0.11582	93.7358
0.00787013	11.5	43.4161	2	-1	0.11585	93.6767
0.00787084	11.5	43.3652	3	-1	0.11586	93.6848
0.00790126	11.5	43.414	4	-1	0.11586	93.6848
0.00790126	11.5	43.4136	1	-1	0.11587	93.6929
0.0079314	11.5	43.3981	2	-1	0.1159	93.6339
0.00793211	11.5	43.347	3	-1	0.11591	93.6419
0.00796256	11.5	43.3963	4	-1	0.11592	93.65
0.00796256	11.5	43.3959	1	-1	0.11593	93.6581
0.00799273	11.5	43.3803	2	-1	0.11595	93.5835
0.00799344	11.5	43.3289	3	-1	0.11596	93.5916
0.00802391	11.5	43.3785	4	-1	0.11597	93.5997
0.00802392	11.5	43.3782	1	-1	0.11598	93.6077
0.00805411	11.5	43.3626	2	-1	0.11601	93.5489
0.00805483	11.5	43.311	3	-1	0.11602	93.557
0.00808532	11.5	43.3609	4	-1	0.11602	93.557
0.00808533	11.5	43.3606	1	-1	0.11603	93.565
0.00811555	11.5	43.3448	2	-1	0.11606	93.5063
0.00811628	11.5	43.293	3	-1	0.11607	93.5143
0.00814679	11.5	43.343	4	-1	0.11608	93.5224
0.0081468	11.5	43.3427	1	-1	0.11609	93.5305
0.00817705	11.5	43.3263	2	-1	0.11612	93.4567
0.00817778	11.5	43.2742	3	-1	0.11612	93.4567
0.00820832	11.5	43.3244	4	-1	0.11613	93.4648
0.00820832	11.5	43.3241	1	-1	0.11614	93.4728
0.00823861	11.5	43.3078	2	-1	0.11617	93.4143
0.00823935	11.5	43.2555	3	-1	0.11618	93.4223
0.00826991	11.5	43.3064	4	-1	0.11619	93.4304
0.00826991	11.5	43.306	1	-1	0.1162	93.4384
0.00830023	11.5	43.2898	2	-1	0.11623	93.3724
0.00830096	11.5	43.2376	3	-1	0.11623	93.3724
0.00833155	11.5	43.2885	4	-1	0.11624	93.3805
0.00833155	11.5	43.2882	1	-1	0.11625	93.3885
0.0083619	11.5	43.272	2	-1	0.11628	93.3301
0.00836264	11.5	43.2195	3	-1	0.11629	93.3381
0.00839325	11.5	43.271	4	-1	0.1163	93.3462
0.00839326	11.5	43.2706	1	-1	0.11631	93.3542
0.00842362	11.5	43.2544	2	-1	0.11633	93.2804
0.00842437	11.5	43.2017	3	-1	0.11634	93.2884
0.00845501	11.5	43.2534	4	-1	0.11635	93.2964
0.00845501	11.5	43.2531	1	-1	0.11636	93.3045
0.00848541	11.5	43.2369	2	-1	0.11639	93.2463
0.00848616	11.5	43.1843	3	-1	0.11639	93.2463
0.00851682	11.5	43.2356	4	-1	0.1164	93.2543
0.00851682	11.5	43.2353	1	-1	0.11641	93.2623
0.00854725	11.5	43.2184	2	-1	0.11644	93.1967
0.00854801	11.5	43.1652	3	-1	0.11645	93.2047
0.00857869	11.5	43.2173	4	-1	0.11646	93.2127
0.0085787	11.5	43.2169	1	-1	0.11647	93.2207
0.00860915	11.5	43.2002	2	-1	0.1165	93.1553
0.00860991	11.5	43.1471	3	-1	0.1165	93.1553
0.00864062	11.5	43.1993	4	-1	0.11651	93.1633
0.00864063	11.5	43.199	1	-1	0.11652	93.1713
0.00867111	11.5	43.1823	2	-1	0.11655	93.1134
0.00867188	11.5	43.129	3	-1	0.11656	93.1214
0.00870261	11.5	43.1818	4	-1	0.11657	93.1293
0.00870262	11.5	43.1814	1	-1	0.11658	93.1373
0.00873313	11.5	43.1647	2	-1	0.1166	93.0641
0.00873389	11.5	43.1111	3	-1	0.11661	93.0721
0.00876465	11.5	43.1643	4	-1	0.11662	93.0801
0.00876466	11.5	43.1639	1	-1	0.11663	93.088
0.0087952	11.5	43.1473	2	-1	0.11666	93.0303
0.00879597	11.5	43.0938	3	-1	0.11666	93.0303
0.00882675	11.5	43.1466	4	-1	0.11667	93.0383
0.00882676	11.5	43.1462	1	-1	0.11668	93.0463
0.00885733	11.5	43.1289	2	-1	0.11671	92.9812
0.00885811	11.5	43.0748	3	-1	0.11672	92.9892
0.00888891	11.5	43.1283	4	-1	0.11673	92.9971
0.00888892	11.5	43.128	1	-1	0.11674	93.0051
0.00891952	11.5	43.1108	2	-1	0.11677	92.9401
0.0089203	11.5	43.0569	3	-1	0.11677	92.9401
0.00895114	11.5	43.1106	4	-1	0.11679	92.9561
0.00895114	11.5	43.1103	1	-1	0.1168	92.964
0.00898177	11.5	43.0932	2	-1	0.11682	92.8912
0.00898255	11.5	43.0391	3	-1	0.11683	92.8992
0.00901341	11.5	43.0932	4	-1	0.11684	92.9071
0.00901342	11.5	43.0928	1	-1	0.11685	92.9151
0.00904407	11.5	43.0757	2	-1	0.11687	92.8498
0.00904485	11.5	43.0214	3	-1	0.11688	92.8577
0.00907574	11.5	43.0759	4	-1	0.11689	92.8657
0.00907575	11.5	43.0755	1	-1	0.1169	92.8736
0.00910643	11.5	43.0578	2	-1	0.11693	92.809
0.00910721	11.5	43.0035	3	-1	0.11693	92.809
0.00913814	11.5	43.0576	4	-1	0.11695	92.8248
0.00913814	11.5	43.0572	1	-1	0.11696	92.8328
0.00916885	11.5	43.0397	2	-1	0.11698	92.7603
0.00916964	11.5	42.9853	3	-1	0.11699	92.7682
0.00920059	11.5	43.0398	4	-1	0.117	92.7761
0.00920059	11.5	43.0395	1	-1	0.11701	92.7841
0.00923133	11.5	43.0221	2	-1	0.11704	92.727
0.00923212	11.5	42.9677	3	-1	0.11704	92.727
0.00926309	11.5	43.0224	4	-1	0.11705	92.7349
0.00926309	11.5	43.022	1	-1	0.11706	92.7428
0.00929386	11.5	43.0047	2	-1	0.11709	92.6858
0.00929466	11.5	42.9501	3	-1	0.1171	92.6937
0.00932565	11.5	43.0052	4	-1	0.11711	92.7017
0.00932566	11.5	43.0049	1	-1	0.11712	92.7096
0.00935645	11.5	42.9869	2	-1	0.11715	92.638
0.00935725	11.5	42.9324	3	-1	0.11715	92.638
0.00938827	11.5	42.987	4	-1	0.11716	92.6459
0.00938828	11.5	42.9866	1	-1	0.11717	92.6538
0.0094191	11.5	42.9689	2	-1	0.1172	92.597
0.0094199	11.5	42.9145	3	-1	0.1172	92.597
0.00945096	11.5	42.9694	4	-1	0.11722	92.6128
0.00945096	11.5	42.969	1	-1	0.11723	92.6207
0.00948181	11.5	42.9513	2	-1	0.11725	92.5487
0.00948261	11.5	42.8968	3	-1	0.11726	92.5566
0.00951369	11.5	42.952	4	-1	0.11727	92.5645
0.0095137	11.5	42.9517	1	-1	0.11728	92.5724
0.00954458	11.5	42.9341	2	-1	0.11731	92.5158
0.00954538	11.5	42.8797	3	-1	0.11731	92.5158
0.00957648	11.5	42.9346	4	-1	0.11732	92.5237
0.00957649	11.5	42.9342	1	-1	0.11733	92.5315
0.0096074	11.5	42.916	2	-1	0.11736	92.4677
0.00960821	11.5	42.861	3	-1	0.11737	92.4756
0.00963934	11.5	42.9167	4	-1	0.11738	92.4835
0.00963934	11.5	42.9163	1	-1	0.11739	92.4913
0.00967028	11.5	42.8983	2	-1	0.11742	92.4276
0.00967109	11.5	42.8434	3	-1	0.11742	92.4276
0.00970225	11.5	42.8992	4	-1	0.11743	92.4355
0.00970225	11.5	42.8989	1	-1	0.11744	92.4433
0.00973322	11.5	42.8809	2	-1	0.11747	92.3869
0.00973403	11.5	42.8261	3	-1	0.11747	92.3869
0.00976522	11.5	42.8821	4	-1	0.11749	92.4027
0.00976522	11.5	42.8818	1	-1	0.1175	92.4105
0.00979622	11.5	42.8633	2	-1	0.11753	92.3397
0.00979703	11.5	42.8086	3	-1	0.11753	92.3397
0.00982825	11.5	42.864	4	-1	0.11754	92.3476
0.00982825	11.5	42.8637	1	-1	0.11755	92.3554
0.00985928	11.5	42.8455	2	-1	0.11758	92.2992
0.00986009	11.5	42.7909	3	-1	0.11758	92.2992
0.00989133	11.5	42.8466	4	-1	0.1176	92.3149
0.00989134	11.5	42.8463	1	-1	0.11761	92.3228
0.00992239	11.5	42.8281	2	-1	0.11763	92.2516
0.00992321	11.5	42.7733	3	-1	0.11764	92.2594
0.00995448	11.5	42.8295	4	-1	0.11765	92.2673
0.00995448	11.5	42.8291	1	-1	0.11766	92.2751
0.00998556	11.5	42.8111	2	-1	0.11769	92.2191
0.00998638	11.5	42.7565	3	-1	0.11769	92.2191
0.0100177	11.5	42.8119	4	-1	0.1177	92.2269
0.0100177	11.5	42.8116	1	-1	0.11771	92.2348
0.0100488	11.5	42.793	2	-1	0.11774	92.1716
0.0100496	11.5	42.7384	3	-1	0.11774	92.1716
0.0100809	11.5	42.7943	4	-1	0.11776	92.1873
0.0100809	11.5	42.794	1	-1	0.11777	92.1951
0.0101121	11.5	42.7756	2	-1	0.1178	92.132
0.0101129	11.5	42.7212	3	-1	0.1178	92.132
0.0101442	11.5	42.7771	4	-1	0.11781	92.1398
0.0101443	11.5	42.7768	1	-1	0.11782	92.1477
0.0101754	11.5	42.7586	2	-1	0.11785	92.0919
0.0101762	11.5	42.7042	3	-1	0.11785	92.0919
0.0102076	11.5	42.7595	4	-1	0.11786	92.0997
0.0102076	11.5	42.7592	1	-1	0.11787	92.1075
0.0102388	11.5	42.7405	2	-1	0.11791	92.0525
0.0102397	11.5	42.6866	3	-1	0.1179	92.0447
0.0102711	11.5	42.742	4	-1	0.11792	92.0603
0.0102711	11.5	42.7416	1	-1	0.11793	92.0681
0.0103023	11.5	42.7232	2	-1	0.11796	92.0053
0.0103031	11.5	42.6694	3	-1	0.11796	92.0053
0.0103345	11.5	42.7248	4	-1	0.11797	92.0131
0.0103345	11.5	42.7245	1	-1	0.11798	92.0209
0.0103658	11.5	42.7061	2	-1	0.11801	91.9654
0.0103666	11.5	42.6524	3	-1	0.11801	91.9654
0.0103981	11.5	42.7074	4	-1	0.11803	91.981
0.0103981	11.5	42.7071	1	-1	0.11804	91.9888
0.0104294	11.5	42.6883	2	-1	0.11807	91.919
0.0104302	11.5	42.6347	3	-1	0.11807	91.919
0.0104617	11.5	42.6899	4	-1	0.11808	91.9268
0.0104617	11.5	42.6896	1	-1	0.11809	91.9346
0.010493	11.5	42.6709	2	-1	0.11812	91.8793
0.0104939	11.5	42.6175	3	-1	0.11812	91.8793
0.0105254	11.5	42.6729	4	-1	0.11814	91.8948
0.0105254	11.5	42.6726	1	-1	0.11815	91.9026
0.0105567	11.5	42.6535	2	-1	0.11818	91.8331
0.0105575	11.5	42.6005	3	-1	0.11817	91.8253
0.0105891	11.5	42.655	4	-1	0.11819	91.8409
0.0105891	11.5	42.6547	1	-1	0.1182	91.8486
0.0106205	11.5	42.636	2	-1	0.11823	91.7935
0.0106213	11.5	42.5831	3	-1	0.11823	91.7935
0.0106529	11.5	42.6379	4	-1	0.11825	91.809
0.0106529	11.5	42.6376	1	-1	0.11826	91.8168
0.0106843	11.5	42.6191	2	-1	0.11829	91.7546
0.0106851	11.5	42.5667	3	-1	0.11828	91.7468
0.0107167	11.5	42.6208	4	-1	0.1183	91.7623
0.0107167	11.5	42.6205	1	-1	0.11831	91.7701
0.0107482	11.5	42.6015	2	-1	0.11834	91.708
0.010749	11.5	42.5488	3	-1	0.11834	91.708
0.0107806	11.5	42.6032	4	-1	0.11835	91.7157
0.0107806	11.5	42.6029	1	-1	0.11836	91.7235
0.0108121	11.5	42.5841	2	-1	0.11839	91.6686
0.0108129	11.5	42.5315	3	-1	0.11839	91.6686
0.0108446	11.5	42.5863	4	-1	0.11841	91.6841
0.0108446	11.5	42.5859	1	-1	0.11842	91.6918
0.0108761	11.5	42.5674	2	-1	0.11845	91.6299
0.0108769	11.5	42.5153	3	-1	0.11844	91.6222
0.0109086	11.5	42.569	4	-1	0.11846	91.6377
0.0109086	11.5	42.5686	1	-1	0.11847	91.6454
0.0109401	11.5	42.5496	2	-1	0.1185	91.5836
0.0109409	11.5	42.4976	3	-1	0.1185	91.5836
0.0109727	11.5	42.5517	4	-1	0.11852	91.599
0.0109727	11.5	42.5514	1	-1	0.11853	91.6068
0.0110043	11.5	42.5327	2	-1	0.11856	91.5451
0.011005	11.5	42.4811	3	-1	0.11855	91.5373
0.0110368	11.5	42.5346	4	-1	0.11857	91.5528
0.0110368	11.5	42.5343	1	-1	0.11858	91.5605
0.0110684	11.5	42.5151	2	-1	0.11861	91.4989
0.0110692	11.5	42.4633	3	-1	0.11861	91.4989
0.011101	11.5	42.5171	4	-1	0.11862	91.5066
0.011101	11.5	42.5167	1	-1	0.11863	91.5143
0.0111326	11.5	42.4979	2	-1	0.11867	91.4676
0.0111334	11.5	42.4466	3	-1	0.11866	91.4598
0.0111652	11.5	42.5003	4	-1	0.11868	91.4753
0.0111652	11.5	42.4999	1	-1	0.11869	91.483
0.0111969	11.5	42.4806	2	-1	0.11872	91.4145
0.0111977	11.5	42.4297	3	-1	0.11871	91.4068
0.0112296	11.5	42.4825	4	-1	0.11873	91.4222
0.0112296	11.5	42.4822	1	-1	0.11874	91.4299
0.0112613	11.5	42.4633	2	-1	0.11877	91.3756
0.0112621	11.5	42.4125	3	-1	0.11877	91.3756
0.0112939	11.5	42.4656	4	-1	0.11879	91.391
0.0112939	11.5	42.4653	1	-1	0.1188	91.3987
0.0113257	11.5	42.4466	2	-1	0.11883	91.3374
0.0113264	11.5	42.3963	3	-1	0.11882	91.3297
0.0113583	11.5	42.4485	4	-1	0.11884	91.3451
0.0113584	11.5	42.4481	1	-1	0.11885	91.3528
0.0113901	11.5	42.4291	2	-1	0.11888	91.2917
0.0113909	11.5	42.3788	3	-1	0.11888	91.2917
0.0114228	11.5	42.4314	4	-1	0.1189	91.307
0.0114228	11.5	42.4311	1	-1	0.11891	91.3147
0.0114546	11.5	42.4123	2	-1	0.11894	91.2536
0.0114554	11.5	42.3625	3	-1	0.11893	91.246
0.0114874	11.5	42.4142	4	-1	0.11895	91.2613
0.0114874	11.5	42.4138	1	-1	0.11896	91.269
0.0115192	11.5	42.3947	2	-1	0.11899	91.208
0.01152	11.5	42.345	3	-1	0.11899	91.208
0.011552	11.5	42.3969	4	-1	0.119	91.2157
0.011552	11.5	42.3966	1	-1	0.11901	91.2234
0.0115839	11.5	42.3778	2	-1	0.11905	91.1771
0.0115846	11.5	42.3285	3	-1	0.11904	91.1695
0.0116166	11.5	42.3801	4	-1	0.11906	91.1848
0.0116166	11.5	42.3797	1	-1	0.11907	91.1925
0.0116485	11.5	42.3604	2	-1	0.1191	91.1247
0.0116493	11.5	42.3112	3	-1	0.11909	91.1171
0.0116814	11.5	42.3627	4	-1	0.11911	91.1324
0.0116814	11.5	42.3624	1	-1	0.11912	91.14
0.0117133	11.5	42.3434	2	-1	0.11915	91.0863
0.0117141	11.5	42.2943	3	-1	0.11915	91.0863
0.0117461	11.5	42.3461	4	-1	0.11917	91.1016
0.0117461	11.5	42.3458	1	-1	0.11918	91.1092
0.0117781	11.5	42.3265	2	-1	0.11921	91.0417
0.0117789	11.5	42.2778	3	-1	0.1192	91.0341
0.011811	11.5	42.3287	4	-1	0.11922	91.0493
0.011811	11.5	42.3284	1	-1	0.11923	91.057
0.011843	11.5	42.3095	2	-1	0.11926	91.0034
0.0118437	11.5	42.2609	3	-1	0.11926	91.0034
0.0118759	11.5	42.312	4	-1	0.11927	91.0111
0.0118759	11.5	42.3117	1	-1	0.11928	91.0187
0.0119079	11.5	42.2924	2	-1	0.11932	90.9659
0.0119087	11.5	42.2442	3	-1	0.11931	90.9583
0.0119408	11.5	42.2947	4	-1	0.11933	90.9735
0.0119408	11.5	42.2944	1	-1	0.11934	90.9812
0.0119729	11.5	42.2754	2	-1	0.11937	90.9209
0.0119737	11.5	42.2276	3	-1	0.11936	90.9132
0.0120058	11.5	42.278	4	-1	0.11938	90.9285
0.0120059	11.5	42.2777	1	-1	0.11939	90.9361
0.0120379	11.5	42.2583	2	-1	0.11942	90.8759
0.0120387	11.5	42.2106	3	-1	0.11942	90.8759
0.0120709	11.5	42.2607	4	-1	0.11944	90.8911
0.0120709	11.5	42.2603	1	-1	0.11945	90.8987
0.012103	11.5	42.2414	2	-1	0.11948	90.8386
0.0121038	11.5	42.1942	3	-1	0.11947	90.831
0.0121361	11.5	42.244	4	-1	0.11949	90.8462
0.0121361	11.5	42.2437	1	-1	0.1195	90.8538
0.0121682	11.5	42.2244	2	-1	0.11953	90.7938
0.012169	11.5	42.1773	3	-1	0.11953	90.7938
0.0122013	11.5	42.2267	4	-1	0.11954	90.8014
0.0122013	11.5	42.2264	1	-1	0.11955	90.809
0.0122334	11.5	42.2075	2	-1	0.11959	90.7635
0.0122342	11.5	42.1608	3	-1	0.11958	90.7559
0.0122665	11.5	42.2099	4	-1	0.1196	90.7711
0.0122665	11.5	42.2095	1	-1	0.11961	90.7787
0.0122987	11.5	42.1902	2	-1	0.11964	90.712
0.0122995	11.5	42.1433	3	-1	0.11964	90.712
0.0123318	11.5	42.1927	4	-1	0.11965	90.7195
0.0123318	11.5	42.1924	1	-1	0.11966	90.7271
0.0123641	11.5	42.1735	2	-1	0.1197	90.6818
0.0123648	11.5	42.127	3	-1	0.11969	90.6742
0.0123972	11.5	42.1758	4	-1	0.11971	90.6894
0.0123972	11.5	42.1755	1	-1	0.11972	90.697
0.0124295	11.5	42.1561	2	-1	0.11975	90.6304
0.0124302	11.5	42.11	3	-1	0.11974	90.6229
0.0124626	11.5	42.1588	4	-1	0.11976	90.638
0.0124626	11.5	42.1585	1	-1	0.11977	90.6456
0.0124949	11.5	42.1397	2	-1	0.11981	90.6004
0.0124957	11.5	42.094	3	-1	0.1198	90.5929
0.0125281	11.5	42.142	4	-1	0.11982	90.608
0.0125281	11.5	42.1417	1	-1	0.11983	90.6155
0.0125604	11.5	42.1225	2	-1	0.11986	90.5492
0.0125612	11.5	42.0772	3	-1	0.11985	90.5417
0.0125936	11.5	42.1252	4	-1	0.11987	90.5568
0.0125937	11.5	42.1249	1	-1	0.11988	90.5643
0.012626	11.5	42.106	2	-1	0.11991	90.5118
0.0126268	11.5	42.0611	3	-1	0.1199	90.5042
0.0126593	11.5	42.1084	4	-1	0.11993	90.5269
0.0126593	11.5	42.1081	1	-1	0.11994	90.5344
0.0126917	11.5	42.0891	2	-1	0.11997	90.4683
0.0126924	11.5	42.0446	3	-1	0.11996	90.4607
0.0127249	11.5	42.0918	4	-1	0.11998	90.4758
0.0127249	11.5	42.0915	1	-1	0.11999	90.4834
0.0127574	11.5	42.0721	2	-1	0.12002	90.4242
0.0127581	11.5	42.028	3	-1	0.12001	90.4166
0.0127906	11.5	42.0744	4	-1	0.12003	90.4317
0.0127907	11.5	42.0741	1	-1	0.12004	90.4392
0.0128231	11.5	42.0554	2	-1	0.12008	90.3945
0.0128238	11.5	42.0117	3	-1	0.12007	90.3869
0.0128564	11.5	42.0578	4	-1	0.12009	90.402
0.0128564	11.5	42.0575	1	-1	0.1201	90.4095
0.0128889	11.5	42.0383	2	-1	0.12013	90.3437
0.0128897	11.5	41.9947	3	-1	0.12012	90.3362
0.0129223	11.5	42.0408	4	-1	0.12014	90.3512
0.0129223	11.5	42.0405	1	-1	0.12015	90.3587
0.0129548	11.5	42.0219	2	-1	0.12019	90.3141
0.0129555	11.5	41.9787	3	-1	0.12018	90.3066
0.0129882	11.5	42.0242	4	-1	0.1202	90.3216
0.0129882	11.5	42.0239	1	-1	0.12021	90.3291
0.0130208	11.5	42.0048	2	-1	0.12024	90.2635
0.0130215	11.5	41.962	3	-1	0.12023	90.256
0.0130541	11.5	42.0075	4	-1	0.12025	90.271
0.0130542	11.5	42.0072	1	-1	0.12026	90.2785
0.0130868	11.5	41.988	2	-1	0.1203	90.2273
0.0130875	11.5	41.9459	3	-1	0.12028	90.2123
0.0131202	11.5	41.9904	4	-1	0.12031	90.2348
0.0131202	11.5	41.9901	1	-1	0.12032	90.2423
0.0131528	11.5	41.9715	2	-1	0.12035	90.1836
0.0131535	11.5	41.9298	3	-1	0.12034	90.1761
0.0131863	11.5	41.9738	4	-1	0.12036	90.1911
0.0131863	11.5	41.9735	1	-1	0.12037	90.1986
0.0132189	11.5	41.9545	2	-1	0.1204	90.14
0.0132196	11.5	41.9129	3	-1	0.12039	90.1325
0.0132524	11.5	41.957	4	-1	0.12042	90.155
0.0132524	11.5	41.9567	1	-1	0.12043	90.1625
0.0132851	11.5	41.9383	2	-1	0.12046	90.104
0.0132858	11.5	41.8971	3	-1	0.12045	90.0965
0.0133186	11.5	41.9404	4	-1	0.12047	90.1115
0.0133186	11.5	41.9401	1	-1	0.12048	90.1189
0.0133513	11.5	41.9214	2	-1	0.12051	90.0605
0.013352	11.5	41.8805	3	-1	0.1205	90.0531
0.0133849	11.5	41.9239	4	-1	0.12052	90.068
0.0133849	11.5	41.9236	1	-1	0.12053	90.0755
0.0134176	11.5	41.9047	2	-1	0.12057	90.0246
0.0134183	11.5	41.8642	3	-1	0.12056	90.0172
0.0134512	11.5	41.907	4	-1	0.12058	90.0321
0.0134512	11.5	41.9067	1	-1	0.12059	90.0396
0.013484	11.5	41.8882	2	-1	0.12062	89.9814
0.0134847	11.5	41.8482	3	-1	0.12061	89.9739
0.0135176	11.5	41.8902	4	-1	0.12063	89.9888
0.0135176	11.5	41.8899	1	-1	0.12064	89.9963
0.0135504	11.5	41.8711	2	-1	0.12067	89.9381
0.0135511	11.5	41.8311	3	-1	0.12067	89.9381
0.013584	11.5	41.8737	4	-1	0.12069	89.953
0.013584	11.5	41.8734	1	-1	0.1207	89.9605
0.0136169	11.5	41.8545	2	-1	0.12073	89.8958
0.0136175	11.5	41.8149	3	-1	0.12072	89.8883
0.0136505	11.5	41.8567	4	-1	0.12074	89.9032
0.0136505	11.5	41.8564	1	-1	0.12075	89.9106
0.0136834	11.5	41.838	2	-1	0.12078	89.8594
0.0136841	11.5	41.7988	3	-1	0.12077	89.8519
0.0137171	11.5	41.8399	4	-1	0.12079	89.8668
0.0137171	11.5	41.8396	1	-1	0.1208	89.8743
0.01375	11.5	41.8211	2	-1	0.12084	89.8238
0.0137507	11.5	41.7822	3	-1	0.12083	89.8164
0.0137837	11.5	41.8236	4	-1	0.12085	89.8313
0.0137837	11.5	41.8233	1	-1	0.12086	89.8387
0.0138167	11.5	41.8044	2	-1	0.12089	89.7742
0.0138173	11.5	41.766	3	-1	0.12088	89.7668
0.0138504	11.5	41.8066	4	-1	0.1209	89.7817
0.0138504	11.5	41.8063	1	-1	0.12091	89.7891
0.0138834	11.5	41.7882	2	-1	0.12095	89.7455
0.013884	11.5	41.7501	3	-1	0.12094	89.7381
0.0139171	11.5	41.7901	4	-1	0.12096	89.7529
0.0139171	11.5	41.7898	1	-1	0.12097	89.7603
0.0139502	11.5	41.7713	2	-1	0.121	89.6961
0.0139508	11.5	41.7336	3	-1	0.12099	89.6887
0.0139839	11.5	41.7737	4	-1	0.12101	89.7035
0.0139839	11.5	41.7734	1	-1	0.12102	89.7109
0.014017	11.5	41.7548	2	-1	0.12106	89.6608
0.0140176	11.5	41.7178	3	-1	0.12104	89.646
0.0140508	11.5	41.757	4	-1	0.12107	89.6682
0.0140508	11.5	41.7567	1	-1	0.12108	89.6756
0.0140839	11.5	41.7387	2	-1	0.12111	89.6182
0.0140845	11.5	41.702	3	-1	0.1211	89.6108
0.0141177	11.5	41.7404	4	-1	0.12112	89.6256
0.0141177	11.5	41.7401	1	-1	0.12113	89.633
0.0141508	11.5	41.7219	2	-1	0.12116	89.5756
0.0141515	11.5	41.6856	3	-1	0.12115	89.5682
0.0141847	11.5	41.7242	4	-1	0.12118	89.5904
0.0141847	11.5	41.7239	1	-1	0.12119	89.5978
0.0142178	11.5	41.7056	2	-1	0.12122	89.5339
0.0142185	11.5	41.6697	3	-1	0.12121	89.5266
0.0142517	11.5	41.7075	4	-1	0.12123	89.5413
0.0142517	11.5	41.7072	1	-1	0.12124	89.5487
0.0142849	11.5	41.6895	2	-1	0.12127	89.4982
0.0142855	11.5	41.6539	3	-1	0.12126	89.4908
0.0143188	11.5	41.6909	4	-1	0.12128	89.5055
0.0143188	11.5	41.6907	1	-1	0.12129	89.5129
0.0143521	11.5	41.6728	2	-1	0.12133	89.4632
0.0143527	11.5	41.6376	3	-1	0.12132	89.4558
0.014386	11.5	41.675	4	-1	0.12134	89.4706
0.014386	11.5	41.6747	1	-1	0.12135	89.478
0.0144192	11.5	41.6565	2	-1	0.12138	89.4144
0.0144199	11.5	41.6216	3	-1	0.12137	89.407
0.0144532	11.5	41.6583	4	-1	0.12139	89.4217
0.0144532	11.5	41.658	1	-1	0.1214	89.4291
0.0144865	11.5	41.6397	2	-1	0.12143	89.3722
0.0144871	11.5	41.6049	3	-1	0.12143	89.3722
0.0145205	11.5	41.6414	4	-1	0.12145	89.3869
0.0145205	11.5	41.6411	1	-1	0.12146	89.3943
0.0145538	11.5	41.6235	2	-1	0.12149	89.3375
0.0145544	11.5	41.5891	3	-1	0.12148	89.3301
0.0145878	11.5	41.6249	4	-1	0.1215	89.3448
0.0145878	11.5	41.6246	1	-1	0.12151	89.3522
0.0146212	11.5	41.6068	2	-1	0.12154	89.2954
0.0146218	11.5	41.5727	3	-1	0.12153	89.2881
0.0146552	11.5	41.6087	4	-1	0.12155	89.3028
0.0146552	11.5	41.6084	1	-1	0.12156	89.3101
0.0146886	11.5	41.5904	2	-1	0.1216	89.2608
0.0146892	11.5	41.5568	3	-1	0.12159	89.2535
0.0147227	11.5	41.5922	4	-1	0.12161	89.2681
0.0147227	11.5	41.5919	1	-1	0.12162	89.2755
0.0147561	11.5	41.5745	2	-1	0.12165	89.2189
0.0147567	11.5	41.5411	3	-1	0.12164	89.2116
0.0147902	11.5	41.5759	4	-1	0.12166	89.2263
0.0147902	11.5	41.5756	1	-1	0.12167	89.2336
0.0148237	11.5	41.558	2	-1	0.12171	89.1844
0.0148243	11.5	41.5251	3	-1	0.1217	89.1771
0.0148578	11.5	41.5594	4	-1	0.12172	89.1918
0.0148578	11.5	41.5591	1	-1	0.12173	89.1991
0.0148913	11.5	41.5413	2	-1	0.12176	89.1362
0.0148919	11.5	41.5087	3	-1	0.12175	89.1288
0.0149254	11.5	41.5432	4	-1	0.12177	89.1435
0.0149254	11.5	41.5429	1	-1	0.12178	89.1508
0.014959	11.5	41.5251	2	-1	0.12182	89.1018
0.0149595	11.5	41.4931	3	-1	0.1218	89.0872
0.0149931	11.5	41.5267	4	-1	0.12183	89.1091
0.0149932	11.5	41.5264	1	-1	0.12184	89.1164
0.0150267	11.5	41.5087	2	-1	0.12187	89.0537
0.0150273	11.5	41.4771	3	-1	0.12186	89.0464
0.0150609	11.5	41.5099	4	-1	0.12188	89.061
0.0150609	11.5	41.5097	1	-1	0.12189	89.0683
0.0150945	11.5	41.4925	2	-1	0.12192	89.0187
0.0150951	11.5	41.461	3	-1	0.12192	89.0187
0.0151287	11.5	41.4936	4	-1	0.12193	89.026
0.0151287	11.5	41.4933	1	-1	0.12194	89.0333
0.0151624	11.5	41.476	2	-1	0.12198	88.9845
0.0151629	11.5	41.4448	3	-1	0.12197	88.9772
0.0151966	11.5	41.4774	4	-1	0.12199	88.9918
0.0151966	11.5	41.4771	1	-1	0.122	88.9991
0.0152303	11.5	41.4594	2	-1	0.12203	88.9367
0.0152308	11.5	41.4283	3	-1	0.12202	88.9294
0.0152646	11.5	41.4613	4	-1	0.12205	88.9512
0.0152646	11.5	41.461	1	-1	0.12206	88.9585
0.0152982	11.5	41.4434	2	-1	0.12209	88.8962
0.0152988	11.5	41.4126	3	-1	0.12208	88.8889
0.0153326	11.5	41.4448	4	-1	0.1221	88.9035
0.0153326	11.5	41.4445	1	-1	0.12211	88.9107
0.0153663	11.5	41.4269	2	-1	0.12214	88.8549
0.0153668	11.5	41.3965	3	-1	0.12213	88.8477
0.0154006	11.5	41.4281	4	-1	0.12215	88.8622
0.0154006	11.5	41.4278	1	-1	0.12216	88.8695
0.0154344	11.5	41.4108	2	-1	0.12219	88.8202
0.0154349	11.5	41.3805	3	-1	0.12219	88.8202
0.0154688	11.5	41.412	4	-1	0.12221	88.8348
0.0154688	11.5	41.4117	1	-1	0.12222	88.842
0.0155025	11.5	41.3945	2	-1	0.12225	88.78
0.0155031	11.5	41.3645	3	-1	0.12224	88.7727
0.015537	11.5	41.3955	4	-1	0.12226	88.7872
0.015537	11.5	41.3952	1	-1	0.12227	88.7945
0.0155708	11.5	41.3781	2	-1	0.12231	88.7462
0.0155713	11.5	41.3484	3	-1	0.1223	88.7389
0.0156052	11.5	41.3798	4	-1	0.12232	88.7534
0.0156052	11.5	41.3795	1	-1	0.12233	88.7607
0.0156391	11.5	41.3621	2	-1	0.12236	88.6988
0.0156396	11.5	41.3328	3	-1	0.12235	88.6916
0.0156735	11.5	41.3634	4	-1	0.12237	88.7061
0.0156735	11.5	41.3631	1	-1	0.12238	88.7133
0.0157074	11.5	41.3457	2	-1	0.12241	88.6579
0.0157079	11.5	41.3168	3	-1	0.1224	88.6507
0.0157419	11.5	41.347	4	-1	0.12243	88.6724
0.0157419	11.5	41.3467	1	-1	0.12244	88.6797
0.0157758	11.5	41.3301	2	-1	0.12247	88.6244
0.0157763	11.5	41.3015	3	-1	0.12246	88.6171
0.0158103	11.5	41.3309	4	-1	0.12248	88.6316
0.0158103	11.5	41.3307	1	-1	0.12249	88.6388
0.0158443	11.5	41.3139	2	-1	0.12252	88.5836
0.0158448	11.5	41.2856	3	-1	0.12251	88.5764
0.0158788	11.5	41.3146	4	-1	0.12253	88.5908
0.0158788	11.5	41.3143	1	-1	0.12254	88.5981
0.0159128	11.5	41.2975	2	-1	0.12258	88.5502
0.0159133	11.5	41.2696	3	-1	0.12257	88.5429
0.0159474	11.5	41.2983	4	-1	0.12259	88.5574
0.0159474	11.5	41.2981	1	-1	0.1226	88.5646
0.0159814	11.5	41.281	2	-1	0.12263	88.5032
0.0159819	11.5	41.2534	3	-1	0.12262	88.496
0.016016	11.5	41.2824	4	-1	0.12264	88.5104
0.016016	11.5	41.2821	1	-1	0.12265	88.5176
0.01605	11.5	41.2652	2	-1	0.12269	88.4699
0.0160505	11.5	41.2382	3	-1	0.12267	88.4554
0.0160846	11.5	41.2663	4	-1	0.1227	88.4771
0.0160846	11.5	41.266	1	-1	0.12271	88.4843
0.0161187	11.5	41.2492	2	-1	0.12274	88.423
0.0161192	11.5	41.2225	3	-1	0.12273	88.4158
0.0161534	11.5	41.2499	4	-1	0.12275	88.4302
0.0161534	11.5	41.2496	1	-1	0.12276	88.4374
0.0161875	11.5	41.2329	2	-1	0.12279	88.3826
0.016188	11.5	41.2063	3	-1	0.12279	88.3826
0.0162222	11.5	41.2334	4	-1	0.1228	88.3898
0.0162222	11.5	41.2332	1	-1	0.12281	88.397
0.0162563	11.5	41.2165	2	-1	0.12285	88.3495
0.0162568	11.5	41.1902	3	-1	0.12284	88.3423
0.016291	11.5	41.2171	4	-1	0.12286	88.3567
0.016291	11.5	41.2169	1	-1	0.12287	88.3639
0.0163252	11.5	41.2007	2	-1	0.1229	88.3093
0.0163257	11.5	41.1744	3	-1	0.1229	88.3093
0.0163599	11.5	41.2012	4	-1	0.12291	88.3164
0.01636	11.5	41.2009	1	-1	0.12292	88.3236
0.0163942	11.5	41.1846	2	-1	0.12296	88.2763
0.0163946	11.5	41.1587	3	-1	0.12295	88.2691
0.0164289	11.5	41.1853	4	-1	0.12297	88.2834
0.0164289	11.5	41.185	1	-1	0.12298	88.2906
0.0164632	11.5	41.1683	2	-1	0.12301	88.2298
0.0164637	11.5	41.1428	3	-1	0.123	88.2226
0.016498	11.5	41.1691	4	-1	0.12303	88.2442
0.016498	11.5	41.1689	1	-1	0.12304	88.2513
0.0165323	11.5	41.1524	2	-1	0.12307	88.1906
0.0165327	11.5	41.1274	3	-1	0.12305	88.1763
0.0165671	11.5	41.1528	4	-1	0.12308	88.1978
0.0165671	11.5	41.1525	1	-1	0.12309	88.2049
0.0166014	11.5	41.1362	2	-1	0.12312	88.1506
0.0166019	11.5	41.1116	3	-1	0.12311	88.1435
0.0166362	11.5	41.1368	4	-1	0.12314	88.165
0.0166362	11.5	41.1365	1	-1	0.12315	88.1721
0.0166706	11.5	41.1203	2	-1	0.12318	88.1116
0.016671	11.5	41.0958	3	-1	0.12317	88.1044
0.0167055	11.5	41.1211	4	-1	0.12319	88.1187
0.0167055	11.5	41.1208	1	-1	0.1232	88.1259
0.0167398	11.5	41.1045	2	-1	0.12323	88.0718
0.0167403	11.5	41.0803	3	-1	0.12322	88.0646
0.0167747	11.5	41.105	4	-1	0.12324	88.0789
0.0167748	11.5	41.1048	1	-1	0.12325	88.086
0.0168092	11.5	41.0885	2	-1	0.12328	88.032
0.0168096	11.5	41.0643	3	-1	0.12328	88.032
0.0168441	11.5	41.089	4	-1	0.1233	88.0463
0.0168441	11.5	41.0887	1	-1	0.12331	88.0534
0.0168785	11.5	41.0726	2	-1	0.12334	87.9932
0.016879	11.5	41.0487	3	-1	0.12333	87.986
0.0169135	11.5	41.0728	4	-1	0.12335	88.0003
0.0169135	11.5	41.0726	1	-1	0.12336	88.0074
0.016948	11.5	41.0564	2	-1	0.12339	87.9535
0.0169484	11.5	41.0326	3	-1	0.12339	87.9535
0.016983	11.5	41.0566	4	-1	0.1234	87.9607
0.016983	11.5	41.0563	1	-1	0.12341	87.9678
0.0170175	11.5	41.0403	2	-1	0.12345	87.9211
0.0170179	11.5	41.0168	3	-1	0.12344	87.914
0.0170525	11.5	41.0406	4	-1	0.12346	87.9282
0.0170525	11.5	41.0403	1	-1	0.12347	87.9353
0.017087	11.5	41.0241	2	-1	0.1235	87.8753
0.0170875	11.5	41.0007	3	-1	0.1235	87.8753
0.0171221	11.5	41.0244	4	-1	0.12351	87.8825
0.0171221	11.5	41.0241	1	-1	0.12352	87.8896
0.0171567	11.5	41.0081	2	-1	0.12356	87.843
0.0171571	11.5	40.9849	3	-1	0.12355	87.8359
0.0171918	11.5	41.0084	4	-1	0.12357	87.8501
0.0171918	11.5	41.0081	1	-1	0.12358	87.8572
0.0172264	11.5	40.992	2	-1	0.12361	87.7974
0.0172268	11.5	40.9692	3	-1	0.1236	87.7903
0.0172615	11.5	40.9922	4	-1	0.12362	87.8045
0.0172615	11.5	40.9919	1	-1	0.12363	87.8116
0.0172961	11.5	40.9761	2	-1	0.12367	87.7652
0.0172965	11.5	40.9536	3	-1	0.12366	87.7581
0.0173313	11.5	40.9762	4	-1	0.12368	87.7723
0.0173313	11.5	40.976	1	-1	0.12369	87.7794
0.0173659	11.5	40.9607	2	-1	0.12372	87.726
0.0173663	11.5	40.9386	3	-1	0.12371	87.7189
0.0174011	11.5	40.9607	4	-1	0.12373	87.7331
0.0174011	11.5	40.9604	1	-1	0.12374	87.7402
0.0174358	11.5	40.945	2	-1	0.12377	87.6869
0.0174362	11.5	40.9228	3	-1	0.12377	87.6869
0.017471	11.5	40.9451	4	-1	0.12379	87.701
0.017471	11.5	40.9449	1	-1	0.1238	87.7081
0.0175057	11.5	40.9293	2	-1	0.12383	87.6486
0.0175061	11.5	40.9075	3	-1	0.12382	87.6416
0.0175409	11.5	40.9293	4	-1	0.12384	87.6557
0.0175409	11.5	40.929	1	-1	0.12385	87.6628
0.0175757	11.5	40.9134	2	-1	0.12388	87.6096
0.0175761	11.5	40.8919	3	-1	0.12387	87.6025
0.017611	11.5	40.9135	4	-1	0.1239	87.6238
0.017611	11.5	40.9132	1	-1	0.12391	87.6308
0.0176458	11.5	40.8978	2	-1	0.12394	87.5715
0.0176462	11.5	40.8766	3	-1	0.12393	87.5645
0.017681	11.5	40.8976	4	-1	0.12395	87.5786
0.0176811	11.5	40.8974	1	-1	0.12396	87.5857
0.0177159	11.5	40.8819	2	-1	0.12399	87.5327
0.0177163	11.5	40.861	3	-1	0.12398	87.5256
0.0177512	11.5	40.8816	4	-1	0.124	87.5397
0.0177512	11.5	40.8814	1	-1	0.12401	87.5468
0.0177861	11.5	40.8661	2	-1	0.12405	87.5009
0.0177865	11.5	40.8455	3	-1	0.12404	87.4938
0.0178214	11.5	40.866	4	-1	0.12406	87.5079
0.0178214	11.5	40.8657	1	-1	0.12407	87.515
0.0178563	11.5	40.8496	2	-1	0.1241	87.4498
0.0178567	11.5	40.8294	3	-1	0.12409	87.4427
0.0178917	11.5	40.8497	4	-1	0.12412	87.4639
0.0178917	11.5	40.8495	1	-1	0.12413	87.4709
0.0179266	11.5	40.8339	2	-1	0.12416	87.412
0.017927	11.5	40.8139	3	-1	0.12415	87.405
0.017962	11.5	40.8335	4	-1	0.12417	87.419
0.017962	11.5	40.8333	1	-1	0.12418	87.4261
0.017997	11.5	40.818	2	-1	0.12421	87.3734
0.0179974	11.5	40.7983	3	-1	0.1242	87.3663
0.0180324	11.5	40.8174	4	-1	0.12422	87.3804
0.0180324	11.5	40.8172	1	-1	0.12423	87.3875
0.0180674	11.5	40.802	2	-1	0.12426	87.3348
0.0180678	11.5	40.7824	3	-1	0.12426	87.3348
0.0181029	11.5	40.8016	4	-1	0.12428	87.3489
0.0181029	11.5	40.8014	1	-1	0.12429	87.3559
0.0181379	11.5	40.7864	2	-1	0.12432	87.2972
0.0181383	11.5	40.767	3	-1	0.12431	87.2902
0.0181734	11.5	40.7858	4	-1	0.12433	87.3043
0.0181734	11.5	40.7855	1	-1	0.12434	87.3113
0.0182084	11.5	40.7706	2	-1	0.12437	87.2588
0.0182088	11.5	40.7513	3	-1	0.12437	87.2588
0.018244	11.5	40.7702	4	-1	0.12439	87.2729
0.018244	11.5	40.7699	1	-1	0.1244	87.2799
0.018279	11.5	40.7551	2	-1	0.12443	87.2214
0.0182794	11.5	40.7361	3	-1	0.12442	87.2144
0.0183146	11.5	40.7544	4	-1	0.12444	87.2284
0.0183146	11.5	40.7542	1	-1	0.12445	87.2354
0.0183497	11.5	40.7395	2	-1	0.12448	87.1831
0.0183501	11.5	40.7205	3	-1	0.12448	87.1831
0.0183853	11.5	40.7387	4	-1	0.12449	87.1901
0.0183853	11.5	40.7385	1	-1	0.1245	87.1971
0.0184204	11.5	40.7236	2	-1	0.12453	87.1449
0.0184208	11.5	40.7047	3	-1	0.12453	87.1449
0.0184561	11.5	40.7231	4	-1	0.12455	87.1589
0.0184561	11.5	40.7229	1	-1	0.12456	87.1659
0.0184912	11.5	40.7081	2	-1	0.12459	87.1076
0.0184916	11.5	40.6893	3	-1	0.12459	87.1076
0.0185269	11.5	40.7069	4	-1	0.1246	87.1146
0.0185269	11.5	40.7067	1	-1	0.12461	87.1216
0.0185621	11.5	40.6919	2	-1	0.12464	87.0695
0.0185625	11.5	40.6731	3	-1	0.12464	87.0695
0.0185978	11.5	40.6911	4	-1	0.12466	87.0835
0.0185978	11.5	40.6909	1	-1	0.12467	87.0905
0.018633	11.5	40.6761	2	-1	0.1247	87.0324
0.0186334	11.5	40.6573	3	-1	0.1247	87.0324
0.0186687	11.5	40.6755	4	-1	0.12471	87.0394
0.0186687	11.5	40.6752	1	-1	0.12472	87.0463
0.018704	11.5	40.6604	2	-1	0.12476	87.0014
0.0187044	11.5	40.642	3	-1	0.12475	86.9944
0.0187397	11.5	40.66	4	-1	0.12477	87.0084
0.0187397	11.5	40.6598	1	-1	0.12478	87.0153
0.0187751	11.5	40.6448	2	-1	0.12481	86.9574
0.0187754	11.5	40.6267	3	-1	0.1248	86.9505
0.0188108	11.5	40.6446	4	-1	0.12483	86.9714
0.0188108	11.5	40.6444	1	-1	0.12484	86.9783
0.0188462	11.5	40.6291	2	-1	0.12487	86.9145
0.0188465	11.5	40.6112	3	-1	0.12486	86.9075
0.018882	11.5	40.6286	4	-1	0.12488	86.9214
0.018882	11.5	40.6283	1	-1	0.12489	86.9284
0.0189173	11.5	40.6134	2	-1	0.12492	86.8767
0.0189177	11.5	40.5959	3	-1	0.12491	86.8697
0.0189532	11.5	40.6126	4	-1	0.12493	86.8836
0.0189532	11.5	40.6124	1	-1	0.12494	86.8906
0.0189886	11.5	40.5978	2	-1	0.12497	86.839
0.0189889	11.5	40.5802	3	-1	0.12497	86.839
0.0190244	11.5	40.5971	4	-1	0.12499	86.8529
0.0190244	11.5	40.5969	1	-1	0.125	86.8598
0.0190599	11.5	40.5824	2	-1	0.12503	86.8023
0.0190602	11.5	40.5649	3	-1	0.12503	86.8023
0.0190957	11.5	40.5817	4	-1	0.12504	86.8092
0.0190958	11.5	40.5814	1	-1	0.12505	86.8162
0.0191312	11.5	40.5669	2	-1	0.12508	86.7647
0.0191316	11.5	40.5495	3	-1	0.12508	86.7647
0.0191671	11.5	40.5656	4	-1	0.12509	86.7716
0.0191671	11.5	40.5653	1	-1	0.1251	86.7786
0.0192026	11.5	40.5509	2	-1	0.12514	86.7341
0.019203	11.5	40.5338	3	-1	0.12513	86.7272
0.0192386	11.5	40.5501	4	-1	0.12515	86.7411
0.0192386	11.5	40.5498	1	-1	0.12516	86.748
0.0192741	11.5	40.5354	2	-1	0.1252	86.6976
0.0192745	11.5	40.5185	3	-1	0.12519	86.6907
0.0193101	11.5	40.5349	4	-1	0.12521	86.7045
0.0193101	11.5	40.5346	1	-1	0.12522	86.7114
0.0193457	11.5	40.52	2	-1	0.12525	86.6542
0.019346	11.5	40.5035	3	-1	0.12524	86.6473
0.0193817	11.5	40.5194	4	-1	0.12526	86.6611
0.0193817	11.5	40.5192	1	-1	0.12527	86.6681
0.0194173	11.5	40.5043	2	-1	0.12531	86.6178
0.0194176	11.5	40.4882	3	-1	0.12529	86.604
0.0194533	11.5	40.5037	4	-1	0.12532	86.6247
0.0194533	11.5	40.5034	1	-1	0.12533	86.6316
0.019489	11.5	40.489	2	-1	0.12536	86.5746
0.0194893	11.5	40.4732	3	-1	0.12535	86.5677
0.019525	11.5	40.488	4	-1	0.12537	86.5815
0.019525	11.5	40.4878	1	-1	0.12538	86.5884
0.0195607	11.5	40.4736	2	-1	0.12541	86.5374
0.019561	11.5	40.4579	3	-1	0.12541	86.5374
0.0195968	11.5	40.4719	4	-1	0.12542	86.5443
0.0195968	11.5	40.4717	1	-1	0.12543	86.5512
0.0196325	11.5	40.4578	2	-1	0.12547	86.5072
0.0196328	11.5	40.4423	3	-1	0.12546	86.5003
0.0196686	11.5	40.4565	4	-1	0.12548	86.5141
0.0196686	11.5	40.4563	1	-1	0.12549	86.521
0.0197044	11.5	40.4423	2	-1	0.12553	86.471
0.0197047	11.5	40.4274	3	-1	0.12551	86.4573
0.0197405	11.5	40.4414	4	-1	0.12554	86.4779
0.0197405	11.5	40.4412	1	-1	0.12555	86.4848
0.0197763	11.5	40.4266	2	-1	0.12558	86.4221
0.0197766	11.5	40.412	3	-1	0.12557	86.4153
0.0198124	11.5	40.4256	4	-1	0.12559	86.429
0.0198124	11.5	40.4253	1	-1	0.1256	86.4359
0.0198483	11.5	40.4112	2	-1	0.12563	86.3852
0.0198486	11.5	40.3968	3	-1	0.12562	86.3783
0.0198845	11.5	40.41	4	-1	0.12565	86.399
0.0198845	11.5	40.4098	1	-1	0.12566	86.4058
0.0199203	11.5	40.3963	2	-1	0.12569	86.3493
0.0199206	11.5	40.3822	3	-1	0.12568	86.3424
0.0199565	11.5	40.3941	4	-1	0.1257	86.3561
0.0199565	11.5	40.3939	1	-1	0.12571	86.363
0.0199924	11.5	40.3807	2	-1	0.12574	86.3125
0.0199927	11.5	40.3666	3	-1	0.12574	86.3125
0.0200287	11.5	40.3787	4	-1	0.12575	86.3193
0.0200287	11.5	40.3785	1	-1	0.12576	86.3262
0.0200646	11.5	40.3651	2	-1	0.1258	86.2826
0.0200649	11.5	40.3513	3	-1	0.12579	86.2757
0.0201009	11.5	40.3637	4	-1	0.12581	86.2894
0.0201009	11.5	40.3635	1	-1	0.12582	86.2963
0.0201368	11.5	40.3495	2	-1	0.12586	86.2409
0.0201371	11.5	40.3362	3	-1	0.12584	86.2272
0.0201731	11.5	40.3483	4	-1	0.12587	86.2478
0.0201731	11.5	40.3481	1	-1	0.12588	86.2546
0.0202091	11.5	40.3344	2	-1	0.12591	86.1984
0.0202094	11.5	40.3214	3	-1	0.1259	86.1916
0.0202455	11.5	40.3328	4	-1	0.12592	86.2052
0.0202455	11.5	40.3326	1	-1	0.12593	86.2121
0.0202815	11.5	40.3194	2	-1	0.12596	86.1618
0.0202818	11.5	40.3067	3	-1	0.12595	86.155
0.0203179	11.5	40.3169	4	-1	0.12597	86.1687
0.0203179	11.5	40.3166	1	-1	0.12598	86.1755
0.0203539	11.5	40.304	2	-1	0.12602	86.1322
0.0203542	11.5	40.2914	3	-1	0.12601	86.1254
0.0203903	11.5	40.3018	4	-1	0.12603	86.139
0.0203903	11.5	40.3016	1	-1	0.12604	86.1459
0.0204264	11.5	40.288	2	-1	0.12607	86.084
0.0204267	11.5	40.2758	3	-1	0.12606	86.0772
0.0204628	11.5	40.2864	4	-1	0.12609	86.0976
0.0204628	11.5	40.2861	1	-1	0.1261	86.1045
0.020499	11.5	40.2731	2	-1	0.12613	86.0486
0.0204992	11.5	40.2611	3	-1	0.12612	86.0418
0.0205354	11.5	40.271	4	-1	0.12614	86.0554
0.0205354	11.5	40.2707	1	-1	0.12615	86.0622
0.0205716	11.5	40.2582	2	-1	0.12618	86.0123
0.0205718	11.5	40.2464	3	-1	0.12617	86.0055
0.0206081	11.5	40.2551	4	-1	0.12619	86.0191
0.0206081	11.5	40.2549	1	-1	0.1262	86.0259
0.0206443	11.5	40.2425	2	-1	0.12623	85.976
0.0206445	11.5	40.2308	3	-1	0.12623	85.976
0.0206808	11.5	40.2401	4	-1	0.12625	85.9896
0.0206808	11.5	40.2398	1	-1	0.12626	85.9965
0.020717	11.5	40.2268	2	-1	0.12629	85.9349
0.0207172	11.5	40.2153	3	-1	0.12628	85.9281
0.0207535	11.5	40.2245	4	-1	0.1263	85.9418
0.0207535	11.5	40.2243	1	-1	0.12631	85.9486
0.0207898	11.5	40.2115	2	-1	0.12634	85.8988
0.02079	11.5	40.2001	3	-1	0.12634	85.8988
0.0208264	11.5	40.2087	4	-1	0.12636	85.9124
0.0208264	11.5	40.2085	1	-1	0.12637	85.9192
0.0208627	11.5	40.1962	2	-1	0.1264	85.8637
0.0208629	11.5	40.185	3	-1	0.12639	85.8569
0.0208993	11.5	40.1934	4	-1	0.12641	85.8705
0.0208993	11.5	40.1932	1	-1	0.12642	85.8773
0.0209356	11.5	40.1809	2	-1	0.12645	85.8277
0.0209358	11.5	40.1698	3	-1	0.12645	85.8277
0.0209722	11.5	40.1786	4	-1	0.12647	85.8413
0.0209722	11.5	40.1784	1	-1	0.12648	85.8481
0.0210086	11.5	40.1655	2	-1	0.12651	85.7869
0.0210088	11.5	40.1546	3	-1	0.1265	85.7802
0.0210452	11.5	40.1632	4	-1	0.12652	85.7937
0.0210452	11.5	40.163	1	-1	0.12653	85.8005
0.0210816	11.5	40.1505	2	-1	0.12656	85.7511
0.0210819	11.5	40.1397	3	-1	0.12656	85.7511
0.0211183	11.5	40.1477	4	-1	0.12658	85.7646
0.0211183	11.5	40.1474	1	-1	0.12659	85.7714
0.0211548	11.5	40.1354	2	-1	0.12662	85.7162
0.021155	11.5	40.1248	3	-1	0.12661	85.7095
0.0211915	11.5	40.1325	4	-1	0.12663	85.723
0.0211915	11.5	40.1323	1	-1	0.12664	85.7298
0.0212279	11.5	40.1196	2	-1	0.12667	85.6747
0.0212282	11.5	40.1091	3	-1	0.12667	85.6747
0.0212647	11.5	40.1173	4	-1	0.12669	85.6882
0.0212647	11.5	40.1171	1	-1	0.1267	85.695
0.0213012	11.5	40.1048	2	-1	0.12673	85.64
0.0213014	11.5	40.0944	3	-1	0.12672	85.6332
0.021338	11.5	40.1016	4	-1	0.12674	85.6467
0.021338	11.5	40.1014	1	-1	0.12675	85.6535
0.0213745	11.5	40.0894	2	-1	0.12678	85.6043
0.0213747	11.5	40.0791	3	-1	0.12678	85.6043
0.0214113	11.5	40.0867	4	-1	0.1268	85.6178
0.0214113	11.5	40.0865	1	-1	0.12681	85.6246
0.0214479	11.5	40.0739	2	-1	0.12684	85.564
0.0214481	11.5	40.0639	3	-1	0.12683	85.5572
0.0214847	11.5	40.0713	4	-1	0.12685	85.5707
0.0214847	11.5	40.0711	1	-1	0.12686	85.5774
0.0215213	11.5	40.0589	2	-1	0.12689	85.5284
0.0215215	11.5	40.0489	3	-1	0.12689	85.5284
0.0215582	11.5	40.0558	4	-1	0.12691	85.5419
0.0215582	11.5	40.0556	1	-1	0.12692	85.5487
0.0215948	11.5	40.0439	2	-1	0.12695	85.494
0.021595	11.5	40.0341	3	-1	0.12694	85.4872
0.0216317	11.5	40.0408	4	-1	0.12696	85.5007
0.0216317	11.5	40.0406	1	-1	0.12697	85.5074
0.0216684	11.5	40.0283	2	-1	0.127	85.4528
0.0216686	11.5	40.0185	3	-1	0.127	85.4528
0.0217053	11.5	40.0257	4	-1	0.12702	85.4663
0.0217053	11.5	40.0255	1	-1	0.12703	85.473
0.021742	11.5	40.0135	2	-1	0.12706	85.4185
0.0217422	11.5	40.0041	3	-1	0.12705	85.4118
0.021779	11.5	40.0102	4	-1	0.12707	85.4252
0.021779	11.5	40.0099	1	-1	0.12708	85.4319
0.0218157	11.5	39.9983	2	-1	0.12711	85.3832
0.0218159	11.5	39.9889	3	-1	0.12711	85.3832
0.0218527	11.5	39.9952	4	-1	0.12712	85.3899
0.0218527	11.5	39.9949	1	-1	0.12713	85.3967
0.0218894	11.5	39.9828	2	-1	0.12717	85.349
0.0218896	11.5	39.9736	3	-1	0.12716	85.3423
0.0219265	11.5	39.9796	4	-1	0.12718	85.3557
0.0219265	11.5	39.9794	1	-1	0.12719	85.3624
0.0219633	11.5	39.9675	2	-1	0.12723	85.3148
0.0219635	11.5	39.9588	3	-1	0.12721	85.3014
0.0220003	11.5	39.9647	4	-1	0.12724	85.3215
0.0220003	11.5	39.9645	1	-1	0.12725	85.3282
0.0220371	11.5	39.9522	2	-1	0.12728	85.2683
0.0220373	11.5	39.9437	3	-1	0.12727	85.2616
0.0220742	11.5	39.9493	4	-1	0.12729	85.275
0.0220742	11.5	39.9491	1	-1	0.1273	85.2817
0.0221111	11.5	39.9374	2	-1	0.12733	85.2333
0.0221113	11.5	39.9292	3	-1	0.12732	85.2266
0.0221482	11.5	39.9338	4	-1	0.12735	85.2467
0.0221482	11.5	39.9336	1	-1	0.12736	85.2534
0.0221851	11.5	39.9227	2	-1	0.12739	85.1993
0.0221853	11.5	39.9147	3	-1	0.12738	85.1926
0.0222222	11.5	39.919	4	-1	0.1274	85.206
0.0222222	11.5	39.9188	1	-1	0.12741	85.2127
0.0222592	11.5	39.9073	2	-1	0.12744	85.1587
0.0222594	11.5	39.8993	3	-1	0.12744	85.1587
0.0222963	11.5	39.9036	4	-1	0.12746	85.1721
0.0222963	11.5	39.9033	1	-1	0.12747	85.1788
0.0223333	11.5	39.8921	2	-1	0.1275	85.1248
0.0223335	11.5	39.8844	3	-1	0.12749	85.1182
0.0223705	11.5	39.8886	4	-1	0.12751	85.1315
0.0223705	11.5	39.8884	1	-1	0.12752	85.1382
0.0224075	11.5	39.8769	2	-1	0.12756	85.0911
0.0224077	11.5	39.8696	3	-1	0.12754	85.0777
0.0224447	11.5	39.8736	4	-1	0.12757	85.0977
0.0224447	11.5	39.8734	1	-1	0.12758	85.1044
0.0224818	11.5	39.8624	2	-1	0.12761	85.0507
0.0224819	11.5	39.8553	3	-1	0.1276	85.044
0.022519	11.5	39.8582	4	-1	0.12762	85.0573
0.022519	11.5	39.858	1	-1	0.12763	85.064
0.0225561	11.5	39.8469	2	-1	0.12766	85.0103
0.0225563	11.5	39.8398	3	-1	0.12766	85.0103
0.0225934	11.5	39.8431	4	-1	0.12768	85.0236
0.0225934	11.5	39.8428	1	-1	0.12769	85.0303
0.0226305	11.5	39.8322	2	-1	0.12772	84.9767
0.0226307	11.5	39.8254	3	-1	0.12771	84.9701
0.0226678	11.5	39.8277	4	-1	0.12773	84.9834
0.0226678	11.5	39.8274	1	-1	0.12774	84.99
0.022705	11.5	39.8171	2	-1	0.12777	84.9422
0.0227051	11.5	39.8103	3	-1	0.12777	84.9422
0.0227423	11.5	39.8132	4	-1	0.12779	84.9555
0.0227423	11.5	39.813	1	-1	0.1278	84.9621
0.0227795	11.5	39.802	2	-1	0.12783	84.903
0.0227796	11.5	39.7955	3	-1	0.12782	84.8964
0.0228169	11.5	39.7976	4	-1	0.12784	84.9097
0.0228169	11.5	39.7974	1	-1	0.12785	84.9163
0.0228541	11.5	39.7868	2	-1	0.12788	84.8686
0.0228542	11.5	39.7805	3	-1	0.12787	84.862
0.0228915	11.5	39.7828	4	-1	0.1279	84.8819
0.0228915	11.5	39.7826	1	-1	0.12791	84.8885
0.0229287	11.5	39.7719	2	-1	0.12794	84.8296
0.0229289	11.5	39.7658	3	-1	0.12793	84.823
0.0229662	11.5	39.7672	4	-1	0.12795	84.8362
0.0229662	11.5	39.767	1	-1	0.12796	84.8429
0.0230034	11.5	39.7568	2	-1	0.12799	84.7953
0.0230036	11.5	39.7507	3	-1	0.12799	84.7953
0.0230409	11.5	39.7526	4	-1	0.12801	84.8085
0.0230409	11.5	39.7524	1	-1	0.12802	84.8152
0.0230782	11.5	39.7417	2	-1	0.12805	84.7564
0.0230784	11.5	39.7359	3	-1	0.12804	84.7498
0.0231157	11.5	39.7376	4	-1	0.12806	84.763
0.0231157	11.5	39.7374	1	-1	0.12807	84.7697
0.0231531	11.5	39.7272	2	-1	0.1281	84.7222
0.0231532	11.5	39.7215	3	-1	0.12809	84.7156
0.0231906	11.5	39.7225	4	-1	0.12812	84.7354
0.0231906	11.5	39.7223	1	-1	0.12813	84.7421
0.023228	11.5	39.7122	2	-1	0.12816	84.6835
0.0232281	11.5	39.7068	3	-1	0.12815	84.6769
0.0232655	11.5	39.7074	4	-1	0.12817	84.6901
0.0232655	11.5	39.7072	1	-1	0.12818	84.6967
0.0233029	11.5	39.6976	2	-1	0.12821	84.6494
0.0233031	11.5	39.6922	3	-1	0.12821	84.6494
0.0233405	11.5	39.6922	4	-1	0.12822	84.656
0.0233405	11.5	39.692	1	-1	0.12823	84.6626
0.023378	11.5	39.6821	2	-1	0.12827	84.6164
0.0233781	11.5	39.6769	3	-1	0.12826	84.6098
0.0234156	11.5	39.6775	4	-1	0.12828	84.623
0.0234156	11.5	39.6773	1	-1	0.12829	84.6296
0.0234531	11.5	39.6674	2	-1	0.12832	84.5769
0.0234532	11.5	39.6622	3	-1	0.12832	84.5769
0.0234907	11.5	39.6626	4	-1	0.12834	84.59
0.0234907	11.5	39.6624	1	-1	0.12835	84.5966
0.0235282	11.5	39.6523	2	-1	0.12838	84.5384
0.0235284	11.5	39.6474	3	-1	0.12837	84.5318
0.0235659	11.5	39.6472	4	-1	0.12839	84.545
0.0235659	11.5	39.647	1	-1	0.1284	84.5516
0.0236035	11.5	39.6374	2	-1	0.12843	84.5045
0.0236036	11.5	39.6322	3	-1	0.12843	84.5045
0.0236412	11.5	39.6325	4	-1	0.12845	84.5177
0.0236412	11.5	39.6323	1	-1	0.12846	84.5243
0.0236788	11.5	39.6223	2	-1	0.12849	84.4662
0.0236789	11.5	39.6174	3	-1	0.12848	84.4596
0.0237165	11.5	39.617	4	-1	0.1285	84.4728
0.0237165	11.5	39.6168	1	-1	0.12851	84.4794
0.0237541	11.5	39.6072	2	-1	0.12854	84.4325
0.0237542	11.5	39.6023	3	-1	0.12854	84.4325
0.0237919	11.5	39.6026	4	-1	0.12856	84.4456
0.0237919	11.5	39.6024	1	-1	0.12857	84.4522
0.0238295	11.5	39.5924	2	-1	0.1286	84.3943
0.0238296	11.5	39.5877	3	-1	0.12859	84.3877
0.0238673	11.5	39.5872	4	-1	0.12861	84.4008
0.0238673	11.5	39.587	1	-1	0.12862	84.4074
0.023905	11.5	39.5777	2	-1	0.12866	84.3672
0.0239051	11.5	39.5733	3	-1	0.12865	84.3607
0.0239429	11.5	39.5729	4	-1	0.12867	84.3738
0.0239429	11.5	39.5727	1	-1	0.12868	84.3803
0.0239806	11.5	39.5628	2	-1	0.12871	84.3226
0.0239807	11.5	39.5586	3	-1	0.1287	84.316
0.0240184	11.5	39.5579	4	-1	0.12873	84.3357
0.0240184	11.5	39.5577	1	-1	0.12874	84.3422
0.0240562	11.5	39.5479	2	-1	0.12877	84.2846
0.0240563	11.5	39.5439	3	-1	0.12876	84.278
0.0240941	11.5	39.5428	4	-1	0.12878	84.2911
0.0240941	11.5	39.5426	1	-1	0.12879	84.2977
0.0241319	11.5	39.5336	2	-1	0.12882	84.2511
0.024132	11.5	39.5298	3	-1	0.12881	84.2446
0.0241698	11.5	39.5276	4	-1	0.12883	84.2577
0.0241698	11.5	39.5274	1	-1	0.12884	84.2642
0.0242076	11.5	39.5182	2	-1	0.12887	84.2122
0.0242077	11.5	39.5144	3	-1	0.12887	84.2122
0.0242456	11.5	39.5129	4	-1	0.12889	84.2253
0.0242456	11.5	39.5127	1	-1	0.1289	84.2318
0.0242834	11.5	39.5039	2	-1	0.12893	84.1799
0.0242835	11.5	39.5003	3	-1	0.12892	84.1734
0.0243214	11.5	39.498	4	-1	0.12894	84.1865
0.0243214	11.5	39.4978	1	-1	0.12895	84.193
0.0243593	11.5	39.4887	2	-1	0.12898	84.1412
0.0243594	11.5	39.4851	3	-1	0.12898	84.1412
0.0243973	11.5	39.4828	4	-1	0.129	84.1542
0.0243973	11.5	39.4826	1	-1	0.12901	84.1607
0.0244353	11.5	39.474	2	-1	0.12904	84.109
0.0244353	11.5	39.4704	3	-1	0.12904	84.109
0.0244733	11.5	39.4685	4	-1	0.12905	84.1155
0.0244733	11.5	39.4683	1	-1	0.12906	84.122
0.0245113	11.5	39.4591	2	-1	0.1291	84.0768
0.0245113	11.5	39.4558	3	-1	0.12909	84.0703
0.0245493	11.5	39.4537	4	-1	0.12911	84.0834
0.0245493	11.5	39.4535	1	-1	0.12912	84.0899
0.0245873	11.5	39.4439	2	-1	0.12915	84.0328
0.0245874	11.5	39.4407	3	-1	0.12914	84.0263
0.0246254	11.5	39.4389	4	-1	0.12917	84.0458
0.0246254	11.5	39.4387	1	-1	0.12918	84.0523
0.0246635	11.5	39.4301	2	-1	0.12921	84.0008
0.0246635	11.5	39.4271	3	-1	0.1292	83.9943
0.0247016	11.5	39.4239	4	-1	0.12922	84.0073
0.0247016	11.5	39.4237	1	-1	0.12923	84.0138
0.0247397	11.5	39.4152	2	-1	0.12926	83.9623
0.0247397	11.5	39.4123	3	-1	0.12926	83.9623
0.0247778	11.5	39.4086	4	-1	0.12927	83.9688
0.0247778	11.5	39.4084	1	-1	0.12928	83.9753
0.0248159	11.5	39.3997	2	-1	0.12932	83.9304
0.024816	11.5	39.397	3	-1	0.12931	83.9239
0.0248541	11.5	39.394	4	-1	0.12933	83.9369
0.0248541	11.5	39.3938	1	-1	0.12934	83.9434
0.0248923	11.5	39.3852	2	-1	0.12937	83.8921
0.0248923	11.5	39.3824	3	-1	0.12937	83.8921
0.0249305	11.5	39.3795	4	-1	0.12939	83.9051
0.0249305	11.5	39.3793	1	-1	0.1294	83.9115
0.0249687	11.5	39.3705	2	-1	0.12943	83.8549
0.0249687	11.5	39.368	3	-1	0.12942	83.8484
0.0250069	11.5	39.3641	4	-1	0.12944	83.8614
0.0250069	11.5	39.3639	1	-1	0.12945	83.8678
0.0250451	11.5	39.3558	2	-1	0.12948	83.8221
0.0250452	11.5	39.3533	3	-1	0.12948	83.8221
0.0250834	11.5	39.35	4	-1	0.1295	83.835
0.0250834	11.5	39.3498	1	-1	0.12951	83.8415
0.0251217	11.5	39.3413	2	-1	0.12954	83.785
0.0251217	11.5	39.339	3	-1	0.12953	83.7785
0.02516	11.5	39.3351	4	-1	0.12955	83.7915
0.02516	11.5	39.3349	1	-1	0.12956	83.7979
0.0251982	11.5	39.3265	2	-1	0.1296	83.7534
0.0251983	11.5	39.3244	3	-1	0.12959	83.7469
0.0252366	11.5	39.3201	4	-1	0.12961	83.7599
0.0252366	11.5	39.3199	1	-1	0.12962	83.7663
0.0252749	11.5	39.3118	2	-1	0.12965	83.7154
0.025275	11.5	39.3099	3	-1	0.12964	83.7089
0.0253133	11.5	39.3057	4	-1	0.12966	83.7218
0.0253133	11.5	39.3055	1	-1	0.12967	83.7283
0.0253516	11.5	39.2973	2	-1	0.12971	83.6839
0.0253517	11.5	39.2957	3	-1	0.12969	83.671
0.02539	11.5	39.2909	4	-1	0.12972	83.6903
0.02539	11.5	39.2907	1	-1	0.12973	83.6968
0.0254284	11.5	39.2825	2	-1	0.12976	83.6406
0.0254285	11.5	39.2811	3	-1	0.12975	83.6341
0.0254669	11.5	39.2758	4	-1	0.12978	83.6535
0.0254669	11.5	39.2756	1	-1	0.12979	83.6599
0.0255053	11.5	39.2684	2	-1	0.12982	83.6092
0.0255053	11.5	39.2672	3	-1	0.12981	83.6028
0.0255437	11.5	39.2615	4	-1	0.12983	83.6156
0.0255438	11.5	39.2613	1	-1	0.12984	83.6221
0.0255822	11.5	39.2538	2	-1	0.12987	83.5714
0.0255822	11.5	39.2529	3	-1	0.12986	83.565
0.0256207	11.5	39.2466	4	-1	0.12988	83.5779
0.0256207	11.5	39.2464	1	-1	0.12989	83.5843
0.0256592	11.5	39.2389	2	-1	0.12993	83.5402
0.0256592	11.5	39.2382	3	-1	0.12992	83.5337
0.0256977	11.5	39.2317	4	-1	0.12994	83.5466
0.0256977	11.5	39.2315	1	-1	0.12995	83.553
0.0257362	11.5	39.224	2	-1	0.12999	83.5036
0.0257363	11.5	39.2236	3	-1	0.12997	83.4907
0.0257748	11.5	39.2173	4	-1	0.13	83.51
0.0257748	11.5	39.2171	1	-1	0.13001	83.5164
0.0258134	11.5	39.2101	2	-1	0.13004	83.466
0.0258134	11.5	39.2099	3	-1	0.13003	83.4596
0.0258519	11.5	39.2026	4	-1	0.13005	83.4724
0.025852	11.5	39.2024	1	-1	0.13006	83.4788
0.0258905	11.5	39.1955	2	-1	0.13009	83.4285
0.0258905	11.5	39.1955	3	-1	0.13008	83.422
0.0259292	11.5	39.1876	4	-1	0.13011	83.4413
0.0259292	11.5	39.1875	1	-1	0.13012	83.4477
0.0259678	11.5	39.1805	3	-1	0.13014	83.3857
0.0259678	11.5	39.1804	2	-1	0.13015	83.3921
0.0260064	11.5	39.1723	4	-1	0.13016	83.3985
0.0260064	11.5	39.1721	1	-1	0.13017	83.4049
0.0260451	11.5	39.1657	3	-1	0.1302	83.36
0.0260451	11.5	39.1655	2	-1	0.13021	83.3664
0.0260838	11.5	39.1586	4	-1	0.13022	83.3728
0.0260838	11.5	39.1584	1	-1	0.13023	83.3792
0.0261225	11.5	39.1508	3	-1	0.13025	83.3173
0.0261225	11.5	39.1506	2	-1	0.13026	83.3237
0.0261612	11.5	39.1443	4	-1	0.13028	83.3365
0.0261612	11.5	39.1441	1	-1	0.13029	83.3429
0.0261999	11.5	39.136	3	-1	0.1303	83.2747
0.0261999	11.5	39.1358	2	-1	0.13031	83.2811
0.0262387	11.5	39.1291	1	-1	0.13034	83.3003
0.0262387	11.5	39.1291	4	-1	0.13034	83.3003
0.0262774	11.5	39.1216	3	-1	0.13036	83.2439
0.0262774	11.5	39.1215	2	-1	0.13037	83.2503
0.0263162	11.5	39.1139	4	-1	0.13039	83.2631
0.0263162	11.5	39.1137	1	-1	0.1304	83.2695
0.026355	11.5	39.1073	3	-1	0.13042	83.2132
0.026355	11.5	39.1071	2	-1	0.13043	83.2195
0.0263938	11.5	39.0998	4	-1	0.13044	83.2259
0.0263938	11.5	39.0997	1	-1	0.13045	83.2323
0.0264327	11.5	39.0924	3	-1	0.13047	83.1761
0.0264327	11.5	39.0923	2	-1	0.13048	83.1825
0.0264715	11.5	39.0855	4	-1	0.1305	83.1952
0.0264715	11.5	39.0853	1	-1	0.13051	83.2016
0.0265104	11.5	39.0775	3	-1	0.13052	83.1338
0.0265104	11.5	39.0773	2	-1	0.13053	83.1401
0.0265492	11.5	39.0706	4	-1	0.13056	83.1592
0.0265493	11.5	39.0704	1	-1	0.13057	83.1656
0.0265881	11.5	39.063	3	-1	0.13058	83.0979
0.0265881	11.5	39.0628	2	-1	0.13059	83.1042
0.0266271	11.5	39.0552	4	-1	0.13061	83.117
0.0266271	11.5	39.055	1	-1	0.13062	83.1233
0.026666	11.5	39.0484	3	-1	0.13064	83.0673
0.026666	11.5	39.0482	2	-1	0.13065	83.0737
0.0267049	11.5	39.0405	4	-1	0.13066	83.0801
0.0267049	11.5	39.0404	1	-1	0.13067	83.0864
0.0267439	11.5	39.0343	2	-1	0.1307	83.0421
0.0267439	11.5	39.0343	3	-1	0.1307	83.0421
0.0267829	11.5	39.0269	4	-1	0.13072	83.0548
0.0267829	11.5	39.0267	1	-1	0.13073	83.0612
0.0268219	11.5	39.0197	3	-1	0.13075	83.0001
0.0268219	11.5	39.0196	2	-1	0.13076	83.0064
0.0268609	11.5	39.0122	4	-1	0.13077	83.0128
0.0268609	11.5	39.0121	1	-1	0.13078	83.0191
0.0268999	11.5	39.0046	3	-1	0.1308	82.9633
0.0268999	11.5	39.0044	2	-1	0.13081	82.9697
0.0269389	11.5	38.9974	4	-1	0.13083	82.9824
0.0269389	11.5	38.9973	1	-1	0.13084	82.9887
0.026978	11.5	38.9898	3	-1	0.13086	82.9278
0.026978	11.5	38.9896	2	-1	0.13087	82.9341
0.0270171	11.5	38.9826	4	-1	0.13089	82.9468
0.0270171	11.5	38.9824	1	-1	0.1309	82.9531
0.0270562	11.5	38.9752	3	-1	0.13092	82.8922
0.0270562	11.5	38.9751	2	-1	0.13093	82.8986
0.0270953	11.5	38.9682	4	-1	0.13094	82.9049
0.0270953	11.5	38.968	1	-1	0.13095	82.9112
0.0271344	11.5	38.9613	3	-1	0.13097	82.8609
0.0271344	11.5	38.9612	2	-1	0.13098	82.8673
0.0271736	11.5	38.9541	4	-1	0.131	82.8799
0.0271736	11.5	38.9539	1	-1	0.13101	82.8862
0.0272127	11.5	38.9471	3	-1	0.13103	82.8255
0.0272127	11.5	38.9469	2	-1	0.13104	82.8319
0.0272519	11.5	38.9397	4	-1	0.13105	82.8382
0.0272519	11.5	38.9395	1	-1	0.13106	82.8445
0.0272911	11.5	38.9322	3	-1	0.13108	82.7891
0.0272911	11.5	38.9321	2	-1	0.13109	82.7954
0.0273303	11.5	38.9252	4	-1	0.13111	82.8081
0.0273303	11.5	38.925	1	-1	0.13112	82.8144
0.0273695	11.5	38.9173	3	-1	0.13113	82.7475
0.0273695	11.5	38.9171	2	-1	0.13114	82.7538
0.0274088	11.5	38.9103	4	-1	0.13117	82.7728
0.0274088	11.5	38.9101	1	-1	0.13118	82.7791
0.027448	11.5	38.9029	3	-1	0.13119	82.7123
0.027448	11.5	38.9028	2	-1	0.1312	82.7186
0.0274873	11.5	38.895	4	-1	0.13122	82.7312
0.0274873	11.5	38.8949	1	-1	0.13123	82.7375
0.0275266	11.5	38.8885	3	-1	0.13125	82.6824
0.0275266	11.5	38.8883	2	-1	0.13126	82.6887
0.0275659	11.5	38.8801	4	-1	0.13127	82.695
0.0275659	11.5	38.8799	1	-1	0.13128	82.7013
0.0276052	11.5	38.874	3	-1	0.13131	82.6577
0.0276052	11.5	38.8738	2	-1	0.13132	82.664
0.0276446	11.5	38.8671	4	-1	0.13133	82.6703
0.0276446	11.5	38.8669	1	-1	0.13134	82.6766
0.0276839	11.5	38.8594	3	-1	0.13136	82.6164
0.0276839	11.5	38.8592	2	-1	0.13137	82.6226
0.0277233	11.5	38.8534	4	-1	0.13139	82.6352
0.0277233	11.5	38.8532	1	-1	0.1314	82.6415
0.0277627	11.5	38.845	3	-1	0.13141	82.5751
0.0277627	11.5	38.8448	2	-1	0.13142	82.5814
0.0278021	11.5	38.8387	1	-1	0.13145	82.6002
0.0278021	11.5	38.8387	4	-1	0.13145	82.6002
0.0278415	11.5	38.8313	3	-1	0.13147	82.5454
0.0278415	11.5	38.8311	2	-1	0.13148	82.5516
0.027881	11.5	38.8238	4	-1	0.1315	82.5642
0.027881	11.5	38.8236	1	-1	0.13151	82.5705
0.0279204	11.5	38.817	3	-1	0.13153	82.5105
0.0279204	11.5	38.8168	2	-1	0.13154	82.5168
0.0279599	11.5	38.8091	4	-1	0.13155	82.5231
0.0279599	11.5	38.8089	1	-1	0.13156	82.5293
0.0279994	11.5	38.8019	3	-1	0.13158	82.4746
0.0279994	11.5	38.8017	2	-1	0.13159	82.4809
0.0280389	11.5	38.7947	4	-1	0.13161	82.4934
0.0280389	11.5	38.7945	1	-1	0.13162	82.4997
0.0280784	11.5	38.7871	3	-1	0.13164	82.4399
0.0280784	11.5	38.7869	2	-1	0.13165	82.4461
0.028118	11.5	38.7803	4	-1	0.13167	82.4587
0.028118	11.5	38.7802	1	-1	0.13168	82.4649
0.0281575	11.5	38.7725	3	-1	0.13169	82.3989
0.0281575	11.5	38.7723	2	-1	0.1317	82.4052
0.0281971	11.5	38.7656	4	-1	0.13173	82.424
0.0281971	11.5	38.7654	1	-1	0.13174	82.4302
0.0282367	11.5	38.7584	3	-1	0.13175	82.3643
0.0282367	11.5	38.7582	2	-1	0.13176	82.3706
0.0282763	11.5	38.7505	4	-1	0.13178	82.3831
0.0282763	11.5	38.7504	1	-1	0.13179	82.3893
0.0283159	11.5	38.7442	3	-1	0.13181	82.3349
0.028316	11.5	38.744	2	-1	0.13182	82.3412
0.0283556	11.5	38.7364	4	-1	0.13183	82.3474
0.0283556	11.5	38.7363	1	-1	0.13184	82.3537
0.0283953	11.5	38.7305	2	-1	0.13187	82.3107
0.0283953	11.5	38.7305	3	-1	0.13187	82.3107
0.0284349	11.5	38.723	4	-1	0.13188	82.317
0.0284349	11.5	38.7228	1	-1	0.13189	82.3232
0.0284746	11.5	38.7161	3	-1	0.13192	82.2752
0.0284746	11.5	38.7159	2	-1	0.13193	82.2814
0.0285143	11.5	38.7093	4	-1	0.13194	82.2876
0.0285143	11.5	38.7091	1	-1	0.13195	82.2939
0.028554	11.5	38.701	3	-1	0.13196	82.2283
0.028554	11.5	38.7008	2	-1	0.13197	82.2345
0.0285938	11.5	38.6948	4	-1	0.132	82.2532
0.0285938	11.5	38.6946	1	-1	0.13201	82.2595
0.0286335	11.5	38.6869	3	-1	0.13202	82.194
0.0286335	11.5	38.6868	2	-1	0.13203	82.2002
0.0286733	11.5	38.6796	4	-1	0.13205	82.2127
0.0286733	11.5	38.6795	1	-1	0.13206	82.2189
0.0287131	11.5	38.6731	3	-1	0.13208	82.1649
0.0287131	11.5	38.6729	2	-1	0.13209	82.1711
0.0287529	11.5	38.6648	4	-1	0.1321	82.1773
0.0287529	11.5	38.6646	1	-1	0.13211	82.1835
0.0287927	11.5	38.6585	3	-1	0.13214	82.1358
0.0287927	11.5	38.6583	2	-1	0.13215	82.142
0.0288326	11.5	38.6509	4	-1	0.13216	82.1482
0.0288326	11.5	38.6508	1	-1	0.13217	82.1544
0.0288724	11.5	38.6434	3	-1	0.13219	82.0954
0.0288724	11.5	38.6432	2	-1	0.1322	82.1016
0.0289123	11.5	38.6374	4	-1	0.13223	82.1202
0.0289123	11.5	38.6372	1	-1	0.13224	82.1264
0.0289522	11.5	38.629	3	-1	0.13224	82.05
0.0289522	11.5	38.6289	2	-1	0.13225	82.0562
0.0289921	11.5	38.6224	4	-1	0.13228	82.0748
0.0289921	11.5	38.6223	1	-1	0.13229	82.081
0.029032	11.5	38.6155	3	-1	0.1323	82.0211
0.029032	11.5	38.6153	2	-1	0.13231	82.0273
0.029072	11.5	38.6072	4	-1	0.13233	82.0397
0.029072	11.5	38.607	1	-1	0.13234	82.0459
0.0291119	11.5	38.6019	2	-1	0.13237	81.9984
0.0291119	11.5	38.6019	3	-1	0.13237	81.9984
0.0291519	11.5	38.5931	4	-1	0.13238	82.0046
0.0291519	11.5	38.5929	1	-1	0.13239	82.0108
0.0291919	11.5	38.5874	2	-1	0.13243	81.9695
0.0291919	11.5	38.5874	3	-1	0.13243	81.9695
0.0292319	11.5	38.5798	4	-1	0.13244	81.9757
0.0292319	11.5	38.5796	1	-1	0.13245	81.9819
0.0292719	11.5	38.5721	3	-1	0.13247	81.9233
0.029272	11.5	38.5719	2	-1	0.13248	81.9295
0.029312	11.5	38.5659	4	-1	0.1325	81.9419
0.029312	11.5	38.5657	1	-1	0.13251	81.9481
0.0293521	11.5	38.5574	3	-1	0.13252	81.8833
0.0293521	11.5	38.5572	2	-1	0.13253	81.8895
0.0293921	11.5	38.5511	4	-1	0.13256	81.9081
0.0293921	11.5	38.551	1	-1	0.13257	81.9142
0.0294322	11.5	38.5439	3	-1	0.13258	81.8496
0.0294322	11.5	38.5437	2	-1	0.13259	81.8558
0.0294723	11.5	38.536	4	-1	0.13261	81.8681
0.0294723	11.5	38.5358	1	-1	0.13262	81.8743
0.0295125	11.5	38.5305	2	-1	0.13265	81.8272
0.0295125	11.5	38.5305	3	-1	0.13265	81.8272
0.0295526	11.5	38.5218	4	-1	0.13266	81.8333
0.0295526	11.5	38.5217	1	-1	0.13267	81.8395
0.0295928	11.5	38.516	3	-1	0.1327	81.7924
0.0295928	11.5	38.5158	2	-1	0.13271	81.7986
0.0296329	11.5	38.5083	4	-1	0.13272	81.8047
0.029633	11.5	38.5081	1	-1	0.13273	81.8109
0.0296731	11.5	38.5008	3	-1	0.13275	81.7527
0.0296731	11.5	38.5007	2	-1	0.13276	81.7588
0.0297134	11.5	38.4947	4	-1	0.13278	81.7712
0.0297134	11.5	38.4945	1	-1	0.13279	81.7773
0.0297536	11.5	38.4863	3	-1	0.1328	81.713
0.0297536	11.5	38.4862	2	-1	0.13281	81.7192
0.0297938	11.5	38.4802	4	-1	0.13284	81.7376
0.0297938	11.5	38.4801	1	-1	0.13285	81.7438
0.0298341	11.5	38.473	3	-1	0.13286	81.6796
0.0298341	11.5	38.4728	2	-1	0.13287	81.6857
0.0298744	11.5	38.4652	4	-1	0.13289	81.698
0.0298744	11.5	38.4651	1	-1	0.1329	81.7042
0.0299147	11.5	38.4595	3	-1	0.13292	81.6512
0.0299147	11.5	38.4594	2	-1	0.13293	81.6573
0.029955	11.5	38.4508	4	-1	0.13294	81.6635
0.029955	11.5	38.4507	1	-1	0.13295	81.6696
0.0299953	11.5	38.4452	3	-1	0.13298	81.6229
0.0299953	11.5	38.445	2	-1	0.13299	81.629
0.0300357	11.5	38.4368	4	-1	0.13299	81.629
0.0300357	11.5	38.4366	1	-1	0.133	81.6352
0.030076	11.5	38.4287	3	-1	0.13303	81.5835
0.030076	11.5	38.4285	2	-1	0.13304	81.5896
0.0301164	11.5	38.4234	4	-1	0.13307	81.608
0.0301164	11.5	38.4232	1	-1	0.13308	81.6141
0.0301568	11.5	38.4139	3	-1	0.13308	81.5341
0.0301568	11.5	38.4137	2	-1	0.13309	81.5403
0.0301972	11.5	38.4086	1	-1	0.13313	81.5648
0.0301972	11.5	38.4086	4	-1	0.13313	81.5648
0.0302377	11.5	38.401	3	-1	0.13314	81.506
0.0302377	11.5	38.4009	2	-1	0.13315	81.5121
0.0302781	11.5	38.393	4	-1	0.13317	81.5243
0.0302781	11.5	38.3928	1	-1	0.13318	81.5305
0.0303186	11.5	38.3879	3	-1	0.13321	81.484
0.0303186	11.5	38.3878	2	-1	0.13322	81.4901
0.0303591	11.5	38.3787	4	-1	0.13322	81.4901
0.0303591	11.5	38.3786	1	-1	0.13323	81.4962
0.0303996	11.5	38.3733	2	-1	0.13327	81.4559
0.0303996	11.5	38.3733	3	-1	0.13327	81.4559
0.0304401	11.5	38.3662	4	-1	0.13328	81.462
0.0304401	11.5	38.366	1	-1	0.13329	81.4681
0.0304806	11.5	38.3579	3	-1	0.13331	81.4107
0.0304806	11.5	38.3577	2	-1	0.13332	81.4168
0.0305212	11.5	38.3531	1	-1	0.13335	81.4351
0.0305212	11.5	38.3531	4	-1	0.13335	81.4351
0.0305617	11.5	38.3436	3	-1	0.13335	81.3656
0.0305617	11.5	38.3434	2	-1	0.13336	81.3717
0.0306023	11.5	38.3384	1	-1	0.13341	81.4022
0.0306023	11.5	38.3384	4	-1	0.13341	81.4022
0.0306429	11.5	38.3313	3	-1	0.13342	81.3388
0.0306429	11.5	38.3311	2	-1	0.13343	81.3449
0.0306835	11.5	38.323	4	-1	0.13345	81.3571
0.0306835	11.5	38.3229	1	-1	0.13346	81.3632
0.0307242	11.5	38.3184	2	-1	0.13349	81.317
0.0307242	11.5	38.3184	3	-1	0.13349	81.317
0.0307648	11.5	38.3088	4	-1	0.13349	81.317
0.0307648	11.5	38.3086	1	-1	0.1335	81.3231
0.0308055	11.5	38.3033	2	-1	0.13355	81.2892
0.0308055	11.5	38.3033	3	-1	0.13355	81.2892
0.0308462	11.5	38.2952	4	-1	0.13355	81.2892
0.0308462	11.5	38.295	1	-1	0.13356	81.2953
0.0308869	11.5	38.2869	3	-1	0.13359	81.2443
0.0308869	11.5	38.2867	2	-1	0.1336	81.2504
0.0309276	11.5	38.2822	1	-1	0.13363	81.2686
0.0309276	11.5	38.2822	4	-1	0.13363	81.2686
0.0309683	11.5	38.272	3	-1	0.13363	81.1946
0.0309683	11.5	38.2718	2	-1	0.13364	81.2006
0.0310091	11.5	38.2676	1	-1	0.13369	81.231
0.0310091	11.5	38.2676	4	-1	0.13369	81.231
0.0310499	11.5	38.2594	3	-1	0.13369	81.162
0.0310499	11.5	38.2592	2	-1	0.1337	81.168
0.0310906	11.5	38.2515	4	-1	0.13373	81.1863
0.0310907	11.5	38.2514	1	-1	0.13374	81.1923
0.0311315	11.5	38.2473	2	-1	0.13377	81.1465
0.0311315	11.5	38.2473	3	-1	0.13377	81.1465
0.0311723	11.5	38.2369	4	-1	0.13377	81.1465
0.0311723	11.5	38.2367	1	-1	0.13378	81.1526
0.0312131	11.5	38.2331	2	-1	0.13383	81.1238
0.0312131	11.5	38.233	3	-1	0.13384	81.1299
0.031254	11.5	38.2248	4	-1	0.13383	81.1238
0.031254	11.5	38.2247	1	-1	0.13384	81.1299
0.0312948	11.5	38.2172	3	-1	0.13387	81.0793
0.0312949	11.5	38.2171	2	-1	0.13389	81.0914
0.0313357	11.5	38.2129	1	-1	0.13391	81.1035
0.0313357	11.5	38.2129	4	-1	0.13391	81.1035
0.0313766	11.5	38.2008	3	-1	0.1339	81.0189
0.0313766	11.5	38.2006	2	-1	0.13391	81.025
0.0314176	11.5	38.1976	1	-1	0.13396	81.0552
0.0314176	11.5	38.1972	4	-1	0.13399	81.0734
0.0314585	11.5	38.1883	3	-1	0.13396	80.9915
0.0314585	11.5	38.1881	2	-1	0.13397	80.9976
0.0314995	11.5	38.1811	1	-1	0.13404	81.0399
0.0314995	11.5	38.181	4	-1	0.13402	81.0278
0.0315404	11.5	38.1781	2	-1	0.13405	80.9676
0.0315404	11.5	38.1781	3	-1	0.13405	80.9676
0.0315814	11.5	38.1652	4	-1	0.13404	80.9616
0.0315814	11.5	38.165	1	-1	0.13406	80.9737
0.0316224	11.5	38.1634	2	-1	0.13409	80.9429
0.0316225	11.5	38.1628	3	-1	0.13413	80.967
0.0316635	11.5	38.1528	4	-1	0.13409	80.9429
0.0316635	11.5	38.1526	1	-1	0.1341	80.9489
0.0317045	11.5	38.1467	2	-1	0.13418	80.9386
0.0317045	11.5	38.1463	3	-1	0.13417	80.9326
0.0317456	11.5	38.1434	1	-1	0.13419	80.9446
0.0317456	11.5	38.1434	4	-1	0.13419	80.9446
0.0317867	11.5	38.1297	3	-1	0.13418	80.8508
0.0317867	11.5	38.1295	2	-1	0.13422	80.8749
0.0318277	11.5	38.1289	1	-1	0.13422	80.8749
0.0318278	11.5	38.1281	4	-1	0.13428	80.9111
0.0318688	11.5	38.1158	3	-1	0.13422	80.8213
0.0318688	11.5	38.1157	2	-1	0.13423	80.8274
0.03191	11.5	38.1111	1	-1	0.13431	80.8755
0.03191	11.5	38.11	4	-1	0.13433	80.8876
0.0319511	11.5	38.1075	3	-1	0.13432	80.7988
0.0319511	11.5	38.1074	2	-1	0.13433	80.8049
0.0319923	11.5	38.0951	4	-1	0.13432	80.7988
0.0319923	11.5	38.095	1	-1	0.13441	80.853
0.0320335	11.5	38.0956	2	-1	0.13436	80.7355
0.0320335	11.5	38.0948	3	-1	0.13442	80.7715
0.0320747	11.5	38.0801	4	-1	0.13435	80.7295
0.0320747	11.5	38.0799	1	-1	0.13436	80.7355
0.0321159	11.5	38.0773	2	-1	0.13443	80.7581
0.0321159	11.5	38.0758	3	-1	0.13448	80.7882
0.0321571	11.5	38.0705	4	-1	0.13444	80.7641
0.0321571	11.5	38.0703	1	-1	0.13445	80.7702
0.0321984	11.5	38.0593	2	-1	0.13454	80.7418
0.0321984	11.5	38.0586	3	-1	0.13448	80.7058
0.0322396	11.5	38.0606	1	-1	0.1345	80.7178
0.0322396	11.5	38.0599	4	-1	0.13455	80.7478
0.0322809	11.5	38.044	3	-1	0.13449	80.6488
0.0322809	11.5	38.0438	2	-1	0.13455	80.6848
0.0323222	11.5	38.044	1	-1	0.13455	80.6848
0.0323223	11.5	38.0421	4	-1	0.13463	80.7328
0.0323635	11.5	38.0335	3	-1	0.13456	80.628
0.0323635	11.5	38.0334	2	-1	0.13457	80.634
0.0324049	11.5	38.0253	1	-1	0.13466	80.6879
0.0324049	11.5	38.0236	4	-1	0.13465	80.6819
0.0324462	11.5	38.0259	2	-1	0.13466	80.5913
0.0324462	11.5	38.0258	3	-1	0.13467	80.5973
0.0324876	11.5	38.0095	4	-1	0.13463	80.5733
0.0324876	11.5	38.0093	1	-1	0.13476	80.6511
0.032529	11.5	38.0118	2	-1	0.13468	80.5165
0.032529	11.5	38.0102	3	-1	0.13478	80.5763
0.0325704	11.5	37.9952	4	-1	0.13467	80.5106
0.0325704	11.5	37.9951	1	-1	0.13468	80.5165
0.0326118	11.5	37.9914	2	-1	0.13477	80.5703
0.0326119	11.5	37.9892	3	-1	0.13482	80.6002
0.0326532	11.5	37.9892	4	-1	0.13479	80.5823
0.0326532	11.5	37.9891	1	-1	0.1348	80.5883
0.0326947	11.5	37.9742	2	-1	0.1349	80.5517
0.0326947	11.5	37.9735	3	-1	0.13479	80.4861
0.0327361	11.5	37.9784	1	-1	0.13482	80.504
0.0327362	11.5	37.9771	4	-1	0.13491	80.5577
0.0327776	11.5	37.9587	3	-1	0.1348	80.4392
0.0327777	11.5	37.9585	2	-1	0.13486	80.475
0.0328191	11.5	37.9587	1	-1	0.13489	80.4929
0.0328192	11.5	37.9561	4	-1	0.13499	80.5526
0.0328607	11.5	37.9513	3	-1	0.1349	80.4269
0.0328607	11.5	37.9512	2	-1	0.13491	80.4328
0.0329022	11.5	37.9387	1	-1	0.13503	80.5044
0.0329023	11.5	37.937	4	-1	0.13496	80.4626
0.0329438	11.5	37.9442	2	-1	0.13496	80.3572
0.0329438	11.5	37.9431	3	-1	0.13504	80.4049
0.0329854	11.5	37.9229	4	-1	0.13494	80.3453
0.0329854	11.5	37.9227	1	-1	0.13507	80.4227
0.0330269	11.5	37.9266	2	-1	0.135	80.3189
0.033027	11.5	37.9235	3	-1	0.13515	80.4081
0.0330685	11.5	37.912	4	-1	0.135	80.3189
0.0330685	11.5	37.9119	1	-1	0.13501	80.3248
0.0331101	11.5	37.9038	2	-1	0.13513	80.3867
0.0331103	11.5	37.9004	3	-1	0.13515	80.3986
0.0331518	11.5	37.9091	1	-1	0.13514	80.3926
0.0331518	11.5	37.9089	4	-1	0.13515	80.3986
0.0331935	11.5	37.8878	2	-1	0.13528	80.3755
0.0331935	11.5	37.887	3	-1	0.13509	80.2626
0.0332351	11.5	37.8966	1	-1	0.13512	80.2804
0.0332352	11.5	37.8942	4	-1	0.13529	80.3814
0.0332769	11.5	37.8745	3	-1	0.13511	80.2411
0.0332769	11.5	37.8744	2	-1	0.13518	80.2827
0.0333185	11.5	37.873	1	-1	0.13523	80.3124
0.0333187	11.5	37.8692	4	-1	0.13533	80.3718
0.0333603	11.5	37.8705	3	-1	0.13524	80.2278
0.0333603	11.5	37.8704	2	-1	0.13525	80.2337
0.0334021	11.5	37.8519	1	-1	0.1354	80.3227
0.0334021	11.5	37.8499	4	-1	0.13527	80.2456
0.0334438	11.5	37.8631	2	-1	0.13527	80.1268
0.0334438	11.5	37.8611	3	-1	0.13542	80.2156
0.0334856	11.5	37.8373	4	-1	0.13524	80.109
0.0334856	11.5	37.8372	1	-1	0.1354	80.2038
0.0335273	11.5	37.8421	2	-1	0.13533	80.1196
0.0335275	11.5	37.8377	3	-1	0.13551	80.2262
0.0335692	11.5	37.8301	4	-1	0.13533	80.1196
0.0335692	11.5	37.83	1	-1	0.13534	80.1255
0.033611	11.5	37.8169	2	-1	0.1355	80.2107
0.0336112	11.5	37.8129	3	-1	0.13547	80.193
0.0336529	11.5	37.8286	1	-1	0.13544	80.1752
0.0336529	11.5	37.8276	4	-1	0.13552	80.2226
0.0336948	11.5	37.8019	2	-1	0.13566	80.22
0.0337366	11.5	37.8137	1	-1	0.13542	80.0781
0.0337367	11.5	37.8093	4	-1	0.13567	80.2259
0.0337785	11.5	37.7881	2	-1	0.13544	80.0567
0.0338204	11.5	37.7854	1	-1	0.13556	80.1277
0.0338206	11.5	37.7792	4	-1	0.1357	80.2104
0.0338624	11.5	37.7904	2	-1	0.1356	80.0472
0.0339043	11.5	37.7629	1	-1	0.13578	80.1535
0.0339045	11.5	37.7594	4	-1	0.13558	80.0354
0.0339464	11.5	37.7796	3	-1	0.1358	80.0189
0.0340723	11.5	37.7458	1	-1	0.13564	79.8775
0.0341146	11.5	37.7231	3	-1	0.13582	80.0212
0.0341564	11.5	37.7481	1	-1	0.13576	79.9859
0.0341565	11.5	37.7466	4	-1	0.13587	80.0507
0.0341985	11.5	37.7124	2	-1	0.13604	80.0518
0.0342405	11.5	37.733	1	-1	0.13571	79.8576
0.0342827	11.5	37.7033	2	-1	0.13586	79.9318
0.0343247	11.5	37.7023	1	-1	0.13587	79.9376
0.034325	11.5	37.694	4	-1	0.13607	80.0553
0.034367	11.5	37.7076	2	-1	0.13591	79.8437
0.0344091	11.5	37.6752	1	-1	0.13613	79.973
0.0344093	11.5	37.6696	4	-1	0.13592	79.8496
0.034578	11.5	37.6591	1	-1	0.13593	79.589
0.0346205	11.5	37.6364	3	-1	0.13621	79.8745
0.0346625	11.5	37.6666	1	-1	0.13611	79.8159
0.0346625	11.5	37.6657	4	-1	0.13618	79.8569
0.0347048	11.5	37.6247	2	-1	0.1364	79.8642
0.034747	11.5	37.6543	1	-1	0.13601	79.6358
0.0348316	11.5	37.6224	1	-1	0.13615	79.7224
0.0348741	11.5	37.6211	2	-1	0.13619	79.6433
0.0349164	11.5	37.5899	1	-1	0.13644	79.7895
0.0349167	11.5	37.582	4	-1	0.1363	79.7076
0.0350013	11.5	37.5778	1	-1	0.13664	79.7293
0.0350435	11.5	37.6011	2	-1	0.13621	79.3487
0.0350861	11.5	37.574	1	-1	0.13636	79.4361
0.0351284	11.5	37.5637	2	-1	0.13645	79.5766
0.0351288	11.5	37.5536	3	-1	0.13659	79.6582
0.0351711	11.5	37.5853	1	-1	0.13647	79.5883
0.0351711	11.5	37.585	4	-1	0.13649	79.5999
0.0352135	11.5	37.5388	2	-1	0.13674	79.6575
0.035256	11.5	37.5755	1	-1	0.13633	79.4186
0.0353837	11.5	37.5357	2	-1	0.13649	79.4424
0.0354265	11.5	37.4974	4	-1	0.13667	79.5472
0.035469	11.5	37.5384	3	-1	0.13681	79.4437
0.0355115	11.5	37.491	1	-1	0.13701	79.5598
0.035554	11.5	37.5227	2	-1	0.1365	79.1121
0.0355968	11.5	37.487	1	-1	0.13671	79.2338
0.0356393	11.5	37.4814	2	-1	0.13674	79.3478
0.0356398	11.5	37.4694	3	-1	0.13698	79.487
0.0356821	11.5	37.5027	4	-1	0.13679	79.3768
0.0356821	11.5	37.5025	1	-1	0.1368	79.3826
0.0357248	11.5	37.4506	2	-1	0.13709	79.4725
0.0357674	11.5	37.4973	1	-1	0.13663	79.2058
0.0358958	11.5	37.4483	2	-1	0.13676	79.2352
0.035939	11.5	37.4084	4	-1	0.13707	79.4148
0.0359815	11.5	37.4603	3	-1	0.13713	79.2476
0.0361525	11.5	37.3997	2	-1	0.13699	79.089
0.0361957	11.5	37.4179	1	-1	0.13706	79.1294
0.0362814	11.5	37.4236	1	-1	0.13689	78.9993
0.0363671	11.5	37.3909	1	-1	0.13689	79.0404
0.0364104	11.5	37.3552	2	-1	0.13697	79.0455
0.0364539	11.5	37.3109	4	-1	0.13753	79.3687
0.0364965	11.5	37.3857	3	-1	0.13743	79.0645
0.0367117	11.5	37.3297	1	-1	0.13722	78.7218
0.0368838	11.5	37.3239	1	-1	0.13695	78.734
0.0369701	11.5	37.2424	1	-1	0.13749	79.0809
0.0370139	11.5	37.3145	3	-1	0.13763	78.8801
0.0371438	11.5	37.2035	1	-1	0.13851	78.9951
0.0371864	11.5	37.2553	2	-1	0.1372	78.0965
0.0372303	11.5	37.2374	1	-1	0.13752	78.2787
0.0372744	11.5	37.1406	3	-1	0.13798	78.9495
0.0374031	11.5	37.2574	1	-1	0.13711	78.4203
0.0375339	11.5	37.221	2	-1	0.13775	78.6693
0.0377941	11.5	37.0963	2	-1	0.13809	78.429
0.038101	11.5	36.9975	4	-1	0.13838	78.7144
0.0383626	11.5	37.1092	1	-1	0.13842	78.0843
0.0385372	11.5	37.0508	1	-1	0.138	78.2535
0.038625	11.5	36.9593	1	-1	0.13883	78.6305
0.0386264	11.5	36.931	4	-1	0.13889	78.6645
0.0388892	11.5	37.0124	1	-1	0.13858	77.7578
0.0390644	11.5	36.9951	1	-1	0.13798	77.8712
0.0391525	11.5	36.8747	1	-1	0.13888	78.4323
0.0393301	11.5	36.8426	1	-1	0.14028	78.2463
0.0393729	11.5	36.9212	2	-1	0.13812	76.8914
0.0394181	11.5	36.9067	1	-1	0.13835	77.0194
0.0394638	11.5	36.7242	3	-1	0.1394	78.4071
0.0397276	11.5	36.9237	2	-1	0.13878	77.9356
0.0405729	11.5	36.809	4	-1	0.13969	77.0406
0.0408426	11.5	36.5244	4	-1	0.14025	78.0424
0.0410203	11.5	36.6148	1	-1	0.1412	77.4802
0.0412886	11.5	36.6491	1	-1	0.13909	77.1223
0.0415597	11.5	36.4994	1	-1	0.14171	77.4202
0.0418291	11.5	36.6121	1	-1	0.13896	76.6507
0.0419661	11.5	36.6254	2	-1	0.14054	77.1689
0.0421015	11.5	36.3481	1	-1	0.14239	77.4279
0.0421455	11.5	36.5258	2	-1	0.13925	75.4661
0.0422395	11.5	36.28	3	-1	0.1413	76.9985
0.0425094	11.5	36.5276	2	-1	0.14011	76.9624
0.0428276	11.5	36.5717	4	-1	0.14082	76.2591
0.0430072	11.5	36.3656	1	-1	0.13893	76.5961
0.0431036	11.5	36.0507	4	-1	0.14171	77.8798
0.0435557	11.5	36.2907	1	-1	0.13945	76.2064
0.0438326	11.5	36.094	1	-1	0.14341	76.6611
0.0441547	11.5	36.1149	2	-1	0.14338	77.9281
0.0442485	11.5	36.2358	3	-1	0.1419	76.3971
0.0443849	11.5	35.958	1	-1	0.14384	76.637
0.0444298	11.5	36.1193	2	-1	0.14074	74.7623
0.0458692	11.5	35.9746	1	-1	0.14038	75.3799
0.0467589	11.5	35.8047	2	-1	0.14067	73.1437
0.0468611	11.5	35.4277	3	-1	0.14375	75.1752
0.047044	11.5	35.5514	2	-1	0.14573	77.7019
0.0472801	11.5	35.4463	1	-1	0.14589	75.8422
0.0480423	11.5	35.6766	4	-1	0.14416	74.4128
0.0482272	11.5	35.5638	1	-1	0.14204	74.7815
0.0483305	11.5	35.2559	4	-1	0.14477	76.0746
0.0490897	11.5	35.1499	1	-1	0.14719	75.2274
0.0491363	11.5	35.4022	2	-1	0.1428	72.7421
0.0494271	11.5	35.3422	2	-1	0.14675	76.7762
0.0496666	11.5	34.9924	1	-1	0.14768	75.228
0.0506326	11.5	35.1773	1	-1	0.1433	74.0645
0.0507383	11.5	34.8849	4	-1	0.14635	75.4537
0.0513705	11.5	35.1424	3	-1	0.1462	74.1906
0.0515119	11.5	34.8874	1	-1	0.14824	74.3356
0.0530834	11.5	34.9169	1	-1	0.14381	72.8705
0.0534313	11.5	34.7169	2	-1	0.14485	71.1479
0.053732	11.5	34.6461	2	-1	0.14924	75.199
0.0545819	11.5	34.5994	1	-1	0.14965	73.2932
0.0549807	11.5	34.4944	1	-1	0.14632	73.0249
0.0553897	11.5	34.6824	4	-1	0.14813	72.2762
0.055941	11.5	34.4412	2	-1	0.14848	71.9763
0.0563457	11.5	35.2042	2	-1	0.1446	72.3253
0.0566964	11.5	33.783	1	-1	0.15241	72.5935
0.0567986	11.5	34.0764	1	-1	0.14968	71.5693
0.0578233	11.5	35.102	1	-1	0.14326	69.5504
0.0582951	11.5	33.9296	3	-1	0.15131	72.2795
0.0588015	11.5	34.1144	2	-1	0.15233	74.8808
0.0588451	11.5	33.9548	1	-1	0.14679	72.1575
0.0590508	11.5	33.8576	1	-1	0.149	71.7277
0.05942	11.5	34.9455	2	-1	0.1456	71.2817
0.0598344	11.5	33.6575	2	-1	0.15186	70.6358
0.060659	11.5	34.6182	2	-1	0.14481	68.826
0.0609295	11.5	34.7743	1	-1	0.14706	71.6806
0.0624564	11.5	34.6018	2	-1	0.14799	70.7612
0.0635796	11.5	34.266	1	-1	0.15166	69.9829
0.0636179	11.5	34.1931	2	-1	0.14632	67.9673
0.0637241	11.5	34.4686	2	-1	0.14506	67.6365
0.0638946	11.5	34.6862	1	-1	0.14523	68.1415
0.0644295	11.5	33.0202	1	-1	0.15481	70.8999
0.064437	11.5	33.1078	4	-1	0.15471	70.8541
0.0645452	11.5	33.2007	4	-1	0.15397	70.2162
0.0653908	11.5	34.1826	1	-1	0.14551	66.5493
0.065898	11.5	32.7241	3	-1	0.15601	69.2885
0.0667588	11.5	32.8383	2	-1	0.1562	72.4759
0.0672522	11.5	32.8884	1	-1	0.15453	69.1936
0.0672666	11.5	33.0658	4	-1	0.15453	69.1936
0.0673227	11.5	32.6189	3	-1	0.1543	69.5609
0.0675828	11.5	33.2123	1	-1	0.15443	69.0807
0.0676266	11.5	33.0027	2	-1	0.15	67.5524
0.0677344	11.5	33.019	2	-1	0.15004	67.8668
0.0679104	11.5	33.5706	1	-1	0.15269	69.2629
0.0687925	11.5	32.232	1	-1	0.15616	69.3952
0.0691861	11.5	32.1377	2	-1	0.15882	70.6306
