0.00109213	10.45	31.7699	4	-1	0.18512	18328.7
0.00112969	10.45	34.3262	3	-1	0.15912	85.4473
0.00116515	10.45	36.1172	1	-1	0.14641	78.6221
0.001199	10.45	37.4015	3	-1	0.1389	94.1184
0.00123204	10.45	38.3562	4	-1	0.13396	90.7711
0.00126423	10.45	39.0636	3	-1	0.13057	96.5754
0.00129609	10.45	39.6035	4	-1	0.12815	94.7855
0.00132742	10.45	40.009	3	-1	0.12639	97.6362
0.00135865	10.45	40.3225	1	-1	0.12509	96.6319
0.00138952	10.45	40.5586	3	-1	0.12411	98.1495
0.0014204	10.45	40.742	1	-1	0.12338	97.5722
0.00145101	10.45	40.8787	3	-1	0.12283	98.4136
0.0014817	10.45	40.9865	1	-1	0.12241	98.0771
0.00151217	10.45	41.0648	3	-1	0.12209	98.5391
0.00154275	10.45	41.1276	4	-1	0.12185	98.3454
0.00157315	10.45	41.1709	3	-1	0.12167	98.5981
0.00160368	10.45	41.2062	1	-1	0.12154	98.4927
0.00160368	10.45	41.2062	4	-1	0.12154	98.4927
0.00163402	10.45	41.2303	2	-1	0.12144	98.6114
0.00163405	10.45	41.2279	3	-1	0.12145	98.6196
0.00166456	10.45	41.2471	4	-1	0.12137	98.5546
0.00166456	10.45	41.2467	1	-1	0.12138	98.5627
0.00169489	10.45	41.2579	2	-1	0.12133	98.6022
0.00169492	10.45	41.2555	3	-1	0.12133	98.6022
0.00172543	10.45	41.2647	1	-1	0.1213	98.5778
0.00172543	10.45	41.2647	4	-1	0.1213	98.5778
0.00175576	10.45	41.2682	2	-1	0.12128	98.5776
0.00175579	10.45	41.2658	3	-1	0.12128	98.5776
0.00178632	10.45	41.2688	4	-1	0.12127	98.5695
0.00178632	10.45	41.2684	1	-1	0.12128	98.5776
0.00181667	10.45	41.2672	2	-1	0.12128	98.5455
0.0018167	10.45	41.2648	3	-1	0.12128	98.5455
0.00184724	10.45	41.2642	4	-1	0.12128	98.5455
0.00184725	10.45	41.2638	1	-1	0.12129	98.5537
0.00187761	10.45	41.2597	2	-1	0.12129	98.4976
0.00187764	10.45	41.2569	3	-1	0.1213	98.5058
0.00190821	10.45	41.2545	4	-1	0.12131	98.5139
0.00190822	10.45	41.2541	1	-1	0.12132	98.522
0.00193859	10.45	41.2483	2	-1	0.12133	98.4582
0.00193863	10.45	41.2455	3	-1	0.12133	98.4582
0.00196923	10.45	41.2417	4	-1	0.12135	98.4744
0.00196923	10.45	41.2413	1	-1	0.12136	98.4825
0.00199963	10.45	41.2339	2	-1	0.12137	98.4028
0.00199967	10.45	41.2307	3	-1	0.12138	98.4109
0.00203031	10.45	41.226	4	-1	0.1214	98.4271
0.00203031	10.45	41.2256	1	-1	0.12141	98.4352
0.00206074	10.45	41.2178	2	-1	0.12143	98.3637
0.00206078	10.45	41.2146	3	-1	0.12143	98.3637
0.00209145	10.45	41.2096	1	-1	0.12146	98.388
0.00209145	10.45	41.2096	4	-1	0.12146	98.388
0.00212189	10.45	41.2015	2	-1	0.12148	98.3166
0.00212194	10.45	41.1979	3	-1	0.12149	98.3247
0.00215263	10.45	41.193	4	-1	0.12151	98.3409
0.00215264	10.45	41.1927	1	-1	0.12152	98.349
0.00218311	10.45	41.1844	2	-1	0.12154	98.2697
0.00218315	10.45	41.1809	3	-1	0.12154	98.2697
0.00221388	10.45	41.1759	1	-1	0.12157	98.294
0.00221388	10.45	41.1759	4	-1	0.12157	98.294
0.00224438	10.45	41.1676	2	-1	0.12159	98.2228
0.00224443	10.45	41.1637	3	-1	0.1216	98.2309
0.00227518	10.45	41.159	4	-1	0.12162	98.247
0.00227519	10.45	41.1586	1	-1	0.12163	98.2551
0.00230571	10.45	41.1502	2	-1	0.12165	98.1761
0.00230577	10.45	41.1459	3	-1	0.12166	98.1842
0.00233655	10.45	41.1417	4	-1	0.12168	98.2003
0.00233655	10.45	41.1413	1	-1	0.12169	98.2084
0.0023671	10.45	41.1329	2	-1	0.12171	98.1295
0.00236716	10.45	41.1282	3	-1	0.12172	98.1375
0.00239797	10.45	41.1244	4	-1	0.12174	98.1537
0.00239798	10.45	41.124	1	-1	0.12175	98.1617
0.00242855	10.45	41.1157	2	-1	0.12177	98.083
0.00242861	10.45	41.1106	3	-1	0.12178	98.091
0.00245946	10.45	41.1072	1	-1	0.1218	98.1071
0.00245946	10.45	41.1072	4	-1	0.1218	98.1071
0.00249006	10.45	41.0981	2	-1	0.12183	98.0365
0.00249012	10.45	41.093	3	-1	0.12183	98.0365
0.002521	10.45	41.089	1	-1	0.12186	98.0607
0.002521	10.45	41.089	4	-1	0.12186	98.0607
0.00255163	10.45	41.0802	2	-1	0.12189	97.9902
0.0025517	10.45	41.0751	3	-1	0.12189	97.9902
0.0025826	10.45	41.0713	1	-1	0.12192	98.0143
0.0025826	10.45	41.0713	4	-1	0.12192	98.0143
0.00261326	10.45	41.0626	2	-1	0.12195	97.9439
0.00261333	10.45	41.0575	3	-1	0.12195	97.9439
0.00264426	10.45	41.0538	4	-1	0.12197	97.96
0.00264427	10.45	41.0534	1	-1	0.12198	97.968
0.00267495	10.45	41.0448	2	-1	0.122	97.8898
0.00267502	10.45	41.0394	3	-1	0.12201	97.8978
0.00270598	10.45	41.0362	4	-1	0.12203	97.9138
0.00270599	10.45	41.0358	1	-1	0.12204	97.9218
0.0027367	10.45	41.0274	2	-1	0.12206	97.8437
0.00273677	10.45	41.0216	3	-1	0.12207	97.8517
0.00276776	10.45	41.0188	4	-1	0.12209	97.8677
0.00276777	10.45	41.0185	1	-1	0.1221	97.8758
0.0027985	10.45	41.0101	2	-1	0.12212	97.7977
0.00279858	10.45	41.0039	3	-1	0.12213	97.8057
0.0028296	10.45	41.0016	4	-1	0.12215	97.8217
0.00282961	10.45	41.0012	1	-1	0.12216	97.8297
0.00286037	10.45	40.9923	2	-1	0.12218	97.744
0.00286045	10.45	40.9857	3	-1	0.12219	97.752
0.00289151	10.45	40.9834	4	-1	0.12221	97.768
0.00289151	10.45	40.983	1	-1	0.12222	97.776
0.0029223	10.45	40.9743	2	-1	0.12224	97.6982
0.00292239	10.45	40.9674	3	-1	0.12225	97.7062
0.00295347	10.45	40.9656	4	-1	0.12227	97.7222
0.00295348	10.45	40.9653	1	-1	0.12228	97.7302
0.00298429	10.45	40.9568	2	-1	0.1223	97.6525
0.00298438	10.45	40.9495	3	-1	0.12231	97.6605
0.0030155	10.45	40.9482	4	-1	0.12233	97.6765
0.0030155	10.45	40.9479	1	-1	0.12234	97.6844
0.00304633	10.45	40.9395	2	-1	0.12236	97.6069
0.00304643	10.45	40.9318	3	-1	0.12237	97.6149
0.00307758	10.45	40.9311	4	-1	0.12239	97.6308
0.00307758	10.45	40.9307	1	-1	0.1224	97.6388
0.00310844	10.45	40.9224	2	-1	0.12242	97.5614
0.00310855	10.45	40.9143	3	-1	0.12243	97.5693
0.00313972	10.45	40.9137	4	-1	0.12245	97.5853
0.00313973	10.45	40.9133	1	-1	0.12246	97.5932
0.00317061	10.45	40.9045	2	-1	0.12248	97.5082
0.00317072	10.45	40.8957	3	-1	0.12249	97.5161
0.00320193	10.45	40.8958	4	-1	0.12251	97.532
0.00320193	10.45	40.8954	1	-1	0.12252	97.54
0.00323284	10.45	40.8868	2	-1	0.12254	97.4628
0.00323296	10.45	40.8776	3	-1	0.12255	97.4708
0.00326419	10.45	40.8783	4	-1	0.12257	97.4867
0.0032642	10.45	40.8779	1	-1	0.12258	97.4946
0.00329513	10.45	40.8694	2	-1	0.1226	97.4176
0.00329526	10.45	40.8599	3	-1	0.12261	97.4255
0.00332651	10.45	40.8611	4	-1	0.12262	97.4335
0.00332652	10.45	40.8607	1	-1	0.12263	97.4414
0.00335748	10.45	40.8523	2	-1	0.12265	97.3722
0.00335761	10.45	40.842	3	-1	0.12267	97.3881
0.00338889	10.45	40.8441	4	-1	0.12268	97.396
0.0033889	10.45	40.8437	1	-1	0.12269	97.4039
0.00341988	10.45	40.8347	2	-1	0.12271	97.3194
0.00342003	10.45	40.8237	3	-1	0.12273	97.3352
0.00345134	10.45	40.8261	4	-1	0.12274	97.3432
0.00345134	10.45	40.8257	1	-1	0.12275	97.3511
0.00348235	10.45	40.8169	2	-1	0.12277	97.2744
0.0034825	10.45	40.8052	3	-1	0.12279	97.2902
0.00351384	10.45	40.8086	4	-1	0.1228	97.2982
0.00351385	10.45	40.8083	1	-1	0.12281	97.3061
0.00354488	10.45	40.7996	2	-1	0.12283	97.2295
0.00354504	10.45	40.7872	3	-1	0.12285	97.2453
0.00357641	10.45	40.7915	4	-1	0.12286	97.2532
0.00357641	10.45	40.7911	1	-1	0.12287	97.2611
0.00360747	10.45	40.7826	2	-1	0.12289	97.1847
0.00360764	10.45	40.7698	3	-1	0.1229	97.1926
0.00363903	10.45	40.7746	4	-1	0.12292	97.2084
0.00363903	10.45	40.7743	1	-1	0.12293	97.2163
0.00367011	10.45	40.7651	2	-1	0.12295	97.1322
0.00367029	10.45	40.752	3	-1	0.12296	97.1401
0.00370171	10.45	40.7568	4	-1	0.12298	97.1559
0.00370172	10.45	40.7564	1	-1	0.12299	97.1638
0.00373283	10.45	40.7476	2	-1	0.12301	97.0876
0.003733	10.45	40.734	3	-1	0.12302	97.0955
0.00376446	10.45	40.7394	4	-1	0.12304	97.1113
0.00376447	10.45	40.7391	1	-1	0.12305	97.1192
0.0037956	10.45	40.7304	2	-1	0.12307	97.0431
0.00379578	10.45	40.7165	3	-1	0.12308	97.0509
0.00382727	10.45	40.7225	4	-1	0.1231	97.0667
0.00382727	10.45	40.7221	1	-1	0.12311	97.0746
0.00385843	10.45	40.7135	2	-1	0.12313	96.9986
0.00385862	10.45	40.6993	3	-1	0.12314	97.0065
0.00389013	10.45	40.7051	4	-1	0.12316	97.0222
0.00389014	10.45	40.7047	1	-1	0.12317	97.0301
0.00392132	10.45	40.6957	2	-1	0.12319	96.9466
0.00392151	10.45	40.6811	3	-1	0.1232	96.9544
0.00395306	10.45	40.6876	4	-1	0.12322	96.9702
0.00395307	10.45	40.6872	1	-1	0.12323	96.978
0.00398428	10.45	40.6784	2	-1	0.12325	96.9023
0.00398447	10.45	40.6635	3	-1	0.12326	96.9101
0.00401604	10.45	40.6705	4	-1	0.12327	96.918
0.00401605	10.45	40.6701	1	-1	0.12328	96.9259
0.00404728	10.45	40.6615	2	-1	0.1233	96.8578
0.00404749	10.45	40.6458	3	-1	0.12332	96.8735
0.00407909	10.45	40.6537	4	-1	0.12333	96.8814
0.00407909	10.45	40.6533	1	-1	0.12334	96.8892
0.00411035	10.45	40.6441	2	-1	0.12336	96.8061
0.00411057	10.45	40.6278	3	-1	0.12338	96.8218
0.0041422	10.45	40.636	4	-1	0.12339	96.8296
0.0041422	10.45	40.6356	1	-1	0.1234	96.8375
0.00417348	10.45	40.6267	2	-1	0.12342	96.7621
0.00417371	10.45	40.6096	3	-1	0.12344	96.7777
0.00420536	10.45	40.6189	4	-1	0.12345	96.7856
0.00420537	10.45	40.6185	1	-1	0.12346	96.7934
0.00423668	10.45	40.6097	2	-1	0.12348	96.7181
0.00423691	10.45	40.5919	3	-1	0.1235	96.7338
0.00426859	10.45	40.6021	4	-1	0.12351	96.7416
0.00426859	10.45	40.6017	1	-1	0.12352	96.7494
0.00429993	10.45	40.5924	2	-1	0.12354	96.6667
0.00430017	10.45	40.5739	3	-1	0.12356	96.6823
0.00433188	10.45	40.5845	4	-1	0.12357	96.6901
0.00433188	10.45	40.5841	1	-1	0.12358	96.698
0.00436324	10.45	40.575	2	-1	0.1236	96.6229
0.0043635	10.45	40.5558	3	-1	0.12362	96.6385
0.00439523	10.45	40.5674	4	-1	0.12363	96.6463
0.00439523	10.45	40.567	1	-1	0.12364	96.6542
0.00442662	10.45	40.5581	2	-1	0.12366	96.5792
0.00442688	10.45	40.5382	3	-1	0.12368	96.5948
0.00445864	10.45	40.5507	4	-1	0.12369	96.6026
0.00445864	10.45	40.5504	1	-1	0.1237	96.6104
0.00449005	10.45	40.5409	2	-1	0.12372	96.528
0.00449033	10.45	40.5203	3	-1	0.12374	96.5437
0.00452211	10.45	40.5332	4	-1	0.12375	96.5515
0.00452212	10.45	40.5328	1	-1	0.12376	96.5593
0.00455355	10.45	40.5236	2	-1	0.12378	96.4845
0.00455384	10.45	40.5023	3	-1	0.1238	96.5001
0.00458565	10.45	40.5162	4	-1	0.12381	96.5079
0.00458565	10.45	40.5159	1	-1	0.12382	96.5157
0.00461711	10.45	40.5067	2	-1	0.12384	96.4411
0.0046174	10.45	40.4852	3	-1	0.12385	96.4489
0.00464923	10.45	40.4996	4	-1	0.12386	96.4567
0.00464924	10.45	40.4992	1	-1	0.12387	96.4644
0.00468073	10.45	40.4896	2	-1	0.1239	96.3977
0.00468102	10.45	40.4677	3	-1	0.12391	96.4055
0.00471289	10.45	40.4821	4	-1	0.12392	96.4133
0.00471289	10.45	40.4817	1	-1	0.12393	96.4211
0.00474441	10.45	40.4724	2	-1	0.12396	96.3545
0.00474471	10.45	40.4501	3	-1	0.12397	96.3622
0.0047766	10.45	40.4652	4	-1	0.12398	96.37
0.0047766	10.45	40.4648	1	-1	0.12399	96.3778
0.00480814	10.45	40.4556	2	-1	0.12401	96.3035
0.00480846	10.45	40.4327	3	-1	0.12403	96.319
0.00484037	10.45	40.448	4	-1	0.12404	96.3268
0.00484037	10.45	40.4476	1	-1	0.12405	96.3345
0.00487194	10.45	40.438	2	-1	0.12407	96.2529
0.00487227	10.45	40.4144	3	-1	0.12409	96.2684
0.0049042	10.45	40.4308	4	-1	0.1241	96.2762
0.00490421	10.45	40.4305	1	-1	0.12411	96.2839
0.0049358	10.45	40.4211	2	-1	0.12413	96.2099
0.00493614	10.45	40.3968	3	-1	0.12415	96.2254
0.0049681	10.45	40.4142	4	-1	0.12416	96.2331
0.0049681	10.45	40.4139	1	-1	0.12417	96.2409
0.00499972	10.45	40.4039	2	-1	0.12419	96.1595
0.00500007	10.45	40.379	3	-1	0.12421	96.175
0.00503206	10.45	40.3968	4	-1	0.12422	96.1827
0.00503206	10.45	40.3964	1	-1	0.12423	96.1905
0.00506371	10.45	40.3868	2	-1	0.12425	96.1167
0.00506406	10.45	40.3612	3	-1	0.12427	96.1321
0.00509608	10.45	40.38	4	-1	0.12428	96.1399
0.00509608	10.45	40.3797	1	-1	0.12429	96.1476
0.00512775	10.45	40.3702	2	-1	0.12431	96.0739
0.00512811	10.45	40.3439	3	-1	0.12433	96.0893
0.00516015	10.45	40.363	4	-1	0.12434	96.0971
0.00516016	10.45	40.3627	1	-1	0.12435	96.1048
0.00519186	10.45	40.3527	2	-1	0.12437	96.0238
0.00519223	10.45	40.3258	3	-1	0.12439	96.0392
0.0052243	10.45	40.346	4	-1	0.1244	96.0469
0.0052243	10.45	40.3457	1	-1	0.12441	96.0547
0.00525602	10.45	40.336	2	-1	0.12443	95.9812
0.00525641	10.45	40.3083	3	-1	0.12445	95.9966
0.0052885	10.45	40.3296	4	-1	0.12446	96.0043
0.0052885	10.45	40.3292	1	-1	0.12447	96.012
0.00532025	10.45	40.319	2	-1	0.12449	95.9313
0.00532064	10.45	40.2907	3	-1	0.12451	95.9467
0.00535276	10.45	40.3123	4	-1	0.12452	95.9544
0.00535277	10.45	40.312	1	-1	0.12453	95.9621
0.00538454	10.45	40.302	2	-1	0.12455	95.8888
0.00538494	10.45	40.2731	3	-1	0.12457	95.9042
0.00541708	10.45	40.2957	4	-1	0.12457	95.9042
0.00541709	10.45	40.2953	1	-1	0.12458	95.9119
0.00544889	10.45	40.2855	2	-1	0.12461	95.8538
0.0054493	10.45	40.2562	3	-1	0.12462	95.8615
0.00548146	10.45	40.2788	4	-1	0.12463	95.8692
0.00548147	10.45	40.2784	1	-1	0.12464	95.8769
0.00551331	10.45	40.2682	2	-1	0.12467	95.8042
0.00551372	10.45	40.2386	3	-1	0.12468	95.8119
0.00554591	10.45	40.2619	4	-1	0.12469	95.8196
0.00554591	10.45	40.2616	1	-1	0.1247	95.8272
0.00557778	10.45	40.2516	2	-1	0.12473	95.762
0.0055782	10.45	40.2217	3	-1	0.12474	95.7697
0.00561041	10.45	40.2449	4	-1	0.12475	95.7774
0.00561042	10.45	40.2446	1	-1	0.12476	95.785
0.00564232	10.45	40.2342	2	-1	0.12479	95.7125
0.00564274	10.45	40.2041	3	-1	0.1248	95.7202
0.00567498	10.45	40.2281	4	-1	0.12481	95.7279
0.00567498	10.45	40.2277	1	-1	0.12482	95.7355
0.00570692	10.45	40.2176	2	-1	0.12485	95.6705
0.00570734	10.45	40.1871	3	-1	0.12486	95.6782
0.00573961	10.45	40.2114	4	-1	0.12487	95.6858
0.00573961	10.45	40.211	1	-1	0.12488	95.6935
0.00577157	10.45	40.2004	2	-1	0.1249	95.6136
0.00577201	10.45	40.169	3	-1	0.12492	95.6289
0.0058043	10.45	40.1944	4	-1	0.12493	95.6365
0.0058043	10.45	40.1941	1	-1	0.12494	95.6442
0.00583628	10.45	40.1837	2	-1	0.12496	95.5717
0.00583673	10.45	40.1516	3	-1	0.12498	95.587
0.00586905	10.45	40.1781	4	-1	0.12499	95.5946
0.00586905	10.45	40.1777	1	-1	0.125	95.6023
0.00590106	10.45	40.1669	2	-1	0.12502	95.5226
0.00590152	10.45	40.1341	3	-1	0.12504	95.5379
0.00593386	10.45	40.161	4	-1	0.12505	95.5455
0.00593387	10.45	40.1607	1	-1	0.12506	95.5532
0.0059659	10.45	40.1501	2	-1	0.12508	95.4809
0.00596637	10.45	40.1167	3	-1	0.1251	95.4962
0.00599874	10.45	40.1446	4	-1	0.12511	95.5038
0.00599874	10.45	40.1443	1	-1	0.12512	95.5115
0.0060308	10.45	40.1333	2	-1	0.12514	95.432
0.00603128	10.45	40.0993	3	-1	0.12516	95.4473
0.00606368	10.45	40.1276	4	-1	0.12517	95.4549
0.00606368	10.45	40.1272	1	-1	0.12518	95.4625
0.00609576	10.45	40.1165	2	-1	0.1252	95.3905
0.00609625	10.45	40.0819	3	-1	0.12522	95.4057
0.00612867	10.45	40.1112	4	-1	0.12522	95.4057
0.00612868	10.45	40.1108	1	-1	0.12523	95.4133
0.00616079	10.45	40.0996	2	-1	0.12526	95.349
0.00616129	10.45	40.0644	3	-1	0.12528	95.3642
0.00619373	10.45	40.0941	4	-1	0.12528	95.3642
0.00619373	10.45	40.0938	1	-1	0.12529	95.3719
0.00622587	10.45	40.0829	2	-1	0.12532	95.3076
0.00622638	10.45	40.047	3	-1	0.12534	95.3228
0.00625885	10.45	40.0778	4	-1	0.12534	95.3228
0.00625885	10.45	40.0774	1	-1	0.12535	95.3304
0.00629102	10.45	40.0661	2	-1	0.12538	95.2591
0.00629154	10.45	40.0299	3	-1	0.12539	95.2667
0.00632403	10.45	40.0608	4	-1	0.1254	95.2743
0.00632403	10.45	40.0604	1	-1	0.12541	95.2819
0.00635623	10.45	40.0494	2	-1	0.12544	95.2179
0.00635675	10.45	40.0129	3	-1	0.12545	95.2254
0.00638927	10.45	40.0445	4	-1	0.12546	95.233
0.00638927	10.45	40.0441	1	-1	0.12547	95.2406
0.0064215	10.45	40.0327	2	-1	0.1255	95.1695
0.00642203	10.45	39.996	3	-1	0.12551	95.1771
0.00645457	10.45	40.0276	4	-1	0.12552	95.1847
0.00645458	10.45	40.0272	1	-1	0.12553	95.1922
0.00648684	10.45	40.0161	2	-1	0.12556	95.1284
0.00648737	10.45	39.9791	3	-1	0.12557	95.136
0.00651994	10.45	40.0107	4	-1	0.12558	95.1436
0.00651994	10.45	40.0104	1	-1	0.12559	95.1511
0.00655224	10.45	39.9989	2	-1	0.12562	95.0802
0.00655277	10.45	39.9617	3	-1	0.12563	95.0878
0.00658537	10.45	39.9941	4	-1	0.12564	95.0954
0.00658537	10.45	39.9938	1	-1	0.12565	95.1029
0.0066177	10.45	39.9826	2	-1	0.12568	95.0393
0.00661824	10.45	39.945	3	-1	0.12569	95.0469
0.00665086	10.45	39.9775	4	-1	0.1257	95.0544
0.00665086	10.45	39.9772	1	-1	0.12571	95.062
0.00668322	10.45	39.9656	2	-1	0.12574	94.9913
0.00668376	10.45	39.9278	3	-1	0.12575	94.9989
0.00671641	10.45	39.961	4	-1	0.12576	95.0064
0.00671641	10.45	39.9607	1	-1	0.12577	95.014
0.0067488	10.45	39.9494	2	-1	0.1258	94.9506
0.00674935	10.45	39.9113	3	-1	0.12581	94.9581
0.00678202	10.45	39.9445	4	-1	0.12582	94.9657
0.00678203	10.45	39.9442	1	-1	0.12583	94.9732
0.00681445	10.45	39.9326	2	-1	0.12586	94.9027
0.006815	10.45	39.8942	3	-1	0.12587	94.9103
0.0068477	10.45	39.9282	4	-1	0.12588	94.9178
0.0068477	10.45	39.9278	1	-1	0.12589	94.9254
0.00688015	10.45	39.9158	2	-1	0.12591	94.8475
0.00688071	10.45	39.8768	3	-1	0.12593	94.8625
0.00691344	10.45	39.9113	4	-1	0.12594	94.8701
0.00691344	10.45	39.9109	1	-1	0.12595	94.8776
0.00694592	10.45	39.8992	2	-1	0.12597	94.807
0.00694649	10.45	39.8596	3	-1	0.12599	94.822
0.00697924	10.45	39.8952	4	-1	0.126	94.8295
0.00697924	10.45	39.8948	1	-1	0.12601	94.8371
0.00701174	10.45	39.8827	2	-1	0.12603	94.7594
0.00701232	10.45	39.8425	3	-1	0.12605	94.7744
0.0070451	10.45	39.8785	4	-1	0.12606	94.782
0.00704511	10.45	39.8781	1	-1	0.12607	94.7895
0.00707763	10.45	39.8663	2	-1	0.12609	94.7191
0.00707822	10.45	39.8259	3	-1	0.1261	94.7266
0.00711103	10.45	39.8619	4	-1	0.12612	94.7416
0.00711103	10.45	39.8615	1	-1	0.12613	94.7491
0.00714358	10.45	39.8494	2	-1	0.12615	94.6717
0.00714418	10.45	39.8087	3	-1	0.12616	94.6792
0.00717702	10.45	39.8455	4	-1	0.12618	94.6942
0.00717702	10.45	39.8452	1	-1	0.12619	94.7017
0.0072096	10.45	39.8328	2	-1	0.12621	94.6244
0.0072102	10.45	39.7918	3	-1	0.12622	94.6319
0.00724306	10.45	39.8286	4	-1	0.12623	94.6394
0.00724307	10.45	39.8283	1	-1	0.12624	94.6469
0.00727567	10.45	39.8163	2	-1	0.12627	94.5914
0.00727628	10.45	39.7751	3	-1	0.12628	94.5988
0.00730917	10.45	39.8126	4	-1	0.12629	94.6063
0.00730918	10.45	39.8123	1	-1	0.1263	94.6138
0.00734181	10.45	39.7999	2	-1	0.12633	94.5442
0.00734242	10.45	39.7584	3	-1	0.12634	94.5517
0.00737534	10.45	39.796	4	-1	0.12635	94.5592
0.00737535	10.45	39.7957	1	-1	0.12636	94.5667
0.00740801	10.45	39.7837	2	-1	0.12639	94.5043
0.00740863	10.45	39.7419	3	-1	0.1264	94.5117
0.00744157	10.45	39.7796	4	-1	0.12641	94.5192
0.00744158	10.45	39.7793	1	-1	0.12642	94.5267
0.00747428	10.45	39.7669	2	-1	0.12645	94.4573
0.0074749	10.45	39.7249	3	-1	0.12646	94.4648
0.00750787	10.45	39.7634	4	-1	0.12647	94.4722
0.00750787	10.45	39.7631	1	-1	0.12648	94.4797
0.0075406	10.45	39.7504	2	-1	0.12651	94.4104
0.00754123	10.45	39.7081	3	-1	0.12652	94.4179
0.00757423	10.45	39.7467	4	-1	0.12653	94.4254
0.00757423	10.45	39.7464	1	-1	0.12654	94.4328
0.00760699	10.45	39.7341	2	-1	0.12657	94.3707
0.00760762	10.45	39.6916	3	-1	0.12658	94.3782
0.00764065	10.45	39.7303	4	-1	0.12659	94.3856
0.00764065	10.45	39.73	1	-1	0.1266	94.3931
0.00767345	10.45	39.7173	2	-1	0.12663	94.324
0.00767408	10.45	39.6746	3	-1	0.12664	94.3315
0.00770713	10.45	39.7141	4	-1	0.12665	94.3389
0.00770714	10.45	39.7138	1	-1	0.12666	94.3464
0.00773996	10.45	39.7008	2	-1	0.12669	94.2774
0.0077406	10.45	39.6579	3	-1	0.1267	94.2849
0.00777368	10.45	39.6975	4	-1	0.12671	94.2923
0.00777368	10.45	39.6972	1	-1	0.12672	94.2997
0.00780654	10.45	39.6846	2	-1	0.12675	94.2379
0.00780718	10.45	39.6414	3	-1	0.12676	94.2454
0.00784029	10.45	39.6811	4	-1	0.12677	94.2528
0.00784029	10.45	39.6808	1	-1	0.12678	94.2602
0.00787318	10.45	39.6679	2	-1	0.12681	94.1915
0.00787383	10.45	39.6245	3	-1	0.12682	94.1989
0.00790696	10.45	39.665	4	-1	0.12683	94.2063
0.00790696	10.45	39.6647	1	-1	0.12684	94.2138
0.00793988	10.45	39.6515	2	-1	0.12687	94.1451
0.00794053	10.45	39.6078	3	-1	0.12688	94.1526
0.00797369	10.45	39.6485	4	-1	0.12689	94.16
0.0079737	10.45	39.6482	1	-1	0.1269	94.1674
0.00800665	10.45	39.6354	2	-1	0.12693	94.1059
0.0080073	10.45	39.5914	3	-1	0.12694	94.1133
0.00804049	10.45	39.6322	4	-1	0.12695	94.1207
0.00804049	10.45	39.6319	1	-1	0.12696	94.1281
0.00807348	10.45	39.6188	2	-1	0.12699	94.0597
0.00807413	10.45	39.575	3	-1	0.12699	94.0597
0.00810735	10.45	39.6162	4	-1	0.12701	94.0745
0.00810735	10.45	39.6159	1	-1	0.12702	94.0819
0.00814037	10.45	39.6025	2	-1	0.12705	94.0136
0.00814102	10.45	39.5588	3	-1	0.12705	94.0136
0.00817427	10.45	39.5997	4	-1	0.12707	94.0284
0.00817428	10.45	39.5994	1	-1	0.12708	94.0358
0.00820731	10.45	39.5865	2	-1	0.1271	93.9672
0.00820798	10.45	39.5424	3	-1	0.12711	93.9746
0.00824126	10.45	39.5835	4	-1	0.12713	93.9894
0.00824126	10.45	39.5832	1	-1	0.12714	93.9967
0.00827433	10.45	39.57	2	-1	0.12716	93.9213
0.008275	10.45	39.5257	3	-1	0.12717	93.9287
0.0083083	10.45	39.5675	4	-1	0.12718	93.936
0.0083083	10.45	39.5672	1	-1	0.12719	93.9434
0.0083414	10.45	39.5537	2	-1	0.12722	93.8824
0.00834207	10.45	39.5092	3	-1	0.12723	93.8897
0.00837541	10.45	39.5511	4	-1	0.12724	93.8971
0.00837541	10.45	39.5508	1	-1	0.12725	93.9045
0.00840854	10.45	39.5377	2	-1	0.12728	93.8435
0.00840921	10.45	39.493	3	-1	0.12729	93.8509
0.00844257	10.45	39.535	4	-1	0.1273	93.8583
0.00844258	10.45	39.5347	1	-1	0.12731	93.8657
0.00847574	10.45	39.5213	2	-1	0.12734	93.7979
0.00847642	10.45	39.4763	3	-1	0.12735	93.8052
0.0085098	10.45	39.5188	4	-1	0.12736	93.8126
0.00850981	10.45	39.5185	1	-1	0.12737	93.82
0.008543	10.45	39.5048	2	-1	0.1274	93.7523
0.00854369	10.45	39.4593	3	-1	0.12741	93.7597
0.0085771	10.45	39.5027	4	-1	0.12742	93.767
0.0085771	10.45	39.5024	1	-1	0.12743	93.7744
0.00861032	10.45	39.4884	2	-1	0.12746	93.7068
0.00861102	10.45	39.4427	3	-1	0.12747	93.7142
0.00864446	10.45	39.4863	4	-1	0.12748	93.7215
0.00864446	10.45	39.486	1	-1	0.12749	93.7289
0.00867771	10.45	39.4725	2	-1	0.12752	93.6683
0.00867842	10.45	39.4264	3	-1	0.12753	93.6756
0.00871188	10.45	39.4702	4	-1	0.12754	93.683
0.00871188	10.45	39.4699	1	-1	0.12755	93.6903
0.00874517	10.45	39.4561	2	-1	0.12758	93.623
0.00874587	10.45	39.4098	3	-1	0.12759	93.6303
0.00877936	10.45	39.4541	4	-1	0.1276	93.6376
0.00877937	10.45	39.4538	1	-1	0.12761	93.645
0.00881268	10.45	39.4397	2	-1	0.12764	93.5777
0.0088134	10.45	39.3929	3	-1	0.12765	93.585
0.00884691	10.45	39.4381	4	-1	0.12766	93.5924
0.00884691	10.45	39.4378	1	-1	0.12767	93.5997
0.00888026	10.45	39.4234	2	-1	0.1277	93.5326
0.00888097	10.45	39.3767	3	-1	0.1277	93.5326
0.00891452	10.45	39.4218	4	-1	0.12772	93.5472
0.00891453	10.45	39.4214	1	-1	0.12773	93.5545
0.0089479	10.45	39.4076	2	-1	0.12776	93.4943
0.00894862	10.45	39.361	3	-1	0.12776	93.4943
0.00898219	10.45	39.4058	4	-1	0.12778	93.509
0.0089822	10.45	39.4054	1	-1	0.12779	93.5163
0.0090156	10.45	39.3914	2	-1	0.12782	93.4493
0.00901632	10.45	39.3449	3	-1	0.12782	93.4493
0.00904993	10.45	39.3895	4	-1	0.12784	93.464
0.00904993	10.45	39.3892	1	-1	0.12785	93.4713
0.00908337	10.45	39.375	2	-1	0.12788	93.4044
0.00908409	10.45	39.3286	3	-1	0.12788	93.4044
0.00911773	10.45	39.3737	4	-1	0.1279	93.419
0.00911773	10.45	39.3734	1	-1	0.12791	93.4263
0.0091512	10.45	39.359	2	-1	0.12794	93.3596
0.00915192	10.45	39.3127	3	-1	0.12794	93.3596
0.00918559	10.45	39.3576	4	-1	0.12796	93.3742
0.0091856	10.45	39.3573	1	-1	0.12797	93.3815
0.0092191	10.45	39.3428	2	-1	0.128	93.3149
0.00921982	10.45	39.2966	3	-1	0.128	93.3149
0.00925352	10.45	39.3413	4	-1	0.12802	93.3294
0.00925353	10.45	39.341	1	-1	0.12803	93.3367
0.00928706	10.45	39.327	2	-1	0.12806	93.277
0.00928778	10.45	39.2809	3	-1	0.12806	93.277
0.00932151	10.45	39.3254	4	-1	0.12808	93.2916
0.00932151	10.45	39.3251	1	-1	0.12809	93.2989
0.00935508	10.45	39.3109	2	-1	0.12812	93.2324
0.0093558	10.45	39.2649	3	-1	0.12812	93.2324
0.00938956	10.45	39.3096	4	-1	0.12814	93.247
0.00938957	10.45	39.3092	1	-1	0.12815	93.2543
0.00942316	10.45	39.2948	2	-1	0.12818	93.1879
0.00942389	10.45	39.2486	3	-1	0.12818	93.1879
0.00945768	10.45	39.2938	4	-1	0.1282	93.2025
0.00945768	10.45	39.2935	1	-1	0.12821	93.2097
0.0094913	10.45	39.2788	2	-1	0.12823	93.1363
0.00949203	10.45	39.2323	3	-1	0.12824	93.1435
0.00952586	10.45	39.2776	4	-1	0.12825	93.1508
0.00952586	10.45	39.2773	1	-1	0.12826	93.158
0.00955951	10.45	39.2625	2	-1	0.12829	93.0987
0.00956024	10.45	39.2158	3	-1	0.1283	93.106
0.0095941	10.45	39.2614	4	-1	0.12831	93.1132
0.0095941	10.45	39.2611	1	-1	0.12832	93.1205
0.00962778	10.45	39.2467	2	-1	0.12835	93.0612
0.00962852	10.45	39.1998	3	-1	0.12836	93.0684
0.0096624	10.45	39.2456	4	-1	0.12837	93.0757
0.0096624	10.45	39.2452	1	-1	0.12838	93.0829
0.00969612	10.45	39.2307	2	-1	0.12841	93.017
0.00969686	10.45	39.1835	3	-1	0.12842	93.0243
0.00973076	10.45	39.2295	4	-1	0.12843	93.0315
0.00973077	10.45	39.2292	1	-1	0.12844	93.0388
0.00976452	10.45	39.2145	2	-1	0.12848	92.9802
0.00976526	10.45	39.1675	3	-1	0.12848	92.9802
0.00979919	10.45	39.2137	4	-1	0.12849	92.9874
0.00979919	10.45	39.2134	1	-1	0.1285	92.9946
0.00983298	10.45	39.1984	2	-1	0.12854	92.9362
0.00983373	10.45	39.1512	3	-1	0.12854	92.9362
0.00986768	10.45	39.198	4	-1	0.12855	92.9434
0.00986769	10.45	39.1977	1	-1	0.12856	92.9506
0.00990151	10.45	39.1825	2	-1	0.1286	92.8922
0.00990225	10.45	39.1357	3	-1	0.12859	92.885
0.00993624	10.45	39.182	4	-1	0.12861	92.8995
0.00993624	10.45	39.1817	1	-1	0.12862	92.9067
0.0099701	10.45	39.1664	2	-1	0.12865	92.8412
0.00997084	10.45	39.1197	3	-1	0.12865	92.8412
0.0100049	10.45	39.1659	4	-1	0.12867	92.8556
0.0100049	10.45	39.1656	1	-1	0.12868	92.8628
0.0100387	10.45	39.1509	2	-1	0.12871	92.8041
0.0100395	10.45	39.1042	3	-1	0.12871	92.8041
0.0100735	10.45	39.1503	4	-1	0.12873	92.8185
0.0100735	10.45	39.1499	1	-1	0.12874	92.8257
0.0101075	10.45	39.1351	2	-1	0.12877	92.7604
0.0101082	10.45	39.0885	3	-1	0.12877	92.7604
0.0101423	10.45	39.1344	4	-1	0.12879	92.7748
0.0101423	10.45	39.1341	1	-1	0.1288	92.782
0.0101762	10.45	39.1191	2	-1	0.12883	92.7168
0.010177	10.45	39.0726	3	-1	0.12883	92.7168
0.0102111	10.45	39.1184	4	-1	0.12885	92.7312
0.0102111	10.45	39.1181	1	-1	0.12886	92.7384
0.0102451	10.45	39.103	2	-1	0.12889	92.6733
0.0102458	10.45	39.0567	3	-1	0.12889	92.6733
0.01028	10.45	39.1024	4	-1	0.12891	92.6877
0.01028	10.45	39.1021	1	-1	0.12892	92.6949
0.010314	10.45	39.0869	2	-1	0.12895	92.6298
0.0103147	10.45	39.0407	3	-1	0.12895	92.6298
0.0103489	10.45	39.087	4	-1	0.12897	92.6442
0.0103489	10.45	39.0867	1	-1	0.12898	92.6514
0.010383	10.45	39.0714	2	-1	0.12901	92.5865
0.0103837	10.45	39.0252	3	-1	0.12901	92.5865
0.0104179	10.45	39.0713	4	-1	0.12903	92.6008
0.0104179	10.45	39.071	1	-1	0.12904	92.608
0.010452	10.45	39.0556	2	-1	0.12907	92.5432
0.0104527	10.45	39.0095	3	-1	0.12907	92.5432
0.010487	10.45	39.0555	4	-1	0.12909	92.5575
0.010487	10.45	39.0552	1	-1	0.1291	92.5647
0.0105211	10.45	39.0398	2	-1	0.12913	92.5
0.0105218	10.45	38.9938	3	-1	0.12913	92.5
0.0105561	10.45	39.0397	4	-1	0.12915	92.5143
0.0105561	10.45	39.0394	1	-1	0.12916	92.5215
0.0105903	10.45	39.0239	2	-1	0.12919	92.4569
0.010591	10.45	38.978	3	-1	0.12919	92.4569
0.0106253	10.45	39.0238	4	-1	0.12921	92.4712
0.0106253	10.45	39.0235	1	-1	0.12922	92.4784
0.0106595	10.45	39.008	2	-1	0.12925	92.4138
0.0106602	10.45	38.9622	3	-1	0.12925	92.4138
0.0106946	10.45	39.0079	4	-1	0.12927	92.4281
0.0106946	10.45	39.0076	1	-1	0.12928	92.4353
0.0107288	10.45	38.9927	2	-1	0.12931	92.3775
0.0107295	10.45	38.947	3	-1	0.12931	92.3775
0.0107639	10.45	38.9924	4	-1	0.12932	92.3846
0.0107639	10.45	38.9921	1	-1	0.12933	92.3918
0.0107981	10.45	38.977	2	-1	0.12937	92.3412
0.0107989	10.45	38.9314	3	-1	0.12937	92.3412
0.0108333	10.45	38.9768	4	-1	0.12938	92.3483
0.0108333	10.45	38.9765	1	-1	0.12939	92.3555
0.0108675	10.45	38.9612	2	-1	0.12943	92.2984
0.0108683	10.45	38.916	3	-1	0.12942	92.2912
0.0109027	10.45	38.9612	4	-1	0.12945	92.3126
0.0109027	10.45	38.9609	1	-1	0.12946	92.3198
0.010937	10.45	38.9455	2	-1	0.12949	92.2491
0.0109378	10.45	38.9007	3	-1	0.12948	92.2419
0.0109722	10.45	38.9454	4	-1	0.12951	92.2633
0.0109722	10.45	38.9451	1	-1	0.12952	92.2704
0.0110066	10.45	38.9298	2	-1	0.12955	92.2064
0.0110073	10.45	38.8854	3	-1	0.12954	92.1993
0.0110418	10.45	38.9296	4	-1	0.12956	92.2135
0.0110418	10.45	38.9293	1	-1	0.12957	92.2206
0.0110762	10.45	38.914	2	-1	0.12961	92.1704
0.0110769	10.45	38.8699	3	-1	0.1296	92.1633
0.0111114	10.45	38.9138	4	-1	0.12962	92.1775
0.0111114	10.45	38.9135	1	-1	0.12963	92.1846
0.0111459	10.45	38.8982	2	-1	0.12967	92.1279
0.0111466	10.45	38.8545	3	-1	0.12966	92.1208
0.0111811	10.45	38.8982	4	-1	0.12969	92.1421
0.0111811	10.45	38.8978	1	-1	0.1297	92.1492
0.0112156	10.45	38.8825	2	-1	0.12973	92.0789
0.0112163	10.45	38.8393	3	-1	0.12972	92.0718
0.0112509	10.45	38.8825	4	-1	0.12975	92.0931
0.0112509	10.45	38.8822	1	-1	0.12976	92.1002
0.0112854	10.45	38.8669	2	-1	0.12979	92.0366
0.0112861	10.45	38.824	3	-1	0.12978	92.0295
0.0113207	10.45	38.8667	4	-1	0.1298	92.0437
0.0113207	10.45	38.8664	1	-1	0.12981	92.0508
0.0113553	10.45	38.8512	2	-1	0.12985	92.0009
0.011356	10.45	38.8087	3	-1	0.12984	91.9938
0.0113906	10.45	38.8511	4	-1	0.12987	92.015
0.0113906	10.45	38.8508	1	-1	0.12988	92.0221
0.0114252	10.45	38.8356	2	-1	0.12991	91.9522
0.0114259	10.45	38.7935	3	-1	0.1299	91.9451
0.0114606	10.45	38.8354	4	-1	0.12992	91.9592
0.0114606	10.45	38.8351	1	-1	0.12993	91.9663
0.0114952	10.45	38.8199	2	-1	0.12997	91.9165
0.0114959	10.45	38.7782	3	-1	0.12996	91.9095
0.0115306	10.45	38.8199	4	-1	0.12999	91.9307
0.0115306	10.45	38.8196	1	-1	0.13	91.9378
0.0115653	10.45	38.8044	2	-1	0.13003	91.868
0.011566	10.45	38.7631	3	-1	0.13002	91.861
0.0116007	10.45	38.8043	4	-1	0.13004	91.8751
0.0116007	10.45	38.804	1	-1	0.13005	91.8822
0.0116354	10.45	38.7888	2	-1	0.13009	91.8326
0.0116361	10.45	38.7479	3	-1	0.13008	91.8255
0.0116709	10.45	38.7887	4	-1	0.1301	91.8396
0.0116709	10.45	38.7884	1	-1	0.13011	91.8467
0.0117056	10.45	38.7732	2	-1	0.13015	91.7907
0.0117063	10.45	38.7327	3	-1	0.13014	91.7836
0.0117411	10.45	38.7733	4	-1	0.13017	91.8048
0.0117411	10.45	38.773	1	-1	0.13018	91.8118
0.0117758	10.45	38.7578	2	-1	0.13021	91.7424
0.0117765	10.45	38.7176	3	-1	0.1302	91.7354
0.0118114	10.45	38.7578	4	-1	0.13022	91.7495
0.0118114	10.45	38.7575	1	-1	0.13023	91.7565
0.0118462	10.45	38.7423	2	-1	0.13027	91.7071
0.0118468	10.45	38.7025	3	-1	0.13026	91.7001
0.0118817	10.45	38.7423	4	-1	0.13028	91.7142
0.0118817	10.45	38.742	1	-1	0.13029	91.7212
0.0119166	10.45	38.7268	2	-1	0.13033	91.6655
0.0119172	10.45	38.6877	3	-1	0.13031	91.6514
0.0119521	10.45	38.7269	4	-1	0.13034	91.6725
0.0119521	10.45	38.7266	1	-1	0.13035	91.6796
0.011987	10.45	38.7115	2	-1	0.13039	91.6239
0.0119876	10.45	38.673	3	-1	0.13037	91.6099
0.0120226	10.45	38.7114	4	-1	0.1304	91.6309
0.0120226	10.45	38.7111	1	-1	0.13041	91.638
0.0120575	10.45	38.6961	2	-1	0.13045	91.5824
0.0120582	10.45	38.6583	3	-1	0.13043	91.5684
0.0120931	10.45	38.6961	4	-1	0.13046	91.5894
0.0120931	10.45	38.6958	1	-1	0.13047	91.5965
0.0121281	10.45	38.6808	2	-1	0.13051	91.541
0.0121287	10.45	38.6437	3	-1	0.13049	91.527
0.0121637	10.45	38.6807	4	-1	0.13052	91.548
0.0121637	10.45	38.6804	1	-1	0.13053	91.555
0.0121987	10.45	38.6656	2	-1	0.13057	91.4996
0.0121994	10.45	38.6291	3	-1	0.13055	91.4856
0.0122344	10.45	38.6654	4	-1	0.13058	91.5067
0.0122344	10.45	38.6651	1	-1	0.13059	91.5137
0.0122694	10.45	38.6498	2	-1	0.13063	91.452
0.01227	10.45	38.614	3	-1	0.13061	91.438
0.0123051	10.45	38.6497	4	-1	0.13064	91.459
0.0123051	10.45	38.6494	1	-1	0.13065	91.466
0.0123402	10.45	38.6344	2	-1	0.13069	91.4108
0.0123408	10.45	38.5992	3	-1	0.13067	91.3968
0.0123759	10.45	38.6342	4	-1	0.1307	91.4178
0.0123759	10.45	38.6339	1	-1	0.13071	91.4248
0.012411	10.45	38.6191	2	-1	0.13075	91.3697
0.0124116	10.45	38.5846	3	-1	0.13073	91.3557
0.0124468	10.45	38.6188	4	-1	0.13076	91.3767
0.0124468	10.45	38.6185	1	-1	0.13077	91.3836
0.0124819	10.45	38.6038	2	-1	0.1308	91.3217
0.0124825	10.45	38.5696	3	-1	0.13079	91.3147
0.0125177	10.45	38.6035	4	-1	0.13082	91.3356
0.0125177	10.45	38.6032	1	-1	0.13083	91.3426
0.0125529	10.45	38.5887	2	-1	0.13086	91.2807
0.0125535	10.45	38.5549	3	-1	0.13085	91.2737
0.0125887	10.45	38.5883	4	-1	0.13088	91.2946
0.0125887	10.45	38.588	1	-1	0.13089	91.3016
0.0126239	10.45	38.5736	2	-1	0.13092	91.2398
0.0126245	10.45	38.5402	3	-1	0.13091	91.2328
0.0126598	10.45	38.5726	4	-1	0.13094	91.2537
0.0126598	10.45	38.5723	1	-1	0.13095	91.2607
0.012695	10.45	38.5581	2	-1	0.13098	91.199
0.0126956	10.45	38.525	3	-1	0.13097	91.192
0.0127309	10.45	38.5572	4	-1	0.131	91.2129
0.0127309	10.45	38.5569	1	-1	0.13101	91.2199
0.0127662	10.45	38.5427	2	-1	0.13104	91.1583
0.0127667	10.45	38.51	3	-1	0.13103	91.1513
0.0128021	10.45	38.5419	4	-1	0.13106	91.1722
0.0128021	10.45	38.5416	1	-1	0.13107	91.1791
0.0128374	10.45	38.5276	2	-1	0.1311	91.1176
0.0128379	10.45	38.4952	3	-1	0.13109	91.1106
0.0128733	10.45	38.5268	4	-1	0.13112	91.1315
0.0128733	10.45	38.5265	1	-1	0.13113	91.1384
0.0129087	10.45	38.5125	2	-1	0.13116	91.077
0.0129092	10.45	38.4805	3	-1	0.13115	91.0701
0.0129446	10.45	38.5116	4	-1	0.13117	91.084
0.0129446	10.45	38.5113	1	-1	0.13118	91.0909
0.01298	10.45	38.4968	2	-1	0.13122	91.0365
0.0129806	10.45	38.4651	3	-1	0.13121	91.0296
0.013016	10.45	38.4962	4	-1	0.13124	91.0504
0.013016	10.45	38.4959	1	-1	0.13125	91.0573
0.0130514	10.45	38.4816	2	-1	0.13128	90.9897
0.013052	10.45	38.4503	3	-1	0.13127	90.9828
0.0130875	10.45	38.4809	4	-1	0.13129	90.9967
0.0130875	10.45	38.4806	1	-1	0.1313	91.0036
0.0131229	10.45	38.4665	2	-1	0.13134	90.9557
0.0131235	10.45	38.4355	3	-1	0.13133	90.9488
0.013159	10.45	38.4657	4	-1	0.13135	90.9626
0.013159	10.45	38.4655	1	-1	0.13136	90.9695
0.0131944	10.45	38.4513	2	-1	0.13139	90.9085
0.013195	10.45	38.4204	3	-1	0.13139	90.9085
0.0132305	10.45	38.4501	4	-1	0.13141	90.9223
0.0132306	10.45	38.4498	1	-1	0.13142	90.9292
0.0132661	10.45	38.4359	2	-1	0.13146	90.8752
0.0132666	10.45	38.4054	3	-1	0.13145	90.8682
0.0133022	10.45	38.4349	4	-1	0.13147	90.8821
0.0133022	10.45	38.4346	1	-1	0.13148	90.889
0.0133377	10.45	38.4207	2	-1	0.13152	90.835
0.0133383	10.45	38.3905	3	-1	0.13151	90.8281
0.0133739	10.45	38.4199	4	-1	0.13153	90.8419
0.0133739	10.45	38.4196	1	-1	0.13154	90.8488
0.0134095	10.45	38.4051	2	-1	0.13158	90.7887
0.01341	10.45	38.3753	3	-1	0.13157	90.7818
0.0134457	10.45	38.4045	4	-1	0.13159	90.7956
0.0134457	10.45	38.4042	1	-1	0.1316	90.8025
0.0134813	10.45	38.39	2	-1	0.13164	90.7487
0.0134818	10.45	38.3605	3	-1	0.13163	90.7418
0.0135175	10.45	38.3894	4	-1	0.13165	90.7555
0.0135175	10.45	38.3891	1	-1	0.13166	90.7624
0.0135532	10.45	38.375	2	-1	0.1317	90.7087
0.0135537	10.45	38.3459	3	-1	0.13169	90.7018
0.0135894	10.45	38.3741	4	-1	0.13171	90.7156
0.0135894	10.45	38.3738	1	-1	0.13172	90.7225
0.0136251	10.45	38.3598	2	-1	0.13176	90.6689
0.0136256	10.45	38.3307	3	-1	0.13175	90.662
0.0136614	10.45	38.3589	4	-1	0.13177	90.6758
0.0136614	10.45	38.3586	1	-1	0.13178	90.6826
0.0136971	10.45	38.3447	2	-1	0.13182	90.6291
0.0136976	10.45	38.3162	3	-1	0.1318	90.6153
0.0137334	10.45	38.3438	4	-1	0.13183	90.636
0.0137334	10.45	38.3435	1	-1	0.13184	90.6428
0.0137692	10.45	38.3292	2	-1	0.13188	90.5831
0.0137696	10.45	38.3014	3	-1	0.13186	90.5694
0.0138055	10.45	38.3284	4	-1	0.13189	90.59
0.0138055	10.45	38.3282	1	-1	0.1319	90.5969
0.0138413	10.45	38.3143	2	-1	0.13194	90.5435
0.0138418	10.45	38.287	3	-1	0.13192	90.5298
0.0138776	10.45	38.3134	4	-1	0.13195	90.5504
0.0138776	10.45	38.3131	1	-1	0.13196	90.5572
0.0139135	10.45	38.2994	2	-1	0.13199	90.4971
0.013914	10.45	38.2725	3	-1	0.13198	90.4902
0.0139499	10.45	38.2979	4	-1	0.13201	90.5108
0.0139499	10.45	38.2976	1	-1	0.13202	90.5177
0.0139857	10.45	38.2842	2	-1	0.13205	90.4576
0.0139862	10.45	38.2573	3	-1	0.13205	90.4576
0.0140222	10.45	38.2829	4	-1	0.13207	90.4713
0.0140222	10.45	38.2827	1	-1	0.13208	90.4781
0.0140581	10.45	38.2692	2	-1	0.13211	90.4182
0.0140585	10.45	38.2427	3	-1	0.1321	90.4113
0.0140945	10.45	38.2681	4	-1	0.13213	90.4319
0.0140945	10.45	38.2678	1	-1	0.13214	90.4387
0.0141304	10.45	38.2539	2	-1	0.13217	90.3726
0.0141309	10.45	38.2278	3	-1	0.13216	90.3658
0.0141669	10.45	38.2529	4	-1	0.13219	90.3863
0.0141669	10.45	38.2526	1	-1	0.1322	90.3932
0.0142029	10.45	38.2391	2	-1	0.13223	90.3334
0.0142034	10.45	38.2133	3	-1	0.13222	90.3265
0.0142394	10.45	38.2377	4	-1	0.13225	90.347
0.0142394	10.45	38.2374	1	-1	0.13226	90.3539
0.0142754	10.45	38.2242	2	-1	0.13229	90.2942
0.0142759	10.45	38.1981	3	-1	0.13229	90.2942
0.014312	10.45	38.2227	4	-1	0.13231	90.3078
0.014312	10.45	38.2224	1	-1	0.13232	90.3147
0.014348	10.45	38.2092	2	-1	0.13235	90.255
0.0143485	10.45	38.1834	3	-1	0.13234	90.2482
0.0143846	10.45	38.2079	4	-1	0.13237	90.2687
0.0143846	10.45	38.2076	1	-1	0.13238	90.2755
0.0144207	10.45	38.1939	2	-1	0.13241	90.2098
0.0144211	10.45	38.1685	3	-1	0.1324	90.203
0.0144573	10.45	38.1928	4	-1	0.13243	90.2235
0.0144573	10.45	38.1925	1	-1	0.13244	90.2303
0.0144934	10.45	38.1792	2	-1	0.13247	90.1709
0.0144938	10.45	38.1541	3	-1	0.13246	90.164
0.01453	10.45	38.1773	4	-1	0.13248	90.1777
0.01453	10.45	38.177	1	-1	0.13249	90.1845
0.0145662	10.45	38.164	2	-1	0.13253	90.1381
0.0145666	10.45	38.1389	3	-1	0.13253	90.1381
0.0146028	10.45	38.1626	4	-1	0.13255	90.1517
0.0146028	10.45	38.1623	1	-1	0.13256	90.1585
0.014639	10.45	38.1486	2	-1	0.13259	90.087
0.0146395	10.45	38.1239	3	-1	0.13258	90.0802
0.0146757	10.45	38.1475	4	-1	0.13261	90.1006
0.0146757	10.45	38.1472	1	-1	0.13262	90.1074
0.0147119	10.45	38.1339	2	-1	0.13265	90.0482
0.0147124	10.45	38.1095	3	-1	0.13264	90.0414
0.0147487	10.45	38.1325	4	-1	0.13266	90.055
0.0147487	10.45	38.1323	1	-1	0.13267	90.0618
0.0147849	10.45	38.1191	2	-1	0.1327	90.0088
0.0147853	10.45	38.0948	3	-1	0.1327	90.0088
0.0148217	10.45	38.1173	4	-1	0.13272	90.0224
0.0148217	10.45	38.117	1	-1	0.13273	90.0292
0.0148579	10.45	38.1042	2	-1	0.13277	89.977
0.0148584	10.45	38.0802	3	-1	0.13276	89.9702
0.0148947	10.45	38.1026	4	-1	0.13278	89.9837
0.0148947	10.45	38.1024	1	-1	0.13279	89.9905
0.0149311	10.45	38.089	2	-1	0.13283	89.9323
0.0149315	10.45	38.0653	3	-1	0.13282	89.9255
0.0149679	10.45	38.0877	4	-1	0.13284	89.9391
0.0149679	10.45	38.0874	1	-1	0.13285	89.9458
0.0150042	10.45	38.0743	2	-1	0.13289	89.8938
0.0150047	10.45	38.0509	3	-1	0.13288	89.887
0.0150411	10.45	38.0725	4	-1	0.1329	89.9006
0.0150411	10.45	38.0722	1	-1	0.13291	89.9073
0.0150775	10.45	38.0593	2	-1	0.13295	89.8554
0.0150779	10.45	38.0363	3	-1	0.13294	89.8486
0.0151144	10.45	38.0578	4	-1	0.13296	89.8621
0.0151144	10.45	38.0576	1	-1	0.13297	89.8689
0.0151508	10.45	38.0442	2	-1	0.13301	89.8109
0.0151512	10.45	38.0214	3	-1	0.133	89.8042
0.0151877	10.45	38.0431	4	-1	0.13303	89.8244
0.0151877	10.45	38.0428	1	-1	0.13304	89.8312
0.0152242	10.45	38.0297	2	-1	0.13307	89.7666
0.0152246	10.45	38.0073	3	-1	0.13306	89.7598
0.0152611	10.45	38.0278	4	-1	0.13308	89.7733
0.0152611	10.45	38.0275	1	-1	0.13309	89.7801
0.0152976	10.45	38.0148	2	-1	0.13313	89.7344
0.015298	10.45	37.9928	3	-1	0.13312	89.7277
0.0153346	10.45	38.0131	4	-1	0.13314	89.7412
0.0153346	10.45	38.0129	1	-1	0.13315	89.7479
0.0153711	10.45	37.9997	2	-1	0.13319	89.6902
0.0153715	10.45	37.9779	3	-1	0.13318	89.6835
0.0154081	10.45	37.9983	4	-1	0.1332	89.697
0.0154081	10.45	37.9981	1	-1	0.13321	89.7037
0.0154447	10.45	37.9851	2	-1	0.13325	89.6522
0.0154451	10.45	37.9636	3	-1	0.13324	89.6454
0.0154817	10.45	37.9832	4	-1	0.13326	89.6589
0.0154817	10.45	37.983	1	-1	0.13327	89.6656
0.0155183	10.45	37.9703	2	-1	0.13331	89.6141
0.0155187	10.45	37.9492	3	-1	0.1333	89.6074
0.0155554	10.45	37.9687	4	-1	0.13332	89.6209
0.0155554	10.45	37.9684	1	-1	0.13333	89.6276
0.015592	10.45	37.9553	2	-1	0.13337	89.5702
0.0155924	10.45	37.9345	3	-1	0.13336	89.5635
0.0156291	10.45	37.9538	1	-1	0.13339	89.5836
0.0156291	10.45	37.9538	4	-1	0.13339	89.5836
0.0156658	10.45	37.9408	2	-1	0.13343	89.5323
0.0156662	10.45	37.9203	3	-1	0.13341	89.5189
0.0157029	10.45	37.939	4	-1	0.13344	89.539
0.0157029	10.45	37.9387	1	-1	0.13345	89.5457
0.0157396	10.45	37.9255	2	-1	0.13349	89.4885
0.01574	10.45	37.9053	3	-1	0.13348	89.4818
0.0157768	10.45	37.9242	1	-1	0.13351	89.5019
0.0157768	10.45	37.9242	4	-1	0.13351	89.5019
0.0158135	10.45	37.9113	2	-1	0.13355	89.4508
0.0158139	10.45	37.8916	3	-1	0.13353	89.4374
0.0158507	10.45	37.9091	4	-1	0.13356	89.4575
0.0158507	10.45	37.9088	1	-1	0.13357	89.4642
0.0158875	10.45	37.8964	2	-1	0.13361	89.4131
0.0158879	10.45	37.8771	3	-1	0.1336	89.4064
0.0159247	10.45	37.8945	4	-1	0.13362	89.4198
0.0159247	10.45	37.8943	1	-1	0.13363	89.4265
0.0159615	10.45	37.8814	2	-1	0.13367	89.3695
0.0159619	10.45	37.8627	3	-1	0.13365	89.3562
0.0159988	10.45	37.8799	1	-1	0.13369	89.3829
0.0159988	10.45	37.8799	4	-1	0.13369	89.3829
0.0160356	10.45	37.8674	2	-1	0.13373	89.332
0.016036	10.45	37.8492	3	-1	0.13371	89.3186
0.0160729	10.45	37.865	4	-1	0.13374	89.3387
0.0160729	10.45	37.8648	1	-1	0.13375	89.3454
0.0161098	10.45	37.8521	2	-1	0.13378	89.2819
0.0161102	10.45	37.8342	3	-1	0.13377	89.2752
0.0161471	10.45	37.85	4	-1	0.1338	89.2952
0.0161471	10.45	37.8497	1	-1	0.13381	89.3019
0.016184	10.45	37.8375	2	-1	0.13384	89.2445
0.0161844	10.45	37.8196	3	-1	0.13384	89.2445
0.0162214	10.45	37.835	4	-1	0.13386	89.2579
0.0162214	10.45	37.8347	1	-1	0.13387	89.2645
0.0162583	10.45	37.8228	2	-1	0.1339	89.2072
0.0162587	10.45	37.805	3	-1	0.1339	89.2072
0.0162957	10.45	37.8206	4	-1	0.13392	89.2205
0.0162957	10.45	37.8204	1	-1	0.13393	89.2272
0.0163327	10.45	37.8079	2	-1	0.13396	89.164
0.016333	10.45	37.7904	3	-1	0.13395	89.1573
0.0163701	10.45	37.8054	4	-1	0.13398	89.1773
0.0163701	10.45	37.8052	1	-1	0.13399	89.184
0.0164071	10.45	37.7932	2	-1	0.13402	89.1268
0.0164075	10.45	37.7757	3	-1	0.13402	89.1268
0.0164446	10.45	37.791	4	-1	0.13404	89.1401
0.0164446	10.45	37.7907	1	-1	0.13405	89.1468
0.0164816	10.45	37.7783	2	-1	0.13408	89.0838
0.016482	10.45	37.7611	3	-1	0.13407	89.0771
0.0165191	10.45	37.776	4	-1	0.1341	89.0971
0.0165191	10.45	37.7757	1	-1	0.13411	89.1037
0.0165562	10.45	37.7638	2	-1	0.13414	89.0467
0.0165565	10.45	37.7464	3	-1	0.13414	89.0467
0.0165937	10.45	37.7615	4	-1	0.13416	89.06
0.0165937	10.45	37.7612	1	-1	0.13417	89.0666
0.0166308	10.45	37.7489	2	-1	0.1342	89.0038
0.0166312	10.45	37.7315	3	-1	0.1342	89.0038
0.0166684	10.45	37.7469	4	-1	0.13422	89.0171
0.0166684	10.45	37.7467	1	-1	0.13423	89.0237
0.0167055	10.45	37.7346	2	-1	0.13426	88.9669
0.0167059	10.45	37.7175	3	-1	0.13425	88.9603
0.0167431	10.45	37.7321	4	-1	0.13428	88.9802
0.0167431	10.45	37.7319	1	-1	0.13429	88.9868
0.0167803	10.45	37.7197	2	-1	0.13432	88.9242
0.0167806	10.45	37.7026	3	-1	0.13432	88.9242
0.0168179	10.45	37.7175	4	-1	0.13434	88.9374
0.0168179	10.45	37.7172	1	-1	0.13435	88.9441
0.0168551	10.45	37.7054	2	-1	0.13438	88.8874
0.0168555	10.45	37.6884	3	-1	0.13438	88.8874
0.0168928	10.45	37.7028	4	-1	0.1344	88.9006
0.0168928	10.45	37.7026	1	-1	0.13441	88.9073
0.01693	10.45	37.6904	2	-1	0.13444	88.8448
0.0169304	10.45	37.6734	3	-1	0.13444	88.8448
0.0169677	10.45	37.6882	4	-1	0.13446	88.858
0.0169677	10.45	37.688	1	-1	0.13447	88.8647
0.017005	10.45	37.6761	2	-1	0.1345	88.8082
0.0170053	10.45	37.6591	3	-1	0.1345	88.8082
0.0170427	10.45	37.6736	4	-1	0.13452	88.8214
0.0170427	10.45	37.6733	1	-1	0.13453	88.828
0.01708	10.45	37.6611	2	-1	0.13456	88.7657
0.0170803	10.45	37.6442	3	-1	0.13456	88.7657
0.0171177	10.45	37.659	4	-1	0.13458	88.7789
0.0171178	10.45	37.6587	1	-1	0.13459	88.7855
0.0171551	10.45	37.6469	2	-1	0.13462	88.7292
0.0171554	10.45	37.63	3	-1	0.13462	88.7292
0.0171929	10.45	37.6444	4	-1	0.13464	88.7424
0.0171929	10.45	37.6441	1	-1	0.13465	88.749
0.0172303	10.45	37.632	2	-1	0.13468	88.6869
0.0172306	10.45	37.6151	3	-1	0.13468	88.6869
0.0172681	10.45	37.6298	4	-1	0.1347	88.7001
0.0172681	10.45	37.6296	1	-1	0.13471	88.7067
0.0173055	10.45	37.6177	2	-1	0.13474	88.6506
0.0173058	10.45	37.601	3	-1	0.13474	88.6506
0.0173433	10.45	37.6151	4	-1	0.13475	88.6571
0.0173433	10.45	37.6148	1	-1	0.13476	88.6637
0.0173808	10.45	37.6027	2	-1	0.1348	88.6143
0.0173811	10.45	37.586	3	-1	0.1348	88.6143
0.0174187	10.45	37.6008	4	-1	0.13482	88.6274
0.0174187	10.45	37.6005	1	-1	0.13483	88.634
0.0174562	10.45	37.5885	2	-1	0.13486	88.5722
0.0174565	10.45	37.5721	3	-1	0.13485	88.5656
0.0174941	10.45	37.586	4	-1	0.13487	88.5787
0.0174941	10.45	37.5858	1	-1	0.13488	88.5853
0.0175316	10.45	37.5737	2	-1	0.13492	88.536
0.0175319	10.45	37.5573	3	-1	0.13492	88.536
0.0175695	10.45	37.5712	4	-1	0.13494	88.5491
0.0175695	10.45	37.5709	1	-1	0.13495	88.5557
0.0176071	10.45	37.5591	2	-1	0.13498	88.4941
0.0176074	10.45	37.543	3	-1	0.13497	88.4875
0.0176451	10.45	37.557	4	-1	0.135	88.5072
0.0176451	10.45	37.5568	1	-1	0.13501	88.5137
0.0176827	10.45	37.5447	2	-1	0.13504	88.4522
0.017683	10.45	37.5288	3	-1	0.13503	88.4457
0.0177207	10.45	37.5421	4	-1	0.13506	88.4653
0.0177207	10.45	37.5419	1	-1	0.13507	88.4719
0.0177583	10.45	37.5304	2	-1	0.1351	88.4162
0.0177586	10.45	37.5148	3	-1	0.13509	88.4097
0.0177963	10.45	37.5278	4	-1	0.13511	88.4228
0.0177963	10.45	37.5276	1	-1	0.13512	88.4293
0.017834	10.45	37.5159	2	-1	0.13516	88.3803
0.0178343	10.45	37.5006	3	-1	0.13515	88.3738
0.0178721	10.45	37.5133	4	-1	0.13518	88.3934
0.0178721	10.45	37.513	1	-1	0.13519	88.3999
0.0179098	10.45	37.5011	2	-1	0.13522	88.3329
0.0179101	10.45	37.4861	3	-1	0.13521	88.3264
0.0179479	10.45	37.4988	4	-1	0.13524	88.346
0.0179479	10.45	37.4986	1	-1	0.13525	88.3525
0.0179856	10.45	37.4872	2	-1	0.13528	88.2971
0.0179859	10.45	37.4725	3	-1	0.13527	88.2906
0.0180237	10.45	37.4841	4	-1	0.13529	88.3036
0.0180237	10.45	37.4839	1	-1	0.1353	88.3102
0.0180615	10.45	37.4725	2	-1	0.13534	88.2614
0.0180618	10.45	37.4578	3	-1	0.13534	88.2614
0.0180997	10.45	37.4694	4	-1	0.13535	88.2679
0.0180997	10.45	37.4691	1	-1	0.13536	88.2744
0.0181375	10.45	37.4578	2	-1	0.1354	88.2257
0.0181378	10.45	37.4432	3	-1	0.1354	88.2257
0.0181757	10.45	37.4556	4	-1	0.13542	88.2387
0.0181757	10.45	37.4554	1	-1	0.13543	88.2453
0.0182135	10.45	37.4435	2	-1	0.13546	88.1786
0.0182138	10.45	37.4291	3	-1	0.13545	88.1721
0.0182517	10.45	37.441	4	-1	0.13548	88.1916
0.0182517	10.45	37.4407	1	-1	0.13549	88.1982
0.0182896	10.45	37.4289	2	-1	0.13552	88.1374
0.0182899	10.45	37.4148	3	-1	0.13551	88.1309
0.0183279	10.45	37.4265	4	-1	0.13554	88.1504
0.0183279	10.45	37.4262	1	-1	0.13555	88.1569
0.0183658	10.45	37.4151	2	-1	0.13558	88.1019
0.0183661	10.45	37.4013	3	-1	0.13557	88.0954
0.0184041	10.45	37.4119	4	-1	0.13559	88.1084
0.0184041	10.45	37.4117	1	-1	0.1356	88.1149
0.018442	10.45	37.4003	2	-1	0.13563	88.06
0.0184423	10.45	37.3863	3	-1	0.13564	88.0665
0.0184804	10.45	37.3972	4	-1	0.13565	88.073
0.0184804	10.45	37.3969	1	-1	0.13566	88.0795
0.0185183	10.45	37.3859	2	-1	0.1357	88.0311
0.0185186	10.45	37.3719	3	-1	0.1357	88.0311
0.0185567	10.45	37.3836	4	-1	0.13572	88.0441
0.0185567	10.45	37.3833	1	-1	0.13573	88.0506
0.0185947	10.45	37.3716	2	-1	0.13576	87.9844
0.018595	10.45	37.3579	3	-1	0.13575	87.978
0.0186331	10.45	37.3691	4	-1	0.13578	87.9974
0.0186331	10.45	37.3689	1	-1	0.13579	88.0039
0.0186712	10.45	37.3572	2	-1	0.13582	87.9435
0.0186714	10.45	37.3438	3	-1	0.13581	87.9371
0.0187096	10.45	37.3542	4	-1	0.13584	87.9565
0.0187096	10.45	37.354	1	-1	0.13585	87.963
0.0187477	10.45	37.3431	2	-1	0.13588	87.9084
0.018748	10.45	37.3296	3	-1	0.13588	87.9084
0.0187861	10.45	37.3402	4	-1	0.13589	87.9149
0.0187861	10.45	37.3399	1	-1	0.1359	87.9213
0.0188243	10.45	37.3286	2	-1	0.13594	87.8733
0.0188245	10.45	37.3155	3	-1	0.13593	87.8668
0.0188627	10.45	37.3259	4	-1	0.13596	87.8862
0.0188627	10.45	37.3256	1	-1	0.13597	87.8927
0.0189009	10.45	37.3141	2	-1	0.136	87.8269
0.0189012	10.45	37.3012	3	-1	0.13599	87.8205
0.0189394	10.45	37.3111	4	-1	0.13602	87.8398
0.0189394	10.45	37.3109	1	-1	0.13603	87.8463
0.0189776	10.45	37.3	2	-1	0.13606	87.792
0.0189779	10.45	37.2874	3	-1	0.13605	87.7855
0.0190161	10.45	37.297	4	-1	0.13607	87.7984
0.0190161	10.45	37.2968	1	-1	0.13608	87.8049
0.0190544	10.45	37.2857	2	-1	0.13612	87.7571
0.0190546	10.45	37.2734	3	-1	0.13611	87.7506
0.019093	10.45	37.2828	4	-1	0.13614	87.77
0.019093	10.45	37.2825	1	-1	0.13615	87.7764
0.0191312	10.45	37.2713	2	-1	0.13618	87.7109
0.0191315	10.45	37.2592	3	-1	0.13617	87.7045
0.0191698	10.45	37.2681	4	-1	0.1362	87.7238
0.0191698	10.45	37.2679	1	-1	0.13621	87.7303
0.0192082	10.45	37.2573	2	-1	0.13624	87.6762
0.0192084	10.45	37.2455	3	-1	0.13623	87.6697
0.0192468	10.45	37.2541	4	-1	0.13625	87.6826
0.0192468	10.45	37.2539	1	-1	0.13626	87.689
0.0192851	10.45	37.2431	2	-1	0.1363	87.6415
0.0192854	10.45	37.2316	3	-1	0.13629	87.635
0.0193238	10.45	37.2398	4	-1	0.13631	87.6479
0.0193238	10.45	37.2395	1	-1	0.13632	87.6543
0.0193622	10.45	37.2286	2	-1	0.13636	87.6012
0.0193624	10.45	37.2173	3	-1	0.13635	87.5948
0.0194009	10.45	37.2254	4	-1	0.13638	87.614
0.0194009	10.45	37.2251	1	-1	0.13639	87.6205
0.0194393	10.45	37.2141	2	-1	0.13642	87.5554
0.0194395	10.45	37.2031	3	-1	0.13641	87.5489
0.019478	10.45	37.2112	4	-1	0.13644	87.5682
0.019478	10.45	37.2109	1	-1	0.13645	87.5746
0.0195165	10.45	37.2006	2	-1	0.13648	87.5208
0.0195167	10.45	37.1899	3	-1	0.13647	87.5144
0.0195553	10.45	37.1968	4	-1	0.13649	87.5273
0.0195553	10.45	37.1966	1	-1	0.1365	87.5337
0.0195937	10.45	37.1862	2	-1	0.13653	87.48
0.019594	10.45	37.1752	3	-1	0.13654	87.4864
0.0196325	10.45	37.1825	4	-1	0.13655	87.4928
0.0196325	10.45	37.1822	1	-1	0.13656	87.4992
0.0196711	10.45	37.1715	2	-1	0.1366	87.4464
0.0196713	10.45	37.1606	3	-1	0.1366	87.4464
0.0197099	10.45	37.1682	4	-1	0.13662	87.4592
0.0197099	10.45	37.168	1	-1	0.13663	87.4656
0.0197485	10.45	37.1575	2	-1	0.13666	87.4065
0.0197487	10.45	37.1468	3	-1	0.13665	87.4001
0.0197873	10.45	37.1546	4	-1	0.13668	87.4193
0.0197873	10.45	37.1544	1	-1	0.13669	87.4256
0.0198259	10.45	37.1437	2	-1	0.13672	87.3666
0.0198261	10.45	37.1333	3	-1	0.13671	87.3602
0.0198648	10.45	37.1403	4	-1	0.13674	87.3794
0.0198648	10.45	37.1401	1	-1	0.13675	87.3858
0.0199035	10.45	37.1296	2	-1	0.13678	87.3268
0.0199037	10.45	37.1195	3	-1	0.13677	87.3204
0.0199424	10.45	37.1257	4	-1	0.13679	87.3332
0.0199424	10.45	37.1254	1	-1	0.1368	87.3396
0.019981	10.45	37.1151	2	-1	0.13684	87.2927
0.0199813	10.45	37.1049	3	-1	0.13684	87.2927
0.02002	10.45	37.1114	4	-1	0.13686	87.3054
0.02002	10.45	37.1111	1	-1	0.13687	87.3118
0.0200587	10.45	37.101	2	-1	0.1369	87.253
0.0200589	10.45	37.0911	3	-1	0.13689	87.2467
0.0200977	10.45	37.0978	4	-1	0.13692	87.2658
0.0200977	10.45	37.0976	1	-1	0.13693	87.2721
0.0201364	10.45	37.0872	2	-1	0.13696	87.2134
0.0201367	10.45	37.0776	3	-1	0.13695	87.2071
0.0201755	10.45	37.0835	4	-1	0.13697	87.2198
0.0201755	10.45	37.0832	1	-1	0.13698	87.2262
0.0202142	10.45	37.073	2	-1	0.13702	87.1795
0.0202144	10.45	37.0636	3	-1	0.13701	87.1731
0.0202533	10.45	37.069	4	-1	0.13703	87.1858
0.0202533	10.45	37.0688	1	-1	0.13704	87.1922
0.0202921	10.45	37.0585	2	-1	0.13708	87.14
0.0202923	10.45	37.0494	3	-1	0.13707	87.1337
0.0203312	10.45	37.0548	4	-1	0.1371	87.1528
0.0203312	10.45	37.0546	1	-1	0.13711	87.1591
0.02037	10.45	37.0442	2	-1	0.13714	87.0951
0.0203702	10.45	37.0353	3	-1	0.13713	87.0888
0.0204092	10.45	37.0403	4	-1	0.13716	87.1078
0.0204092	10.45	37.04	1	-1	0.13717	87.1142
0.0204481	10.45	37.0304	2	-1	0.1372	87.0614
0.0204482	10.45	37.0215	3	-1	0.1372	87.0614
0.0204872	10.45	37.0268	4	-1	0.13722	87.0741
0.0204872	10.45	37.0266	1	-1	0.13723	87.0804
0.0205261	10.45	37.0167	2	-1	0.13726	87.0221
0.0205263	10.45	37.0081	3	-1	0.13725	87.0158
0.0205653	10.45	37.0128	4	-1	0.13728	87.0348
0.0205653	10.45	37.0126	1	-1	0.13729	87.0411
0.0206043	10.45	37.0027	2	-1	0.13732	86.983
0.0206045	10.45	36.9943	3	-1	0.13731	86.9766
0.0206435	10.45	36.9983	4	-1	0.13733	86.9893
0.0206435	10.45	36.9981	1	-1	0.13734	86.9956
0.0206825	10.45	36.9883	2	-1	0.13738	86.9494
0.0206827	10.45	36.98	3	-1	0.13738	86.9494
0.0207217	10.45	36.9842	4	-1	0.1374	86.962
0.0207217	10.45	36.984	1	-1	0.13741	86.9684
0.0207608	10.45	36.974	2	-1	0.13744	86.9048
0.0207609	10.45	36.9656	3	-1	0.13744	86.9048
0.0208	10.45	36.9699	4	-1	0.13746	86.9175
0.0208	10.45	36.9697	1	-1	0.13747	86.9238
0.0208391	10.45	36.9596	2	-1	0.1375	86.8659
0.0208393	10.45	36.9513	3	-1	0.1375	86.8659
0.0208784	10.45	36.956	4	-1	0.13752	86.8785
0.0208784	10.45	36.9558	1	-1	0.13753	86.8848
0.0209175	10.45	36.9463	2	-1	0.13756	86.8325
0.0209177	10.45	36.938	3	-1	0.13756	86.8325
0.0209569	10.45	36.9421	4	-1	0.13757	86.8388
0.0209569	10.45	36.9419	1	-1	0.13758	86.8451
0.020996	10.45	36.9323	2	-1	0.13762	86.7991
0.0209962	10.45	36.924	3	-1	0.13762	86.7991
0.0210354	10.45	36.9284	4	-1	0.13764	86.8117
0.0210354	10.45	36.9282	1	-1	0.13765	86.818
0.0210746	10.45	36.9181	2	-1	0.13768	86.7549
0.0210747	10.45	36.9101	3	-1	0.13767	86.7486
0.021114	10.45	36.9143	4	-1	0.1377	86.7675
0.021114	10.45	36.914	1	-1	0.13771	86.7738
0.0211532	10.45	36.9041	2	-1	0.13774	86.7162
0.0211533	10.45	36.8963	3	-1	0.13773	86.7099
0.0211926	10.45	36.8999	4	-1	0.13776	86.7288
0.0211926	10.45	36.8996	1	-1	0.13777	86.7351
0.0212319	10.45	36.89	2	-1	0.1378	86.6776
0.021232	10.45	36.8823	3	-1	0.1378	86.6776
0.0212713	10.45	36.8856	4	-1	0.13782	86.6901
0.0212713	10.45	36.8854	1	-1	0.13783	86.6964
0.0213106	10.45	36.8758	2	-1	0.13786	86.639
0.0213108	10.45	36.868	3	-1	0.13786	86.639
0.0213501	10.45	36.8714	4	-1	0.13788	86.6516
0.0213501	10.45	36.8712	1	-1	0.13789	86.6579
0.0213895	10.45	36.8614	2	-1	0.13792	86.6005
0.0213896	10.45	36.8537	3	-1	0.13792	86.6005
0.021429	10.45	36.8572	4	-1	0.13794	86.6131
0.021429	10.45	36.8569	1	-1	0.13795	86.6194
0.0214683	10.45	36.8477	2	-1	0.13798	86.5675
0.0214685	10.45	36.84	3	-1	0.13798	86.5675
0.0215079	10.45	36.8439	4	-1	0.138	86.5801
0.0215079	10.45	36.8437	1	-1	0.13801	86.5864
0.0215473	10.45	36.8341	2	-1	0.13804	86.5292
0.0215475	10.45	36.8264	3	-1	0.13804	86.5292
0.0215869	10.45	36.8303	4	-1	0.13806	86.5417
0.0215869	10.45	36.83	1	-1	0.13807	86.548
0.0216263	10.45	36.8203	2	-1	0.1381	86.4909
0.0216265	10.45	36.8129	3	-1	0.13809	86.4846
0.021666	10.45	36.8162	4	-1	0.13812	86.5034
0.021666	10.45	36.816	1	-1	0.13813	86.5097
0.0217054	10.45	36.8065	2	-1	0.13816	86.4527
0.0217056	10.45	36.7991	3	-1	0.13816	86.4527
0.0217451	10.45	36.8022	4	-1	0.13818	86.4652
0.0217451	10.45	36.802	1	-1	0.13819	86.4714
0.0217846	10.45	36.7925	2	-1	0.13822	86.4145
0.0217848	10.45	36.7851	3	-1	0.13822	86.4145
0.0218243	10.45	36.7882	4	-1	0.13824	86.427
0.0218243	10.45	36.788	1	-1	0.13825	86.4333
0.0218639	10.45	36.7784	2	-1	0.13828	86.3764
0.021864	10.45	36.771	3	-1	0.13828	86.3764
0.0219036	10.45	36.7741	4	-1	0.1383	86.3889
0.0219036	10.45	36.7739	1	-1	0.13831	86.3952
0.0219432	10.45	36.7643	2	-1	0.13834	86.3384
0.0219433	10.45	36.7569	3	-1	0.13834	86.3384
0.0219829	10.45	36.76	4	-1	0.13836	86.3509
0.021983	10.45	36.7598	1	-1	0.13837	86.3571
0.0220225	10.45	36.7502	2	-1	0.1384	86.3004
0.0220227	10.45	36.7428	3	-1	0.1384	86.3004
0.0220624	10.45	36.7459	4	-1	0.13842	86.3129
0.0220624	10.45	36.7457	1	-1	0.13843	86.3191
0.022102	10.45	36.7361	2	-1	0.13846	86.2625
0.0221022	10.45	36.7288	3	-1	0.13846	86.2625
0.0221418	10.45	36.7318	4	-1	0.13848	86.275
0.0221418	10.45	36.7316	1	-1	0.13849	86.2812
0.0221815	10.45	36.722	2	-1	0.13852	86.2247
0.0221817	10.45	36.7147	3	-1	0.13852	86.2247
0.0222214	10.45	36.7178	4	-1	0.13854	86.2372
0.0222214	10.45	36.7176	1	-1	0.13855	86.2434
0.0222611	10.45	36.7079	2	-1	0.13858	86.187
0.0222613	10.45	36.7007	3	-1	0.13858	86.187
0.022301	10.45	36.7038	4	-1	0.1386	86.1994
0.022301	10.45	36.7035	1	-1	0.13861	86.2056
0.0223408	10.45	36.6941	2	-1	0.13865	86.1555
0.0223409	10.45	36.6871	3	-1	0.13864	86.1493
0.0223807	10.45	36.6899	4	-1	0.13866	86.1617
0.0223807	10.45	36.6896	1	-1	0.13867	86.1679
0.0224205	10.45	36.6802	2	-1	0.13871	86.1178
0.0224206	10.45	36.6734	3	-1	0.1387	86.1116
0.0224605	10.45	36.676	4	-1	0.13872	86.124
0.0224605	10.45	36.6758	1	-1	0.13873	86.1303
0.0225003	10.45	36.6662	2	-1	0.13877	86.0803
0.0225004	10.45	36.6597	3	-1	0.13876	86.0741
0.0225403	10.45	36.6623	4	-1	0.13879	86.0927
0.0225403	10.45	36.6621	1	-1	0.1388	86.0989
0.0225801	10.45	36.6526	2	-1	0.13883	86.0374
0.0225803	10.45	36.6462	3	-1	0.13882	86.0312
0.0226202	10.45	36.6484	4	-1	0.13885	86.0498
0.0226202	10.45	36.6482	1	-1	0.13886	86.056
0.0226601	10.45	36.6391	2	-1	0.13889	86
0.0226602	10.45	36.6329	3	-1	0.13888	85.9938
0.0227002	10.45	36.6342	4	-1	0.1389	86.0062
0.0227002	10.45	36.634	1	-1	0.13891	86.0124
0.0227401	10.45	36.6252	2	-1	0.13895	85.968
0.0227402	10.45	36.6191	3	-1	0.13895	85.968
0.0227802	10.45	36.6205	4	-1	0.13896	85.9741
0.0227802	10.45	36.6203	1	-1	0.13897	85.9803
0.0228202	10.45	36.6111	2	-1	0.13901	85.9306
0.0228203	10.45	36.6052	3	-1	0.139	85.9245
0.0228603	10.45	36.607	4	-1	0.13903	85.943
0.0228603	10.45	36.6067	1	-1	0.13904	85.9492
0.0229003	10.45	36.5974	2	-1	0.13907	85.8881
0.0229004	10.45	36.5917	3	-1	0.13906	85.8819
0.0229405	10.45	36.5931	4	-1	0.13909	85.9004
0.0229405	10.45	36.5929	1	-1	0.1391	85.9066
0.0229805	10.45	36.5839	2	-1	0.13913	85.8509
0.0229807	10.45	36.5785	3	-1	0.13912	85.8447
0.0230207	10.45	36.5791	4	-1	0.13915	85.8633
0.0230207	10.45	36.5789	1	-1	0.13916	85.8694
0.0230608	10.45	36.5704	2	-1	0.13919	85.8138
0.0230609	10.45	36.565	3	-1	0.13919	85.8138
0.0231011	10.45	36.5652	4	-1	0.1392	85.82
0.0231011	10.45	36.565	1	-1	0.13921	85.8261
0.0231412	10.45	36.5564	2	-1	0.13925	85.782
0.0231413	10.45	36.551	3	-1	0.13925	85.782
0.0231814	10.45	36.5518	4	-1	0.13927	85.7944
0.0231814	10.45	36.5516	1	-1	0.13928	85.8005
0.0232216	10.45	36.5426	2	-1	0.13931	85.7398
0.0232217	10.45	36.5374	3	-1	0.1393	85.7336
0.0232619	10.45	36.5382	4	-1	0.13933	85.7521
0.0232619	10.45	36.538	1	-1	0.13934	85.7582
0.0233021	10.45	36.5291	2	-1	0.13937	85.7029
0.0233022	10.45	36.5241	3	-1	0.13936	85.6967
0.0233424	10.45	36.5243	4	-1	0.13939	85.7152
0.0233424	10.45	36.5241	1	-1	0.1394	85.7213
0.0233826	10.45	36.5157	2	-1	0.13943	85.666
0.0233828	10.45	36.5107	3	-1	0.13943	85.666
0.023423	10.45	36.5104	4	-1	0.13944	85.6722
0.023423	10.45	36.5102	1	-1	0.13945	85.6783
0.0234633	10.45	36.5018	2	-1	0.13949	85.6345
0.0234634	10.45	36.4969	3	-1	0.13949	85.6345
0.0235037	10.45	36.4971	4	-1	0.13951	85.6468
0.0235037	10.45	36.4969	1	-1	0.13952	85.6529
0.023544	10.45	36.4881	2	-1	0.13955	85.5925
0.0235441	10.45	36.4834	3	-1	0.13954	85.5864
0.0235844	10.45	36.4835	4	-1	0.13957	85.6048
0.0235844	10.45	36.4833	1	-1	0.13958	85.6109
0.0236247	10.45	36.4747	2	-1	0.13961	85.5558
0.0236249	10.45	36.4702	3	-1	0.1396	85.5497
0.0236652	10.45	36.4697	4	-1	0.13963	85.5681
0.0236652	10.45	36.4695	1	-1	0.13964	85.5742
0.0237056	10.45	36.4614	2	-1	0.13967	85.5192
0.0237057	10.45	36.4569	3	-1	0.13967	85.5192
0.0237461	10.45	36.4559	4	-1	0.13968	85.5253
0.0237461	10.45	36.4557	1	-1	0.13969	85.5315
0.0237865	10.45	36.4476	2	-1	0.13973	85.4879
0.0237866	10.45	36.4431	3	-1	0.13973	85.4879
0.023827	10.45	36.4425	4	-1	0.13974	85.494
0.023827	10.45	36.4423	1	-1	0.13975	85.5002
0.0238675	10.45	36.4337	2	-1	0.13979	85.4514
0.0238676	10.45	36.4294	3	-1	0.13978	85.4453
0.023908	10.45	36.4293	4	-1	0.13981	85.4637
0.023908	10.45	36.4291	1	-1	0.13982	85.4698
0.0239485	10.45	36.4203	2	-1	0.13985	85.4098
0.0239486	10.45	36.4163	3	-1	0.13984	85.4037
0.0239891	10.45	36.4151	4	-1	0.13987	85.422
0.0239891	10.45	36.4149	1	-1	0.13988	85.4281
0.0240296	10.45	36.4062	2	-1	0.13991	85.3682
0.0240297	10.45	36.4023	3	-1	0.1399	85.3621
0.0240703	10.45	36.4008	4	-1	0.13993	85.3804
0.0240703	10.45	36.4005	1	-1	0.13994	85.3865
0.0241108	10.45	36.3924	2	-1	0.13997	85.332
0.0241109	10.45	36.3886	3	-1	0.13997	85.332
0.0241515	10.45	36.3869	4	-1	0.13999	85.3441
0.0241515	10.45	36.3867	1	-1	0.14	85.3502
0.0241921	10.45	36.3787	2	-1	0.14003	85.2957
0.0241922	10.45	36.3749	3	-1	0.14003	85.2957
0.0242328	10.45	36.3733	4	-1	0.14005	85.3079
0.0242328	10.45	36.3731	1	-1	0.14006	85.314
0.0242734	10.45	36.3653	2	-1	0.1401	85.2657
0.0242735	10.45	36.3617	3	-1	0.14009	85.2596
0.0243142	10.45	36.36	4	-1	0.14011	85.2717
0.0243142	10.45	36.3598	1	-1	0.14012	85.2778
0.0243548	10.45	36.3518	2	-1	0.14016	85.2296
0.0243549	10.45	36.3484	3	-1	0.14015	85.2235
0.0243956	10.45	36.3467	4	-1	0.14017	85.2356
0.0243956	10.45	36.3465	1	-1	0.14018	85.2417
0.0244363	10.45	36.3385	2	-1	0.14022	85.1935
0.0244364	10.45	36.3353	3	-1	0.14021	85.1874
0.0244771	10.45	36.3334	4	-1	0.14023	85.1996
0.0244771	10.45	36.3332	1	-1	0.14024	85.2057
0.0245178	10.45	36.3252	2	-1	0.14028	85.1575
0.0245179	10.45	36.3222	3	-1	0.14027	85.1515
0.0245587	10.45	36.3198	4	-1	0.14029	85.1636
0.0245587	10.45	36.3196	1	-1	0.1403	85.1697
0.0245994	10.45	36.311	2	-1	0.14034	85.1164
0.0245995	10.45	36.3081	3	-1	0.14033	85.1104
0.0246403	10.45	36.3059	4	-1	0.14036	85.1286
0.0246403	10.45	36.3057	1	-1	0.14037	85.1346
0.0246811	10.45	36.2974	2	-1	0.1404	85.0754
0.0246812	10.45	36.2947	3	-1	0.14039	85.0694
0.024722	10.45	36.2921	4	-1	0.14042	85.0876
0.024722	10.45	36.2919	1	-1	0.14043	85.0936
0.0247629	10.45	36.2842	2	-1	0.14046	85.0397
0.0247629	10.45	36.2816	3	-1	0.14045	85.0336
0.0248038	10.45	36.2784	4	-1	0.14048	85.0518
0.0248038	10.45	36.2782	1	-1	0.14049	85.0578
0.0248447	10.45	36.271	2	-1	0.14052	85.0039
0.0248448	10.45	36.2687	3	-1	0.14051	84.9979
0.0248857	10.45	36.2648	4	-1	0.14053	85.01
0.0248857	10.45	36.2646	1	-1	0.14054	85.016
0.0249266	10.45	36.2576	2	-1	0.14058	84.9734
0.0249267	10.45	36.2554	3	-1	0.14057	84.9674
0.0249676	10.45	36.2515	4	-1	0.14059	84.9794
0.0249676	10.45	36.2513	1	-1	0.1406	84.9855
0.0250086	10.45	36.2441	2	-1	0.14064	84.9378
0.0250086	10.45	36.2421	3	-1	0.14063	84.9318
0.0250496	10.45	36.2382	4	-1	0.14066	84.9499
0.0250496	10.45	36.238	1	-1	0.14067	84.9559
0.0250906	10.45	36.2302	2	-1	0.14071	84.898
0.0250906	10.45	36.2287	3	-1	0.14069	84.886
0.0251317	10.45	36.2244	4	-1	0.14072	84.9041
0.0251317	10.45	36.2242	1	-1	0.14073	84.9101
0.0251727	10.45	36.217	2	-1	0.14077	84.8626
0.0251727	10.45	36.2158	3	-1	0.14075	84.8505
0.0252138	10.45	36.2108	4	-1	0.14078	84.8686
0.0252138	10.45	36.2106	1	-1	0.14079	84.8746
0.0252549	10.45	36.2037	2	-1	0.14082	84.8211
0.0252549	10.45	36.2027	3	-1	0.14081	84.8151
0.025296	10.45	36.1972	4	-1	0.14084	84.8332
0.025296	10.45	36.1971	1	-1	0.14085	84.8392
0.0253371	10.45	36.1906	2	-1	0.14088	84.7857
0.0253372	10.45	36.1896	3	-1	0.14088	84.7857
0.0253783	10.45	36.184	4	-1	0.1409	84.7978
0.0253783	10.45	36.1838	1	-1	0.14091	84.8038
0.0254194	10.45	36.1769	2	-1	0.14094	84.7454
0.0254195	10.45	36.176	3	-1	0.14094	84.7454
0.0254606	10.45	36.1699	4	-1	0.14096	84.7574
0.0254607	10.45	36.1697	1	-1	0.14097	84.7634
0.0255018	10.45	36.1631	2	-1	0.141	84.7101
0.0255019	10.45	36.1622	3	-1	0.141	84.7101
0.0255431	10.45	36.1563	4	-1	0.14102	84.7221
0.0255431	10.45	36.1561	1	-1	0.14103	84.7281
0.0255843	10.45	36.1496	2	-1	0.14106	84.675
0.0255843	10.45	36.1486	3	-1	0.14106	84.675
0.0256256	10.45	36.143	4	-1	0.14108	84.687
0.0256256	10.45	36.1428	1	-1	0.14109	84.693
0.0256668	10.45	36.1363	2	-1	0.14112	84.6398
0.0256668	10.45	36.1353	3	-1	0.14112	84.6398
0.0257081	10.45	36.1299	4	-1	0.14114	84.6518
0.0257081	10.45	36.1297	1	-1	0.14115	84.6578
0.0257494	10.45	36.1226	2	-1	0.14118	84.5997
0.0257494	10.45	36.1217	3	-1	0.14118	84.5997
0.0257908	10.45	36.1157	4	-1	0.1412	84.6117
0.0257908	10.45	36.1155	1	-1	0.14121	84.6177
0.0258321	10.45	36.1092	2	-1	0.14125	84.5707
0.0258321	10.45	36.1084	3	-1	0.14124	84.5647
0.0258735	10.45	36.1022	4	-1	0.14126	84.5767
0.0258735	10.45	36.102	1	-1	0.14127	84.5827
0.0259148	10.45	36.0958	2	-1	0.14131	84.5358
0.0259148	10.45	36.0952	3	-1	0.1413	84.5298
0.0259562	10.45	36.0892	4	-1	0.14132	84.5418
0.0259562	10.45	36.089	1	-1	0.14133	84.5477
0.0259976	10.45	36.0826	2	-1	0.14137	84.5009
0.0259977	10.45	36.0822	3	-1	0.14136	84.4949
0.0260391	10.45	36.076	4	-1	0.14139	84.5129
0.0260391	10.45	36.0758	1	-1	0.1414	84.5188
0.0260805	10.45	36.0688	2	-1	0.14143	84.456
0.0260805	10.45	36.0686	3	-1	0.14142	84.45
0.026122	10.45	36.0623	4	-1	0.14145	84.4679
0.026122	10.45	36.0621	1	-1	0.14146	84.4739
0.0261635	10.45	36.0558	2	-1	0.14149	84.4212
0.0261635	10.45	36.0558	3	-1	0.14148	84.4153
0.026205	10.45	36.0488	4	-1	0.14151	84.4332
0.026205	10.45	36.0486	1	-1	0.14152	84.4391
0.0262465	10.45	36.043	2	-1	0.14155	84.3866
0.0262465	10.45	36.043	3	-1	0.14155	84.3866
0.0262881	10.45	36.0354	4	-1	0.14156	84.3925
0.0262881	10.45	36.0353	1	-1	0.14157	84.3985
0.0263296	10.45	36.0293	2	-1	0.14161	84.3519
0.0263296	10.45	36.0293	3	-1	0.14161	84.3519
0.0263712	10.45	36.0219	4	-1	0.14163	84.3638
0.0263712	10.45	36.0217	1	-1	0.14164	84.3698
0.0264128	10.45	36.0155	2	-1	0.14167	84.3123
0.0264128	10.45	36.0155	3	-1	0.14167	84.3123
0.0264544	10.45	36.0087	4	-1	0.14169	84.3242
0.0264544	10.45	36.0086	1	-1	0.1417	84.3302
0.026496	10.45	36.0021	3	-1	0.14172	84.2719
0.026496	10.45	36.0019	2	-1	0.14173	84.2778
0.0265377	10.45	35.9953	4	-1	0.14175	84.2897
0.0265377	10.45	35.9951	1	-1	0.14176	84.2957
0.0265793	10.45	35.9887	2	-1	0.14179	84.2384
0.0265793	10.45	35.9887	3	-1	0.14179	84.2384
0.026621	10.45	35.9814	4	-1	0.14181	84.2502
0.026621	10.45	35.9812	1	-1	0.14182	84.2562
0.0266627	10.45	35.9753	2	-1	0.14185	84.204
0.0266627	10.45	35.9753	3	-1	0.14185	84.204
0.0267044	10.45	35.968	4	-1	0.14187	84.2158
0.0267044	10.45	35.9678	1	-1	0.14188	84.2218
0.0267462	10.45	35.9621	2	-1	0.14191	84.1696
0.0267462	10.45	35.9621	3	-1	0.14191	84.1696
0.0267879	10.45	35.9551	4	-1	0.14193	84.1815
0.0267879	10.45	35.9549	1	-1	0.14194	84.1874
0.0268297	10.45	35.9486	2	-1	0.14197	84.1304
0.0268297	10.45	35.9486	3	-1	0.14197	84.1304
0.0268715	10.45	35.9412	4	-1	0.14199	84.1422
0.0268715	10.45	35.9411	1	-1	0.142	84.1481
0.0269133	10.45	35.9352	3	-1	0.14203	84.0962
0.0269133	10.45	35.935	2	-1	0.14204	84.1021
0.0269551	10.45	35.9279	4	-1	0.14205	84.108
0.0269551	10.45	35.9277	1	-1	0.14206	84.1139
0.0269969	10.45	35.9217	3	-1	0.14209	84.062
0.026997	10.45	35.9215	2	-1	0.1421	84.0679
0.0270388	10.45	35.9149	4	-1	0.14212	84.0797
0.0270388	10.45	35.9147	1	-1	0.14213	84.0857
0.0270807	10.45	35.9076	3	-1	0.14215	84.018
0.0270807	10.45	35.9075	2	-1	0.14216	84.0239
0.0271226	10.45	35.9016	4	-1	0.14218	84.0357
0.0271226	10.45	35.9014	1	-1	0.14219	84.0416
0.0271645	10.45	35.8945	3	-1	0.14221	83.9839
0.0271645	10.45	35.8943	2	-1	0.14222	83.9898
0.0272064	10.45	35.8883	4	-1	0.14224	84.0017
0.0272064	10.45	35.8881	1	-1	0.14225	84.0076
0.0272484	10.45	35.8819	3	-1	0.14227	83.95
0.0272484	10.45	35.8817	2	-1	0.14228	83.9559
0.0272904	10.45	35.8748	4	-1	0.1423	83.9677
0.0272904	10.45	35.8746	1	-1	0.14231	83.9736
0.0273323	10.45	35.8682	3	-1	0.14233	83.9111
0.0273324	10.45	35.868	2	-1	0.14234	83.917
0.0273744	10.45	35.8615	4	-1	0.14236	83.9288
0.0273744	10.45	35.8613	1	-1	0.14237	83.9347
0.0274164	10.45	35.8549	3	-1	0.14239	83.8772
0.0274164	10.45	35.8547	2	-1	0.1424	83.8831
0.0274584	10.45	35.8485	4	-1	0.14242	83.8949
0.0274584	10.45	35.8483	1	-1	0.14243	83.9008
0.0275005	10.45	35.8415	3	-1	0.14245	83.8385
0.0275005	10.45	35.8413	2	-1	0.14246	83.8444
0.0275425	10.45	35.8346	4	-1	0.14248	83.8562
0.0275426	10.45	35.8344	1	-1	0.14249	83.862
0.0275846	10.45	35.8285	3	-1	0.14252	83.8106
0.0275846	10.45	35.8283	2	-1	0.14253	83.8165
0.0276268	10.45	35.8217	4	-1	0.14254	83.8224
0.0276268	10.45	35.8215	1	-1	0.14255	83.8283
0.0276689	10.45	35.8149	3	-1	0.14258	83.772
0.0276689	10.45	35.8147	2	-1	0.14259	83.7779
0.027711	10.45	35.8085	4	-1	0.14261	83.7897
0.027711	10.45	35.8083	1	-1	0.14262	83.7955
0.0277532	10.45	35.8013	3	-1	0.14263	83.7276
0.0277532	10.45	35.8011	2	-1	0.14264	83.7335
0.0277954	10.45	35.7952	4	-1	0.14267	83.7511
0.0277954	10.45	35.7951	1	-1	0.14268	83.757
0.0278376	10.45	35.7886	3	-1	0.14269	83.6941
0.0278376	10.45	35.7885	2	-1	0.1427	83.6999
0.0278798	10.45	35.7812	4	-1	0.14272	83.7117
0.0278798	10.45	35.7811	1	-1	0.14273	83.7175
0.027922	10.45	35.7752	3	-1	0.14276	83.6664
0.0279221	10.45	35.7751	2	-1	0.14277	83.6723
0.0279643	10.45	35.768	4	-1	0.14278	83.6781
0.0279643	10.45	35.7679	1	-1	0.14279	83.684
0.0280066	10.45	35.7618	3	-1	0.14282	83.633
0.0280066	10.45	35.7616	2	-1	0.14283	83.6388
0.0280489	10.45	35.7554	4	-1	0.14285	83.6505
0.0280489	10.45	35.7552	1	-1	0.14286	83.6564
0.0280912	10.45	35.7476	3	-1	0.14287	83.5839
0.0280912	10.45	35.7474	2	-1	0.14288	83.5898
0.0281335	10.45	35.7424	1	-1	0.14292	83.6132
0.0281335	10.45	35.7424	4	-1	0.14292	83.6132
0.0281758	10.45	35.7351	3	-1	0.14293	83.5506
0.0281759	10.45	35.7349	2	-1	0.14294	83.5564
0.0282182	10.45	35.7288	4	-1	0.14297	83.574
0.0282182	10.45	35.7287	1	-1	0.14298	83.5798
0.0282606	10.45	35.7226	3	-1	0.143	83.5183
0.0282606	10.45	35.7225	2	-1	0.14301	83.5241
0.028303	10.45	35.7146	4	-1	0.14302	83.53
0.028303	10.45	35.7144	1	-1	0.14303	83.5358
0.0283454	10.45	35.7096	2	-1	0.14307	83.4958
0.0283454	10.45	35.7096	3	-1	0.14307	83.4958
0.0283878	10.45	35.7022	4	-1	0.14308	83.5016
0.0283878	10.45	35.702	1	-1	0.14309	83.5074
0.0284303	10.45	35.6957	3	-1	0.14313	83.4577
0.0284303	10.45	35.6956	2	-1	0.14314	83.4636
0.0284728	10.45	35.6896	4	-1	0.14315	83.4694
0.0284728	10.45	35.6894	1	-1	0.14316	83.4752
0.0285153	10.45	35.6818	3	-1	0.14318	83.4139
0.0285153	10.45	35.6817	2	-1	0.14319	83.4197
0.0285578	10.45	35.677	1	-1	0.14322	83.4372
0.0285578	10.45	35.677	4	-1	0.14322	83.4372
0.0286003	10.45	35.6688	3	-1	0.14323	83.3702
0.0286003	10.45	35.6686	2	-1	0.14324	83.376
0.0286428	10.45	35.6628	4	-1	0.14328	83.3993
0.0286428	10.45	35.6626	1	-1	0.14329	83.4051
0.0286854	10.45	35.6566	3	-1	0.1433	83.3382
0.0286854	10.45	35.6564	2	-1	0.14331	83.344
0.028728	10.45	35.6489	4	-1	0.14333	83.3556
0.028728	10.45	35.6487	1	-1	0.14334	83.3614
0.0287706	10.45	35.6439	2	-1	0.14337	83.3111
0.0287706	10.45	35.6437	3	-1	0.14338	83.3169
0.0288132	10.45	35.6354	4	-1	0.14338	83.3169
0.0288132	10.45	35.6352	1	-1	0.14339	83.3227
0.0288558	10.45	35.6303	2	-1	0.14344	83.2888
0.0288558	10.45	35.6302	3	-1	0.14344	83.2888
0.0288985	10.45	35.6234	4	-1	0.14345	83.2946
0.0288985	10.45	35.6232	1	-1	0.14346	83.3004
0.0289412	10.45	35.6158	3	-1	0.14349	83.2405
0.0289412	10.45	35.6156	2	-1	0.14351	83.2521
0.0289838	10.45	35.6115	1	-1	0.14353	83.2637
0.0289838	10.45	35.6115	4	-1	0.14353	83.2637
0.0290265	10.45	35.6024	3	-1	0.14353	83.1913
0.0290265	10.45	35.6022	2	-1	0.14354	83.1971
0.0290693	10.45	35.5975	1	-1	0.14358	83.2203
0.0290693	10.45	35.5972	4	-1	0.1436	83.2319
0.029112	10.45	35.59	3	-1	0.1436	83.1644
0.029112	10.45	35.5898	2	-1	0.14361	83.1702
0.0291548	10.45	35.5836	1	-1	0.14366	83.1992
0.0291548	10.45	35.5834	4	-1	0.14365	83.1934
0.0291976	10.45	35.5789	2	-1	0.14368	83.1337
0.0291976	10.45	35.5789	3	-1	0.14368	83.1337
0.0292403	10.45	35.5701	4	-1	0.14369	83.1395
0.0292404	10.45	35.57	1	-1	0.14371	83.1511
0.0292832	10.45	35.5652	2	-1	0.14374	83.1011
0.0292832	10.45	35.5652	3	-1	0.14374	83.1011
0.029326	10.45	35.5576	4	-1	0.14375	83.1069
0.029326	10.45	35.5575	1	-1	0.14376	83.1127
0.0293689	10.45	35.5509	3	-1	0.1438	83.0686
0.0293689	10.45	35.5507	2	-1	0.14381	83.0743
0.0294117	10.45	35.5453	4	-1	0.14383	83.0859
0.0294117	10.45	35.5451	1	-1	0.14384	83.0917
0.0294546	10.45	35.5372	3	-1	0.14385	83.0207
0.0294546	10.45	35.537	2	-1	0.14386	83.0265
0.0294975	10.45	35.5326	1	-1	0.1439	83.0496
0.0294975	10.45	35.5326	4	-1	0.1439	83.0496
0.0295404	10.45	35.525	3	-1	0.14391	82.9835
0.0295404	10.45	35.5248	2	-1	0.14392	82.9893
0.0295834	10.45	35.5182	4	-1	0.14395	83.0066
0.0295834	10.45	35.5181	1	-1	0.14396	83.0123
0.0296263	10.45	35.513	3	-1	0.14398	82.9569
0.0296264	10.45	35.5129	2	-1	0.14399	82.9627
0.0296693	10.45	35.5041	4	-1	0.14399	82.9627
0.0296693	10.45	35.5039	1	-1	0.144	82.9684
0.0297123	10.45	35.4991	2	-1	0.14405	82.9351
0.0297123	10.45	35.4991	3	-1	0.14405	82.9351
0.0297553	10.45	35.4924	4	-1	0.14406	82.9409
0.0297553	10.45	35.4922	1	-1	0.14407	82.9466
0.0297984	10.45	35.4846	3	-1	0.1441	82.8875
0.0297984	10.45	35.4844	2	-1	0.14411	82.8933
0.0298414	10.45	35.4801	1	-1	0.14414	82.9106
0.0298414	10.45	35.4801	4	-1	0.14414	82.9106
0.0298845	10.45	35.4714	3	-1	0.14415	82.8448
0.0298845	10.45	35.4713	2	-1	0.14416	82.8506
0.0299276	10.45	35.467	1	-1	0.1442	82.8736
0.0299276	10.45	35.4668	4	-1	0.14421	82.8793
0.0299707	10.45	35.4595	3	-1	0.14421	82.8079
0.0299707	10.45	35.4594	2	-1	0.14422	82.8137
0.0300138	10.45	35.4524	4	-1	0.14425	82.8309
0.0300138	10.45	35.4522	1	-1	0.14427	82.8424
0.030057	10.45	35.4481	2	-1	0.14429	82.7826
0.030057	10.45	35.4481	3	-1	0.14429	82.7826
0.0301001	10.45	35.4386	4	-1	0.1443	82.7883
0.0301001	10.45	35.4385	1	-1	0.14431	82.794
0.0301433	10.45	35.4344	2	-1	0.14435	82.7553
0.0301433	10.45	35.4342	3	-1	0.14436	82.761
0.0301865	10.45	35.4268	4	-1	0.14436	82.761
0.0301865	10.45	35.4266	1	-1	0.14437	82.7667
0.0302297	10.45	35.42	3	-1	0.14441	82.7185
0.0302297	10.45	35.4198	2	-1	0.14443	82.73
0.030273	10.45	35.4151	4	-1	0.14444	82.7357
0.030273	10.45	35.415	1	-1	0.14445	82.7414
0.0303162	10.45	35.4059	3	-1	0.14445	82.6657
0.0303162	10.45	35.4057	2	-1	0.14446	82.6714
0.0303595	10.45	35.4016	1	-1	0.1445	82.6943
0.0303595	10.45	35.4013	4	-1	0.14452	82.7057
0.0304028	10.45	35.3936	3	-1	0.14451	82.6338
0.0304028	10.45	35.3934	2	-1	0.14452	82.6395
0.0304461	10.45	35.3876	1	-1	0.14458	82.6738
0.0304461	10.45	35.3874	4	-1	0.14457	82.6681
0.0304894	10.45	35.3831	2	-1	0.1446	82.605
0.0304894	10.45	35.3831	3	-1	0.1446	82.605
0.0305327	10.45	35.3731	4	-1	0.1446	82.605
0.0305328	10.45	35.373	1	-1	0.14462	82.6164
0.0305761	10.45	35.37	2	-1	0.14465	82.5769
0.0305761	10.45	35.3695	3	-1	0.14468	82.5941
0.0306195	10.45	35.3609	4	-1	0.14466	82.5826
0.0306195	10.45	35.3608	1	-1	0.14467	82.5883
0.0306629	10.45	35.3548	2	-1	0.14473	82.5566
0.0306629	10.45	35.3545	3	-1	0.14472	82.5509
0.0307063	10.45	35.3509	1	-1	0.14475	82.568
0.0307063	10.45	35.3509	4	-1	0.14475	82.568
0.0307497	10.45	35.3405	3	-1	0.14475	82.488
0.0307497	10.45	35.3403	2	-1	0.14478	82.5051
0.0307932	10.45	35.3375	1	-1	0.1448	82.5165
0.0307932	10.45	35.337	4	-1	0.14483	82.5336
0.0308367	10.45	35.3285	3	-1	0.14481	82.4611
0.0308367	10.45	35.3283	2	-1	0.14482	82.4668
0.0308802	10.45	35.3224	1	-1	0.14488	82.501
0.0308802	10.45	35.322	4	-1	0.14488	82.501
0.0309237	10.45	35.3181	3	-1	0.1449	82.4326
0.0309237	10.45	35.318	2	-1	0.14491	82.4383
0.0309672	10.45	35.3086	4	-1	0.14491	82.4383
0.0309672	10.45	35.3085	1	-1	0.14495	82.461
0.0310107	10.45	35.3053	2	-1	0.14495	82.386
0.0310108	10.45	35.3048	3	-1	0.14498	82.4031
0.0310543	10.45	35.2955	4	-1	0.14496	82.3917
0.0310543	10.45	35.2954	1	-1	0.14497	82.3974
0.0310979	10.45	35.2909	2	-1	0.14503	82.3847
0.0310979	10.45	35.2903	3	-1	0.14504	82.3904
0.0311415	10.45	35.2851	4	-1	0.14504	82.3904
0.0311415	10.45	35.285	1	-1	0.14505	82.396
0.0311851	10.45	35.2763	3	-1	0.14507	82.3279
0.0311851	10.45	35.2761	2	-1	0.14512	82.3563
0.0312287	10.45	35.2735	1	-1	0.1451	82.3449
0.0312288	10.45	35.2729	4	-1	0.14514	82.3676
0.0312724	10.45	35.2615	3	-1	0.1451	82.2796
0.0312724	10.45	35.2613	2	-1	0.14511	82.2852
0.0313161	10.45	35.2588	1	-1	0.14517	82.3193
0.0313161	10.45	35.2576	4	-1	0.14521	82.3419
0.0313598	10.45	35.2514	3	-1	0.14518	82.2503
0.0313598	10.45	35.2512	2	-1	0.14519	82.256
0.0314035	10.45	35.2429	1	-1	0.14527	82.3013
0.0314035	10.45	35.2423	4	-1	0.14523	82.2786
0.0314472	10.45	35.2423	2	-1	0.14526	82.2118
0.0314472	10.45	35.2418	3	-1	0.14529	82.2288
0.031491	10.45	35.2289	4	-1	0.14525	82.2061
0.031491	10.45	35.2287	1	-1	0.1453	82.2344
0.0315347	10.45	35.2275	2	-1	0.14531	82.1843
0.0315347	10.45	35.2261	3	-1	0.14537	82.2182
0.0315785	10.45	35.2181	4	-1	0.14532	82.1899
0.0315785	10.45	35.218	1	-1	0.14533	82.1956
0.0316223	10.45	35.2106	2	-1	0.14542	82.1907
0.0316223	10.45	35.2095	3	-1	0.1454	82.1794
0.0316661	10.45	35.2101	1	-1	0.14541	82.185
0.0316661	10.45	35.2096	4	-1	0.14544	82.202
0.03171	10.45	35.196	3	-1	0.1454	82.1005
0.03171	10.45	35.1958	2	-1	0.14548	82.1457
0.0317538	10.45	35.1962	1	-1	0.14545	82.1287
0.0317539	10.45	35.1944	4	-1	0.14554	82.1796
0.0317977	10.45	35.1844	3	-1	0.14545	82.0731
0.0317977	10.45	35.1843	2	-1	0.14546	82.0788
0.0318416	10.45	35.1784	1	-1	0.14555	82.1296
0.0318416	10.45	35.1763	4	-1	0.14557	82.1408
0.0318855	10.45	35.1774	3	-1	0.14557	82.0529
0.0318855	10.45	35.1773	2	-1	0.14558	82.0585
0.0319295	10.45	35.1638	1	-1	0.14568	82.1149
0.0319295	10.45	35.1635	4	-1	0.14556	82.0472
0.0319734	10.45	35.1656	2	-1	0.1456	81.9681
0.0319734	10.45	35.1642	3	-1	0.14569	82.0188
0.0320173	10.45	35.151	4	-1	0.14559	81.9625
0.0320174	10.45	35.1508	1	-1	0.14562	81.9794
0.0320613	10.45	35.1478	2	-1	0.14569	82.005
0.0320614	10.45	35.1455	3	-1	0.14575	82.0387
0.0321053	10.45	35.1441	4	-1	0.14571	82.0162
0.0321053	10.45	35.1439	1	-1	0.14572	82.0218
0.0321494	10.45	35.1311	2	-1	0.14582	81.9904
0.0321494	10.45	35.1302	3	-1	0.14573	81.9398
0.0321934	10.45	35.1341	1	-1	0.14575	81.9511
0.0321934	10.45	35.1327	4	-1	0.14584	82.0017
0.0322375	10.45	35.1177	3	-1	0.14574	81.8948
0.0322375	10.45	35.1176	2	-1	0.14581	81.9341
0.0322815	10.45	35.1172	1	-1	0.14582	81.9398
0.0322816	10.45	35.1143	4	-1	0.14592	81.996
0.0323256	10.45	35.1094	3	-1	0.14583	81.8718
0.0323256	10.45	35.1092	2	-1	0.14584	81.8774
0.0323698	10.45	35.0988	1	-1	0.14596	81.9448
0.0323698	10.45	35.0967	4	-1	0.14591	81.9167
0.0324139	10.45	35.1021	2	-1	0.14591	81.811
0.0324139	10.45	35.101	3	-1	0.14598	81.8503
0.0324581	10.45	35.0851	4	-1	0.14589	81.7998
0.0324581	10.45	35.085	1	-1	0.14604	81.8839
0.0325022	10.45	35.0879	2	-1	0.14595	81.7555
0.0325023	10.45	35.0848	3	-1	0.14609	81.834
0.0325464	10.45	35.0737	4	-1	0.14595	81.7555
0.0325464	10.45	35.0736	1	-1	0.14596	81.7611
0.0325906	10.45	35.0677	2	-1	0.14607	81.8182
0.0325907	10.45	35.064	3	-1	0.14611	81.8406
0.0326348	10.45	35.0694	4	-1	0.14609	81.8294
0.0326349	10.45	35.0692	1	-1	0.1461	81.835
0.0326791	10.45	35.0517	2	-1	0.14623	81.8024
0.0326791	10.45	35.0506	3	-1	0.14606	81.7073
0.0327233	10.45	35.0581	1	-1	0.14609	81.7241
0.0327234	10.45	35.0559	4	-1	0.14624	81.808
0.0327676	10.45	35.0398	3	-1	0.14608	81.6865
0.0327676	10.45	35.0396	2	-1	0.14617	81.7368
0.0328119	10.45	35.0387	1	-1	0.14619	81.748
0.032812	10.45	35.0349	4	-1	0.1463	81.8095
0.0328563	10.45	35.0345	3	-1	0.14621	81.6724
0.0328563	10.45	35.0344	2	-1	0.14622	81.678
0.0329006	10.45	35.0198	1	-1	0.14636	81.7562
0.0329007	10.45	35.0176	4	-1	0.14625	81.6948
0.0329449	10.45	35.0269	2	-1	0.14625	81.5763
0.032945	10.45	35.025	3	-1	0.14638	81.6488
0.0329894	10.45	35.0061	4	-1	0.14623	81.5651
0.0329894	10.45	35.0059	1	-1	0.14639	81.6544
0.0330337	10.45	35.0096	2	-1	0.14631	81.5552
0.0330338	10.45	35.0052	3	-1	0.14648	81.6499
0.0330781	10.45	34.9979	4	-1	0.14632	81.5608
0.0330781	10.45	34.9977	1	-1	0.14633	81.5663
0.0331225	10.45	34.9873	2	-1	0.14647	81.6307
0.0331227	10.45	34.9831	3	-1	0.14646	81.6251
0.033167	10.45	34.9953	1	-1	0.14643	81.6084
0.033167	10.45	34.9942	4	-1	0.1465	81.6474
0.0332115	10.45	34.9728	2	-1	0.14664	81.639
0.0332115	10.45	34.9723	3	-1	0.14638	81.4943
0.0332559	10.45	34.9822	1	-1	0.14642	81.5165
0.0332561	10.45	34.9777	4	-1	0.14666	81.6502
0.0333005	10.45	34.9605	2	-1	0.14645	81.4969
0.0333449	10.45	34.9578	1	-1	0.14657	81.5637
0.0333451	10.45	34.9516	4	-1	0.14669	81.6305
0.0333895	10.45	34.9617	2	-1	0.14661	81.4772
0.0334341	10.45	34.9371	1	-1	0.14679	81.5772
0.0334342	10.45	34.9342	4	-1	0.14656	81.4494
0.0335233	10.45	34.9242	1	-1	0.14673	81.4036
0.0335678	10.45	34.9307	2	-1	0.14664	81.3446
0.0335681	10.45	34.9227	3	-1	0.14691	81.4944
0.0336125	10.45	34.9228	4	-1	0.14666	81.3557
0.0336125	10.45	34.9227	1	-1	0.14667	81.3613
0.0336571	10.45	34.9036	2	-1	0.14689	81.4698
0.0336574	10.45	34.8969	3	-1	0.1468	81.4199
0.0337018	10.45	34.9234	1	-1	0.14672	81.3755
0.0337019	10.45	34.9202	4	-1	0.14694	81.4975
0.0337466	10.45	34.8902	2	-1	0.14711	81.5285
0.0337911	10.45	34.9075	1	-1	0.1467	81.3013
0.0338359	10.45	34.8792	2	-1	0.14671	81.2753
0.0338806	10.45	34.8746	1	-1	0.14692	81.3916
0.033881	10.45	34.8629	4	-1	0.14711	81.4969
0.0339255	10.45	34.89	2	-1	0.14698	81.2853
0.0339702	10.45	34.8498	1	-1	0.14724	81.429
0.0341496	10.45	34.8455	1	-1	0.14698	81.0611
0.0341947	10.45	34.8078	3	-1	0.14718	81.2476
0.0342392	10.45	34.8516	1	-1	0.14703	81.1648
0.0342843	10.45	34.8042	2	-1	0.14757	81.4
0.0343289	10.45	34.8344	1	-1	0.14696	81.0635
0.0343741	10.45	34.7987	2	-1	0.14715	81.1593
0.0344188	10.45	34.7946	1	-1	0.14723	81.2035
0.0344641	10.45	34.815	2	-1	0.14731	81.0866
0.0345992	10.45	34.7619	1	-1	0.14784	81.1461
0.0346439	10.45	34.7819	2	-1	0.1472	80.6752
0.0346893	10.45	34.7642	1	-1	0.14728	80.7191
0.0347348	10.45	34.7226	3	-1	0.14762	81.1143
0.0347794	10.45	34.7783	1	-1	0.14741	80.999
0.0347796	10.45	34.7746	4	-1	0.14768	81.1473
0.0348246	10.45	34.7178	2	-1	0.14799	81.2195
0.0348695	10.45	34.7647	1	-1	0.14724	80.8079
0.0349598	10.45	34.7231	1	-1	0.1475	80.9861
0.0350054	10.45	34.7344	2	-1	0.14758	80.8746
0.0351412	10.45	34.6749	1	-1	0.14828	81.0008
0.0351861	10.45	34.7125	2	-1	0.14745	80.3805
0.0352775	10.45	34.6422	3	-1	0.14809	80.9058
0.0353223	10.45	34.7047	1	-1	0.14782	80.7583
0.0353224	10.45	34.7027	4	-1	0.14797	80.8403
0.0354129	10.45	34.6958	1	-1	0.14754	80.5525
0.0355494	10.45	34.6501	2	-1	0.14782	80.657
0.0355953	10.45	34.5846	4	-1	0.14814	80.8316
0.0358219	10.45	34.5934	2	-1	0.14808	80.4302
0.0358679	10.45	34.6252	1	-1	0.14819	80.4899
0.0359589	10.45	34.6283	1	-1	0.14787	80.3292
0.0360499	10.45	34.5915	1	-1	0.14792	80.4569
0.0361413	10.45	34.5309	1	-1	0.14851	80.7163
0.0361424	10.45	34.5035	4	-1	0.14867	80.8033
0.0364162	10.45	34.5375	1	-1	0.14836	80.0173
0.036599	10.45	34.5312	1	-1	0.14806	80.1277
0.0366907	10.45	34.46	1	-1	0.14864	80.4852
0.0367372	10.45	34.5204	2	-1	0.1488	80.2806
0.0368752	10.45	34.4161	1	-1	0.14978	80.4015
0.0369204	10.45	34.4705	2	-1	0.14833	79.4568
0.037014	10.45	34.3553	3	-1	0.14922	80.3251
0.0371507	10.45	34.4733	1	-1	0.14818	79.7739
0.0372896	10.45	34.4332	2	-1	0.14889	80.0656
0.0378925	10.45	34.1694	4	-1	0.14975	80.3811
0.0381697	10.45	34.3316	1	-1	0.14926	79.0572
0.0383547	10.45	34.3003	1	-1	0.14845	79.3935
0.0384959	10.45	34.3053	3	-1	0.14994	79.7087
0.0386354	10.45	34.1362	1	-1	0.15123	79.8132
0.0386815	10.45	34.2166	2	-1	0.1493	78.6245
0.0389153	10.45	34.2276	1	-1	0.14912	79.1633
0.0389634	10.45	34.1613	2	-1	0.15118	80.3892
0.039057	10.45	34.2237	2	-1	0.15016	79.4708
0.0392437	10.45	34.1668	2	-1	0.14951	78.3431
0.0399026	10.45	34.0038	2	-1	0.15049	78.7906
0.0399511	10.45	34.127	4	-1	0.15081	78.9581
0.0401386	10.45	34.0638	1	-1	0.14943	78.8923
0.0402367	10.45	33.8202	4	-1	0.15155	79.9357
0.0405184	10.45	34.051	1	-1	0.15004	78.0523
0.0408508	10.45	34.0802	2	-1	0.15074	79.0622
0.0409917	10.45	33.6445	1	-1	0.15356	79.351
0.0411388	10.45	33.6592	3	-1	0.15198	78.3806
0.0417599	10.45	33.7552	4	-1	0.15217	78.0599
0.0422383	10.45	33.6611	1	-1	0.15372	78.4086
0.0426271	10.45	33.5235	4	-1	0.15285	78.7562
0.0428185	10.45	33.6191	1	-1	0.1542	78.3059
0.0431571	10.45	33.5437	2	-1	0.15455	79.7348
0.0434	10.45	33.4385	1	-1	0.15505	78.4547
0.0437857	10.45	33.5973	1	-1	0.15008	77.7013
0.0438903	10.45	33.1802	4	-1	0.15344	79.1377
0.0450121	10.45	33.2551	2	-1	0.1558	79.2916
0.0452585	10.45	33.153	1	-1	0.15615	77.8027
0.0453061	10.45	33.3258	2	-1	0.15225	75.5808
0.0454117	10.45	33.0473	3	-1	0.15462	77.0519
0.0460534	10.45	33.3033	4	-1	0.15447	76.4287
0.0462477	10.45	33.2431	1	-1	0.15244	76.765
0.0468986	10.45	33.0989	2	-1	0.157	79.149
0.0469998	10.45	33.2753	3	-1	0.15455	77.0132
0.0471474	10.45	32.8008	1	-1	0.15794	77.4102
0.0481499	10.45	32.9697	1	-1	0.15272	76.0406
0.0488101	10.45	32.755	2	-1	0.1583	78.3121
0.0489159	10.45	32.886	3	-1	0.156	76.3359
0.0490639	10.45	32.611	1	-1	0.15878	76.6831
0.0503926	10.45	32.4427	1	-1	0.1598	76.2005
0.0504415	10.45	32.6419	2	-1	0.15465	73.5658
0.052358	10.45	32.1971	1	-1	0.16092	75.6167
0.052407	10.45	32.3922	2	-1	0.15549	72.8939
0.0525229	10.45	32.0563	3	-1	0.15866	74.8255
0.0534022	10.45	32.2801	1	-1	0.15591	74.5909
0.0540899	10.45	32.1463	2	-1	0.16161	77.3994
0.0554124	10.45	32.0412	1	-1	0.15702	73.6561
0.0557355	10.45	31.7031	1	-1	0.16333	74.7437
0.0565974	10.45	32.2616	4	-1	0.15913	72.9921
0.0569796	10.45	31.7337	3	-1	0.16152	74.0001
0.0575595	10.45	31.7483	1	-1	0.15728	73.702
0.0578864	10.45	31.4272	1	-1	0.16336	73.9252
0.0583353	10.45	31.2506	4	-1	0.16111	75.3837
0.058866	10.45	31.5179	1	-1	0.1593	72.7796
0.0589902	10.45	31.2314	4	-1	0.163	74.7021
0.0592463	10.45	31.6099	2	-1	0.15675	70.0715
0.0593732	10.45	31.1388	3	-1	0.16195	72.9505
0.0595787	10.45	31.0978	2	-1	0.16588	76.0603
0.0598557	10.45	31.3218	1	-1	0.16491	73.3683
0.0602946	10.45	31.253	1	-1	0.16182	73.3578
0.0605699	10.45	31.2697	2	-1	0.16177	71.7925
0.0606968	10.45	31.1049	3	-1	0.16366	72.809
0.0610176	10.45	31.3623	2	-1	0.16546	75.0896
0.0611947	10.45	31.0944	4	-1	0.16295	73.4141
0.0612474	10.45	31.5162	3	-1	0.16305	72.7674
0.0614001	10.45	31.2138	1	-1	0.16284	72.3219
0.0616854	10.45	32.1259	2	-1	0.16159	73.7315
0.0617947	10.45	32.0974	2	-1	0.15913	72.2661
0.0621805	10.45	30.5686	1	-1	0.16899	72.8656
0.0623098	10.45	30.9892	4	-1	0.16549	71.5756
0.0624646	10.45	31.2006	2	-1	0.16474	72.7522
0.0635022	10.45	30.4231	3	-1	0.17797	75.3759
