0.00108283	11.85	35.1418	4	-1	0.16632	16467.3
0.00111677	11.85	38.0028	3	-1	0.14376	85.873
0.00114882	11.85	40.065	1	-1	0.13222	78.9798
0.00117929	11.85	41.5803	3	-1	0.1252	93.8742
0.00120902	11.85	42.7355	4	-1	0.12048	90.3352
0.00123789	11.85	43.6144	3	-1	0.11719	96.3021
0.00126643	11.85	44.3012	4	-1	0.11477	94.3134
0.00129443	11.85	44.8319	3	-1	0.11298	97.363
0.00132231	11.85	45.2519	4	-1	0.11162	96.191
0.00134981	11.85	45.5782	3	-1	0.11058	97.9017
0.00137731	11.85	45.8383	4	-1	0.10978	97.1934
0.00140451	11.85	46.0408	3	-1	0.10916	98.2008
0.00143179	11.85	46.2026	4	-1	0.10867	97.76
0.00145882	11.85	46.3267	3	-1	0.1083	98.3562
0.00148596	11.85	46.4274	4	-1	0.108	98.0837
0.00151289	11.85	46.5029	3	-1	0.10777	98.4291
0.00153996	11.85	46.5638	4	-1	0.10759	98.2647
0.00156683	11.85	46.6077	3	-1	0.10746	98.4607
0.00159386	11.85	46.6439	1	-1	0.10735	98.3599
0.00159386	11.85	46.6439	4	-1	0.10735	98.3599
0.0016207	11.85	46.6695	2	-1	0.10727	98.458
0.00162072	11.85	46.6677	3	-1	0.10728	98.4672
0.00164773	11.85	46.6879	1	-1	0.10722	98.4121
0.00164773	11.85	46.6879	4	-1	0.10722	98.4121
0.00167456	11.85	46.701	2	-1	0.10718	98.4477
0.00167458	11.85	46.6992	3	-1	0.10718	98.4477
0.00170158	11.85	46.7094	1	-1	0.10715	98.4201
0.00170158	11.85	46.7094	4	-1	0.10715	98.4201
0.00172842	11.85	46.7138	2	-1	0.10713	98.4108
0.00172844	11.85	46.7115	3	-1	0.10714	98.42
0.00175545	11.85	46.7158	4	-1	0.10712	98.4016
0.00175546	11.85	46.7153	1	-1	0.10713	98.4108
0.0017823	11.85	46.7148	2	-1	0.10712	98.3745
0.00178233	11.85	46.7121	3	-1	0.10713	98.3837
0.00180936	11.85	46.7121	1	-1	0.10713	98.3837
0.00180936	11.85	46.7121	4	-1	0.10713	98.3837
0.00183622	11.85	46.7078	2	-1	0.10714	98.3387
0.00183625	11.85	46.7051	3	-1	0.10714	98.3387
0.0018633	11.85	46.7027	1	-1	0.10715	98.3479
0.0018633	11.85	46.7027	4	-1	0.10715	98.3479
0.00189017	11.85	46.6964	2	-1	0.10716	98.2939
0.00189021	11.85	46.6933	3	-1	0.10717	98.3031
0.00191728	11.85	46.6892	1	-1	0.10718	98.3122
0.00191728	11.85	46.6892	4	-1	0.10718	98.3122
0.00194418	11.85	46.6818	2	-1	0.1072	98.2585
0.00194421	11.85	46.6787	3	-1	0.1072	98.2585
0.0019713	11.85	46.6737	1	-1	0.10722	98.2768
0.0019713	11.85	46.6737	4	-1	0.10722	98.2768
0.00199823	11.85	46.665	2	-1	0.10724	98.2051
0.00199826	11.85	46.6618	3	-1	0.10724	98.2051
0.00202538	11.85	46.6564	4	-1	0.10726	98.2234
0.00202538	11.85	46.656	1	-1	0.10727	98.2326
0.00205233	11.85	46.647	2	-1	0.10729	98.161
0.00205236	11.85	46.6439	3	-1	0.10729	98.161
0.00207951	11.85	46.6376	1	-1	0.10731	98.1793
0.00207951	11.85	46.6376	4	-1	0.10731	98.1793
0.00210647	11.85	46.6278	2	-1	0.10733	98.1079
0.00210651	11.85	46.6243	3	-1	0.10734	98.117
0.00213368	11.85	46.6185	1	-1	0.10736	98.1353
0.00213368	11.85	46.6185	4	-1	0.10736	98.1353
0.00216067	11.85	46.6088	2	-1	0.10738	98.0639
0.00216072	11.85	46.6048	3	-1	0.10739	98.0731
0.00218791	11.85	46.5988	1	-1	0.10741	98.0913
0.00218791	11.85	46.5988	4	-1	0.10741	98.0913
0.00221492	11.85	46.5892	2	-1	0.10743	98.0201
0.00221497	11.85	46.5848	3	-1	0.10744	98.0292
0.00224219	11.85	46.5794	1	-1	0.10746	98.0474
0.00224219	11.85	46.5794	4	-1	0.10746	98.0474
0.00226922	11.85	46.5693	2	-1	0.10748	97.9674
0.00226928	11.85	46.5644	3	-1	0.10749	97.9765
0.00229652	11.85	46.559	1	-1	0.10751	97.9947
0.00229652	11.85	46.559	4	-1	0.10751	97.9947
0.00232359	11.85	46.5492	2	-1	0.10754	97.9328
0.00232364	11.85	46.5443	3	-1	0.10754	97.9328
0.0023509	11.85	46.5392	4	-1	0.10756	97.951
0.0023509	11.85	46.5388	1	-1	0.10757	97.9601
0.002378	11.85	46.5285	2	-1	0.10759	97.8714
0.00237805	11.85	46.5237	3	-1	0.10759	97.8714
0.00240534	11.85	46.519	4	-1	0.10761	97.8896
0.00240534	11.85	46.5186	1	-1	0.10762	97.8987
0.00243246	11.85	46.5087	2	-1	0.10764	97.8279
0.00243251	11.85	46.5038	3	-1	0.10764	97.8279
0.00245983	11.85	46.4986	1	-1	0.10767	97.8551
0.00245983	11.85	46.4986	4	-1	0.10767	97.8551
0.00248697	11.85	46.4883	2	-1	0.10769	97.7756
0.00248703	11.85	46.483	3	-1	0.1077	97.7846
0.00251438	11.85	46.4787	1	-1	0.10772	97.8028
0.00251438	11.85	46.4787	4	-1	0.10772	97.8028
0.00254153	11.85	46.4686	2	-1	0.10774	97.7322
0.0025416	11.85	46.4629	3	-1	0.10775	97.7413
0.00256897	11.85	46.4585	4	-1	0.10777	97.7594
0.00256898	11.85	46.458	1	-1	0.10778	97.7685
0.00259616	11.85	46.4477	2	-1	0.1078	97.6803
0.00259622	11.85	46.442	3	-1	0.1078	97.6803
0.00262362	11.85	46.438	4	-1	0.10782	97.6984
0.00262363	11.85	46.4376	1	-1	0.10783	97.7075
0.00265083	11.85	46.4276	2	-1	0.10785	97.6372
0.00265089	11.85	46.422	3	-1	0.10785	97.6372
0.00267833	11.85	46.4176	4	-1	0.10787	97.6553
0.00267833	11.85	46.4172	1	-1	0.10788	97.6643
0.00270556	11.85	46.4076	2	-1	0.1079	97.5941
0.00270563	11.85	46.4015	3	-1	0.10791	97.6031
0.00273308	11.85	46.3979	1	-1	0.10793	97.6212
0.00273308	11.85	46.3979	4	-1	0.10793	97.6212
0.00276033	11.85	46.3878	2	-1	0.10795	97.5422
0.00276041	11.85	46.3813	3	-1	0.10796	97.5513
0.00278789	11.85	46.3777	4	-1	0.10798	97.5694
0.0027879	11.85	46.3773	1	-1	0.10799	97.5784
0.00281517	11.85	46.3676	2	-1	0.108	97.4905
0.00281524	11.85	46.3606	3	-1	0.10801	97.4995
0.00284275	11.85	46.3579	4	-1	0.10803	97.5176
0.00284276	11.85	46.3575	1	-1	0.10804	97.5266
0.00287005	11.85	46.3473	2	-1	0.10806	97.4479
0.00287013	11.85	46.3404	3	-1	0.10806	97.4479
0.00289767	11.85	46.3373	4	-1	0.10808	97.466
0.00289767	11.85	46.3369	1	-1	0.10809	97.475
0.00292499	11.85	46.3272	2	-1	0.10811	97.4052
0.00292507	11.85	46.3199	3	-1	0.10812	97.4142
0.00295263	11.85	46.3176	4	-1	0.10813	97.4232
0.00295264	11.85	46.3172	1	-1	0.10814	97.4322
0.00297998	11.85	46.3071	2	-1	0.10816	97.3537
0.00298007	11.85	46.2993	3	-1	0.10817	97.3627
0.00300766	11.85	46.2972	4	-1	0.10819	97.3807
0.00300766	11.85	46.2967	1	-1	0.1082	97.3897
0.00303502	11.85	46.287	2	-1	0.10821	97.3024
0.00303512	11.85	46.2789	3	-1	0.10822	97.3114
0.00306273	11.85	46.2775	4	-1	0.10824	97.3294
0.00306273	11.85	46.2771	1	-1	0.10825	97.3384
0.00309012	11.85	46.267	2	-1	0.10827	97.2602
0.00309022	11.85	46.2588	3	-1	0.10827	97.2602
0.00311786	11.85	46.2571	4	-1	0.10829	97.2781
0.00311786	11.85	46.2567	1	-1	0.1083	97.2871
0.00314528	11.85	46.247	2	-1	0.10832	97.2177
0.00314537	11.85	46.2385	3	-1	0.10833	97.2267
0.00317304	11.85	46.2376	4	-1	0.10834	97.2357
0.00317304	11.85	46.2372	1	-1	0.10835	97.2447
0.00320048	11.85	46.227	2	-1	0.10837	97.1667
0.00320058	11.85	46.2181	3	-1	0.10838	97.1756
0.00322827	11.85	46.2173	4	-1	0.1084	97.1936
0.00322828	11.85	46.2169	1	-1	0.10841	97.2025
0.00325573	11.85	46.2072	2	-1	0.10842	97.1157
0.00325584	11.85	46.1978	3	-1	0.10843	97.1247
0.00328356	11.85	46.1978	4	-1	0.10845	97.1426
0.00328356	11.85	46.1974	1	-1	0.10846	97.1516
0.00331104	11.85	46.1872	2	-1	0.10847	97.0649
0.00331115	11.85	46.1775	3	-1	0.10848	97.0738
0.0033389	11.85	46.1776	4	-1	0.1085	97.0917
0.0033389	11.85	46.1771	1	-1	0.10851	97.1007
0.00336641	11.85	46.1667	2	-1	0.10853	97.0231
0.00336653	11.85	46.1565	3	-1	0.10854	97.032
0.0033943	11.85	46.1576	4	-1	0.10855	97.0409
0.0033943	11.85	46.1572	1	-1	0.10856	97.0499
0.00342182	11.85	46.1471	2	-1	0.10858	96.9811
0.00342195	11.85	46.1366	3	-1	0.10859	96.99
0.00344974	11.85	46.1376	4	-1	0.1086	96.9989
0.00344975	11.85	46.1372	1	-1	0.10861	97.0079
0.00347729	11.85	46.1268	2	-1	0.10863	96.9305
0.00347742	11.85	46.1158	3	-1	0.10864	96.9394
0.00350524	11.85	46.1179	4	-1	0.10866	96.9573
0.00350525	11.85	46.1175	1	-1	0.10867	96.9662
0.00353281	11.85	46.1075	2	-1	0.10868	96.88
0.00353294	11.85	46.0961	3	-1	0.10869	96.8889
0.0035608	11.85	46.0981	4	-1	0.10871	96.9068
0.0035608	11.85	46.0977	1	-1	0.10872	96.9157
0.00358839	11.85	46.0874	2	-1	0.10874	96.8385
0.00358853	11.85	46.0756	3	-1	0.10875	96.8474
0.00361641	11.85	46.0778	4	-1	0.10876	96.8564
0.00361641	11.85	46.0773	1	-1	0.10877	96.8653
0.00364402	11.85	46.0675	2	-1	0.10879	96.7969
0.00364417	11.85	46.0553	3	-1	0.1088	96.8058
0.00367206	11.85	46.0584	4	-1	0.10881	96.8147
0.00367207	11.85	46.0579	1	-1	0.10882	96.8236
0.00369971	11.85	46.0476	2	-1	0.10884	96.7467
0.00369985	11.85	46.035	3	-1	0.10885	96.7556
0.00372778	11.85	46.0383	4	-1	0.10887	96.7733
0.00372779	11.85	46.0379	1	-1	0.10888	96.7822
0.00375544	11.85	46.028	2	-1	0.10889	96.6966
0.0037556	11.85	46.015	3	-1	0.1089	96.7054
0.00378355	11.85	46.0191	4	-1	0.10892	96.7232
0.00378355	11.85	46.0187	1	-1	0.10893	96.7321
0.00381123	11.85	46.0083	2	-1	0.10894	96.6466
0.00381139	11.85	45.995	3	-1	0.10895	96.6554
0.00383937	11.85	45.9991	4	-1	0.10897	96.6732
0.00383937	11.85	45.9987	1	-1	0.10898	96.682
0.00386707	11.85	45.9881	2	-1	0.109	96.6055
0.00386724	11.85	45.9744	3	-1	0.10901	96.6144
0.00389525	11.85	45.9795	4	-1	0.10902	96.6232
0.00389525	11.85	45.979	1	-1	0.10903	96.6321
0.00392297	11.85	45.9689	2	-1	0.10905	96.5642
0.00392314	11.85	45.9547	3	-1	0.10906	96.5731
0.00395117	11.85	45.9598	4	-1	0.10907	96.582
0.00395118	11.85	45.9594	1	-1	0.10908	96.5908
0.00397892	11.85	45.9489	2	-1	0.1091	96.5145
0.00397909	11.85	45.9343	3	-1	0.10911	96.5234
0.00400715	11.85	45.9397	4	-1	0.10913	96.541
0.00400716	11.85	45.9393	1	-1	0.10914	96.5499
0.00403492	11.85	45.9292	2	-1	0.10915	96.4649
0.0040351	11.85	45.9143	3	-1	0.10916	96.4737
0.00406319	11.85	45.9205	4	-1	0.10918	96.4914
0.00406319	11.85	45.9201	1	-1	0.10919	96.5002
0.00409098	11.85	45.9096	2	-1	0.1092	96.4153
0.00409117	11.85	45.8939	3	-1	0.10922	96.433
0.00411928	11.85	45.9006	4	-1	0.10923	96.4418
0.00411928	11.85	45.9002	1	-1	0.10924	96.4506
0.00414709	11.85	45.8895	2	-1	0.10926	96.3747
0.00414728	11.85	45.8734	3	-1	0.10927	96.3835
0.00417542	11.85	45.8811	4	-1	0.10928	96.3923
0.00417542	11.85	45.8807	1	-1	0.10929	96.4012
0.00420325	11.85	45.8704	2	-1	0.10931	96.3338
0.00420345	11.85	45.8539	3	-1	0.10932	96.3426
0.00423161	11.85	45.8616	4	-1	0.10933	96.3515
0.00423162	11.85	45.8612	1	-1	0.10934	96.3603
0.00425947	11.85	45.8505	2	-1	0.10936	96.2846
0.00425967	11.85	45.8336	3	-1	0.10937	96.2934
0.00428786	11.85	45.8416	4	-1	0.10939	96.311
0.00428787	11.85	45.8412	1	-1	0.1094	96.3198
0.00431574	11.85	45.831	2	-1	0.10941	96.2354
0.00431596	11.85	45.8134	3	-1	0.10943	96.253
0.00434417	11.85	45.8226	4	-1	0.10944	96.2618
0.00434417	11.85	45.8222	1	-1	0.10945	96.2706
0.00437206	11.85	45.8116	2	-1	0.10946	96.1863
0.00437229	11.85	45.7931	3	-1	0.10948	96.2039
0.00440052	11.85	45.803	4	-1	0.10949	96.2127
0.00440053	11.85	45.8025	1	-1	0.1095	96.2214
0.00442844	11.85	45.7916	2	-1	0.10952	96.1461
0.00442867	11.85	45.7728	3	-1	0.10953	96.1549
0.00445693	11.85	45.7829	4	-1	0.10954	96.1636
0.00445694	11.85	45.7824	1	-1	0.10955	96.1724
0.00448488	11.85	45.7721	2	-1	0.10957	96.1056
0.00448511	11.85	45.7529	3	-1	0.10958	96.1144
0.00451339	11.85	45.7638	4	-1	0.10959	96.1231
0.0045134	11.85	45.7634	1	-1	0.1096	96.1319
0.00454136	11.85	45.7526	2	-1	0.10962	96.0568
0.00454161	11.85	45.7326	3	-1	0.10964	96.0743
0.00456991	11.85	45.7442	4	-1	0.10965	96.0831
0.00456992	11.85	45.7438	1	-1	0.10966	96.0918
0.0045979	11.85	45.7327	2	-1	0.10967	95.9996
0.00459815	11.85	45.7119	3	-1	0.10969	96.0172
0.00462648	11.85	45.7242	4	-1	0.1097	96.0259
0.00462649	11.85	45.7238	1	-1	0.10971	96.0347
0.0046545	11.85	45.7132	2	-1	0.10973	95.9682
0.00465476	11.85	45.6921	3	-1	0.10974	95.9769
0.00468311	11.85	45.7052	4	-1	0.10975	95.9857
0.00468311	11.85	45.7048	1	-1	0.10976	95.9944
0.00471115	11.85	45.6939	2	-1	0.10978	95.9196
0.00471141	11.85	45.6724	3	-1	0.10979	95.9284
0.00473978	11.85	45.6857	4	-1	0.1098	95.9371
0.00473979	11.85	45.6852	1	-1	0.10981	95.9458
0.00476785	11.85	45.674	2	-1	0.10983	95.8712
0.00476812	11.85	45.6518	3	-1	0.10985	95.8886
0.00479652	11.85	45.6658	4	-1	0.10986	95.8973
0.00479653	11.85	45.6654	1	-1	0.10987	95.9061
0.00482461	11.85	45.6546	2	-1	0.10988	95.8228
0.00482489	11.85	45.6316	3	-1	0.1099	95.8402
0.00485331	11.85	45.6469	4	-1	0.10991	95.849
0.00485331	11.85	45.6465	1	-1	0.10992	95.8577
0.00488142	11.85	45.6354	2	-1	0.10994	95.7832
0.00488171	11.85	45.6121	3	-1	0.10995	95.7919
0.00491015	11.85	45.6275	4	-1	0.10996	95.8007
0.00491015	11.85	45.6271	1	-1	0.10997	95.8094
0.00493828	11.85	45.6157	2	-1	0.10999	95.7351
0.00493858	11.85	45.592	3	-1	0.11	95.7438
0.00496704	11.85	45.6077	4	-1	0.11001	95.7525
0.00496705	11.85	45.6073	1	-1	0.11002	95.7612
0.0049952	11.85	45.5964	2	-1	0.11004	95.6953
0.0049955	11.85	45.5723	3	-1	0.11005	95.704
0.00502399	11.85	45.5889	4	-1	0.11006	95.7127
0.00502399	11.85	45.5885	1	-1	0.11007	95.7214
0.00505217	11.85	45.5772	2	-1	0.11009	95.6473
0.00505248	11.85	45.5524	3	-1	0.11011	95.6646
0.00508099	11.85	45.5696	4	-1	0.11012	95.6733
0.005081	11.85	45.5692	1	-1	0.11013	95.682
0.0051092	11.85	45.5576	2	-1	0.11014	95.591
0.00510951	11.85	45.532	3	-1	0.11016	95.6084
0.00513805	11.85	45.5499	4	-1	0.11017	95.6171
0.00513806	11.85	45.5495	1	-1	0.11018	95.6258
0.00516628	11.85	45.5377	2	-1	0.1102	95.5519
0.0051666	11.85	45.5118	3	-1	0.11021	95.5606
0.00519516	11.85	45.5307	4	-1	0.11022	95.5692
0.00519517	11.85	45.5303	1	-1	0.11023	95.5779
0.00522341	11.85	45.519	2	-1	0.11025	95.5124
0.00522374	11.85	45.4927	3	-1	0.11026	95.5211
0.00525233	11.85	45.5116	4	-1	0.11027	95.5298
0.00525233	11.85	45.5112	1	-1	0.11028	95.5384
0.0052806	11.85	45.4996	2	-1	0.1103	95.4648
0.00528094	11.85	45.4726	3	-1	0.11032	95.4821
0.00530955	11.85	45.4922	4	-1	0.11033	95.4907
0.00530955	11.85	45.4918	1	-1	0.11034	95.4994
0.00533784	11.85	45.4799	2	-1	0.11035	95.409
0.00533819	11.85	45.4522	3	-1	0.11037	95.4262
0.00536683	11.85	45.4725	4	-1	0.11038	95.4349
0.00536683	11.85	45.4721	1	-1	0.11039	95.4435
0.00539514	11.85	45.4608	2	-1	0.11041	95.3784
0.0053955	11.85	45.4327	3	-1	0.11042	95.387
0.00542415	11.85	45.4539	4	-1	0.11043	95.3956
0.00542416	11.85	45.4535	1	-1	0.11044	95.4043
0.0054525	11.85	45.4418	2	-1	0.11046	95.331
0.00545285	11.85	45.4134	3	-1	0.11047	95.3396
0.00548153	11.85	45.4348	4	-1	0.11048	95.3482
0.00548154	11.85	45.4344	1	-1	0.11049	95.3569
0.0055099	11.85	45.4224	2	-1	0.11051	95.2837
0.00551026	11.85	45.3936	3	-1	0.11052	95.2923
0.00553897	11.85	45.4152	4	-1	0.11053	95.3009
0.00553897	11.85	45.4148	1	-1	0.11054	95.3095
0.00556736	11.85	45.4026	2	-1	0.11056	95.2365
0.00556773	11.85	45.3731	3	-1	0.11058	95.2537
0.00559646	11.85	45.3956	4	-1	0.11059	95.2623
0.00559647	11.85	45.3952	1	-1	0.1106	95.2709
0.00562488	11.85	45.3836	2	-1	0.11062	95.1979
0.00562526	11.85	45.3537	3	-1	0.11063	95.2065
0.005654	11.85	45.3771	4	-1	0.11064	95.2151
0.00565401	11.85	45.3767	1	-1	0.11065	95.2238
0.00568245	11.85	45.3647	2	-1	0.11067	95.1509
0.00568283	11.85	45.3345	3	-1	0.11068	95.1595
0.0057116	11.85	45.358	4	-1	0.11069	95.1681
0.00571161	11.85	45.3576	1	-1	0.1107	95.1767
0.00574007	11.85	45.3454	2	-1	0.11072	95.1039
0.00574046	11.85	45.3149	3	-1	0.11073	95.1125
0.00576926	11.85	45.3386	4	-1	0.11074	95.1211
0.00576926	11.85	45.3382	1	-1	0.11075	95.1297
0.00579775	11.85	45.3258	2	-1	0.11077	95.0571
0.00579814	11.85	45.2945	3	-1	0.11079	95.0742
0.00582697	11.85	45.3191	4	-1	0.1108	95.0828
0.00582697	11.85	45.3187	1	-1	0.11081	95.0914
0.00585548	11.85	45.3069	2	-1	0.11083	95.0189
0.00585589	11.85	45.2753	3	-1	0.11084	95.0274
0.00588473	11.85	45.3007	4	-1	0.11085	95.036
0.00588473	11.85	45.3003	1	-1	0.11086	95.0446
0.00591327	11.85	45.2881	2	-1	0.11088	94.9722
0.00591368	11.85	45.2562	3	-1	0.11089	94.9807
0.00594255	11.85	45.2818	4	-1	0.1109	94.9893
0.00594255	11.85	45.2814	1	-1	0.11091	94.9979
0.00597111	11.85	45.2689	2	-1	0.11093	94.9256
0.00597152	11.85	45.2367	3	-1	0.11094	94.9341
0.00600042	11.85	45.2625	4	-1	0.11095	94.9427
0.00600042	11.85	45.2621	1	-1	0.11096	94.9512
0.00602901	11.85	45.2495	2	-1	0.11098	94.879
0.00602943	11.85	45.2165	3	-1	0.111	94.8961
0.00605834	11.85	45.2431	4	-1	0.111	94.8961
0.00605835	11.85	45.2427	1	-1	0.11101	94.9047
0.00608696	11.85	45.2298	2	-1	0.11103	94.8326
0.00608739	11.85	45.1962	3	-1	0.11105	94.8497
0.00611632	11.85	45.2239	4	-1	0.11106	94.8582
0.00611633	11.85	45.2235	1	-1	0.11107	94.8668
0.00614496	11.85	45.2112	2	-1	0.11109	94.7948
0.0061454	11.85	45.1768	3	-1	0.1111	94.8033
0.00617436	11.85	45.2055	4	-1	0.11111	94.8118
0.00617436	11.85	45.2051	1	-1	0.11112	94.8204
0.00620302	11.85	45.1924	2	-1	0.11114	94.7485
0.00620346	11.85	45.1578	3	-1	0.11115	94.757
0.00623245	11.85	45.1866	4	-1	0.11116	94.7656
0.00623245	11.85	45.1862	1	-1	0.11117	94.7741
0.00626113	11.85	45.1733	2	-1	0.11119	94.7023
0.00626158	11.85	45.1383	3	-1	0.1112	94.7108
0.00629059	11.85	45.1674	4	-1	0.11121	94.7194
0.00629059	11.85	45.1671	1	-1	0.11122	94.7279
0.0063193	11.85	45.1539	2	-1	0.11124	94.6562
0.00631976	11.85	45.1183	3	-1	0.11126	94.6732
0.00634879	11.85	45.1482	4	-1	0.11127	94.6818
0.0063488	11.85	45.1478	1	-1	0.11128	94.6903
0.00637753	11.85	45.1346	2	-1	0.1113	94.6107
0.00637799	11.85	45.0986	3	-1	0.11131	94.6192
0.00640705	11.85	45.1288	4	-1	0.11132	94.6277
0.00640705	11.85	45.1285	1	-1	0.11133	94.6362
0.00643581	11.85	45.1151	2	-1	0.11135	94.5648
0.00643628	11.85	45.0788	3	-1	0.11136	94.5732
0.00646536	11.85	45.1101	4	-1	0.11137	94.5817
0.00646536	11.85	45.1097	1	-1	0.11138	94.5902
0.00649414	11.85	45.0969	2	-1	0.1114	94.5269
0.00649461	11.85	45.0603	3	-1	0.11141	94.5354
0.00652372	11.85	45.0917	4	-1	0.11142	94.5439
0.00652372	11.85	45.0913	1	-1	0.11143	94.5524
0.00655252	11.85	45.0781	2	-1	0.11145	94.4812
0.00655301	11.85	45.0408	3	-1	0.11147	94.4981
0.00658213	11.85	45.0729	4	-1	0.11147	94.4981
0.00658214	11.85	45.0725	1	-1	0.11148	94.5066
0.00661096	11.85	45.059	2	-1	0.1115	94.4355
0.00661146	11.85	45.0211	3	-1	0.11152	94.4524
0.00664061	11.85	45.0539	4	-1	0.11153	94.4609
0.00664061	11.85	45.0535	1	-1	0.11154	94.4694
0.00666946	11.85	45.0399	2	-1	0.11156	94.3904
0.00666996	11.85	45.0017	3	-1	0.11157	94.3988
0.00669914	11.85	45.0348	4	-1	0.11158	94.4073
0.00669914	11.85	45.0344	1	-1	0.11159	94.4158
0.00672802	11.85	45.0207	2	-1	0.11161	94.3449
0.00672852	11.85	44.9821	3	-1	0.11162	94.3533
0.00675772	11.85	45.0156	4	-1	0.11163	94.3618
0.00675773	11.85	45.0152	1	-1	0.11164	94.3702
0.00678662	11.85	45.0013	2	-1	0.11166	94.2995
0.00678714	11.85	44.9621	3	-1	0.11168	94.3164
0.00681636	11.85	44.9966	4	-1	0.11168	94.3164
0.00681636	11.85	44.9963	1	-1	0.11169	94.3248
0.00684529	11.85	44.9829	2	-1	0.11172	94.2705
0.00684581	11.85	44.943	3	-1	0.11173	94.279
0.00687505	11.85	44.9787	4	-1	0.11174	94.2874
0.00687506	11.85	44.9783	1	-1	0.11175	94.2958
0.006904	11.85	44.9646	2	-1	0.11177	94.2173
0.00690453	11.85	44.9244	3	-1	0.11178	94.2257
0.0069338	11.85	44.9602	4	-1	0.11179	94.2342
0.0069338	11.85	44.9598	1	-1	0.1118	94.2426
0.00696277	11.85	44.9459	2	-1	0.11182	94.1721
0.00696331	11.85	44.9054	3	-1	0.11183	94.1806
0.0069926	11.85	44.9414	4	-1	0.11184	94.189
0.0069926	11.85	44.941	1	-1	0.11185	94.1974
0.0070216	11.85	44.9269	2	-1	0.11187	94.1271
0.00702214	11.85	44.8861	3	-1	0.11188	94.1355
0.00705145	11.85	44.9225	4	-1	0.11189	94.1439
0.00705146	11.85	44.9221	1	-1	0.1119	94.1523
0.00708048	11.85	44.9078	2	-1	0.11192	94.082
0.00708103	11.85	44.8664	3	-1	0.11194	94.0989
0.00711036	11.85	44.9035	4	-1	0.11194	94.0989
0.00711037	11.85	44.9031	1	-1	0.11195	94.1073
0.00713942	11.85	44.8887	2	-1	0.11198	94.0455
0.00713998	11.85	44.847	3	-1	0.11199	94.0539
0.00716933	11.85	44.8845	4	-1	0.112	94.0623
0.00716934	11.85	44.8841	1	-1	0.11201	94.0707
0.00719841	11.85	44.8696	2	-1	0.11203	93.9928
0.00719897	11.85	44.8276	3	-1	0.11204	94.0012
0.00722836	11.85	44.8655	4	-1	0.11205	94.0096
0.00722836	11.85	44.8651	1	-1	0.11206	94.018
0.00725746	11.85	44.8505	2	-1	0.11208	93.948
0.00725803	11.85	44.8078	3	-1	0.1121	93.9648
0.00728744	11.85	44.8465	4	-1	0.1121	93.9648
0.00728744	11.85	44.8461	1	-1	0.11211	93.9732
0.00731657	11.85	44.8314	2	-1	0.11214	93.9117
0.00731715	11.85	44.7885	3	-1	0.11215	93.9201
0.00734657	11.85	44.8276	4	-1	0.11216	93.9285
0.00734658	11.85	44.8272	1	-1	0.11217	93.9369
0.00737573	11.85	44.8124	2	-1	0.11219	93.8593
0.00737631	11.85	44.7691	3	-1	0.1122	93.8676
0.00740577	11.85	44.8093	4	-1	0.11221	93.876
0.00740577	11.85	44.809	1	-1	0.11222	93.8844
0.00743495	11.85	44.7946	2	-1	0.11224	93.8226
0.00743553	11.85	44.7511	3	-1	0.11225	93.831
0.00746501	11.85	44.7914	4	-1	0.11226	93.8393
0.00746501	11.85	44.791	1	-1	0.11227	93.8477
0.00749421	11.85	44.7764	2	-1	0.11229	93.7782
0.0074948	11.85	44.7326	3	-1	0.1123	93.7865
0.0075243	11.85	44.7731	4	-1	0.11231	93.7949
0.00752431	11.85	44.7727	1	-1	0.11232	93.8032
0.00755353	11.85	44.7579	2	-1	0.11234	93.7338
0.00755413	11.85	44.7138	3	-1	0.11235	93.7422
0.00758365	11.85	44.7545	4	-1	0.11236	93.7505
0.00758366	11.85	44.7542	1	-1	0.11237	93.7589
0.00761291	11.85	44.7392	2	-1	0.11239	93.6896
0.00761351	11.85	44.6944	3	-1	0.11241	93.7062
0.00764306	11.85	44.7359	4	-1	0.11241	93.7062
0.00764306	11.85	44.7355	1	-1	0.11242	93.7146
0.00767234	11.85	44.7204	2	-1	0.11245	93.6537
0.00767295	11.85	44.6754	3	-1	0.11246	93.662
0.00770252	11.85	44.7173	4	-1	0.11247	93.6704
0.00770253	11.85	44.717	1	-1	0.11248	93.6787
0.00773183	11.85	44.7017	2	-1	0.1125	93.6018
0.00773245	11.85	44.6564	3	-1	0.11251	93.6101
0.00776204	11.85	44.6987	4	-1	0.11252	93.6184
0.00776205	11.85	44.6983	1	-1	0.11253	93.6268
0.00779138	11.85	44.6829	2	-1	0.11255	93.5578
0.00779199	11.85	44.6373	3	-1	0.11256	93.5661
0.00782161	11.85	44.6799	4	-1	0.11257	93.5744
0.00782162	11.85	44.6796	1	-1	0.11258	93.5827
0.00785098	11.85	44.6642	2	-1	0.11261	93.5221
0.0078516	11.85	44.6184	3	-1	0.11262	93.5304
0.00788124	11.85	44.6613	4	-1	0.11262	93.5304
0.00788125	11.85	44.6609	1	-1	0.11263	93.5387
0.00791064	11.85	44.6454	2	-1	0.11266	93.4783
0.00791126	11.85	44.5993	3	-1	0.11267	93.4866
0.00794093	11.85	44.6427	4	-1	0.11268	93.4949
0.00794093	11.85	44.6423	1	-1	0.11269	93.5032
0.00797035	11.85	44.6267	2	-1	0.11271	93.4267
0.00797098	11.85	44.5803	3	-1	0.11272	93.435
0.00800067	11.85	44.6241	4	-1	0.11273	93.4433
0.00800068	11.85	44.6237	1	-1	0.11274	93.4516
0.00803011	11.85	44.6079	2	-1	0.11276	93.383
0.00803075	11.85	44.5613	3	-1	0.11277	93.3913
0.00806047	11.85	44.6054	4	-1	0.11278	93.3996
0.00806047	11.85	44.605	1	-1	0.11279	93.4079
0.00808994	11.85	44.5893	2	-1	0.11282	93.3477
0.00809058	11.85	44.5424	3	-1	0.11283	93.3559
0.00812032	11.85	44.587	4	-1	0.11284	93.3642
0.00812033	11.85	44.5866	1	-1	0.11285	93.3725
0.00814982	11.85	44.5707	2	-1	0.11287	93.2964
0.00815047	11.85	44.5236	3	-1	0.11288	93.3047
0.00818023	11.85	44.5685	4	-1	0.11289	93.3129
0.00818024	11.85	44.5681	1	-1	0.1129	93.3212
0.00820975	11.85	44.5521	2	-1	0.11292	93.253
0.00821041	11.85	44.5047	3	-1	0.11293	93.2612
0.0082402	11.85	44.5499	4	-1	0.11294	93.2695
0.0082402	11.85	44.5496	1	-1	0.11295	93.2777
0.00826974	11.85	44.5335	2	-1	0.11297	93.2096
0.0082704	11.85	44.4858	3	-1	0.11298	93.2178
0.00830022	11.85	44.5314	4	-1	0.11299	93.2261
0.00830022	11.85	44.5311	1	-1	0.113	93.2343
0.00832979	11.85	44.515	2	-1	0.11303	93.1745
0.00833045	11.85	44.4671	3	-1	0.11304	93.1828
0.00836029	11.85	44.5131	4	-1	0.11305	93.191
0.0083603	11.85	44.5128	1	-1	0.11306	93.1992
0.00838989	11.85	44.4965	2	-1	0.11308	93.1236
0.00839056	11.85	44.4483	3	-1	0.11309	93.1318
0.00842043	11.85	44.4948	4	-1	0.1131	93.1401
0.00842043	11.85	44.4944	1	-1	0.11311	93.1483
0.00845005	11.85	44.4781	2	-1	0.11313	93.0805
0.00845073	11.85	44.4296	3	-1	0.11314	93.0887
0.00848061	11.85	44.4764	4	-1	0.11315	93.0969
0.00848062	11.85	44.476	1	-1	0.11316	93.1052
0.00851026	11.85	44.4596	2	-1	0.11318	93.0374
0.00851094	11.85	44.4109	3	-1	0.11319	93.0456
0.00854085	11.85	44.458	4	-1	0.1132	93.0538
0.00854086	11.85	44.4576	1	-1	0.11321	93.0621
0.00857053	11.85	44.4412	2	-1	0.11324	93.0026
0.00857122	11.85	44.3923	3	-1	0.11325	93.0108
0.00860116	11.85	44.4398	4	-1	0.11326	93.0191
0.00860116	11.85	44.4395	1	-1	0.11327	93.0273
0.00863086	11.85	44.4229	2	-1	0.11329	92.9521
0.00863155	11.85	44.3737	3	-1	0.1133	92.9603
0.00866151	11.85	44.4216	4	-1	0.11331	92.9685
0.00866152	11.85	44.4212	1	-1	0.11332	92.9767
0.00869124	11.85	44.4046	2	-1	0.11334	92.9093
0.00869193	11.85	44.3551	3	-1	0.11335	92.9175
0.00872192	11.85	44.4034	4	-1	0.11336	92.9256
0.00872193	11.85	44.403	1	-1	0.11337	92.9338
0.00875168	11.85	44.3862	2	-1	0.11339	92.8665
0.00875237	11.85	44.3365	3	-1	0.1134	92.8747
0.00878239	11.85	44.3851	4	-1	0.11341	92.8829
0.00878239	11.85	44.3848	1	-1	0.11342	92.8911
0.00881217	11.85	44.368	2	-1	0.11345	92.832
0.00881287	11.85	44.3184	3	-1	0.11345	92.832
0.0088429	11.85	44.3669	4	-1	0.11346	92.8402
0.00884291	11.85	44.3666	1	-1	0.11347	92.8484
0.00887272	11.85	44.3497	2	-1	0.1135	92.7894
0.00887342	11.85	44.2999	3	-1	0.11351	92.7976
0.00890348	11.85	44.3489	4	-1	0.11352	92.8058
0.00890349	11.85	44.3486	1	-1	0.11353	92.8139
0.00893332	11.85	44.3316	2	-1	0.11355	92.7393
0.00893403	11.85	44.2815	3	-1	0.11356	92.7475
0.00896411	11.85	44.3308	4	-1	0.11357	92.7556
0.00896412	11.85	44.3305	1	-1	0.11358	92.7638
0.00899398	11.85	44.3134	2	-1	0.1136	92.6969
0.00899469	11.85	44.263	3	-1	0.11361	92.705
0.0090248	11.85	44.3127	4	-1	0.11362	92.7132
0.00902481	11.85	44.3124	1	-1	0.11363	92.7213
0.00905469	11.85	44.2952	2	-1	0.11365	92.6545
0.00905541	11.85	44.2446	3	-1	0.11366	92.6626
0.00908554	11.85	44.2947	4	-1	0.11367	92.6708
0.00908555	11.85	44.2943	1	-1	0.11368	92.6789
0.00911546	11.85	44.2764	2	-1	0.11371	92.6128
0.00911618	11.85	44.226	3	-1	0.11371	92.6128
0.00914635	11.85	44.2758	4	-1	0.11373	92.6291
0.00914635	11.85	44.2755	1	-1	0.11374	92.6372
0.00917629	11.85	44.2577	2	-1	0.11376	92.5631
0.00917701	11.85	44.2066	3	-1	0.11377	92.5712
0.00920721	11.85	44.257	4	-1	0.11378	92.5793
0.00920721	11.85	44.2567	1	-1	0.11379	92.5875
0.00923717	11.85	44.2389	2	-1	0.11381	92.5209
0.0092379	11.85	44.1877	3	-1	0.11382	92.5291
0.00926812	11.85	44.2385	4	-1	0.11383	92.5372
0.00926813	11.85	44.2382	1	-1	0.11384	92.5453
0.00929812	11.85	44.2206	2	-1	0.11387	92.487
0.00929885	11.85	44.169	3	-1	0.11388	92.4951
0.00932909	11.85	44.2203	4	-1	0.11388	92.4951
0.0093291	11.85	44.22	1	-1	0.11389	92.5032
0.00935911	11.85	44.2023	2	-1	0.11392	92.445
0.00935986	11.85	44.1505	3	-1	0.11393	92.4531
0.00939012	11.85	44.2024	4	-1	0.11394	92.4613
0.00939013	11.85	44.202	1	-1	0.11395	92.4694
0.00942017	11.85	44.1842	2	-1	0.11397	92.3956
0.00942092	11.85	44.1322	3	-1	0.11398	92.4037
0.0094512	11.85	44.1844	4	-1	0.11399	92.4118
0.00945121	11.85	44.1841	1	-1	0.114	92.4199
0.00948128	11.85	44.1663	2	-1	0.11403	92.3619
0.00948203	11.85	44.1144	3	-1	0.11403	92.3619
0.00951234	11.85	44.1665	4	-1	0.11404	92.37
0.00951235	11.85	44.1662	1	-1	0.11405	92.3781
0.00954245	11.85	44.1483	2	-1	0.11408	92.3201
0.0095432	11.85	44.0966	3	-1	0.11408	92.3201
0.00957353	11.85	44.1487	4	-1	0.11409	92.3282
0.00957354	11.85	44.1483	1	-1	0.1141	92.3363
0.00960367	11.85	44.1304	2	-1	0.11413	92.2785
0.00960442	11.85	44.0788	3	-1	0.11413	92.2785
0.00963478	11.85	44.131	4	-1	0.11415	92.2946
0.00963479	11.85	44.1306	1	-1	0.11416	92.3027
0.00966495	11.85	44.1127	2	-1	0.11418	92.2294
0.0096657	11.85	44.0608	3	-1	0.11419	92.2375
0.00969609	11.85	44.1129	4	-1	0.1142	92.2456
0.0096961	11.85	44.1126	1	-1	0.11421	92.2536
0.00972628	11.85	44.0938	2	-1	0.11423	92.1804
0.00972704	11.85	44.0414	3	-1	0.11424	92.1885
0.00975746	11.85	44.0941	4	-1	0.11425	92.1966
0.00975746	11.85	44.0938	1	-1	0.11426	92.2046
0.00978767	11.85	44.0753	2	-1	0.11429	92.1471
0.00978843	11.85	44.0229	3	-1	0.11429	92.1471
0.00981888	11.85	44.0758	4	-1	0.1143	92.1551
0.00981888	11.85	44.0755	1	-1	0.11431	92.1632
0.00984912	11.85	44.057	2	-1	0.11434	92.1057
0.00984989	11.85	44.0044	3	-1	0.11435	92.1137
0.00988035	11.85	44.0579	4	-1	0.11436	92.1218
0.00988036	11.85	44.0576	1	-1	0.11437	92.1299
0.00991062	11.85	44.039	2	-1	0.11439	92.057
0.0099114	11.85	43.9862	3	-1	0.1144	92.065
0.00994189	11.85	44.0401	4	-1	0.11441	92.0731
0.00994189	11.85	44.0397	1	-1	0.11442	92.0811
0.00997219	11.85	44.0213	2	-1	0.11445	92.0238
0.00997296	11.85	43.9686	3	-1	0.11445	92.0238
0.0100035	11.85	44.0224	4	-1	0.11446	92.0318
0.0100035	11.85	44.0221	1	-1	0.11447	92.0399
0.0100338	11.85	44.0036	2	-1	0.1145	91.9826
0.0100346	11.85	43.951	3	-1	0.1145	91.9826
0.0100651	11.85	44.0048	4	-1	0.11451	91.9907
0.0100651	11.85	44.0044	1	-1	0.11452	91.9987
0.0100955	11.85	43.9852	2	-1	0.11455	91.9342
0.0100962	11.85	43.9327	3	-1	0.11455	91.9342
0.0101268	11.85	43.9861	4	-1	0.11457	91.9502
0.0101268	11.85	43.9857	1	-1	0.11458	91.9583
0.0101572	11.85	43.9668	2	-1	0.11461	91.8938
0.010158	11.85	43.9145	3	-1	0.11461	91.8938
0.0101886	11.85	43.9679	4	-1	0.11462	91.9019
0.0101886	11.85	43.9676	1	-1	0.11463	91.9099
0.010219	11.85	43.9488	2	-1	0.11466	91.8529
0.0102198	11.85	43.8965	3	-1	0.11466	91.8529
0.0102504	11.85	43.95	4	-1	0.11467	91.8609
0.0102504	11.85	43.9497	1	-1	0.11468	91.8689
0.0102808	11.85	43.9309	2	-1	0.11471	91.8121
0.0102816	11.85	43.8787	3	-1	0.11471	91.8121
0.0103123	11.85	43.9324	4	-1	0.11473	91.8281
0.0103123	11.85	43.9321	1	-1	0.11474	91.8361
0.0103427	11.85	43.9133	2	-1	0.11476	91.764
0.0103435	11.85	43.8613	3	-1	0.11476	91.764
0.0103742	11.85	43.9149	4	-1	0.11478	91.7799
0.0103742	11.85	43.9146	1	-1	0.11479	91.7879
0.0104047	11.85	43.8958	2	-1	0.11481	91.7233
0.0104055	11.85	43.8435	3	-1	0.11482	91.7312
0.0104362	11.85	43.8971	4	-1	0.11483	91.7392
0.0104362	11.85	43.8968	1	-1	0.11484	91.7472
0.0104667	11.85	43.8774	2	-1	0.11487	91.6833
0.0104675	11.85	43.8249	3	-1	0.11487	91.6833
0.0104982	11.85	43.8787	4	-1	0.11488	91.6913
0.0104982	11.85	43.8784	1	-1	0.11489	91.6993
0.0105288	11.85	43.8591	2	-1	0.11492	91.6427
0.0105296	11.85	43.8068	3	-1	0.11492	91.6427
0.0105603	11.85	43.8607	4	-1	0.11493	91.6507
0.0105603	11.85	43.8604	1	-1	0.11494	91.6587
0.0105909	11.85	43.8412	2	-1	0.11497	91.6023
0.0105917	11.85	43.7889	3	-1	0.11497	91.6023
0.0106225	11.85	43.8431	4	-1	0.11499	91.6182
0.0106225	11.85	43.8428	1	-1	0.115	91.6262
0.0106531	11.85	43.8237	2	-1	0.11503	91.5625
0.0106539	11.85	43.7716	3	-1	0.11503	91.5625
0.0106847	11.85	43.8258	4	-1	0.11504	91.5705
0.0106847	11.85	43.8254	1	-1	0.11505	91.5784
0.0107153	11.85	43.8064	2	-1	0.11508	91.5222
0.0107161	11.85	43.7543	3	-1	0.11508	91.5222
0.010747	11.85	43.8078	4	-1	0.11509	91.5301
0.010747	11.85	43.8074	1	-1	0.1151	91.5381
0.0107776	11.85	43.7877	2	-1	0.11513	91.4747
0.0107784	11.85	43.7358	3	-1	0.11513	91.4747
0.0108093	11.85	43.7897	4	-1	0.11515	91.4905
0.0108093	11.85	43.7893	1	-1	0.11516	91.4985
0.01084	11.85	43.7698	2	-1	0.11518	91.4272
0.0108408	11.85	43.718	3	-1	0.11518	91.4272
0.0108717	11.85	43.7719	4	-1	0.1152	91.4431
0.0108717	11.85	43.7716	1	-1	0.11521	91.451
0.0109024	11.85	43.7523	2	-1	0.11524	91.395
0.0109032	11.85	43.7006	3	-1	0.11524	91.395
0.0109341	11.85	43.7545	4	-1	0.11525	91.403
0.0109341	11.85	43.7542	1	-1	0.11526	91.4109
0.0109649	11.85	43.7349	2	-1	0.11529	91.355
0.0109657	11.85	43.6834	3	-1	0.11529	91.355
0.0109966	11.85	43.7366	4	-1	0.1153	91.3629
0.0109966	11.85	43.7362	1	-1	0.11531	91.3708
0.0110274	11.85	43.7163	2	-1	0.11534	91.3078
0.0110282	11.85	43.6649	3	-1	0.11534	91.3078
0.0110592	11.85	43.7185	4	-1	0.11536	91.3236
0.0110592	11.85	43.7182	1	-1	0.11537	91.3315
0.01109	11.85	43.6986	2	-1	0.1154	91.2686
0.0110908	11.85	43.6476	3	-1	0.11539	91.2607
0.0111218	11.85	43.7009	4	-1	0.11541	91.2765
0.0111218	11.85	43.7006	1	-1	0.11542	91.2844
0.0111526	11.85	43.6812	2	-1	0.11545	91.2288
0.0111534	11.85	43.6303	3	-1	0.11545	91.2288
0.0111845	11.85	43.6836	4	-1	0.11546	91.2367
0.0111845	11.85	43.6833	1	-1	0.11547	91.2446
0.0112153	11.85	43.6639	2	-1	0.1155	91.189
0.0112161	11.85	43.6131	3	-1	0.1155	91.189
0.0112472	11.85	43.6658	4	-1	0.11551	91.1969
0.0112472	11.85	43.6654	1	-1	0.11552	91.2048
0.0112781	11.85	43.6454	2	-1	0.11555	91.1421
0.0112789	11.85	43.5947	3	-1	0.11555	91.1421
0.01131	11.85	43.6478	4	-1	0.11557	91.1579
0.01131	11.85	43.6475	1	-1	0.11558	91.1658
0.0113409	11.85	43.6278	2	-1	0.11561	91.1032
0.0113417	11.85	43.5776	3	-1	0.1156	91.0954
0.0113728	11.85	43.6303	4	-1	0.11562	91.1111
0.0113728	11.85	43.63	1	-1	0.11563	91.119
0.0114038	11.85	43.6105	2	-1	0.11566	91.0637
0.0114045	11.85	43.5607	3	-1	0.11565	91.0558
0.0114357	11.85	43.6127	4	-1	0.11567	91.0716
0.0114357	11.85	43.6124	1	-1	0.11568	91.0794
0.0114667	11.85	43.5923	2	-1	0.11571	91.0171
0.0114675	11.85	43.5423	3	-1	0.11571	91.0171
0.0114986	11.85	43.5946	4	-1	0.11572	91.0249
0.0114987	11.85	43.5943	1	-1	0.11573	91.0328
0.0115297	11.85	43.5745	2	-1	0.11577	90.9855
0.0115305	11.85	43.5249	3	-1	0.11576	90.9777
0.0115617	11.85	43.5772	4	-1	0.11578	90.9934
0.0115617	11.85	43.5769	1	-1	0.11579	91.0013
0.0115927	11.85	43.5573	2	-1	0.11582	90.9391
0.0115935	11.85	43.5081	3	-1	0.11581	90.9312
0.0116247	11.85	43.56	4	-1	0.11583	90.9469
0.0116247	11.85	43.5597	1	-1	0.11584	90.9548
0.0116558	11.85	43.5396	2	-1	0.11587	90.8927
0.0116566	11.85	43.4908	3	-1	0.11586	90.8848
0.0116879	11.85	43.5418	4	-1	0.11588	90.9005
0.0116879	11.85	43.5414	1	-1	0.11589	90.9084
0.011719	11.85	43.5217	2	-1	0.11592	90.8535
0.0117197	11.85	43.4731	3	-1	0.11592	90.8535
0.011751	11.85	43.5243	4	-1	0.11594	90.8692
0.011751	11.85	43.524	1	-1	0.11595	90.877
0.0117822	11.85	43.5045	2	-1	0.11598	90.8151
0.011783	11.85	43.4563	3	-1	0.11597	90.8073
0.0118143	11.85	43.5073	4	-1	0.11599	90.823
0.0118143	11.85	43.5069	1	-1	0.116	90.8308
0.0118455	11.85	43.4869	2	-1	0.11603	90.769
0.0118462	11.85	43.4391	3	-1	0.11602	90.7612
0.0118776	11.85	43.4891	4	-1	0.11604	90.7768
0.0118776	11.85	43.4888	1	-1	0.11605	90.7846
0.0119088	11.85	43.4691	2	-1	0.11608	90.73
0.0119096	11.85	43.4215	3	-1	0.11608	90.73
0.0119409	11.85	43.4716	4	-1	0.11609	90.7378
0.0119409	11.85	43.4713	1	-1	0.1161	90.7457
0.0119722	11.85	43.4518	2	-1	0.11613	90.6911
0.0119729	11.85	43.4042	3	-1	0.11613	90.6911
0.0120043	11.85	43.4545	4	-1	0.11614	90.6989
0.0120044	11.85	43.4542	1	-1	0.11615	90.7068
0.0120356	11.85	43.4341	2	-1	0.11619	90.653
0.0120364	11.85	43.387	3	-1	0.11618	90.6452
0.0120678	11.85	43.4366	4	-1	0.1162	90.6608
0.0120678	11.85	43.4362	1	-1	0.11621	90.6686
0.0120991	11.85	43.4165	2	-1	0.11624	90.6072
0.0120999	11.85	43.3698	3	-1	0.11623	90.5994
0.0121314	11.85	43.4192	4	-1	0.11625	90.615
0.0121314	11.85	43.4188	1	-1	0.11626	90.6228
0.0121627	11.85	43.3994	2	-1	0.11629	90.5685
0.0121634	11.85	43.3527	3	-1	0.11629	90.5685
0.0121949	11.85	43.4022	4	-1	0.1163	90.5763
0.0121949	11.85	43.4019	1	-1	0.11631	90.5841
0.0122263	11.85	43.3817	2	-1	0.11634	90.5229
0.0122271	11.85	43.3352	3	-1	0.11634	90.5229
0.0122586	11.85	43.3843	4	-1	0.11636	90.5384
0.0122586	11.85	43.384	1	-1	0.11637	90.5462
0.01229	11.85	43.3643	2	-1	0.1164	90.4851
0.0122907	11.85	43.3182	3	-1	0.11639	90.4773
0.0123223	11.85	43.3671	4	-1	0.11641	90.4928
0.0123223	11.85	43.3667	1	-1	0.11642	90.5006
0.0123537	11.85	43.3473	2	-1	0.11645	90.4466
0.0123544	11.85	43.3016	3	-1	0.11644	90.4388
0.012386	11.85	43.3498	4	-1	0.11646	90.4544
0.012386	11.85	43.3495	1	-1	0.11647	90.4621
0.0124175	11.85	43.3295	2	-1	0.1165	90.4012
0.0124182	11.85	43.2836	3	-1	0.1165	90.4012
0.0124499	11.85	43.3321	4	-1	0.11651	90.4089
0.0124499	11.85	43.3318	1	-1	0.11652	90.4167
0.0124814	11.85	43.312	2	-1	0.11655	90.3628
0.0124821	11.85	43.2662	3	-1	0.11655	90.3628
0.0125137	11.85	43.315	4	-1	0.11657	90.3784
0.0125137	11.85	43.3147	1	-1	0.11658	90.3861
0.0125453	11.85	43.2952	2	-1	0.11661	90.3253
0.012546	11.85	43.2498	3	-1	0.1166	90.3176
0.0125777	11.85	43.2977	4	-1	0.11662	90.3331
0.0125777	11.85	43.2974	1	-1	0.11663	90.3408
0.0126092	11.85	43.2774	2	-1	0.11666	90.2801
0.0126099	11.85	43.2324	3	-1	0.11665	90.2724
0.0126416	11.85	43.2802	4	-1	0.11667	90.2879
0.0126417	11.85	43.2799	1	-1	0.11668	90.2956
0.0126732	11.85	43.2602	2	-1	0.11671	90.242
0.012674	11.85	43.2153	3	-1	0.11671	90.242
0.0127057	11.85	43.2628	4	-1	0.11672	90.2497
0.0127057	11.85	43.2625	1	-1	0.11673	90.2575
0.0127373	11.85	43.2424	2	-1	0.11677	90.2047
0.012738	11.85	43.1977	3	-1	0.11676	90.197
0.0127698	11.85	43.2453	4	-1	0.11678	90.2124
0.0127698	11.85	43.245	1	-1	0.11679	90.2202
0.0128015	11.85	43.2252	2	-1	0.11682	90.1598
0.0128022	11.85	43.1808	3	-1	0.11681	90.152
0.012834	11.85	43.2283	4	-1	0.11683	90.1675
0.012834	11.85	43.228	1	-1	0.11684	90.1752
0.0128656	11.85	43.2078	2	-1	0.11687	90.1149
0.0128664	11.85	43.1638	3	-1	0.11686	90.1072
0.0128982	11.85	43.2104	4	-1	0.11688	90.1226
0.0128982	11.85	43.2101	1	-1	0.11689	90.1303
0.0129299	11.85	43.1903	2	-1	0.11692	90.077
0.0129306	11.85	43.1464	3	-1	0.11692	90.077
0.0129625	11.85	43.1934	4	-1	0.11694	90.0924
0.0129625	11.85	43.1931	1	-1	0.11695	90.1002
0.0129942	11.85	43.1736	2	-1	0.11698	90.04
0.0129949	11.85	43.1302	3	-1	0.11697	90.0323
0.0130268	11.85	43.1761	4	-1	0.11699	90.0477
0.0130268	11.85	43.1758	1	-1	0.117	90.0554
0.0130586	11.85	43.156	2	-1	0.11703	89.9954
0.0130593	11.85	43.1129	3	-1	0.11702	89.9877
0.0130912	11.85	43.1588	4	-1	0.11704	90.0031
0.0130912	11.85	43.1585	1	-1	0.11705	90.0108
0.013123	11.85	43.1389	2	-1	0.11708	89.9577
0.0131237	11.85	43.096	3	-1	0.11708	89.9577
0.0131556	11.85	43.1417	4	-1	0.11709	89.9654
0.0131556	11.85	43.1414	1	-1	0.1171	89.9731
0.0131875	11.85	43.1214	2	-1	0.11714	89.9209
0.0131882	11.85	43.0785	3	-1	0.11713	89.9133
0.0132202	11.85	43.1244	4	-1	0.11715	89.9286
0.0132202	11.85	43.1241	1	-1	0.11716	89.9363
0.013252	11.85	43.1043	2	-1	0.11719	89.8765
0.0132527	11.85	43.0619	3	-1	0.11718	89.8689
0.0132847	11.85	43.1076	4	-1	0.1172	89.8842
0.0132847	11.85	43.1073	1	-1	0.11721	89.8919
0.0133166	11.85	43.0871	2	-1	0.11724	89.8322
0.0133173	11.85	43.045	3	-1	0.11723	89.8245
0.0133493	11.85	43.0898	4	-1	0.11725	89.8399
0.0133494	11.85	43.0895	1	-1	0.11726	89.8475
0.0133813	11.85	43.0699	2	-1	0.11729	89.7948
0.013382	11.85	43.0279	3	-1	0.11729	89.7948
0.013414	11.85	43.0729	4	-1	0.1173	89.8025
0.013414	11.85	43.0726	1	-1	0.11731	89.8101
0.013446	11.85	43.0526	2	-1	0.11735	89.7583
0.0134467	11.85	43.011	3	-1	0.11734	89.7507
0.0134788	11.85	43.0554	4	-1	0.11736	89.7659
0.0134788	11.85	43.0551	1	-1	0.11737	89.7736
0.0135108	11.85	43.0355	2	-1	0.1174	89.7142
0.0135115	11.85	42.9943	3	-1	0.11739	89.7066
0.0135436	11.85	43.0386	4	-1	0.11741	89.7218
0.0135436	11.85	43.0383	1	-1	0.11742	89.7295
0.0135756	11.85	43.0182	2	-1	0.11745	89.6702
0.0135763	11.85	42.9774	3	-1	0.11744	89.6625
0.0136084	11.85	43.0209	4	-1	0.11746	89.6778
0.0136084	11.85	43.0206	1	-1	0.11747	89.6854
0.0136405	11.85	43.001	2	-1	0.1175	89.6331
0.0136412	11.85	42.9603	3	-1	0.1175	89.6331
0.0136734	11.85	43.004	4	-1	0.11751	89.6407
0.0136734	11.85	43.0037	1	-1	0.11752	89.6483
0.0137054	11.85	42.9838	2	-1	0.11756	89.5968
0.0137061	11.85	42.9435	3	-1	0.11755	89.5892
0.0137383	11.85	42.9866	4	-1	0.11757	89.6045
0.0137383	11.85	42.9863	1	-1	0.11758	89.6121
0.0137705	11.85	42.9668	2	-1	0.11761	89.553
0.0137711	11.85	42.9269	3	-1	0.1176	89.5454
0.0138034	11.85	42.9698	4	-1	0.11762	89.5606
0.0138034	11.85	42.9695	1	-1	0.11763	89.5683
0.0138355	11.85	42.9496	2	-1	0.11766	89.5093
0.0138362	11.85	42.9098	3	-1	0.11766	89.5093
0.0138685	11.85	42.9523	4	-1	0.11767	89.5169
0.0138685	11.85	42.952	1	-1	0.11768	89.5245
0.0139006	11.85	42.9327	2	-1	0.11772	89.4801
0.0139013	11.85	42.8932	3	-1	0.11771	89.4725
0.0139336	11.85	42.9358	4	-1	0.11773	89.4877
0.0139336	11.85	42.9355	1	-1	0.11774	89.4953
0.0139658	11.85	42.9157	2	-1	0.11777	89.4297
0.0139665	11.85	42.8766	3	-1	0.11776	89.4221
0.0139988	11.85	42.9184	4	-1	0.11778	89.4373
0.0139988	11.85	42.9181	1	-1	0.11779	89.4449
0.0140311	11.85	42.8987	2	-1	0.11782	89.393
0.0140317	11.85	42.86	3	-1	0.11781	89.3854
0.0140641	11.85	42.9016	4	-1	0.11783	89.4006
0.0140641	11.85	42.9013	1	-1	0.11784	89.4082
0.0140964	11.85	42.8816	2	-1	0.11787	89.3496
0.014097	11.85	42.843	3	-1	0.11787	89.3496
0.0141294	11.85	42.8842	4	-1	0.11788	89.3572
0.0141294	11.85	42.8839	1	-1	0.11789	89.3648
0.0141617	11.85	42.8648	2	-1	0.11793	89.3206
0.0141624	11.85	42.8265	3	-1	0.11792	89.313
0.0141948	11.85	42.8678	4	-1	0.11794	89.3282
0.0141948	11.85	42.8675	1	-1	0.11795	89.3358
0.0142271	11.85	42.8479	2	-1	0.11798	89.2706
0.0142278	11.85	42.81	3	-1	0.11797	89.263
0.0142602	11.85	42.8505	4	-1	0.11799	89.2781
0.0142602	11.85	42.8502	1	-1	0.118	89.2857
0.0142926	11.85	42.831	2	-1	0.11803	89.2341
0.0142932	11.85	42.7936	3	-1	0.11802	89.2266
0.0143257	11.85	42.8335	4	-1	0.11804	89.2417
0.0143257	11.85	42.8332	1	-1	0.11805	89.2493
0.0143581	11.85	42.8137	2	-1	0.11808	89.191
0.0143588	11.85	42.776	3	-1	0.11808	89.191
0.0143913	11.85	42.8164	4	-1	0.11809	89.1986
0.0143913	11.85	42.8161	1	-1	0.1181	89.2061
0.0144237	11.85	42.797	2	-1	0.11814	89.1623
0.0144244	11.85	42.7597	3	-1	0.11813	89.1547
0.0144569	11.85	42.7995	4	-1	0.11815	89.1698
0.0144569	11.85	42.7992	1	-1	0.11816	89.1774
0.0144894	11.85	42.7797	2	-1	0.11819	89.1126
0.01449	11.85	42.7428	3	-1	0.11818	89.105
0.0145226	11.85	42.7826	4	-1	0.1182	89.1201
0.0145226	11.85	42.7823	1	-1	0.11821	89.1276
0.0145551	11.85	42.7632	2	-1	0.11824	89.0764
0.0145557	11.85	42.7266	3	-1	0.11823	89.0689
0.0145883	11.85	42.7656	4	-1	0.11825	89.0839
0.0145883	11.85	42.7653	1	-1	0.11826	89.0915
0.0146209	11.85	42.7461	2	-1	0.1183	89.0411
0.0146215	11.85	42.7099	3	-1	0.11829	89.0336
0.0146541	11.85	42.7491	4	-1	0.11831	89.0486
0.0146541	11.85	42.7488	1	-1	0.11832	89.0561
0.0146867	11.85	42.7292	2	-1	0.11835	88.9917
0.0146873	11.85	42.6934	3	-1	0.11834	88.9841
0.01472	11.85	42.7318	4	-1	0.11836	88.9992
0.01472	11.85	42.7315	1	-1	0.11837	89.0067
0.0147526	11.85	42.7125	2	-1	0.1184	88.9557
0.0147532	11.85	42.677	3	-1	0.11839	88.9482
0.0147859	11.85	42.7149	4	-1	0.11841	88.9632
0.0147859	11.85	42.7146	1	-1	0.11842	88.9707
0.0148185	11.85	42.6952	2	-1	0.11845	88.9131
0.0148191	11.85	42.6596	3	-1	0.11845	88.9131
0.0148518	11.85	42.6979	4	-1	0.11846	88.9206
0.0148519	11.85	42.6976	1	-1	0.11847	88.9281
0.0148845	11.85	42.6787	2	-1	0.11851	88.8847
0.0148851	11.85	42.6434	3	-1	0.1185	88.8772
0.0149179	11.85	42.6812	4	-1	0.11852	88.8922
0.0149179	11.85	42.6809	1	-1	0.11853	88.8997
0.0149506	11.85	42.6616	2	-1	0.11856	88.8356
0.0149512	11.85	42.6267	3	-1	0.11855	88.8281
0.014984	11.85	42.6645	4	-1	0.11857	88.8431
0.014984	11.85	42.6643	1	-1	0.11858	88.8506
0.0150167	11.85	42.6447	2	-1	0.11861	88.7932
0.0150173	11.85	42.6101	3	-1	0.1186	88.7857
0.0150501	11.85	42.6472	4	-1	0.11862	88.8007
0.0150501	11.85	42.6469	1	-1	0.11863	88.8082
0.0150829	11.85	42.6281	2	-1	0.11867	88.7651
0.0150835	11.85	42.594	3	-1	0.11866	88.7576
0.0151163	11.85	42.6304	4	-1	0.11868	88.7725
0.0151163	11.85	42.6301	1	-1	0.11869	88.78
0.0151491	11.85	42.611	2	-1	0.11872	88.7162
0.0151497	11.85	42.5772	3	-1	0.11871	88.7087
0.0151826	11.85	42.6138	4	-1	0.11873	88.7237
0.0151826	11.85	42.6135	1	-1	0.11874	88.7311
0.0152154	11.85	42.5941	2	-1	0.11877	88.674
0.015216	11.85	42.5606	3	-1	0.11876	88.6666
0.0152489	11.85	42.5965	4	-1	0.11878	88.6815
0.0152489	11.85	42.5962	1	-1	0.11879	88.689
0.0152818	11.85	42.5776	2	-1	0.11883	88.646
0.0152823	11.85	42.5445	3	-1	0.11882	88.6386
0.0153153	11.85	42.5804	4	-1	0.11884	88.6535
0.0153153	11.85	42.5801	1	-1	0.11885	88.6609
0.0153482	11.85	42.5611	2	-1	0.11888	88.5974
0.0153488	11.85	42.5284	3	-1	0.11887	88.59
0.0153817	11.85	42.5635	4	-1	0.11889	88.6049
0.0153817	11.85	42.5633	1	-1	0.1189	88.6123
0.0154147	11.85	42.5448	2	-1	0.11893	88.5621
0.0154152	11.85	42.5124	3	-1	0.11892	88.5546
0.0154482	11.85	42.5468	4	-1	0.11894	88.5695
0.0154482	11.85	42.5465	1	-1	0.11895	88.577
0.0154812	11.85	42.5277	2	-1	0.11898	88.5202
0.0154818	11.85	42.4957	3	-1	0.11897	88.5128
0.0155148	11.85	42.5302	4	-1	0.11899	88.5276
0.0155148	11.85	42.5299	1	-1	0.119	88.5351
0.0155478	11.85	42.511	2	-1	0.11904	88.4858
0.0155483	11.85	42.4796	3	-1	0.11902	88.471
0.0155814	11.85	42.5132	4	-1	0.11905	88.4933
0.0155814	11.85	42.513	1	-1	0.11906	88.5007
0.0156144	11.85	42.4948	2	-1	0.11909	88.4441
0.015615	11.85	42.4637	3	-1	0.11908	88.4367
0.0156481	11.85	42.4965	4	-1	0.1191	88.4515
0.0156481	11.85	42.4962	1	-1	0.11911	88.459
0.0156811	11.85	42.4778	2	-1	0.11914	88.4025
0.0156817	11.85	42.4471	3	-1	0.11913	88.395
0.0157148	11.85	42.48	4	-1	0.11915	88.4099
0.0157148	11.85	42.4797	1	-1	0.11916	88.4173
0.0157479	11.85	42.461	2	-1	0.11919	88.3609
0.0157485	11.85	42.4307	3	-1	0.11918	88.3535
0.0157816	11.85	42.4629	4	-1	0.1192	88.3683
0.0157816	11.85	42.4626	1	-1	0.11921	88.3757
0.0158147	11.85	42.4448	2	-1	0.11925	88.3333
0.0158153	11.85	42.4148	3	-1	0.11924	88.3259
0.0158485	11.85	42.4464	4	-1	0.11926	88.3407
0.0158485	11.85	42.4461	1	-1	0.11927	88.3481
0.0158816	11.85	42.4279	2	-1	0.1193	88.2854
0.0158822	11.85	42.3983	3	-1	0.11929	88.278
0.0159154	11.85	42.4297	4	-1	0.11931	88.2928
0.0159154	11.85	42.4294	1	-1	0.11932	88.3002
0.0159486	11.85	42.4109	2	-1	0.11935	88.244
0.0159491	11.85	42.3813	3	-1	0.11934	88.2366
0.0159824	11.85	42.4129	4	-1	0.11936	88.2514
0.0159824	11.85	42.4126	1	-1	0.11937	88.2588
0.0160156	11.85	42.3941	2	-1	0.11941	88.2101
0.0160161	11.85	42.3649	3	-1	0.1194	88.2027
0.0160494	11.85	42.396	4	-1	0.11942	88.2175
0.0160494	11.85	42.3957	1	-1	0.11943	88.2249
0.0160826	11.85	42.3778	2	-1	0.11946	88.1689
0.0160832	11.85	42.3489	3	-1	0.11945	88.1615
0.0161165	11.85	42.3793	4	-1	0.11947	88.1762
0.0161165	11.85	42.3791	1	-1	0.11948	88.1836
0.0161498	11.85	42.3609	2	-1	0.11951	88.1277
0.0161503	11.85	42.3324	3	-1	0.1195	88.1203
0.0161836	11.85	42.3629	4	-1	0.11952	88.1351
0.0161836	11.85	42.3626	1	-1	0.11953	88.1425
0.016217	11.85	42.3445	2	-1	0.11957	88.094
0.0162175	11.85	42.3166	3	-1	0.11955	88.0793
0.0162509	11.85	42.3462	4	-1	0.11958	88.1014
0.0162509	11.85	42.346	1	-1	0.11959	88.1087
0.0162842	11.85	42.3285	2	-1	0.11962	88.053
0.0162847	11.85	42.3009	3	-1	0.11961	88.0456
0.0163181	11.85	42.3298	4	-1	0.11963	88.0604
0.0163181	11.85	42.3295	1	-1	0.11964	88.0677
0.0163515	11.85	42.3118	2	-1	0.11967	88.0121
0.016352	11.85	42.2846	3	-1	0.11966	88.0047
0.0163855	11.85	42.3132	4	-1	0.11968	88.0194
0.0163855	11.85	42.3129	1	-1	0.11969	88.0268
0.0164189	11.85	42.2949	2	-1	0.11972	87.9712
0.0164194	11.85	42.2677	3	-1	0.11971	87.9638
0.0164529	11.85	42.2965	4	-1	0.11973	87.9785
0.0164529	11.85	42.2963	1	-1	0.11974	87.9859
0.0164863	11.85	42.2784	2	-1	0.11978	87.9377
0.0164868	11.85	42.2515	3	-1	0.11977	87.9304
0.0165203	11.85	42.2799	4	-1	0.11979	87.9451
0.0165203	11.85	42.2796	1	-1	0.1198	87.9524
0.0165538	11.85	42.2623	2	-1	0.11983	87.897
0.0165543	11.85	42.2357	3	-1	0.11982	87.8897
0.0165878	11.85	42.2634	4	-1	0.11984	87.9043
0.0165878	11.85	42.2631	1	-1	0.11985	87.9117
0.0166213	11.85	42.2456	2	-1	0.11988	87.8564
0.0166218	11.85	42.2194	3	-1	0.11987	87.849
0.0166554	11.85	42.2468	4	-1	0.11989	87.8637
0.0166554	11.85	42.2465	1	-1	0.1199	87.871
0.0166889	11.85	42.2289	2	-1	0.11994	87.8231
0.0166894	11.85	42.2031	3	-1	0.11992	87.8084
0.016723	11.85	42.2305	4	-1	0.11995	87.8304
0.016723	11.85	42.2302	1	-1	0.11996	87.8377
0.0167566	11.85	42.2126	2	-1	0.11999	87.7762
0.0167571	11.85	42.1871	3	-1	0.11998	87.7688
0.0167907	11.85	42.2138	4	-1	0.12	87.7835
0.0167907	11.85	42.2135	1	-1	0.12001	87.7908
0.0168243	11.85	42.1965	2	-1	0.12004	87.7421
0.0168248	11.85	42.1713	3	-1	0.12003	87.7348
0.0168584	11.85	42.1973	4	-1	0.12005	87.7494
0.0168585	11.85	42.1971	1	-1	0.12006	87.7567
0.0168921	11.85	42.1799	2	-1	0.12009	87.7017
0.0168925	11.85	42.155	3	-1	0.12008	87.6944
0.0169263	11.85	42.1808	4	-1	0.12011	87.7164
0.0169263	11.85	42.1805	1	-1	0.12012	87.7237
0.0169599	11.85	42.1634	2	-1	0.12015	87.6623
0.0169604	11.85	42.1388	3	-1	0.12014	87.655
0.0169941	11.85	42.1647	4	-1	0.12016	87.6696
0.0169941	11.85	42.1644	1	-1	0.12017	87.6769
0.0170278	11.85	42.1471	2	-1	0.1202	87.6221
0.0170283	11.85	42.1229	3	-1	0.12019	87.6148
0.0170621	11.85	42.148	4	-1	0.12021	87.6294
0.0170621	11.85	42.1478	1	-1	0.12022	87.6367
0.0170958	11.85	42.1305	2	-1	0.12025	87.5819
0.0170962	11.85	42.1066	3	-1	0.12024	87.5747
0.01713	11.85	42.1311	4	-1	0.12026	87.5892
0.0171301	11.85	42.1309	1	-1	0.12027	87.5965
0.0171638	11.85	42.1143	2	-1	0.1203	87.5482
0.0171643	11.85	42.0905	3	-1	0.1203	87.5482
0.0171981	11.85	42.115	4	-1	0.12032	87.5628
0.0171981	11.85	42.1147	1	-1	0.12033	87.57
0.0172319	11.85	42.098	2	-1	0.12036	87.5091
0.0172323	11.85	42.0744	3	-1	0.12035	87.5018
0.0172662	11.85	42.0985	4	-1	0.12037	87.5164
0.0172662	11.85	42.0982	1	-1	0.12038	87.5236
0.0173	11.85	42.0813	2	-1	0.12041	87.4691
0.0173005	11.85	42.0581	3	-1	0.1204	87.4619
0.0173344	11.85	42.0823	4	-1	0.12042	87.4764
0.0173344	11.85	42.082	1	-1	0.12043	87.4837
0.0173682	11.85	42.065	2	-1	0.12046	87.4292
0.0173687	11.85	42.0421	3	-1	0.12045	87.422
0.0174026	11.85	42.0659	4	-1	0.12048	87.4438
0.0174026	11.85	42.0656	1	-1	0.12049	87.451
0.0174365	11.85	42.0489	2	-1	0.12052	87.3903
0.0174369	11.85	42.0263	3	-1	0.12051	87.3831
0.0174709	11.85	42.0493	4	-1	0.12053	87.3976
0.0174709	11.85	42.049	1	-1	0.12054	87.4048
0.0175048	11.85	42.033	2	-1	0.12057	87.3569
0.0175052	11.85	42.0108	3	-1	0.12056	87.3497
0.0175392	11.85	42.0331	4	-1	0.12058	87.3642
0.0175392	11.85	42.0329	1	-1	0.12059	87.3714
0.0175732	11.85	42.0166	2	-1	0.12062	87.3172
0.0175736	11.85	41.9946	3	-1	0.12061	87.31
0.0176076	11.85	42.0166	4	-1	0.12063	87.3245
0.0176076	11.85	42.0164	1	-1	0.12064	87.3317
0.0176416	11.85	42.0001	2	-1	0.12068	87.2848
0.017642	11.85	41.9785	3	-1	0.12067	87.2776
0.0176761	11.85	42.0003	4	-1	0.12069	87.2921
0.0176761	11.85	42	1	-1	0.1207	87.2993
0.0177101	11.85	41.9835	2	-1	0.12073	87.239
0.0177105	11.85	41.9622	3	-1	0.12072	87.2317
0.0177446	11.85	41.9843	4	-1	0.12074	87.2462
0.0177446	11.85	41.984	1	-1	0.12075	87.2534
0.0177787	11.85	41.9675	2	-1	0.12078	87.1995
0.0177791	11.85	41.9464	3	-1	0.12077	87.1923
0.0178132	11.85	41.9678	4	-1	0.12079	87.2067
0.0178132	11.85	41.9675	1	-1	0.1208	87.2139
0.0178473	11.85	41.9511	2	-1	0.12083	87.1601
0.0178477	11.85	41.9301	3	-1	0.12083	87.1601
0.0178819	11.85	41.9514	4	-1	0.12085	87.1745
0.0178819	11.85	41.9511	1	-1	0.12086	87.1817
0.017916	11.85	41.9349	2	-1	0.12089	87.1216
0.0179164	11.85	41.9142	3	-1	0.12088	87.1144
0.0179506	11.85	41.9349	4	-1	0.1209	87.1289
0.0179506	11.85	41.9346	1	-1	0.12091	87.1361
0.0179847	11.85	41.9191	2	-1	0.12094	87.0886
0.0179851	11.85	41.8987	3	-1	0.12093	87.0814
0.0180193	11.85	41.9188	4	-1	0.12095	87.0958
0.0180194	11.85	41.9185	1	-1	0.12096	87.103
0.0180535	11.85	41.9027	2	-1	0.12099	87.0494
0.0180539	11.85	41.8824	3	-1	0.12099	87.0494
0.0180882	11.85	41.9025	4	-1	0.121	87.0566
0.0180882	11.85	41.9023	1	-1	0.12101	87.0638
0.0181224	11.85	41.8863	2	-1	0.12105	87.0175
0.0181228	11.85	41.8663	3	-1	0.12104	87.0103
0.0181571	11.85	41.8863	4	-1	0.12106	87.0247
0.0181571	11.85	41.8861	1	-1	0.12107	87.0318
0.0181913	11.85	41.8699	2	-1	0.1211	86.9721
0.0181917	11.85	41.8502	3	-1	0.12109	86.965
0.018226	11.85	41.8698	4	-1	0.12111	86.9793
0.018226	11.85	41.8696	1	-1	0.12112	86.9865
0.0182603	11.85	41.8536	2	-1	0.12116	86.9403
0.0182607	11.85	41.8345	3	-1	0.12114	86.9259
0.018295	11.85	41.8541	4	-1	0.12117	86.9475
0.018295	11.85	41.8539	1	-1	0.12118	86.9546
0.0183293	11.85	41.838	2	-1	0.12121	86.8951
0.0183297	11.85	41.8194	3	-1	0.12119	86.8808
0.0183641	11.85	41.8379	4	-1	0.12122	86.9023
0.0183641	11.85	41.8376	1	-1	0.12123	86.9095
0.0183984	11.85	41.8221	2	-1	0.12126	86.8562
0.0183988	11.85	41.8038	3	-1	0.12125	86.8491
0.0184332	11.85	41.8215	4	-1	0.12127	86.8634
0.0184332	11.85	41.8213	1	-1	0.12128	86.8706
0.0184676	11.85	41.8059	2	-1	0.12131	86.8174
0.018468	11.85	41.7879	3	-1	0.1213	86.8103
0.0185024	11.85	41.8051	4	-1	0.12132	86.8246
0.0185024	11.85	41.8048	1	-1	0.12133	86.8317
0.0185368	11.85	41.7895	2	-1	0.12136	86.7787
0.0185372	11.85	41.7715	3	-1	0.12136	86.7787
0.0185717	11.85	41.7889	4	-1	0.12138	86.793
0.0185717	11.85	41.7886	1	-1	0.12139	86.8001
0.0186061	11.85	41.7733	2	-1	0.12142	86.741
0.0186065	11.85	41.7557	3	-1	0.12141	86.7338
0.018641	11.85	41.7725	4	-1	0.12143	86.7481
0.018641	11.85	41.7723	1	-1	0.12144	86.7553
0.0186755	11.85	41.7571	2	-1	0.12147	86.7024
0.0186758	11.85	41.7395	3	-1	0.12147	86.7024
0.0187104	11.85	41.7561	4	-1	0.12148	86.7095
0.0187104	11.85	41.7559	1	-1	0.12149	86.7166
0.0187449	11.85	41.7412	2	-1	0.12152	86.67
0.0187452	11.85	41.7237	3	-1	0.12152	86.67
0.0187798	11.85	41.7403	4	-1	0.12153	86.6771
0.0187798	11.85	41.7401	1	-1	0.12154	86.6843
0.0188143	11.85	41.7252	2	-1	0.12158	86.6386
0.0188147	11.85	41.7079	3	-1	0.12157	86.6315
0.0188493	11.85	41.7246	4	-1	0.12159	86.6458
0.0188493	11.85	41.7243	1	-1	0.1216	86.6529
0.0188839	11.85	41.7091	2	-1	0.12163	86.594
0.0188842	11.85	41.6921	3	-1	0.12162	86.5869
0.0189188	11.85	41.7084	4	-1	0.12164	86.6012
0.0189188	11.85	41.7082	1	-1	0.12165	86.6083
0.0189535	11.85	41.6932	2	-1	0.12169	86.5628
0.0189538	11.85	41.6767	3	-1	0.12167	86.5486
0.0189885	11.85	41.6924	4	-1	0.1217	86.5699
0.0189885	11.85	41.6921	1	-1	0.12171	86.577
0.0190231	11.85	41.6773	2	-1	0.12174	86.5184
0.0190234	11.85	41.6614	3	-1	0.12172	86.5042
0.0190581	11.85	41.6762	4	-1	0.12175	86.5255
0.0190581	11.85	41.6759	1	-1	0.12176	86.5326
0.0190928	11.85	41.6613	2	-1	0.12179	86.4802
0.0190931	11.85	41.6456	3	-1	0.12178	86.4731
0.0191279	11.85	41.6599	4	-1	0.1218	86.4873
0.0191279	11.85	41.6597	1	-1	0.12181	86.4944
0.0191626	11.85	41.645	2	-1	0.12184	86.442
0.0191629	11.85	41.6297	3	-1	0.12183	86.4349
0.0191977	11.85	41.6438	4	-1	0.12186	86.4562
0.0191977	11.85	41.6436	1	-1	0.12187	86.4633
0.0192324	11.85	41.6292	2	-1	0.1219	86.4049
0.0192327	11.85	41.6141	3	-1	0.12189	86.3978
0.0192675	11.85	41.6278	4	-1	0.12191	86.412
0.0192675	11.85	41.6275	1	-1	0.12192	86.4191
0.0193023	11.85	41.6132	2	-1	0.12195	86.3669
0.0193026	11.85	41.5984	3	-1	0.12194	86.3598
0.0193374	11.85	41.6116	4	-1	0.12196	86.3739
0.0193374	11.85	41.6114	1	-1	0.12197	86.381
0.0193723	11.85	41.5972	2	-1	0.12201	86.336
0.0193726	11.85	41.583	3	-1	0.12199	86.3218
0.0194074	11.85	41.5958	4	-1	0.12202	86.3431
0.0194074	11.85	41.5955	1	-1	0.12203	86.3501
0.0194423	11.85	41.5813	2	-1	0.12206	86.292
0.0194426	11.85	41.5676	3	-1	0.12204	86.2778
0.0194775	11.85	41.5796	4	-1	0.12207	86.299
0.0194775	11.85	41.5794	1	-1	0.12208	86.3061
0.0195124	11.85	41.5655	2	-1	0.12211	86.2541
0.0195126	11.85	41.552	3	-1	0.1221	86.2471
0.0195476	11.85	41.5635	4	-1	0.12212	86.2612
0.0195476	11.85	41.5633	1	-1	0.12213	86.2683
0.0195825	11.85	41.5496	2	-1	0.12217	86.2234
0.0195828	11.85	41.5367	3	-1	0.12215	86.2093
0.0196177	11.85	41.5477	4	-1	0.12218	86.2305
0.0196177	11.85	41.5475	1	-1	0.12219	86.2376
0.0196527	11.85	41.5339	2	-1	0.12222	86.1797
0.019653	11.85	41.5214	3	-1	0.1222	86.1656
0.019688	11.85	41.5317	4	-1	0.12223	86.1867
0.019688	11.85	41.5315	1	-1	0.12224	86.1938
0.019723	11.85	41.518	2	-1	0.12227	86.142
0.0197232	11.85	41.5059	3	-1	0.12226	86.135
0.0197582	11.85	41.5157	4	-1	0.12228	86.1491
0.0197583	11.85	41.5155	1	-1	0.12229	86.1561
0.0197933	11.85	41.5023	2	-1	0.12233	86.1115
0.0197935	11.85	41.4907	3	-1	0.12231	86.0974
0.0198286	11.85	41.5	1	-1	0.12234	86.1185
0.0198286	11.85	41.5	4	-1	0.12234	86.1185
0.0198637	11.85	41.4867	2	-1	0.12238	86.074
0.0198639	11.85	41.4756	3	-1	0.12236	86.0599
0.019899	11.85	41.4843	1	-1	0.12239	86.081
0.019899	11.85	41.4843	4	-1	0.12239	86.081
0.0199341	11.85	41.471	2	-1	0.12243	86.0365
0.0199343	11.85	41.4603	3	-1	0.12241	86.0225
0.0199695	11.85	41.4687	1	-1	0.12245	86.0506
0.0199695	11.85	41.4687	4	-1	0.12245	86.0506
0.0200046	11.85	41.4556	2	-1	0.12249	86.0001
0.0200048	11.85	41.4457	3	-1	0.12246	85.9791
0.02004	11.85	41.4529	1	-1	0.1225	86.0072
0.02004	11.85	41.4529	4	-1	0.1225	86.0072
0.0200752	11.85	41.4402	2	-1	0.12254	85.9628
0.0200754	11.85	41.4307	3	-1	0.12252	85.9488
0.0201106	11.85	41.4371	1	-1	0.12255	85.9698
0.0201106	11.85	41.4371	4	-1	0.12255	85.9698
0.0201458	11.85	41.4238	2	-1	0.12259	85.9195
0.020146	11.85	41.4149	3	-1	0.12257	85.9055
0.0201812	11.85	41.4207	1	-1	0.1226	85.9265
0.0201812	11.85	41.4205	4	-1	0.12261	85.9336
0.0202165	11.85	41.4081	2	-1	0.12265	85.8894
0.0202167	11.85	41.3999	3	-1	0.12262	85.8683
0.020252	11.85	41.4047	1	-1	0.12266	85.8964
0.020252	11.85	41.4044	4	-1	0.12266	85.8964
0.0202873	11.85	41.3926	2	-1	0.1227	85.8462
0.0202874	11.85	41.3849	3	-1	0.12268	85.8322
0.0203227	11.85	41.3887	1	-1	0.12271	85.8532
0.0203227	11.85	41.3885	4	-1	0.12271	85.8532
0.0203581	11.85	41.3769	2	-1	0.12275	85.8092
0.0203582	11.85	41.3697	3	-1	0.12273	85.7952
0.0203936	11.85	41.373	1	-1	0.12277	85.8231
0.0203936	11.85	41.3728	4	-1	0.12277	85.8231
0.0204289	11.85	41.3614	2	-1	0.1228	85.7662
0.0204291	11.85	41.3544	3	-1	0.12279	85.7592
0.0204645	11.85	41.3573	1	-1	0.12282	85.7801
0.0204645	11.85	41.357	4	-1	0.12282	85.7801
0.0204999	11.85	41.3459	2	-1	0.12285	85.7292
0.0205	11.85	41.3391	3	-1	0.12284	85.7223
0.0205354	11.85	41.3411	1	-1	0.12288	85.7502
0.0205354	11.85	41.3411	4	-1	0.12287	85.7432
0.0205709	11.85	41.33	2	-1	0.12291	85.6934
0.020571	11.85	41.3237	3	-1	0.12289	85.6794
0.0206064	11.85	41.325	4	-1	0.12292	85.7003
0.0206065	11.85	41.3247	1	-1	0.12293	85.7073
0.0206419	11.85	41.3138	2	-1	0.12296	85.6566
0.0206421	11.85	41.3078	3	-1	0.12295	85.6496
0.0206775	11.85	41.3092	1	-1	0.12298	85.6705
0.0206775	11.85	41.3092	4	-1	0.12298	85.6705
0.020713	11.85	41.2984	2	-1	0.12302	85.6268
0.0207132	11.85	41.2929	3	-1	0.123	85.6129
0.0207487	11.85	41.2936	1	-1	0.12303	85.6337
0.0207487	11.85	41.2936	4	-1	0.12303	85.6337
0.0207842	11.85	41.2829	2	-1	0.12307	85.5901
0.0207843	11.85	41.2778	3	-1	0.12305	85.5762
0.0208199	11.85	41.2781	1	-1	0.12308	85.5971
0.0208199	11.85	41.2778	4	-1	0.12309	85.604
0.0208555	11.85	41.267	2	-1	0.12313	85.5545
0.0208556	11.85	41.2627	3	-1	0.1231	85.5336
0.0208911	11.85	41.2621	1	-1	0.12314	85.5614
0.0208911	11.85	41.2618	4	-1	0.12314	85.5614
0.0209268	11.85	41.2516	2	-1	0.12318	85.512
0.0209269	11.85	41.2477	3	-1	0.12316	85.4981
0.0209625	11.85	41.2462	1	-1	0.12319	85.5189
0.0209625	11.85	41.2457	4	-1	0.1232	85.5259
0.0209981	11.85	41.2363	2	-1	0.12323	85.4755
0.0209982	11.85	41.2329	3	-1	0.12321	85.4616
0.0210339	11.85	41.2305	1	-1	0.12325	85.4894
0.0210339	11.85	41.2301	4	-1	0.12325	85.4894
0.0210696	11.85	41.2211	2	-1	0.12328	85.4331
0.0210696	11.85	41.2179	3	-1	0.12327	85.4262
0.0211053	11.85	41.2143	1	-1	0.1233	85.447
0.0211053	11.85	41.2139	4	-1	0.1233	85.447
0.0211411	11.85	41.2051	2	-1	0.12333	85.3968
0.0211411	11.85	41.2021	3	-1	0.12332	85.3898
0.0211768	11.85	41.1985	1	-1	0.12335	85.4106
0.0211768	11.85	41.198	4	-1	0.12335	85.4106
0.0212126	11.85	41.1894	2	-1	0.12339	85.3674
0.0212127	11.85	41.1869	3	-1	0.12337	85.3535
0.0212484	11.85	41.1831	1	-1	0.12341	85.3812
0.0212484	11.85	41.1827	4	-1	0.12341	85.3812
0.0212842	11.85	41.174	2	-1	0.12344	85.3252
0.0212843	11.85	41.172	3	-1	0.12342	85.3114
0.02132	11.85	41.1676	1	-1	0.12346	85.339
0.0213201	11.85	41.1671	4	-1	0.12346	85.339
0.0213559	11.85	41.1584	2	-1	0.1235	85.2901
0.0213559	11.85	41.1568	3	-1	0.12348	85.2762
0.0213917	11.85	41.1516	1	-1	0.12351	85.297
0.0213918	11.85	41.1509	4	-1	0.12352	85.3039
0.0214276	11.85	41.143	2	-1	0.12355	85.2539
0.0214277	11.85	41.1419	3	-1	0.12353	85.2401
0.0214635	11.85	41.1359	1	-1	0.12357	85.2677
0.0214635	11.85	41.1352	4	-1	0.12357	85.2677
0.0214994	11.85	41.1278	2	-1	0.1236	85.212
0.0214994	11.85	41.1269	3	-1	0.12359	85.2051
0.0215353	11.85	41.1198	1	-1	0.12362	85.2258
0.0215354	11.85	41.1191	4	-1	0.12362	85.2258
0.0215713	11.85	41.1119	2	-1	0.12365	85.176
0.0215713	11.85	41.1113	3	-1	0.12364	85.1691
0.0216072	11.85	41.1043	1	-1	0.12368	85.1967
0.0216072	11.85	41.1038	4	-1	0.12367	85.1898
0.0216432	11.85	41.0965	2	-1	0.12371	85.1411
0.0216432	11.85	41.0963	3	-1	0.12369	85.1273
0.0216792	11.85	41.089	1	-1	0.12373	85.1549
0.0216792	11.85	41.0885	4	-1	0.12373	85.1549
0.0217152	11.85	41.0813	2	-1	0.12376	85.1052
0.0217152	11.85	41.0813	3	-1	0.12375	85.0983
0.0217512	11.85	41.0736	1	-1	0.12378	85.119
0.0217512	11.85	41.0732	4	-1	0.12378	85.119
0.0217872	11.85	41.0652	3	-1	0.1238	85.0567
0.0217872	11.85	41.0649	2	-1	0.12381	85.0636
0.0218233	11.85	41.0575	1	-1	0.12383	85.0773
0.0218233	11.85	41.057	4	-1	0.12383	85.0773
0.0218593	11.85	41.0492	3	-1	0.12385	85.0209
0.0218593	11.85	41.049	2	-1	0.12386	85.0278
0.0218954	11.85	41.0412	1	-1	0.12389	85.0484
0.0218954	11.85	41.0408	4	-1	0.12389	85.0484
0.0219315	11.85	41.0334	3	-1	0.12391	84.9863
0.0219315	11.85	41.0332	2	-1	0.12392	84.9931
0.0219676	11.85	41.0256	1	-1	0.12394	85.0069
0.0219676	11.85	41.0252	4	-1	0.12394	85.0069
0.0220037	11.85	41.0176	3	-1	0.12396	84.9507
0.0220037	11.85	41.0174	2	-1	0.12397	84.9575
0.0220398	11.85	41.0102	1	-1	0.12399	84.9712
0.0220399	11.85	41.0096	4	-1	0.124	84.9781
0.022076	11.85	41.0015	3	-1	0.12401	84.9093
0.022076	11.85	41.0013	2	-1	0.12402	84.9161
0.0221122	11.85	40.9944	1	-1	0.12405	84.9367
0.0221122	11.85	40.9937	4	-1	0.12405	84.9367
0.0221484	11.85	40.9863	3	-1	0.12407	84.8748
0.0221484	11.85	40.9861	2	-1	0.12408	84.8817
0.0221845	11.85	40.9788	1	-1	0.1241	84.8953
0.0221846	11.85	40.9781	4	-1	0.1241	84.8953
0.0222208	11.85	40.971	3	-1	0.12412	84.8394
0.0222208	11.85	40.9708	2	-1	0.12413	84.8462
0.022257	11.85	40.9631	1	-1	0.12416	84.8667
0.022257	11.85	40.9624	4	-1	0.12416	84.8667
0.0222933	11.85	40.9553	3	-1	0.12417	84.7982
0.0222933	11.85	40.9551	2	-1	0.12418	84.805
0.0223295	11.85	40.9477	1	-1	0.12421	84.8255
0.0223295	11.85	40.947	4	-1	0.12421	84.8255
0.0223658	11.85	40.9395	3	-1	0.12423	84.7639
0.0223658	11.85	40.9393	2	-1	0.12424	84.7707
0.0224021	11.85	40.9319	1	-1	0.12426	84.7844
0.0224021	11.85	40.9311	4	-1	0.12427	84.7912
0.0224384	11.85	40.9241	3	-1	0.12428	84.7287
0.0224384	11.85	40.9238	2	-1	0.12429	84.7355
0.0224747	11.85	40.9165	1	-1	0.12432	84.7559
0.0224747	11.85	40.9157	4	-1	0.12432	84.7559
0.0225111	11.85	40.9089	3	-1	0.12433	84.6877
0.0225111	11.85	40.9087	2	-1	0.12434	84.6945
0.0225474	11.85	40.9005	1	-1	0.12437	84.7149
0.0225474	11.85	40.8997	4	-1	0.12437	84.7149
0.0225838	11.85	40.8935	3	-1	0.12439	84.6594
0.0225838	11.85	40.8933	2	-1	0.1244	84.6662
0.0226202	11.85	40.8853	1	-1	0.12442	84.6798
0.0226202	11.85	40.8844	4	-1	0.12442	84.6798
0.0226566	11.85	40.8773	3	-1	0.12444	84.6185
0.0226566	11.85	40.8771	2	-1	0.12445	84.6253
0.022693	11.85	40.8699	1	-1	0.12448	84.6457
0.022693	11.85	40.8691	4	-1	0.12448	84.6457
0.0227294	11.85	40.8619	3	-1	0.12449	84.5778
0.0227294	11.85	40.8617	2	-1	0.1245	84.5846
0.0227659	11.85	40.8538	1	-1	0.12453	84.6049
0.0227659	11.85	40.853	4	-1	0.12453	84.6049
0.0228024	11.85	40.8465	3	-1	0.12455	84.5496
0.0228024	11.85	40.8463	2	-1	0.12456	84.5564
0.0228388	11.85	40.8387	1	-1	0.12459	84.5767
0.0228388	11.85	40.838	4	-1	0.12458	84.57
0.0228753	11.85	40.8306	3	-1	0.1246	84.5032
0.0228753	11.85	40.8303	2	-1	0.12461	84.51
0.0229118	11.85	40.8231	1	-1	0.12464	84.5303
0.0229118	11.85	40.8225	4	-1	0.12464	84.5303
0.0229484	11.85	40.8155	3	-1	0.12466	84.4752
0.0229484	11.85	40.8153	2	-1	0.12467	84.4819
0.0229849	11.85	40.8079	1	-1	0.12469	84.4955
0.0229849	11.85	40.8073	4	-1	0.12469	84.4955
0.0230215	11.85	40.8004	3	-1	0.12471	84.4404
0.0230215	11.85	40.8002	2	-1	0.12472	84.4472
0.023058	11.85	40.7925	1	-1	0.12475	84.4675
0.0230581	11.85	40.7921	4	-1	0.12474	84.4607
0.0230946	11.85	40.7849	3	-1	0.12476	84.3999
0.0230947	11.85	40.7846	2	-1	0.12477	84.4067
0.0231312	11.85	40.7775	1	-1	0.1248	84.427
0.0231312	11.85	40.7771	4	-1	0.1248	84.427
0.0231679	11.85	40.769	3	-1	0.12481	84.3596
0.0231679	11.85	40.7688	2	-1	0.12482	84.3663
0.0232045	11.85	40.7618	1	-1	0.12485	84.3866
0.0232045	11.85	40.7614	4	-1	0.12485	84.3866
0.0232412	11.85	40.7541	3	-1	0.12487	84.3317
0.0232412	11.85	40.7539	2	-1	0.12488	84.3385
0.0232778	11.85	40.7462	1	-1	0.12491	84.3587
0.0232778	11.85	40.7459	4	-1	0.1249	84.352
0.0233145	11.85	40.7389	3	-1	0.12493	84.2982
0.0233145	11.85	40.7387	2	-1	0.12494	84.305
0.0233512	11.85	40.7314	1	-1	0.12496	84.3185
0.0233512	11.85	40.7312	4	-1	0.12496	84.3185
0.0233879	11.85	40.7227	3	-1	0.12497	84.2513
0.0233879	11.85	40.7225	2	-1	0.12498	84.2581
0.0234247	11.85	40.7159	1	-1	0.12501	84.2783
0.0234247	11.85	40.7157	4	-1	0.12501	84.2783
0.0234614	11.85	40.7077	3	-1	0.12503	84.2236
0.0234614	11.85	40.7075	2	-1	0.12504	84.2304
0.0234982	11.85	40.7002	1	-1	0.12507	84.2506
0.0234982	11.85	40.7	4	-1	0.12507	84.2506
0.023535	11.85	40.6925	3	-1	0.12508	84.1836
0.023535	11.85	40.6923	2	-1	0.12509	84.1903
0.0235717	11.85	40.685	1	-1	0.12512	84.2105
0.0235717	11.85	40.6848	4	-1	0.12512	84.2105
0.0236086	11.85	40.677	3	-1	0.12514	84.1504
0.0236086	11.85	40.6768	2	-1	0.12515	84.1571
0.0236454	11.85	40.6691	1	-1	0.12517	84.1705
0.0236454	11.85	40.6689	4	-1	0.12517	84.1705
0.0236822	11.85	40.6612	3	-1	0.12519	84.1161
0.0236822	11.85	40.661	2	-1	0.1252	84.1228
0.0237191	11.85	40.6541	1	-1	0.12523	84.143
0.0237191	11.85	40.6539	4	-1	0.12523	84.143
0.023756	11.85	40.6453	3	-1	0.12524	84.0706
0.023756	11.85	40.6451	2	-1	0.12525	84.0773
0.0237928	11.85	40.6385	1	-1	0.12528	84.0975
0.0237928	11.85	40.6383	4	-1	0.12528	84.0975
0.0238298	11.85	40.6305	3	-1	0.1253	84.0432
0.0238298	11.85	40.6303	2	-1	0.12531	84.0499
0.0238667	11.85	40.6229	1	-1	0.12534	84.07
0.0238667	11.85	40.6229	4	-1	0.12533	84.0633
0.0239036	11.85	40.6152	3	-1	0.12535	84.0035
0.0239036	11.85	40.615	2	-1	0.12536	84.0102
0.0239406	11.85	40.608	1	-1	0.12539	84.0303
0.0239406	11.85	40.608	4	-1	0.12539	84.0303
0.0239775	11.85	40.5998	3	-1	0.12541	83.9705
0.0239775	11.85	40.5996	2	-1	0.12542	83.9772
0.0240145	11.85	40.5929	1	-1	0.12544	83.9906
0.0240145	11.85	40.5929	4	-1	0.12544	83.9906
0.0240515	11.85	40.5848	3	-1	0.12546	83.9366
0.0240515	11.85	40.5846	2	-1	0.12547	83.9433
0.0240885	11.85	40.5774	1	-1	0.12549	83.9566
0.0240885	11.85	40.5774	4	-1	0.12549	83.9566
0.0241256	11.85	40.5687	3	-1	0.12551	83.8971
0.0241256	11.85	40.5685	2	-1	0.12552	83.9037
0.0241626	11.85	40.562	1	-1	0.12555	83.9238
0.0241626	11.85	40.562	4	-1	0.12555	83.9238
0.0241997	11.85	40.5536	3	-1	0.12556	83.8576
0.0241997	11.85	40.5534	2	-1	0.12557	83.8643
0.0242367	11.85	40.5461	1	-1	0.1256	83.8843
0.0242367	11.85	40.5461	4	-1	0.1256	83.8843
0.0242739	11.85	40.5385	3	-1	0.12562	83.8305
0.0242739	11.85	40.5383	2	-1	0.12563	83.8372
0.0243109	11.85	40.5311	4	-1	0.12565	83.8505
0.024311	11.85	40.5309	1	-1	0.12566	83.8572
0.0243481	11.85	40.5228	3	-1	0.12567	83.7856
0.0243481	11.85	40.5226	2	-1	0.12568	83.7923
0.0243852	11.85	40.5154	1	-1	0.12571	83.8123
0.0243852	11.85	40.5154	4	-1	0.12571	83.8123
0.0244224	11.85	40.5077	3	-1	0.12573	83.7586
0.0244224	11.85	40.5075	2	-1	0.12574	83.7652
0.0244595	11.85	40.5005	1	-1	0.12576	83.7786
0.0244595	11.85	40.5005	4	-1	0.12576	83.7786
0.0244968	11.85	40.4921	3	-1	0.12578	83.7194
0.0244968	11.85	40.4919	2	-1	0.12579	83.726
0.0245339	11.85	40.4856	1	-1	0.12582	83.746
0.0245339	11.85	40.4856	4	-1	0.12582	83.746
0.0245712	11.85	40.4773	3	-1	0.12583	83.6803
0.0245712	11.85	40.4771	2	-1	0.12584	83.6869
0.0246084	11.85	40.4701	1	-1	0.12587	83.7069
0.0246084	11.85	40.4701	4	-1	0.12587	83.7069
0.0246457	11.85	40.462	3	-1	0.12589	83.6478
0.0246457	11.85	40.4618	2	-1	0.1259	83.6545
0.0246829	11.85	40.4547	4	-1	0.12592	83.6678
0.0246829	11.85	40.4545	1	-1	0.12593	83.6744
0.0247202	11.85	40.4468	3	-1	0.12594	83.6088
0.0247202	11.85	40.4466	2	-1	0.12595	83.6155
0.0247575	11.85	40.4389	4	-1	0.12597	83.6288
0.0247575	11.85	40.4387	1	-1	0.12598	83.6354
0.0247948	11.85	40.4317	3	-1	0.126	83.5821
0.0247948	11.85	40.4315	2	-1	0.12601	83.5887
0.0248322	11.85	40.4244	4	-1	0.12603	83.602
0.0248322	11.85	40.4242	1	-1	0.12604	83.6086
0.0248695	11.85	40.4164	3	-1	0.12605	83.5377
0.0248695	11.85	40.4162	2	-1	0.12606	83.5443
0.0249069	11.85	40.4088	4	-1	0.12608	83.5576
0.0249069	11.85	40.4086	1	-1	0.12609	83.5642
0.0249443	11.85	40.401	3	-1	0.1261	83.5044
0.0249443	11.85	40.4009	2	-1	0.12611	83.511
0.0249817	11.85	40.394	1	-1	0.12614	83.5309
0.0249817	11.85	40.394	4	-1	0.12614	83.5309
0.0250191	11.85	40.3862	3	-1	0.12616	83.4723
0.0250191	11.85	40.386	2	-1	0.12617	83.4789
0.0250565	11.85	40.3785	4	-1	0.12619	83.4921
0.0250565	11.85	40.3783	1	-1	0.1262	83.4987
0.025094	11.85	40.3709	3	-1	0.12621	83.4336
0.025094	11.85	40.3707	2	-1	0.12622	83.4402
0.0251314	11.85	40.3635	4	-1	0.12624	83.4534
0.0251314	11.85	40.3633	1	-1	0.12625	83.46
0.0251689	11.85	40.3556	3	-1	0.12627	83.4016
0.0251689	11.85	40.3554	2	-1	0.12628	83.4082
0.0252064	11.85	40.3482	1	-1	0.1263	83.4214
0.0252064	11.85	40.3482	4	-1	0.1263	83.4214
0.0252439	11.85	40.3406	3	-1	0.12632	83.3685
0.0252439	11.85	40.3404	2	-1	0.12633	83.3751
0.0252814	11.85	40.3336	4	-1	0.12635	83.3883
0.0252814	11.85	40.3334	1	-1	0.12636	83.3949
0.025319	11.85	40.325	3	-1	0.12637	83.3245
0.025319	11.85	40.3248	2	-1	0.12638	83.3311
0.0253565	11.85	40.318	1	-1	0.12641	83.3509
0.0253565	11.85	40.318	4	-1	0.12641	83.3509
0.0253941	11.85	40.3101	3	-1	0.12642	83.2916
0.0253941	11.85	40.3099	2	-1	0.12643	83.2982
0.0254317	11.85	40.303	1	-1	0.12646	83.318
0.0254317	11.85	40.303	4	-1	0.12646	83.318
0.0254693	11.85	40.2952	3	-1	0.12648	83.2598
0.0254693	11.85	40.295	2	-1	0.12649	83.2664
0.0255069	11.85	40.2875	4	-1	0.12651	83.2796
0.0255069	11.85	40.2873	1	-1	0.12652	83.2862
0.0255445	11.85	40.2798	3	-1	0.12653	83.2215
0.0255445	11.85	40.2796	2	-1	0.12654	83.2281
0.0255822	11.85	40.2729	1	-1	0.12657	83.2478
0.0255822	11.85	40.2729	4	-1	0.12657	83.2478
0.0256198	11.85	40.265	3	-1	0.12659	83.1899
0.0256198	11.85	40.2648	2	-1	0.1266	83.1964
0.0256575	11.85	40.2576	4	-1	0.12662	83.2096
0.0256575	11.85	40.2574	1	-1	0.12663	83.2161
0.0256952	11.85	40.2493	3	-1	0.12664	83.1462
0.0256952	11.85	40.2491	2	-1	0.12665	83.1528
0.0257329	11.85	40.2424	1	-1	0.12668	83.1725
0.0257329	11.85	40.2424	4	-1	0.12668	83.1725
0.0257707	11.85	40.235	3	-1	0.1267	83.1201
0.0257707	11.85	40.2349	2	-1	0.12671	83.1267
0.0258084	11.85	40.227	4	-1	0.12672	83.1332
0.0258084	11.85	40.2268	1	-1	0.12673	83.1398
0.0258462	11.85	40.2192	3	-1	0.12675	83.0821
0.0258462	11.85	40.219	2	-1	0.12676	83.0886
0.025884	11.85	40.2121	4	-1	0.12678	83.1017
0.025884	11.85	40.2119	1	-1	0.12679	83.1083
0.0259218	11.85	40.2043	3	-1	0.1268	83.0441
0.0259218	11.85	40.2041	2	-1	0.12681	83.0506
0.0259596	11.85	40.1968	4	-1	0.12683	83.0637
0.0259596	11.85	40.1966	1	-1	0.12684	83.0703
0.0259974	11.85	40.1891	3	-1	0.12686	83.0127
0.0259974	11.85	40.1889	2	-1	0.12687	83.0192
0.0260352	11.85	40.1814	4	-1	0.12689	83.0323
0.0260352	11.85	40.1812	1	-1	0.1269	83.0389
0.0260731	11.85	40.1741	3	-1	0.12691	82.9748
0.0260731	11.85	40.1739	2	-1	0.12692	82.9814
0.026111	11.85	40.1667	4	-1	0.12694	82.9944
0.026111	11.85	40.1665	1	-1	0.12695	83.001
0.0261489	11.85	40.1591	3	-1	0.12697	82.9436
0.0261489	11.85	40.1589	2	-1	0.12698	82.9501
0.0261868	11.85	40.1517	4	-1	0.127	82.9632
0.0261868	11.85	40.1515	1	-1	0.12701	82.9697
0.0262247	11.85	40.1443	3	-1	0.12702	82.9058
0.0262247	11.85	40.1441	2	-1	0.12703	82.9123
0.0262626	11.85	40.1371	4	-1	0.12705	82.9254
0.0262627	11.85	40.1369	1	-1	0.12706	82.9319
0.0263006	11.85	40.1293	3	-1	0.12707	82.8681
0.0263006	11.85	40.1291	2	-1	0.12708	82.8747
0.0263386	11.85	40.1216	4	-1	0.1271	82.8877
0.0263386	11.85	40.1214	1	-1	0.12711	82.8942
0.0263766	11.85	40.114	3	-1	0.12713	82.837
0.0263766	11.85	40.1138	2	-1	0.12714	82.8436
0.0264146	11.85	40.1067	4	-1	0.12716	82.8566
0.0264146	11.85	40.1066	1	-1	0.12717	82.8631
0.0264526	11.85	40.0996	3	-1	0.12718	82.7995
0.0264526	11.85	40.0994	2	-1	0.12719	82.806
0.0264906	11.85	40.0916	4	-1	0.12721	82.819
0.0264906	11.85	40.0915	1	-1	0.12722	82.8255
0.0265287	11.85	40.0846	3	-1	0.12724	82.7685
0.0265287	11.85	40.0844	2	-1	0.12725	82.775
0.0265668	11.85	40.0763	4	-1	0.12726	82.7815
0.0265668	11.85	40.0761	1	-1	0.12727	82.788
0.0266048	11.85	40.0693	3	-1	0.12729	82.7364
0.0266048	11.85	40.0691	2	-1	0.1273	82.7429
0.0266429	11.85	40.0622	4	-1	0.12732	82.7559
0.0266429	11.85	40.062	1	-1	0.12733	82.7624
0.0266811	11.85	40.0541	3	-1	0.12734	82.6937
0.0266811	11.85	40.054	2	-1	0.12735	82.7002
0.0267192	11.85	40.0469	4	-1	0.12737	82.7132
0.0267192	11.85	40.0467	1	-1	0.12738	82.7197
0.0267573	11.85	40.0391	3	-1	0.1274	82.6629
0.0267573	11.85	40.0389	2	-1	0.12741	82.6693
0.0267955	11.85	40.0315	4	-1	0.12743	82.6823
0.0267955	11.85	40.0313	1	-1	0.12744	82.6888
0.0268337	11.85	40.0243	3	-1	0.12745	82.6256
0.0268337	11.85	40.0241	2	-1	0.12746	82.6321
0.0268719	11.85	40.0168	4	-1	0.12748	82.6451
0.0268719	11.85	40.0166	1	-1	0.12749	82.6515
0.0269101	11.85	40.0096	3	-1	0.12751	82.5949
0.0269101	11.85	40.0094	2	-1	0.12752	82.6014
0.0269483	11.85	40.0017	4	-1	0.12753	82.6079
0.0269483	11.85	40.0015	1	-1	0.12754	82.6143
0.0269866	11.85	39.994	3	-1	0.12756	82.5578
0.0269866	11.85	39.9939	2	-1	0.12757	82.5642
0.0270248	11.85	39.9871	4	-1	0.12759	82.5772
0.0270248	11.85	39.987	1	-1	0.1276	82.5837
0.0270631	11.85	39.9796	3	-1	0.12761	82.5207
0.0270631	11.85	39.9794	2	-1	0.12762	82.5272
0.0271014	11.85	39.9721	4	-1	0.12764	82.5401
0.0271014	11.85	39.9719	1	-1	0.12765	82.5466
0.0271397	11.85	39.9649	3	-1	0.12767	82.4901
0.0271397	11.85	39.9647	2	-1	0.12768	82.4966
0.027178	11.85	39.9567	4	-1	0.12769	82.5031
0.0271781	11.85	39.9565	1	-1	0.1277	82.5095
0.0272164	11.85	39.9496	3	-1	0.12773	82.4597
0.0272164	11.85	39.9494	2	-1	0.12774	82.4661
0.0272548	11.85	39.9424	4	-1	0.12775	82.4726
0.0272548	11.85	39.9422	1	-1	0.12776	82.479
0.0272931	11.85	39.9347	3	-1	0.12777	82.4163
0.0272931	11.85	39.9345	2	-1	0.12778	82.4228
0.0273315	11.85	39.9275	4	-1	0.1278	82.4357
0.0273315	11.85	39.9273	1	-1	0.12781	82.4421
0.0273699	11.85	39.9198	3	-1	0.12783	82.3859
0.0273699	11.85	39.9196	2	-1	0.12784	82.3924
0.0274083	11.85	39.9124	4	-1	0.12786	82.4053
0.0274084	11.85	39.9122	1	-1	0.12787	82.4117
0.0274468	11.85	39.9047	3	-1	0.12788	82.3439
0.0274468	11.85	39.9045	2	-1	0.12789	82.3503
0.0274852	11.85	39.8967	4	-1	0.12791	82.3632
0.0274853	11.85	39.8965	1	-1	0.12792	82.3696
0.0275237	11.85	39.89	3	-1	0.12794	82.3189
0.0275237	11.85	39.8899	2	-1	0.12795	82.3253
0.0275622	11.85	39.8823	4	-1	0.12796	82.3317
0.0275622	11.85	39.8822	1	-1	0.12797	82.3382
0.0276007	11.85	39.8749	3	-1	0.12799	82.2822
0.0276007	11.85	39.8748	2	-1	0.128	82.2887
0.0276392	11.85	39.8678	4	-1	0.12802	82.3015
0.0276392	11.85	39.8676	1	-1	0.12803	82.3079
0.0276778	11.85	39.8596	3	-1	0.12804	82.2403
0.0276778	11.85	39.8595	2	-1	0.12805	82.2468
0.0277163	11.85	39.8526	4	-1	0.12808	82.266
0.0277163	11.85	39.8524	1	-1	0.12809	82.2725
0.0277549	11.85	39.8449	3	-1	0.1281	82.205
0.0277549	11.85	39.8448	2	-1	0.12811	82.2114
0.0277935	11.85	39.8374	4	-1	0.12813	82.2242
0.0277935	11.85	39.8373	1	-1	0.12814	82.2306
0.0278321	11.85	39.8313	3	-1	0.12816	82.1802
0.0278321	11.85	39.8311	2	-1	0.12817	82.1866
0.0278707	11.85	39.8224	4	-1	0.12817	82.1866
0.0278707	11.85	39.8223	1	-1	0.12818	82.193
0.0279093	11.85	39.8162	2	-1	0.12822	82.1554
0.0279093	11.85	39.8162	3	-1	0.12822	82.1554
0.027948	11.85	39.8084	4	-1	0.12823	82.1619
0.027948	11.85	39.8082	1	-1	0.12824	82.1683
0.0279867	11.85	39.8002	3	-1	0.12826	82.1074
0.0279867	11.85	39.8	2	-1	0.12827	82.1138
0.0280253	11.85	39.7935	4	-1	0.12829	82.1266
0.0280253	11.85	39.7934	1	-1	0.1283	82.133
0.028064	11.85	39.7853	3	-1	0.12831	82.0711
0.028064	11.85	39.7851	2	-1	0.12832	82.0775
0.0281028	11.85	39.7791	4	-1	0.12835	82.0967
0.0281028	11.85	39.779	1	-1	0.12836	82.1031
0.0281415	11.85	39.7715	3	-1	0.12837	82.036
0.0281415	11.85	39.7713	2	-1	0.12838	82.0424
0.0281802	11.85	39.7638	4	-1	0.1284	82.0552
0.0281802	11.85	39.7637	1	-1	0.12841	82.0616
0.028219	11.85	39.7573	3	-1	0.12843	82.0063
0.028219	11.85	39.7571	2	-1	0.12844	82.0126
0.0282578	11.85	39.7487	4	-1	0.12845	82.019
0.0282578	11.85	39.7485	1	-1	0.12846	82.0254
0.0282966	11.85	39.7418	3	-1	0.12848	81.9701
0.0282966	11.85	39.7417	2	-1	0.12849	81.9765
0.0283354	11.85	39.7337	4	-1	0.1285	81.9829
0.0283354	11.85	39.7335	1	-1	0.12851	81.9893
0.0283742	11.85	39.7267	3	-1	0.12854	81.9457
0.0283742	11.85	39.7265	2	-1	0.12855	81.9521
0.0284131	11.85	39.7204	4	-1	0.12856	81.9584
0.0284131	11.85	39.7202	1	-1	0.12857	81.9648
0.0284519	11.85	39.7115	3	-1	0.12858	81.8981
0.0284519	11.85	39.7113	2	-1	0.12859	81.9045
0.0284908	11.85	39.7057	1	-1	0.12862	81.9236
0.0284908	11.85	39.7057	4	-1	0.12862	81.9236
0.0285297	11.85	39.697	3	-1	0.12863	81.8622
0.0285297	11.85	39.6969	2	-1	0.12864	81.8685
0.0285686	11.85	39.69	4	-1	0.12867	81.8876
0.0285686	11.85	39.6899	1	-1	0.12868	81.894
0.0286076	11.85	39.6826	3	-1	0.12869	81.8274
0.0286076	11.85	39.6824	2	-1	0.1287	81.8338
0.0286465	11.85	39.6742	4	-1	0.12872	81.8465
0.0286465	11.85	39.674	1	-1	0.12873	81.8529
0.0286855	11.85	39.6681	2	-1	0.12876	81.8043
0.0286855	11.85	39.6681	3	-1	0.12876	81.8043
0.0287244	11.85	39.6599	4	-1	0.12877	81.8107
0.0287244	11.85	39.6598	1	-1	0.12878	81.817
0.0287634	11.85	39.6538	3	-1	0.12881	81.7737
0.0287634	11.85	39.6536	2	-1	0.12882	81.7801
0.0288024	11.85	39.6463	4	-1	0.12883	81.7864
0.0288024	11.85	39.6461	1	-1	0.12884	81.7928
0.0288415	11.85	39.6386	3	-1	0.12886	81.7328
0.0288415	11.85	39.6384	2	-1	0.12887	81.7392
0.0288805	11.85	39.6322	4	-1	0.12889	81.7519
0.0288805	11.85	39.632	1	-1	0.1289	81.7582
0.0289196	11.85	39.6233	3	-1	0.1289	81.6857
0.0289196	11.85	39.6231	2	-1	0.12891	81.692
0.0289586	11.85	39.6166	4	-1	0.12894	81.711
0.0289586	11.85	39.6164	1	-1	0.12895	81.7174
0.0289977	11.85	39.6089	3	-1	0.12896	81.6564
0.0289977	11.85	39.6088	2	-1	0.12897	81.6628
0.0290368	11.85	39.6006	4	-1	0.12899	81.6754
0.0290368	11.85	39.6004	1	-1	0.129	81.6818
0.029076	11.85	39.5947	3	-1	0.12903	81.6336
0.029076	11.85	39.5945	2	-1	0.12904	81.6399
0.0291151	11.85	39.5856	4	-1	0.12904	81.6399
0.0291151	11.85	39.5855	1	-1	0.12905	81.6462
0.0291543	11.85	39.5795	3	-1	0.12908	81.6032
0.0291543	11.85	39.5793	2	-1	0.12909	81.6096
0.0291934	11.85	39.5728	4	-1	0.1291	81.6159
0.0291934	11.85	39.5727	1	-1	0.12911	81.6222
0.0292326	11.85	39.564	3	-1	0.12912	81.5563
0.0292326	11.85	39.5638	2	-1	0.12913	81.5627
0.0292718	11.85	39.559	1	-1	0.12917	81.5879
0.0292718	11.85	39.559	4	-1	0.12917	81.5879
0.0293111	11.85	39.5499	3	-1	0.12917	81.5158
0.0293111	11.85	39.5497	2	-1	0.12918	81.5222
0.0293503	11.85	39.5434	4	-1	0.12922	81.5474
0.0293503	11.85	39.5433	1	-1	0.12923	81.5537
0.0293896	11.85	39.5367	3	-1	0.12924	81.488
0.0293896	11.85	39.5366	2	-1	0.12925	81.4943
0.0294288	11.85	39.5274	4	-1	0.12926	81.5006
0.0294288	11.85	39.5272	1	-1	0.12927	81.5069
0.0294681	11.85	39.5223	2	-1	0.1293	81.4642
0.0294681	11.85	39.5223	3	-1	0.1293	81.4642
0.0295074	11.85	39.5128	4	-1	0.12931	81.4705
0.0295074	11.85	39.5126	1	-1	0.12932	81.4768
0.0295467	11.85	39.5068	2	-1	0.12936	81.4353
0.0295467	11.85	39.5068	3	-1	0.12936	81.4353
0.0295861	11.85	39.4992	4	-1	0.12937	81.4416
0.0295861	11.85	39.499	1	-1	0.12938	81.4479
0.0296254	11.85	39.4907	3	-1	0.1294	81.3888
0.0296254	11.85	39.4906	2	-1	0.12941	81.3951
0.0296648	11.85	39.485	1	-1	0.12944	81.4139
0.0296648	11.85	39.485	4	-1	0.12944	81.4139
0.0297042	11.85	39.4765	3	-1	0.12945	81.3537
0.0297042	11.85	39.4763	2	-1	0.12946	81.36
0.0297436	11.85	39.4708	4	-1	0.12949	81.3788
0.0297436	11.85	39.4706	1	-1	0.1295	81.3851
0.029783	11.85	39.4628	3	-1	0.1295	81.3136
0.029783	11.85	39.4627	2	-1	0.12951	81.3199
0.0298225	11.85	39.4549	4	-1	0.12953	81.3324
0.0298225	11.85	39.4548	1	-1	0.12954	81.3387
0.0298619	11.85	39.4492	3	-1	0.12957	81.2963
0.0298619	11.85	39.4491	2	-1	0.12958	81.3025
0.0299014	11.85	39.4401	4	-1	0.12958	81.3025
0.0299014	11.85	39.4399	1	-1	0.12959	81.3088
0.0299409	11.85	39.4342	2	-1	0.12963	81.2676
0.0299409	11.85	39.4342	3	-1	0.12963	81.2676
0.0299804	11.85	39.4267	4	-1	0.12964	81.2739
0.0299804	11.85	39.4266	1	-1	0.12965	81.2802
0.0300199	11.85	39.4183	3	-1	0.12967	81.2214
0.0300199	11.85	39.4182	2	-1	0.12968	81.2277
0.0300594	11.85	39.4129	1	-1	0.12971	81.2465
0.0300594	11.85	39.4129	4	-1	0.12971	81.2465
0.030099	11.85	39.4033	3	-1	0.12971	81.1753
0.030099	11.85	39.4031	2	-1	0.12972	81.1816
0.0301385	11.85	39.3973	4	-1	0.12976	81.2066
0.0301386	11.85	39.3971	1	-1	0.12977	81.2128
0.0301781	11.85	39.3898	3	-1	0.12978	81.148
0.0301781	11.85	39.3897	2	-1	0.12979	81.1543
0.0302177	11.85	39.3814	4	-1	0.12981	81.1668
0.0302177	11.85	39.3812	1	-1	0.12982	81.173
0.0302574	11.85	39.376	3	-1	0.12984	81.1196
0.0302574	11.85	39.3758	2	-1	0.12985	81.1258
0.030297	11.85	39.3662	4	-1	0.12985	81.1258
0.030297	11.85	39.366	1	-1	0.12986	81.1321
0.0303366	11.85	39.3605	3	-1	0.1299	81.0963
0.0303367	11.85	39.3604	2	-1	0.12991	81.1025
0.0303763	11.85	39.3528	4	-1	0.12991	81.1025
0.0303763	11.85	39.3526	1	-1	0.12992	81.1088
0.030416	11.85	39.344	3	-1	0.12994	81.0504
0.030416	11.85	39.3438	2	-1	0.12995	81.0566
0.0304557	11.85	39.3396	1	-1	0.12999	81.0816
0.0304557	11.85	39.3396	4	-1	0.12999	81.0816
0.0304954	11.85	39.3292	3	-1	0.12998	80.9996
0.0304954	11.85	39.329	2	-1	0.12999	81.0058
0.0305352	11.85	39.3239	1	-1	0.13004	81.037
0.0305352	11.85	39.3239	4	-1	0.13004	81.037
0.0305749	11.85	39.3165	3	-1	0.13005	80.9776
0.0305749	11.85	39.3164	2	-1	0.13006	80.9838
0.0306147	11.85	39.3075	4	-1	0.13008	80.9963
0.0306147	11.85	39.3073	1	-1	0.13009	81.0025
0.0306545	11.85	39.3037	2	-1	0.13012	80.9607
0.0306545	11.85	39.3037	3	-1	0.13012	80.9607
0.0306943	11.85	39.2938	4	-1	0.13012	80.9607
0.0306943	11.85	39.2937	1	-1	0.13013	80.9669
0.0307341	11.85	39.289	2	-1	0.13018	80.9376
0.0307341	11.85	39.289	3	-1	0.13018	80.9376
0.0307739	11.85	39.2816	4	-1	0.13018	80.9376
0.0307739	11.85	39.2815	1	-1	0.13019	80.9438
0.0308138	11.85	39.2727	3	-1	0.13021	80.8858
0.0308138	11.85	39.2725	2	-1	0.13022	80.892
0.0308536	11.85	39.2685	1	-1	0.13025	80.9107
0.0308536	11.85	39.2685	4	-1	0.13025	80.9107
0.0308935	11.85	39.2578	3	-1	0.13025	80.8404
0.0308935	11.85	39.2576	2	-1	0.13026	80.8466
0.0309334	11.85	39.2532	1	-1	0.13031	80.8776
0.0309334	11.85	39.2532	4	-1	0.13031	80.8776
0.0309733	11.85	39.245	3	-1	0.13031	80.8074
0.0309733	11.85	39.2449	2	-1	0.13032	80.8136
0.0310132	11.85	39.2366	4	-1	0.13035	80.8322
0.0310133	11.85	39.2364	1	-1	0.13036	80.8384
0.0310532	11.85	39.2324	2	-1	0.13039	80.7919
0.0310532	11.85	39.2324	3	-1	0.13039	80.7919
0.0310932	11.85	39.2215	4	-1	0.13039	80.7919
0.0310932	11.85	39.2214	1	-1	0.1304	80.7981
0.0311331	11.85	39.2172	2	-1	0.13044	80.7628
0.0311331	11.85	39.2171	3	-1	0.13045	80.769
0.0311731	11.85	39.2087	4	-1	0.13045	80.769
0.0311731	11.85	39.2086	1	-1	0.13046	80.7752
0.0312132	11.85	39.2011	3	-1	0.13049	80.7238
0.0312132	11.85	39.201	2	-1	0.13051	80.7362
0.0312532	11.85	39.1963	4	-1	0.13052	80.7423
0.0312532	11.85	39.1961	1	-1	0.13053	80.7485
0.0312932	11.85	39.1851	3	-1	0.13052	80.6675
0.0312932	11.85	39.185	2	-1	0.13053	80.6737
0.0313333	11.85	39.1812	1	-1	0.13058	80.7046
0.0313333	11.85	39.181	4	-1	0.13059	80.7108
0.0313734	11.85	39.1724	3	-1	0.13058	80.6398
0.0313734	11.85	39.1723	2	-1	0.13059	80.646
0.0314135	11.85	39.1644	4	-1	0.13062	80.6645
0.0314135	11.85	39.1642	1	-1	0.13064	80.6768
0.0314536	11.85	39.1605	2	-1	0.13066	80.6195
0.0314536	11.85	39.1605	3	-1	0.13066	80.6195
0.0314937	11.85	39.1483	4	-1	0.13065	80.6133
0.0314937	11.85	39.1482	1	-1	0.13066	80.6195
0.0315339	11.85	39.1452	2	-1	0.13071	80.6006
0.0315339	11.85	39.1449	3	-1	0.13073	80.6129
0.031574	11.85	39.1358	4	-1	0.13071	80.6006
0.031574	11.85	39.1357	1	-1	0.13072	80.6068
0.0316142	11.85	39.1288	2	-1	0.13079	80.5804
0.0316142	11.85	39.1288	3	-1	0.13077	80.568
0.0316544	11.85	39.1254	1	-1	0.1308	80.5865
0.0316544	11.85	39.1254	4	-1	0.1308	80.5865
0.0316946	11.85	39.1118	3	-1	0.13079	80.4961
0.0316946	11.85	39.1117	2	-1	0.1308	80.5022
0.0317349	11.85	39.1089	1	-1	0.13084	80.5268
0.0317349	11.85	39.1085	4	-1	0.13087	80.5453
0.0317751	11.85	39.0986	3	-1	0.13085	80.4736
0.0317751	11.85	39.0984	2	-1	0.13086	80.4797
0.0318154	11.85	39.0916	1	-1	0.13093	80.5228
0.0318154	11.85	39.0915	4	-1	0.13091	80.5105
0.0318557	11.85	39.0878	3	-1	0.13093	80.4387
0.0318557	11.85	39.0876	2	-1	0.13094	80.4448
0.031896	11.85	39.0746	4	-1	0.13093	80.4387
0.031896	11.85	39.0745	1	-1	0.13095	80.4509
0.0319363	11.85	39.0728	2	-1	0.13098	80.42
0.0319363	11.85	39.0722	3	-1	0.13102	80.4445
0.0319766	11.85	39.0617	4	-1	0.13098	80.42
0.0319766	11.85	39.0616	1	-1	0.13099	80.4261
0.032017	11.85	39.0553	2	-1	0.13106	80.4098
0.032017	11.85	39.0549	3	-1	0.13105	80.4037
0.0320573	11.85	39.0519	4	-1	0.13107	80.416
0.0320573	11.85	39.0518	1	-1	0.13108	80.4221
0.0320977	11.85	39.0386	3	-1	0.13106	80.3261
0.0320977	11.85	39.0385	2	-1	0.1311	80.3506
0.0321381	11.85	39.0373	1	-1	0.13111	80.3567
0.0321381	11.85	39.0367	4	-1	0.13115	80.3812
0.0321785	11.85	39.0253	3	-1	0.13111	80.3026
0.0321785	11.85	39.0251	2	-1	0.13112	80.3087
0.032219	11.85	39.0197	1	-1	0.13119	80.3516
0.032219	11.85	39.0191	4	-1	0.13119	80.3516
0.0322594	11.85	39.0158	3	-1	0.1312	80.279
0.0322594	11.85	39.0156	2	-1	0.13121	80.2851
0.0322999	11.85	39.003	4	-1	0.1312	80.279
0.0322999	11.85	39.0029	1	-1	0.13125	80.3096
0.0323404	11.85	39.0024	2	-1	0.13125	80.2409
0.0323404	11.85	39.0019	3	-1	0.13129	80.2653
0.0323809	11.85	38.989	4	-1	0.13124	80.2348
0.0323809	11.85	38.9889	1	-1	0.13125	80.2409
0.0324214	11.85	38.9846	2	-1	0.13132	80.2444
0.0324214	11.85	38.9838	3	-1	0.13134	80.2566
0.0324619	11.85	38.98	4	-1	0.13133	80.2505
0.0324619	11.85	38.9798	1	-1	0.13134	80.2566
0.0325025	11.85	38.9678	3	-1	0.13134	80.1734
0.0325025	11.85	38.9677	2	-1	0.13141	80.2161
0.032543	11.85	38.9681	1	-1	0.13138	80.1978
0.0325431	11.85	38.9674	4	-1	0.13143	80.2283
0.0325836	11.85	38.9521	3	-1	0.13136	80.1269
0.0325836	11.85	38.952	2	-1	0.13137	80.133
0.0326242	11.85	38.9497	1	-1	0.13144	80.1757
0.0326243	11.85	38.9484	4	-1	0.13149	80.2062
0.0326648	11.85	38.9428	3	-1	0.13145	80.1085
0.0326648	11.85	38.9427	2	-1	0.13146	80.1146
0.0327055	11.85	38.9309	1	-1	0.13156	80.1755
0.0327055	11.85	38.9305	4	-1	0.13149	80.1329
0.0327461	11.85	38.9328	2	-1	0.13151	80.0475
0.0327461	11.85	38.932	3	-1	0.13157	80.084
0.0327868	11.85	38.9138	4	-1	0.13149	80.0353
0.0327868	11.85	38.9137	1	-1	0.13153	80.0597
0.0328275	11.85	38.9145	2	-1	0.13156	80.0535
0.0328275	11.85	38.9125	3	-1	0.13165	80.1083
0.0328682	11.85	38.9039	4	-1	0.13156	80.0535
0.0328682	11.85	38.9038	1	-1	0.13157	80.0596
0.0329089	11.85	38.8939	2	-1	0.13168	80.0681
0.032909	11.85	38.8923	3	-1	0.13165	80.0499
0.0329496	11.85	38.8973	1	-1	0.13165	80.0499
0.0329496	11.85	38.8968	4	-1	0.13169	80.0742
0.0329904	11.85	38.8777	3	-1	0.13162	79.9538
0.0329904	11.85	38.8776	2	-1	0.13175	80.0328
0.0330311	11.85	38.8819	1	-1	0.13167	79.9842
0.0330312	11.85	38.8797	4	-1	0.1318	80.0632
0.0330719	11.85	38.865	3	-1	0.13167	79.9356
0.0330719	11.85	38.8649	2	-1	0.13168	79.9417
0.0331127	11.85	38.8599	1	-1	0.13178	80.0024
0.0331128	11.85	38.857	4	-1	0.13183	80.0328
0.0331535	11.85	38.8608	3	-1	0.13179	79.9163
0.0331536	11.85	38.8606	2	-1	0.1318	79.9224
0.0331944	11.85	38.842	1	-1	0.13192	79.9951
0.0331944	11.85	38.8409	4	-1	0.13178	79.9103
0.0332352	11.85	38.8493	2	-1	0.1318	79.8111
0.0332353	11.85	38.8476	3	-1	0.13193	79.8898
0.0332761	11.85	38.8267	4	-1	0.13178	79.799
0.0332761	11.85	38.8266	1	-1	0.13187	79.8535
0.033317	11.85	38.8275	2	-1	0.13188	79.845
0.0333171	11.85	38.8242	3	-1	0.132	79.9177
0.0333579	11.85	38.8202	4	-1	0.13189	79.8511
0.0333579	11.85	38.82	1	-1	0.1319	79.8571
0.0333988	11.85	38.8052	2	-1	0.13203	79.8826
0.0333989	11.85	38.8029	3	-1	0.13196	79.8403
0.0334397	11.85	38.8141	1	-1	0.13196	79.8403
0.0334398	11.85	38.8129	4	-1	0.13205	79.8947
0.0334807	11.85	38.7907	3	-1	0.13192	79.7485
0.0334808	11.85	38.7906	2	-1	0.13211	79.8634
0.0335216	11.85	38.7966	1	-1	0.13198	79.7848
0.0335218	11.85	38.7932	4	-1	0.13215	79.8876
0.0335627	11.85	38.7794	2	-1	0.13199	79.7426
0.0336036	11.85	38.772	1	-1	0.13212	79.8212
0.0336038	11.85	38.7682	4	-1	0.13216	79.8453
0.0336447	11.85	38.7778	2	-1	0.13213	79.7164
0.0336447	11.85	38.7778	3	-1	0.13213	79.7164
0.0336858	11.85	38.753	1	-1	0.13228	79.8069
0.0336858	11.85	38.7517	4	-1	0.13208	79.6863
0.0337268	11.85	38.7655	2	-1	0.1321	79.5831
0.0337268	11.85	38.763	3	-1	0.13229	79.6976
0.0337679	11.85	38.7392	4	-1	0.13208	79.5711
0.0337679	11.85	38.7391	1	-1	0.13219	79.6373
0.0338089	11.85	38.7408	2	-1	0.1322	79.6482
0.0338091	11.85	38.7365	3	-1	0.13235	79.7385
0.0338501	11.85	38.7361	4	-1	0.13221	79.6542
0.0338501	11.85	38.736	1	-1	0.13222	79.6602
0.0338912	11.85	38.7166	2	-1	0.13238	79.7038
0.0338913	11.85	38.7135	3	-1	0.13228	79.6436
0.0339323	11.85	38.7316	1	-1	0.13226	79.6315
0.0339324	11.85	38.7298	4	-1	0.1324	79.7158
0.0340146	11.85	38.7116	1	-1	0.13228	79.5861
0.0340148	11.85	38.7069	4	-1	0.13251	79.7244
0.0340558	11.85	38.692	2	-1	0.13229	79.5394
0.034097	11.85	38.6827	1	-1	0.13245	79.6356
0.0340972	11.85	38.6774	4	-1	0.1325	79.6657
0.0341383	11.85	38.6943	2	-1	0.13245	79.5161
0.0341383	11.85	38.694	3	-1	0.13247	79.5281
0.0341795	11.85	38.6633	1	-1	0.13264	79.6302
0.0342207	11.85	38.6824	2	-1	0.13239	79.3515
0.0342621	11.85	38.6522	1	-1	0.13255	79.4474
0.0343032	11.85	38.6549	2	-1	0.1325	79.4222
0.0343035	11.85	38.6488	3	-1	0.1327	79.542
0.0343446	11.85	38.6513	4	-1	0.13252	79.4342
0.0343446	11.85	38.6512	1	-1	0.13253	79.4401
0.0343859	11.85	38.6267	2	-1	0.13272	79.5207
0.0343861	11.85	38.622	3	-1	0.13261	79.4548
0.0344273	11.85	38.6483	1	-1	0.13256	79.4248
0.0344274	11.85	38.6459	4	-1	0.13275	79.5386
0.0344687	11.85	38.6147	2	-1	0.13288	79.5641
0.03451	11.85	38.6286	1	-1	0.13257	79.3785
0.0345515	11.85	38.6049	2	-1	0.13259	79.3477
0.0345928	11.85	38.5961	1	-1	0.13276	79.4494
0.0345931	11.85	38.5888	4	-1	0.13286	79.5093
0.0346343	11.85	38.6115	3	-1	0.13279	79.3392
0.0346757	11.85	38.5729	1	-1	0.13299	79.4587
0.0348001	11.85	38.5714	2	-1	0.1328	79.1607
0.0348417	11.85	38.5655	4	-1	0.13282	79.1726
0.0348417	11.85	38.5654	1	-1	0.13283	79.1786
0.0348834	11.85	38.5339	3	-1	0.13295	79.2832
0.0349247	11.85	38.5662	1	-1	0.13288	79.2415
0.0349248	11.85	38.5638	4	-1	0.13308	79.3607
0.0349664	11.85	38.5253	2	-1	0.13324	79.3899
0.0350078	11.85	38.5467	1	-1	0.13286	79.1634
0.0350495	11.85	38.517	2	-1	0.13294	79.1828
0.035091	11.85	38.5103	1	-1	0.13307	79.2602
0.0350914	11.85	38.5015	4	-1	0.13322	79.3496
0.0351328	11.85	38.528	2	-1	0.13311	79.1473
0.0351744	11.85	38.4836	1	-1	0.13334	79.2841
0.0353412	11.85	38.4788	1	-1	0.13312	78.9327
0.0353832	11.85	38.4438	3	-1	0.1333	79.1192
0.0354246	11.85	38.4845	1	-1	0.13319	79.0539
0.0354247	11.85	38.4818	4	-1	0.13342	79.1904
0.0354665	11.85	38.4349	2	-1	0.13362	79.2339
0.0355081	11.85	38.4655	1	-1	0.13313	78.9433
0.03555	11.85	38.4279	2	-1	0.13327	79.017
0.0355917	11.85	38.424	1	-1	0.13336	79.0703
0.0355921	11.85	38.4127	4	-1	0.13361	79.2185
0.0356337	11.85	38.4443	2	-1	0.13341	78.9548
0.0358431	11.85	38.3893	1	-1	0.13337	78.6333
0.0358854	11.85	38.3503	3	-1	0.13369	78.9943
0.035927	11.85	38.4039	1	-1	0.13352	78.8939
0.0359271	11.85	38.4015	4	-1	0.13373	79.018
0.035969	11.85	38.3393	2	-1	0.134	79.07
0.0360108	11.85	38.3884	1	-1	0.13338	78.7042
0.0360947	11.85	38.3418	1	-1	0.1336	78.8619
0.036137	11.85	38.356	2	-1	0.13366	78.7532
0.0362634	11.85	38.293	1	-1	0.13427	78.8756
0.0363051	11.85	38.3307	2	-1	0.13356	78.3068
0.0363475	11.85	38.2965	1	-1	0.13372	78.4006
0.0363901	11.85	38.2599	3	-1	0.13412	78.8524
0.0364318	11.85	38.3236	1	-1	0.13388	78.7113
0.0364318	11.85	38.3223	4	-1	0.134	78.7818
0.0364739	11.85	38.2432	2	-1	0.13437	78.888
0.036516	11.85	38.314	1	-1	0.13362	78.4477
0.0366429	11.85	38.2648	2	-1	0.13387	78.5484
0.0366856	11.85	38.1941	4	-1	0.13413	78.7009
0.0369391	11.85	38.2411	1	-1	0.13423	78.4741
0.0370236	11.85	38.2408	1	-1	0.13386	78.1938
0.0371083	11.85	38.1929	1	-1	0.13397	78.3863
0.0371511	11.85	38.1709	2	-1	0.13416	78.4103
0.0371942	11.85	38.1016	4	-1	0.13458	78.6558
0.0374487	11.85	38.1486	1	-1	0.13439	78.0702
0.0376186	11.85	38.1244	1	-1	0.13405	78.0768
0.0377039	11.85	38.0343	1	-1	0.1347	78.4554
0.0377473	11.85	38.1259	3	-1	0.13484	78.1998
0.0378755	11.85	38.01	1	-1	0.13562	78.2754
0.0379175	11.85	38.0509	2	-1	0.13436	77.432
0.0379609	11.85	38.0508	1	-1	0.13457	77.553
0.0380045	11.85	37.9315	3	-1	0.13501	78.244
0.0381315	11.85	38.0621	1	-1	0.13415	77.7366
0.0382608	11.85	38.0394	2	-1	0.13492	77.9929
0.0383896	11.85	37.8919	1	-1	0.13611	78.2062
0.0384317	11.85	37.99	2	-1	0.13439	77.0055
0.0385195	11.85	37.8459	3	-1	0.13556	78.0201
0.0387768	11.85	37.9381	2	-1	0.13508	77.82
0.0390348	11.85	37.8131	2	-1	0.1353	77.3364
0.039079	11.85	37.9314	4	-1	0.13551	77.4564
0.039338	11.85	37.7304	1	-1	0.13598	78.0687
0.0393398	11.85	37.6989	4	-1	0.13592	78.0342
0.0395991	11.85	37.8297	1	-1	0.13567	76.989
0.0397721	11.85	37.7883	1	-1	0.13501	77.2324
0.0398591	11.85	37.657	1	-1	0.13605	77.8274
0.0400345	11.85	37.6409	1	-1	0.1373	77.5312
0.0401215	11.85	37.7229	1	-1	0.13578	76.5562
0.0404274	11.85	37.7381	2	-1	0.13613	77.2632
0.0405585	11.85	37.479	1	-1	0.13795	77.5392
0.0417925	11.85	37.5222	4	-1	0.13694	76.0313
0.0419681	11.85	37.4346	1	-1	0.13588	76.4573
0.0420603	11.85	37.2079	4	-1	0.13779	77.4667
0.0425019	11.85	37.3948	1	-1	0.13576	76.0092
0.0427711	11.85	37.1413	1	-1	0.13943	76.6815
0.042814	11.85	37.2897	2	-1	0.13621	74.7462
0.0430844	11.85	37.1801	2	-1	0.13946	78.1683
0.0433077	11.85	36.946	1	-1	0.14001	76.7388
0.0440293	11.85	37.2112	4	-1	0.13835	75.2311
0.0443029	11.85	36.7464	4	-1	0.13891	76.8393
0.044751	11.85	36.9973	1	-1	0.1367	75.3085
0.0455736	11.85	36.6355	1	-1	0.14128	75.794
0.0456175	11.85	36.8236	2	-1	0.1375	73.5766
0.0457152	11.85	36.5207	3	-1	0.1397	75.1075
0.0458946	11.85	36.6706	2	-1	0.14131	77.2862
0.0461239	11.85	36.4872	1	-1	0.14172	75.7861
0.0468644	11.85	36.7577	4	-1	0.13998	74.2521
0.0470449	11.85	36.6185	1	-1	0.13781	74.6938
0.0471448	11.85	36.28	4	-1	0.14065	76.0764
0.0482111	11.85	36.3299	2	-1	0.14262	76.5951
0.0483076	11.85	36.5189	3	-1	0.14069	74.6762
0.0484449	11.85	36.1133	1	-1	0.14318	74.9634
0.0485915	11.85	36.0583	3	-1	0.14156	74.1851
0.0499524	11.85	36.1671	1	-1	0.13928	73.6308
0.0508115	11.85	35.726	1	-1	0.14465	74.2214
0.0508573	11.85	35.9807	2	-1	0.14007	71.6507
0.052162	11.85	35.9446	4	-1	0.1428	72.4616
0.0523483	11.85	35.7537	1	-1	0.14088	73.0592
0.0524548	11.85	35.4601	4	-1	0.1437	74.3558
0.0535661	11.85	35.4216	2	-1	0.1461	75.224
0.0538102	11.85	35.2352	1	-1	0.14634	73.4233
0.0546025	11.85	35.5442	4	-1	0.14456	71.9097
0.0547901	11.85	35.4239	1	-1	0.14156	72.1913
0.0549009	11.85	35.0942	4	-1	0.14488	73.7753
0.0556841	11.85	34.9594	1	-1	0.14766	72.7676
0.0557311	11.85	35.2205	2	-1	0.14242	70.0266
0.0558422	11.85	34.9575	3	-1	0.14538	71.8956
0.056032	11.85	35.0113	2	-1	0.14735	74.1421
0.0561391	11.85	35.2983	3	-1	0.14529	72.2728
0.0562823	11.85	35.0039	1	-1	0.14755	72.4527
0.0575852	11.85	34.8076	1	-1	0.14793	72.0204
0.0576935	11.85	35.089	4	-1	0.14603	71.0435
0.0582888	11.85	34.5611	1	-1	0.14804	71.6242
0.0590011	11.85	34.3646	1	-1	0.14978	71.3034
0.0591034	11.85	34.5603	1	-1	0.14764	70.702
0.0597787	11.85	34.6266	3	-1	0.14595	71.0669
0.0601253	11.85	35.5819	1	-1	0.14242	69.9268
0.0601876	11.85	34.3186	3	-1	0.14616	72.1493
0.0606376	11.85	34.246	1	-1	0.14962	71.2985
0.0611051	11.85	34.9189	2	-1	0.14827	72.8814
0.06219	11.85	34.1319	1	-1	0.14841	69.5552
0.0627793	11.85	34.0572	3	-1	0.14789	70.0568
0.0628217	11.85	34.5767	1	-1	0.14789	70.0568
0.0642395	11.85	34.2797	2	-1	0.15038	72.0901
0.0643048	11.85	33.7592	4	-1	0.14933	71.5868
0.0648124	11.85	34.2091	1	-1	0.14418	69.1942
0.0651999	11.85	34.1419	3	-1	0.15005	69.32
0.0653	11.85	34.1227	2	-1	0.15044	69.6836
0.0672133	11.85	43.6142	3	-1	0.10185	47.8439
