0.0010808	12.2	35.9723	4	-1	0.16223	16062.4
0.00111396	12.2	38.9047	3	-1	0.14042	85.9784
0.00114527	12.2	41.032	1	-1	0.12914	79.0718
0.00117503	12.2	42.603	3	-1	0.12225	93.8292
0.00120404	12.2	43.8079	4	-1	0.11759	90.2525
0.0012322	12.2	44.7286	3	-1	0.11432	96.229
0.00126004	12.2	45.4528	4	-1	0.11191	94.2003
0.00128732	12.2	46.0145	3	-1	0.11012	97.2963
0.0013145	12.2	46.4628	1	-1	0.10875	96.0859
0.00134127	12.2	46.8126	3	-1	0.1077	97.8468
0.00136806	12.2	47.0939	4	-1	0.10688	97.1018
0.00139453	12.2	47.3129	3	-1	0.10625	98.1524
0.00142108	12.2	47.4902	1	-1	0.10575	97.6905
0.00144738	12.2	47.6261	3	-1	0.10536	98.3019
0.00147379	12.2	47.7386	4	-1	0.10505	98.0127
0.00149998	12.2	47.8221	3	-1	0.10481	98.3854
0.00152631	12.2	47.8916	4	-1	0.10462	98.2071
0.00155244	12.2	47.9411	3	-1	0.10448	98.4268
0.00157872	12.2	47.9839	1	-1	0.10436	98.3137
0.00157872	12.2	47.9839	4	-1	0.10436	98.3137
0.0016048	12.2	48.0144	2	-1	0.10427	98.4236
0.00160484	12.2	48.0112	3	-1	0.10428	98.4331
0.00163109	12.2	48.0369	1	-1	0.10421	98.367
0.00163109	12.2	48.0369	4	-1	0.10421	98.367
0.00165716	12.2	48.0525	2	-1	0.10416	98.4034
0.0016572	12.2	48.0488	3	-1	0.10417	98.4128
0.00168345	12.2	48.0637	1	-1	0.10413	98.3751
0.00168345	12.2	48.0637	4	-1	0.10413	98.3751
0.00170951	12.2	48.0703	2	-1	0.10411	98.384
0.00170955	12.2	48.0666	3	-1	0.10411	98.384
0.00173581	12.2	48.0734	1	-1	0.1041	98.3746
0.00173581	12.2	48.0734	4	-1	0.1041	98.3746
0.00176189	12.2	48.0742	2	-1	0.10409	98.3466
0.00176193	12.2	48.07	3	-1	0.1041	98.356
0.0017882	12.2	48.0726	4	-1	0.10409	98.3466
0.0017882	12.2	48.0722	1	-1	0.1041	98.356
0.00181429	12.2	48.0693	2	-1	0.1041	98.3096
0.00181434	12.2	48.0652	3	-1	0.1041	98.3096
0.00184062	12.2	48.0648	1	-1	0.10411	98.319
0.00184062	12.2	48.0648	4	-1	0.10411	98.319
0.00186674	12.2	48.0587	2	-1	0.10412	98.2635
0.00186678	12.2	48.0541	3	-1	0.10413	98.2729
0.00189309	12.2	48.0524	1	-1	0.10414	98.2824
0.00189309	12.2	48.0524	4	-1	0.10414	98.2824
0.00191922	12.2	48.0448	2	-1	0.10415	98.2177
0.00191927	12.2	48.0398	3	-1	0.10416	98.2271
0.00194559	12.2	48.0366	4	-1	0.10417	98.2365
0.0019456	12.2	48.0361	1	-1	0.10418	98.2459
0.00197174	12.2	48.0278	2	-1	0.10419	98.1721
0.0019718	12.2	48.0223	3	-1	0.1042	98.1815
0.00199815	12.2	48.019	4	-1	0.10421	98.1909
0.00199815	12.2	48.0185	1	-1	0.10422	98.2003
0.00202432	12.2	48.0097	2	-1	0.10424	98.1359
0.00202438	12.2	48.0043	3	-1	0.10424	98.1359
0.00205075	12.2	48.0005	1	-1	0.10426	98.1548
0.00205075	12.2	48.0005	4	-1	0.10426	98.1548
0.00207695	12.2	47.9906	2	-1	0.10428	98.0813
0.00207701	12.2	47.9852	3	-1	0.10428	98.0813
0.0021034	12.2	47.9813	4	-1	0.1043	98.1001
0.0021034	12.2	47.9808	1	-1	0.10431	98.1095
0.00212962	12.2	47.9709	2	-1	0.10433	98.0361
0.00212968	12.2	47.9654	3	-1	0.10433	98.0361
0.0021561	12.2	47.9607	4	-1	0.10435	98.0549
0.00215611	12.2	47.9602	1	-1	0.10436	98.0643
0.00218235	12.2	47.9504	2	-1	0.10438	97.991
0.00218241	12.2	47.945	3	-1	0.10438	97.991
0.00220885	12.2	47.9404	4	-1	0.1044	98.0098
0.00220886	12.2	47.9399	1	-1	0.10441	98.0192
0.00223512	12.2	47.9302	2	-1	0.10443	97.946
0.00223518	12.2	47.9248	3	-1	0.10443	97.946
0.00226166	12.2	47.9203	4	-1	0.10445	97.9647
0.00226166	12.2	47.9198	1	-1	0.10446	97.9741
0.00228795	12.2	47.9094	2	-1	0.10448	97.8919
0.00228801	12.2	47.904	3	-1	0.10448	97.8919
0.00231451	12.2	47.8997	4	-1	0.1045	97.9106
0.00231452	12.2	47.8992	1	-1	0.10451	97.92
0.00234083	12.2	47.889	2	-1	0.10453	97.847
0.00234089	12.2	47.8835	3	-1	0.10453	97.847
0.00236742	12.2	47.8786	4	-1	0.10455	97.8658
0.00236742	12.2	47.8781	1	-1	0.10456	97.8751
0.00239376	12.2	47.8682	2	-1	0.10458	97.8023
0.00239382	12.2	47.8627	3	-1	0.10458	97.8023
0.00242037	12.2	47.858	4	-1	0.1046	97.821
0.00242038	12.2	47.8575	1	-1	0.10461	97.8304
0.00244674	12.2	47.847	2	-1	0.10463	97.7485
0.0024468	12.2	47.8416	3	-1	0.10463	97.7485
0.00247338	12.2	47.8371	4	-1	0.10465	97.7672
0.00247339	12.2	47.8367	1	-1	0.10466	97.7765
0.00249977	12.2	47.8263	2	-1	0.10468	97.7039
0.00249983	12.2	47.821	3	-1	0.10468	97.7039
0.00252644	12.2	47.8159	4	-1	0.1047	97.7226
0.00252645	12.2	47.8155	1	-1	0.10471	97.7319
0.00255285	12.2	47.8054	2	-1	0.10473	97.6595
0.00255291	12.2	47.8001	3	-1	0.10473	97.6595
0.00257955	12.2	47.7953	4	-1	0.10475	97.6781
0.00257955	12.2	47.7948	1	-1	0.10476	97.6874
0.00260598	12.2	47.7843	2	-1	0.10478	97.606
0.00260605	12.2	47.7784	3	-1	0.10479	97.6153
0.00263272	12.2	47.7745	1	-1	0.10481	97.6339
0.00263272	12.2	47.7745	4	-1	0.10481	97.6339
0.00265917	12.2	47.764	2	-1	0.10483	97.5617
0.00265924	12.2	47.7578	3	-1	0.10484	97.571
0.00268593	12.2	47.7536	1	-1	0.10486	97.5896
0.00268593	12.2	47.7536	4	-1	0.10486	97.5896
0.0027124	12.2	47.7435	2	-1	0.10488	97.5174
0.00271248	12.2	47.7368	3	-1	0.10489	97.5267
0.00273919	12.2	47.7333	1	-1	0.10491	97.5453
0.00273919	12.2	47.7333	4	-1	0.10491	97.5453
0.00276569	12.2	47.7225	2	-1	0.10493	97.4642
0.00276577	12.2	47.7154	3	-1	0.10494	97.4735
0.00279251	12.2	47.7127	1	-1	0.10496	97.4921
0.00279251	12.2	47.7127	4	-1	0.10496	97.4921
0.00281903	12.2	47.7021	2	-1	0.10498	97.4202
0.00281911	12.2	47.6945	3	-1	0.10499	97.4295
0.00284587	12.2	47.6917	1	-1	0.10501	97.448
0.00284587	12.2	47.6917	4	-1	0.10501	97.448
0.00287242	12.2	47.6814	2	-1	0.10503	97.3762
0.00287251	12.2	47.6734	3	-1	0.10504	97.3855
0.00289929	12.2	47.6713	1	-1	0.10506	97.404
0.00289929	12.2	47.6713	4	-1	0.10506	97.404
0.00292586	12.2	47.6604	2	-1	0.10508	97.3233
0.00292595	12.2	47.652	3	-1	0.10509	97.3326
0.00295276	12.2	47.6507	4	-1	0.10511	97.3511
0.00295277	12.2	47.6503	1	-1	0.10512	97.3604
0.00297935	12.2	47.6397	2	-1	0.10513	97.2705
0.00297945	12.2	47.6309	3	-1	0.10514	97.2798
0.00300628	12.2	47.6295	4	-1	0.10516	97.2983
0.00300629	12.2	47.6291	1	-1	0.10517	97.3075
0.00303289	12.2	47.6189	2	-1	0.10518	97.2268
0.00303299	12.2	47.6096	3	-1	0.10519	97.2361
0.00305986	12.2	47.609	4	-1	0.10521	97.2546
0.00305986	12.2	47.6086	1	-1	0.10522	97.2638
0.00308649	12.2	47.5979	2	-1	0.10524	97.1835
0.00308659	12.2	47.5886	3	-1	0.10524	97.1835
0.00311349	12.2	47.5884	4	-1	0.10526	97.202
0.00311349	12.2	47.5879	1	-1	0.10527	97.2112
0.00314014	12.2	47.5775	2	-1	0.10529	97.14
0.00314024	12.2	47.5683	3	-1	0.10529	97.14
0.00316716	12.2	47.5675	4	-1	0.10531	97.1584
0.00316717	12.2	47.5671	1	-1	0.10532	97.1676
0.00319384	12.2	47.557	2	-1	0.10534	97.0965
0.00319395	12.2	47.5474	3	-1	0.10535	97.1057
0.00322089	12.2	47.5473	4	-1	0.10536	97.1149
0.0032209	12.2	47.5468	1	-1	0.10537	97.1242
0.00324759	12.2	47.5362	2	-1	0.10539	97.0442
0.00324771	12.2	47.5261	3	-1	0.1054	97.0534
0.00327467	12.2	47.5268	4	-1	0.10541	97.0626
0.00327468	12.2	47.5264	1	-1	0.10542	97.0718
0.00330139	12.2	47.516	2	-1	0.10544	97.0009
0.00330151	12.2	47.5055	3	-1	0.10545	97.0101
0.0033285	12.2	47.5061	4	-1	0.10546	97.0193
0.00332851	12.2	47.5057	1	-1	0.10547	97.0285
0.00335525	12.2	47.4948	2	-1	0.10549	96.9488
0.00335537	12.2	47.4839	3	-1	0.1055	96.958
0.00338239	12.2	47.4854	4	-1	0.10551	96.9672
0.0033824	12.2	47.485	1	-1	0.10552	96.9764
0.00340916	12.2	47.4744	2	-1	0.10554	96.9057
0.00340928	12.2	47.4631	3	-1	0.10555	96.9149
0.00343633	12.2	47.4646	4	-1	0.10557	96.9332
0.00343634	12.2	47.4642	1	-1	0.10558	96.9424
0.00346312	12.2	47.454	2	-1	0.10559	96.8538
0.00346325	12.2	47.4422	3	-1	0.1056	96.863
0.00349032	12.2	47.4445	4	-1	0.10562	96.8813
0.00349033	12.2	47.444	1	-1	0.10563	96.8905
0.00351712	12.2	47.4333	2	-1	0.10564	96.802
0.00351726	12.2	47.4211	3	-1	0.10565	96.8111
0.00354436	12.2	47.4242	4	-1	0.10567	96.8295
0.00354437	12.2	47.4237	1	-1	0.10568	96.8386
0.00357118	12.2	47.4132	2	-1	0.10569	96.7591
0.00357133	12.2	47.4007	3	-1	0.1057	96.7683
0.00359846	12.2	47.4036	4	-1	0.10572	96.7866
0.00359846	12.2	47.4032	1	-1	0.10573	96.7958
0.0036253	12.2	47.3922	2	-1	0.10574	96.7075
0.00362545	12.2	47.3793	3	-1	0.10575	96.7167
0.00365261	12.2	47.3831	4	-1	0.10577	96.735
0.00365261	12.2	47.3827	1	-1	0.10578	96.7441
0.00367946	12.2	47.372	2	-1	0.10579	96.6648
0.00367961	12.2	47.3587	3	-1	0.1058	96.674
0.0037068	12.2	47.3624	4	-1	0.10582	96.6923
0.00370681	12.2	47.362	1	-1	0.10583	96.7014
0.00373368	12.2	47.3517	2	-1	0.10584	96.6222
0.00373384	12.2	47.338	3	-1	0.10585	96.6314
0.00376105	12.2	47.3425	4	-1	0.10587	96.6496
0.00376106	12.2	47.342	1	-1	0.10588	96.6588
0.00378794	12.2	47.3312	2	-1	0.10589	96.5709
0.00378811	12.2	47.3166	3	-1	0.10591	96.5891
0.00381535	12.2	47.3224	4	-1	0.10592	96.5983
0.00381536	12.2	47.3219	1	-1	0.10593	96.6074
0.00384226	12.2	47.3113	2	-1	0.10594	96.5285
0.00384244	12.2	47.2959	3	-1	0.10596	96.5467
0.0038697	12.2	47.302	4	-1	0.10597	96.5558
0.00386971	12.2	47.3016	1	-1	0.10598	96.5649
0.00389663	12.2	47.2905	2	-1	0.10599	96.4773
0.00389682	12.2	47.2743	3	-1	0.10601	96.4955
0.00392411	12.2	47.2817	4	-1	0.10602	96.5046
0.00392411	12.2	47.2813	1	-1	0.10603	96.5137
0.00395105	12.2	47.2705	2	-1	0.10604	96.4351
0.00395125	12.2	47.2534	3	-1	0.10606	96.4533
0.00397856	12.2	47.2612	4	-1	0.10607	96.4623
0.00397857	12.2	47.2608	1	-1	0.10608	96.4714
0.00400553	12.2	47.2496	2	-1	0.1061	96.3932
0.00400573	12.2	47.2322	3	-1	0.10611	96.4023
0.00403307	12.2	47.2409	4	-1	0.10612	96.4114
0.00403308	12.2	47.2405	1	-1	0.10613	96.4205
0.00406006	12.2	47.2296	2	-1	0.10615	96.3511
0.00406027	12.2	47.2117	3	-1	0.10616	96.3602
0.00408763	12.2	47.2204	4	-1	0.10617	96.3692
0.00408764	12.2	47.22	1	-1	0.10618	96.3783
0.00411464	12.2	47.2094	2	-1	0.1062	96.3091
0.00411486	12.2	47.1912	3	-1	0.10621	96.3181
0.00414224	12.2	47.2007	4	-1	0.10622	96.3272
0.00414225	12.2	47.2003	1	-1	0.10623	96.3363
0.00416928	12.2	47.1891	2	-1	0.10625	96.2584
0.00416949	12.2	47.1705	3	-1	0.10626	96.2674
0.0041969	12.2	47.18	4	-1	0.10627	96.2765
0.00419691	12.2	47.1796	1	-1	0.10628	96.2856
0.00422396	12.2	47.1689	2	-1	0.1063	96.2165
0.00422419	12.2	47.1499	3	-1	0.10631	96.2256
0.00425162	12.2	47.1602	4	-1	0.10632	96.2346
0.00425162	12.2	47.1598	1	-1	0.10633	96.2437
0.0042787	12.2	47.1485	2	-1	0.10635	96.166
0.00427893	12.2	47.1291	3	-1	0.10636	96.1751
0.00430638	12.2	47.1395	4	-1	0.10637	96.1841
0.00430639	12.2	47.1391	1	-1	0.10638	96.1931
0.00433349	12.2	47.1282	2	-1	0.1064	96.1243
0.00433373	12.2	47.1085	3	-1	0.10641	96.1333
0.0043612	12.2	47.1196	4	-1	0.10642	96.1424
0.0043612	12.2	47.1192	1	-1	0.10643	96.1514
0.00438833	12.2	47.1079	2	-1	0.10645	96.074
0.00438857	12.2	47.0877	3	-1	0.10646	96.083
0.00441607	12.2	47.099	4	-1	0.10648	96.1011
0.00441608	12.2	47.0986	1	-1	0.10649	96.1101
0.00444323	12.2	47.0877	2	-1	0.1065	96.0238
0.00444348	12.2	47.0667	3	-1	0.10652	96.0418
0.004471	12.2	47.0793	4	-1	0.10653	96.0509
0.004471	12.2	47.0789	1	-1	0.10654	96.0599
0.00449817	12.2	47.0674	2	-1	0.10655	95.9737
0.00449843	12.2	47.0457	3	-1	0.10657	95.9917
0.00452598	12.2	47.0588	4	-1	0.10658	96.0007
0.00452598	12.2	47.0584	1	-1	0.10659	96.0097
0.00455317	12.2	47.0473	2	-1	0.1066	95.9323
0.00455344	12.2	47.0247	3	-1	0.10662	95.9503
0.00458101	12.2	47.0391	4	-1	0.10663	95.9593
0.00458101	12.2	47.0387	1	-1	0.10664	95.9683
0.00460822	12.2	47.0271	2	-1	0.10665	95.8824
0.0046085	12.2	47.0037	3	-1	0.10667	95.9004
0.00463609	12.2	47.0186	4	-1	0.10668	95.9094
0.0046361	12.2	47.0182	1	-1	0.10669	95.9184
0.00466333	12.2	47.007	2	-1	0.1067	95.8412
0.00466361	12.2	46.9828	3	-1	0.10672	95.8592
0.00469122	12.2	46.999	4	-1	0.10673	95.8681
0.00469123	12.2	46.9986	1	-1	0.10674	95.8771
0.00471848	12.2	46.9868	2	-1	0.10675	95.7915
0.00471878	12.2	46.9619	3	-1	0.10677	95.8094
0.00474641	12.2	46.9786	4	-1	0.10678	95.8184
0.00474642	12.2	46.9781	1	-1	0.10679	95.8274
0.00477369	12.2	46.9668	2	-1	0.10681	95.7594
0.00477399	12.2	46.9416	3	-1	0.10682	95.7683
0.00480165	12.2	46.959	4	-1	0.10683	95.7773
0.00480165	12.2	46.9586	1	-1	0.10684	95.7863
0.00482895	12.2	46.9468	2	-1	0.10686	95.7098
0.00482926	12.2	46.9212	3	-1	0.10687	95.7188
0.00485694	12.2	46.9387	4	-1	0.10688	95.7277
0.00485695	12.2	46.9383	1	-1	0.10689	95.7367
0.00488427	12.2	46.9268	2	-1	0.10691	95.6689
0.00488458	12.2	46.9008	3	-1	0.10692	95.6779
0.00491228	12.2	46.9192	4	-1	0.10693	95.6868
0.00491229	12.2	46.9188	1	-1	0.10694	95.6957
0.00493964	12.2	46.9068	2	-1	0.10696	95.6195
0.00493995	12.2	46.8805	3	-1	0.10697	95.6285
0.00496768	12.2	46.8989	4	-1	0.10698	95.6374
0.00496768	12.2	46.8985	1	-1	0.10699	95.6463
0.00499506	12.2	46.8862	2	-1	0.10701	95.5702
0.00499538	12.2	46.8595	3	-1	0.10702	95.5792
0.00502313	12.2	46.8789	4	-1	0.10703	95.5881
0.00502313	12.2	46.8785	1	-1	0.10704	95.597
0.00505053	12.2	46.8666	2	-1	0.10706	95.5296
0.00505085	12.2	46.8395	3	-1	0.10707	95.5385
0.00507863	12.2	46.8589	4	-1	0.10708	95.5474
0.00507863	12.2	46.8584	1	-1	0.10709	95.5563
0.00510605	12.2	46.8462	2	-1	0.10711	95.4805
0.00510639	12.2	46.8183	3	-1	0.10713	95.4983
0.00513418	12.2	46.8391	4	-1	0.10713	95.4983
0.00513419	12.2	46.8387	1	-1	0.10714	95.5072
0.00516162	12.2	46.8267	2	-1	0.10716	95.44
0.00516197	12.2	46.7981	3	-1	0.10718	95.4578
0.00518978	12.2	46.8193	4	-1	0.10718	95.4578
0.00518979	12.2	46.8188	1	-1	0.10719	95.4667
0.00521725	12.2	46.8064	2	-1	0.10721	95.391
0.00521761	12.2	46.7771	3	-1	0.10723	95.4088
0.00524545	12.2	46.7993	4	-1	0.10724	95.4177
0.00524545	12.2	46.7989	1	-1	0.10725	95.4266
0.00527293	12.2	46.7867	2	-1	0.10726	95.3422
0.0052733	12.2	46.7562	3	-1	0.10728	95.36
0.00530115	12.2	46.7797	4	-1	0.10728	95.36
0.00530116	12.2	46.7793	1	-1	0.10729	95.3689
0.00532866	12.2	46.7667	2	-1	0.10731	95.302
0.00532904	12.2	46.7354	3	-1	0.10733	95.3197
0.00535692	12.2	46.7595	4	-1	0.10734	95.3286
0.00535693	12.2	46.7591	1	-1	0.10735	95.3375
0.00538445	12.2	46.7469	2	-1	0.10736	95.2533
0.00538484	12.2	46.7149	3	-1	0.10738	95.271
0.00541274	12.2	46.7402	4	-1	0.10739	95.2799
0.00541274	12.2	46.7398	1	-1	0.1074	95.2888
0.00544028	12.2	46.7271	2	-1	0.10741	95.2048
0.00544068	12.2	46.6944	3	-1	0.10743	95.2225
0.00546861	12.2	46.7202	4	-1	0.10744	95.2313
0.00546861	12.2	46.7198	1	-1	0.10745	95.2402
0.00549618	12.2	46.7068	2	-1	0.10747	95.1651
0.00549658	12.2	46.6737	3	-1	0.10748	95.174
0.00552453	12.2	46.7006	4	-1	0.10749	95.1829
0.00552454	12.2	46.7002	1	-1	0.1075	95.1917
0.00555212	12.2	46.6875	2	-1	0.10752	95.1252
0.00555253	12.2	46.6541	3	-1	0.10753	95.134
0.00558051	12.2	46.6809	4	-1	0.10754	95.1429
0.00558051	12.2	46.6805	1	-1	0.10755	95.1517
0.00560812	12.2	46.6675	2	-1	0.10757	95.0769
0.00560854	12.2	46.6337	3	-1	0.10758	95.0857
0.00563654	12.2	46.6607	4	-1	0.10759	95.0946
0.00563654	12.2	46.6603	1	-1	0.1076	95.1034
0.00566418	12.2	46.6477	2	-1	0.10762	95.0371
0.0056646	12.2	46.6136	3	-1	0.10763	95.0459
0.00569261	12.2	46.6414	4	-1	0.10764	95.0548
0.00569262	12.2	46.641	1	-1	0.10765	95.0636
0.00572028	12.2	46.628	2	-1	0.10767	94.989
0.00572071	12.2	46.5936	3	-1	0.10768	94.9978
0.00574875	12.2	46.6215	4	-1	0.10769	95.0066
0.00574875	12.2	46.6211	1	-1	0.1077	95.0154
0.00577644	12.2	46.6077	2	-1	0.10772	94.9409
0.00577687	12.2	46.573	3	-1	0.10773	94.9498
0.00580494	12.2	46.6019	4	-1	0.10774	94.9586
0.00580494	12.2	46.6015	1	-1	0.10775	94.9674
0.00583265	12.2	46.5885	2	-1	0.10777	94.9014
0.00583309	12.2	46.553	3	-1	0.10779	94.919
0.00586117	12.2	46.5824	4	-1	0.10779	94.919
0.00586118	12.2	46.582	1	-1	0.1078	94.9278
0.00588891	12.2	46.5686	2	-1	0.10782	94.8535
0.00588936	12.2	46.5324	3	-1	0.10784	94.8711
0.00591746	12.2	46.5623	4	-1	0.10784	94.8711
0.00591747	12.2	46.5619	1	-1	0.10785	94.8799
0.00594522	12.2	46.5482	2	-1	0.10787	94.8058
0.00594568	12.2	46.5112	3	-1	0.10789	94.8233
0.00597381	12.2	46.5426	4	-1	0.10789	94.8233
0.00597381	12.2	46.5422	1	-1	0.1079	94.8321
0.00600159	12.2	46.5289	2	-1	0.10792	94.7664
0.00600206	12.2	46.4912	3	-1	0.10794	94.784
0.0060302	12.2	46.5231	4	-1	0.10794	94.784
0.00603021	12.2	46.5227	1	-1	0.10795	94.7928
0.00605801	12.2	46.5089	2	-1	0.10797	94.7188
0.00605849	12.2	46.4705	3	-1	0.10799	94.7364
0.00608666	12.2	46.5031	4	-1	0.108	94.7452
0.00608666	12.2	46.5028	1	-1	0.10801	94.7539
0.00611448	12.2	46.4894	2	-1	0.10802	94.6713
0.00611497	12.2	46.4503	3	-1	0.10804	94.6889
0.00614316	12.2	46.4842	4	-1	0.10805	94.6976
0.00614317	12.2	46.4838	1	-1	0.10806	94.7064
0.00617101	12.2	46.4699	2	-1	0.10807	94.6239
0.00617151	12.2	46.4301	3	-1	0.10809	94.6414
0.00619972	12.2	46.4646	4	-1	0.1081	94.6502
0.00619973	12.2	46.4642	1	-1	0.10811	94.659
0.00622759	12.2	46.4501	2	-1	0.10813	94.5854
0.0062281	12.2	46.4099	3	-1	0.10814	94.5941
0.00625634	12.2	46.4445	4	-1	0.10815	94.6029
0.00625634	12.2	46.4442	1	-1	0.10816	94.6116
0.00628423	12.2	46.4305	2	-1	0.10818	94.5464
0.00628474	12.2	46.3901	3	-1	0.10819	94.5551
0.006313	12.2	46.4256	4	-1	0.1082	94.5639
0.006313	12.2	46.4252	1	-1	0.10821	94.5726
0.00634092	12.2	46.4111	2	-1	0.10823	94.4993
0.00634143	12.2	46.3704	3	-1	0.10824	94.508
0.00636972	12.2	46.406	4	-1	0.10825	94.5167
0.00636972	12.2	46.4056	1	-1	0.10826	94.5255
0.00639766	12.2	46.3912	2	-1	0.10828	94.4522
0.00639818	12.2	46.3502	3	-1	0.10829	94.4609
0.00642649	12.2	46.386	4	-1	0.1083	94.4696
0.00642649	12.2	46.3856	1	-1	0.10831	94.4784
0.00645445	12.2	46.3717	2	-1	0.10833	94.4135
0.00645498	12.2	46.3304	3	-1	0.10834	94.4222
0.00648331	12.2	46.3671	4	-1	0.10835	94.4309
0.00648331	12.2	46.3667	1	-1	0.10836	94.4396
0.0065113	12.2	46.3524	2	-1	0.10838	94.3666
0.00651183	12.2	46.3107	3	-1	0.10839	94.3753
0.00654018	12.2	46.3475	4	-1	0.1084	94.384
0.00654019	12.2	46.3471	1	-1	0.10841	94.3927
0.0065682	12.2	46.3325	2	-1	0.10843	94.3198
0.00656874	12.2	46.2902	3	-1	0.10845	94.3372
0.00659711	12.2	46.3276	4	-1	0.10845	94.3372
0.00659712	12.2	46.3272	1	-1	0.10846	94.3459
0.00662516	12.2	46.3123	2	-1	0.10848	94.2731
0.0066257	12.2	46.2693	3	-1	0.1085	94.2904
0.0066541	12.2	46.3082	4	-1	0.1085	94.2904
0.0066541	12.2	46.3079	1	-1	0.10851	94.2991
0.00668216	12.2	46.2933	2	-1	0.10853	94.2346
0.00668272	12.2	46.2496	3	-1	0.10855	94.252
0.00671113	12.2	46.289	4	-1	0.10855	94.252
0.00671114	12.2	46.2886	1	-1	0.10856	94.2607
0.00673922	12.2	46.2737	2	-1	0.10858	94.1881
0.00673979	12.2	46.2293	3	-1	0.1086	94.2054
0.00676822	12.2	46.2694	4	-1	0.1086	94.2054
0.00676823	12.2	46.269	1	-1	0.10861	94.2141
0.00679634	12.2	46.2538	2	-1	0.10864	94.1503
0.00679691	12.2	46.2091	3	-1	0.10865	94.1589
0.00682537	12.2	46.2499	4	-1	0.10866	94.1676
0.00682537	12.2	46.2495	1	-1	0.10867	94.1763
0.0068535	12.2	46.2348	2	-1	0.10869	94.1039
0.00685409	12.2	46.1894	3	-1	0.1087	94.1126
0.00688257	12.2	46.2311	4	-1	0.10871	94.1212
0.00688257	12.2	46.2307	1	-1	0.10872	94.1299
0.00691073	12.2	46.2155	2	-1	0.10874	94.0576
0.00691131	12.2	46.1699	3	-1	0.10875	94.0663
0.00693982	12.2	46.2117	4	-1	0.10876	94.0749
0.00693982	12.2	46.2113	1	-1	0.10877	94.0836
0.006968	12.2	46.1959	2	-1	0.10879	94.0114
0.0069686	12.2	46.1499	3	-1	0.1088	94.02
0.00699712	12.2	46.1919	4	-1	0.10881	94.0287
0.00699713	12.2	46.1915	1	-1	0.10882	94.0373
0.00702533	12.2	46.1759	2	-1	0.10884	93.9653
0.00702593	12.2	46.1297	3	-1	0.10885	93.9739
0.00705448	12.2	46.1727	4	-1	0.10886	93.9826
0.00705449	12.2	46.1723	1	-1	0.10887	93.9912
0.00708271	12.2	46.1572	2	-1	0.10889	93.9274
0.00708332	12.2	46.1106	3	-1	0.1089	93.936
0.00711189	12.2	46.1537	4	-1	0.10891	93.9446
0.0071119	12.2	46.1534	1	-1	0.10892	93.9532
0.00714015	12.2	46.1378	2	-1	0.10894	93.8814
0.00714076	12.2	46.091	3	-1	0.10895	93.89
0.00716936	12.2	46.1343	4	-1	0.10896	93.8987
0.00716936	12.2	46.1339	1	-1	0.10897	93.9073
0.00719764	12.2	46.1181	2	-1	0.10899	93.8356
0.00719825	12.2	46.071	3	-1	0.109	93.8442
0.00722688	12.2	46.1146	4	-1	0.10901	93.8528
0.00722688	12.2	46.1142	1	-1	0.10902	93.8614
0.00725518	12.2	46.0982	2	-1	0.10904	93.7898
0.00725581	12.2	46.0505	3	-1	0.10906	93.807
0.00728445	12.2	46.0955	4	-1	0.10906	93.807
0.00728446	12.2	46.0951	1	-1	0.10907	93.8156
0.00731277	12.2	46.0795	2	-1	0.10909	93.7521
0.00731341	12.2	46.0311	3	-1	0.10911	93.7693
0.00734207	12.2	46.0766	4	-1	0.10911	93.7693
0.00734208	12.2	46.0763	1	-1	0.10912	93.7779
0.00737042	12.2	46.0602	2	-1	0.10914	93.7065
0.00737107	12.2	46.0112	3	-1	0.10916	93.7237
0.00739975	12.2	46.0573	4	-1	0.10916	93.7237
0.00739976	12.2	46.057	1	-1	0.10917	93.7323
0.00742813	12.2	46.0407	2	-1	0.1092	93.6696
0.00742878	12.2	45.9914	3	-1	0.10921	93.6782
0.00745748	12.2	46.0378	4	-1	0.10921	93.6782
0.00745749	12.2	46.0374	1	-1	0.10922	93.6867
0.00748589	12.2	46.0209	2	-1	0.10925	93.6241
0.00748654	12.2	45.9713	3	-1	0.10926	93.6327
0.00751527	12.2	46.0185	4	-1	0.10927	93.6413
0.00751528	12.2	46.0181	1	-1	0.10928	93.6498
0.0075437	12.2	46.0021	2	-1	0.1093	93.5788
0.00754437	12.2	45.9518	3	-1	0.10931	93.5873
0.00757311	12.2	45.9999	4	-1	0.10932	93.5959
0.00757312	12.2	45.9996	1	-1	0.10933	93.6045
0.00760157	12.2	45.9832	2	-1	0.10935	93.5335
0.00760224	12.2	45.9326	3	-1	0.10936	93.542
0.00763101	12.2	45.9809	4	-1	0.10937	93.5506
0.00763102	12.2	45.9805	1	-1	0.10938	93.5591
0.00765949	12.2	45.9638	2	-1	0.1094	93.4883
0.00766016	12.2	45.913	3	-1	0.10941	93.4968
0.00768896	12.2	45.9615	4	-1	0.10942	93.5054
0.00768896	12.2	45.9612	1	-1	0.10943	93.5139
0.00771746	12.2	45.9443	2	-1	0.10945	93.4432
0.00771814	12.2	45.8932	3	-1	0.10946	93.4517
0.00774696	12.2	45.942	4	-1	0.10947	93.4603
0.00774697	12.2	45.9416	1	-1	0.10948	93.4688
0.00777549	12.2	45.9246	2	-1	0.1095	93.3982
0.00777617	12.2	45.8732	3	-1	0.10951	93.4067
0.00780502	12.2	45.9227	4	-1	0.10952	93.4152
0.00780503	12.2	45.9223	1	-1	0.10953	93.4237
0.00783357	12.2	45.9057	2	-1	0.10955	93.3612
0.00783426	12.2	45.8538	3	-1	0.10956	93.3697
0.00786313	12.2	45.9042	4	-1	0.10957	93.3782
0.00786314	12.2	45.9038	1	-1	0.10958	93.3867
0.0078917	12.2	45.8869	2	-1	0.1096	93.3163
0.0078924	12.2	45.8347	3	-1	0.10961	93.3248
0.00792129	12.2	45.8852	4	-1	0.10962	93.3333
0.0079213	12.2	45.8849	1	-1	0.10963	93.3418
0.00794989	12.2	45.8677	2	-1	0.10965	93.2715
0.00795059	12.2	45.8152	3	-1	0.10966	93.28
0.00797951	12.2	45.866	4	-1	0.10967	93.2885
0.00797951	12.2	45.8656	1	-1	0.10968	93.297
0.00800813	12.2	45.8482	2	-1	0.1097	93.2268
0.00800884	12.2	45.7951	3	-1	0.10972	93.2438
0.00803778	12.2	45.8466	4	-1	0.10972	93.2438
0.00803779	12.2	45.8463	1	-1	0.10973	93.2523
0.00806643	12.2	45.8288	2	-1	0.10976	93.1907
0.00806715	12.2	45.7754	3	-1	0.10977	93.1992
0.00809611	12.2	45.8273	4	-1	0.10978	93.2077
0.00809612	12.2	45.827	1	-1	0.10979	93.2162
0.00812479	12.2	45.8093	2	-1	0.10981	93.1383
0.00812551	12.2	45.7556	3	-1	0.10982	93.1467
0.0081545	12.2	45.8086	4	-1	0.10983	93.1552
0.0081545	12.2	45.8083	1	-1	0.10984	93.1637
0.00818319	12.2	45.791	2	-1	0.10986	93.1017
0.00818392	12.2	45.7372	3	-1	0.10987	93.1102
0.00821293	12.2	45.7901	4	-1	0.10987	93.1102
0.00821293	12.2	45.7897	1	-1	0.10988	93.1186
0.00824165	12.2	45.7722	2	-1	0.10991	93.0652
0.00824238	12.2	45.718	3	-1	0.10992	93.0737
0.00827142	12.2	45.7713	4	-1	0.10993	93.0821
0.00827142	12.2	45.771	1	-1	0.10994	93.0906
0.00830017	12.2	45.7531	2	-1	0.10996	93.013
0.0083009	12.2	45.6987	3	-1	0.10997	93.0215
0.00832996	12.2	45.7523	4	-1	0.10998	93.0299
0.00832996	12.2	45.7519	1	-1	0.10999	93.0384
0.00835873	12.2	45.7339	2	-1	0.11001	92.9688
0.00835948	12.2	45.6792	3	-1	0.11002	92.9773
0.00838856	12.2	45.7331	4	-1	0.11003	92.9857
0.00838856	12.2	45.7327	1	-1	0.11004	92.9942
0.00841736	12.2	45.7145	2	-1	0.11006	92.9247
0.0084181	12.2	45.6596	3	-1	0.11007	92.9331
0.00844721	12.2	45.7138	4	-1	0.11008	92.9416
0.00844722	12.2	45.7134	1	-1	0.11009	92.95
0.00847603	12.2	45.6951	2	-1	0.11011	92.8806
0.00847679	12.2	45.6399	3	-1	0.11012	92.8891
0.00850592	12.2	45.6944	4	-1	0.11013	92.8975
0.00850592	12.2	45.6941	1	-1	0.11014	92.9059
0.00853477	12.2	45.6757	2	-1	0.11017	92.8451
0.00853553	12.2	45.6204	3	-1	0.11018	92.8535
0.00856468	12.2	45.6759	4	-1	0.11018	92.8535
0.00856468	12.2	45.6756	1	-1	0.11019	92.862
0.00859356	12.2	45.6577	2	-1	0.11022	92.809
0.00859432	12.2	45.602	3	-1	0.11023	92.8174
0.00862349	12.2	45.6577	4	-1	0.11023	92.8174
0.00862349	12.2	45.6573	1	-1	0.11024	92.8259
0.0086524	12.2	45.6391	2	-1	0.11027	92.7652
0.00865316	12.2	45.5836	3	-1	0.11027	92.7652
0.00868236	12.2	45.639	4	-1	0.11028	92.7736
0.00868236	12.2	45.6386	1	-1	0.11029	92.782
0.00871129	12.2	45.6202	2	-1	0.11032	92.7215
0.00871206	12.2	45.5648	3	-1	0.11032	92.7215
0.00874128	12.2	45.6201	4	-1	0.11033	92.7299
0.00874128	12.2	45.6197	1	-1	0.11034	92.7383
0.00877024	12.2	45.6012	2	-1	0.11037	92.6778
0.00877101	12.2	45.5455	3	-1	0.11038	92.6862
0.00880025	12.2	45.6011	4	-1	0.11038	92.6862
0.00880025	12.2	45.6007	1	-1	0.11039	92.6946
0.00882925	12.2	45.582	2	-1	0.11042	92.6342
0.00883002	12.2	45.5261	3	-1	0.11043	92.6426
0.00885928	12.2	45.5821	4	-1	0.11044	92.651
0.00885929	12.2	45.5818	1	-1	0.11045	92.6594
0.00888831	12.2	45.5628	2	-1	0.11047	92.583
0.00888908	12.2	45.5067	3	-1	0.11048	92.5914
0.00891837	12.2	45.5631	4	-1	0.11049	92.5997
0.00891838	12.2	45.5627	1	-1	0.1105	92.6081
0.00894742	12.2	45.5437	2	-1	0.11052	92.5396
0.0089482	12.2	45.4873	3	-1	0.11053	92.5479
0.00897751	12.2	45.544	4	-1	0.11054	92.5563
0.00897752	12.2	45.5437	1	-1	0.11055	92.5647
0.00900659	12.2	45.5246	2	-1	0.11058	92.5046
0.00900737	12.2	45.4684	3	-1	0.11058	92.5046
0.00903671	12.2	45.525	4	-1	0.11059	92.513
0.00903672	12.2	45.5246	1	-1	0.1106	92.5213
0.00906582	12.2	45.5055	2	-1	0.11063	92.4613
0.0090666	12.2	45.4494	3	-1	0.11063	92.4613
0.00909596	12.2	45.5059	4	-1	0.11064	92.4697
0.00909597	12.2	45.5056	1	-1	0.11065	92.4781
0.0091251	12.2	45.4864	2	-1	0.11068	92.4182
0.00912588	12.2	45.4304	3	-1	0.11068	92.4182
0.00915527	12.2	45.4872	4	-1	0.11069	92.4265
0.00915527	12.2	45.4869	1	-1	0.1107	92.4349
0.00918443	12.2	45.4682	2	-1	0.11073	92.3828
0.00918522	12.2	45.412	3	-1	0.11073	92.3828
0.00921462	12.2	45.4694	4	-1	0.11074	92.3911
0.00921463	12.2	45.469	1	-1	0.11075	92.3995
0.00924381	12.2	45.4501	2	-1	0.11078	92.3398
0.0092446	12.2	45.394	3	-1	0.11078	92.3398
0.00927403	12.2	45.4511	4	-1	0.11079	92.3481
0.00927404	12.2	45.4508	1	-1	0.1108	92.3564
0.00930325	12.2	45.4316	2	-1	0.11083	92.2968
0.00930404	12.2	45.3756	3	-1	0.11083	92.2968
0.0093335	12.2	45.4326	4	-1	0.11084	92.3051
0.0093335	12.2	45.4323	1	-1	0.11085	92.3135
0.00936275	12.2	45.413	2	-1	0.11088	92.2539
0.00936353	12.2	45.3571	3	-1	0.11088	92.2539
0.00939302	12.2	45.414	4	-1	0.11089	92.2623
0.00939302	12.2	45.4136	1	-1	0.1109	92.2706
0.0094223	12.2	45.3942	2	-1	0.11093	92.2111
0.00942308	12.2	45.3385	3	-1	0.11093	92.2111
0.0094526	12.2	45.3954	4	-1	0.11095	92.2278
0.0094526	12.2	45.395	1	-1	0.11096	92.2361
0.0094819	12.2	45.3756	2	-1	0.11098	92.1608
0.00948269	12.2	45.3199	3	-1	0.11098	92.1608
0.00951223	12.2	45.3767	4	-1	0.111	92.1774
0.00951223	12.2	45.3764	1	-1	0.11101	92.1857
0.00954156	12.2	45.3569	2	-1	0.11103	92.1181
0.00954235	12.2	45.301	3	-1	0.11104	92.1264
0.00957191	12.2	45.3581	4	-1	0.11105	92.1347
0.00957192	12.2	45.3577	1	-1	0.11106	92.143
0.00960127	12.2	45.3381	2	-1	0.11108	92.0756
0.00960207	12.2	45.282	3	-1	0.11109	92.0839
0.00963166	12.2	45.3394	4	-1	0.1111	92.0922
0.00963166	12.2	45.3391	1	-1	0.11111	92.1005
0.00966104	12.2	45.3194	2	-1	0.11114	92.0414
0.00966184	12.2	45.2634	3	-1	0.11114	92.0414
0.00969145	12.2	45.3208	4	-1	0.11115	92.0497
0.00969146	12.2	45.3204	1	-1	0.11116	92.058
0.00972087	12.2	45.3007	2	-1	0.11119	91.999
0.00972166	12.2	45.2449	3	-1	0.11119	91.999
0.0097513	12.2	45.3021	4	-1	0.1112	92.0073
0.00975131	12.2	45.3018	1	-1	0.11121	92.0156
0.00978075	12.2	45.282	2	-1	0.11124	91.9567
0.00978154	12.2	45.2262	3	-1	0.11124	91.9567
0.00981121	12.2	45.2835	4	-1	0.11125	91.9649
0.00981121	12.2	45.2831	1	-1	0.11126	91.9732
0.00984068	12.2	45.2633	2	-1	0.11129	91.9144
0.00984148	12.2	45.2076	3	-1	0.11129	91.9144
0.00987117	12.2	45.2648	4	-1	0.1113	91.9227
0.00987117	12.2	45.2645	1	-1	0.11131	91.931
0.00990067	12.2	45.2445	2	-1	0.11134	91.8723
0.00990147	12.2	45.1891	3	-1	0.11134	91.8723
0.00993119	12.2	45.2463	4	-1	0.11136	91.8888
0.00993119	12.2	45.246	1	-1	0.11137	91.897
0.00996071	12.2	45.226	2	-1	0.11139	91.8226
0.00996151	12.2	45.1706	3	-1	0.11139	91.8226
0.00999126	12.2	45.2278	4	-1	0.11141	91.8391
0.00999126	12.2	45.2275	1	-1	0.11142	91.8473
0.0100208	12.2	45.2075	2	-1	0.11144	91.7806
0.0100216	12.2	45.1522	3	-1	0.11144	91.7806
0.0100514	12.2	45.2093	4	-1	0.11146	91.7971
0.0100514	12.2	45.209	1	-1	0.11147	91.8053
0.010081	12.2	45.189	2	-1	0.11149	91.7387
0.0100818	12.2	45.1335	3	-1	0.1115	91.7469
0.0101116	12.2	45.1909	4	-1	0.11151	91.7551
0.0101116	12.2	45.1906	1	-1	0.11152	91.7634
0.0101412	12.2	45.1705	2	-1	0.11154	91.6968
0.010142	12.2	45.1148	3	-1	0.11155	91.705
0.0101718	12.2	45.1725	4	-1	0.11156	91.7133
0.0101718	12.2	45.1722	1	-1	0.11157	91.7215
0.0102014	12.2	45.1521	2	-1	0.1116	91.6632
0.0102022	12.2	45.0965	3	-1	0.1116	91.6632
0.0102321	12.2	45.1542	4	-1	0.11161	91.6715
0.0102321	12.2	45.1539	1	-1	0.11162	91.6797
0.0102618	12.2	45.1336	2	-1	0.11165	91.6215
0.0102626	12.2	45.0782	3	-1	0.11165	91.6215
0.0102924	12.2	45.1359	4	-1	0.11166	91.6297
0.0102924	12.2	45.1355	1	-1	0.11167	91.6379
0.0103221	12.2	45.1152	2	-1	0.1117	91.5799
0.0103229	12.2	45.0599	3	-1	0.1117	91.5799
0.0103528	12.2	45.1175	4	-1	0.11171	91.5881
0.0103528	12.2	45.1172	1	-1	0.11172	91.5963
0.0103826	12.2	45.0968	2	-1	0.11175	91.5383
0.0103834	12.2	45.0416	3	-1	0.11175	91.5383
0.0104133	12.2	45.0992	4	-1	0.11176	91.5465
0.0104133	12.2	45.0988	1	-1	0.11177	91.5547
0.010443	12.2	45.0784	2	-1	0.1118	91.4968
0.0104439	12.2	45.0233	3	-1	0.1118	91.4968
0.0104738	12.2	45.0808	4	-1	0.11181	91.505
0.0104738	12.2	45.0805	1	-1	0.11182	91.5132
0.0105036	12.2	45.06	2	-1	0.11185	91.4554
0.0105044	12.2	45.005	3	-1	0.11185	91.4554
0.0105344	12.2	45.0625	4	-1	0.11186	91.4636
0.0105344	12.2	45.0622	1	-1	0.11187	91.4718
0.0105642	12.2	45.0417	2	-1	0.1119	91.4141
0.010565	12.2	44.9868	3	-1	0.1119	91.4141
0.010595	12.2	45.044	4	-1	0.11192	91.4304
0.010595	12.2	45.0437	1	-1	0.11193	91.4386
0.0106248	12.2	45.0224	2	-1	0.11195	91.3579
0.0106256	12.2	44.9673	3	-1	0.11195	91.3579
0.0106557	12.2	45.0248	4	-1	0.11197	91.3742
0.0106557	12.2	45.0244	1	-1	0.11198	91.3824
0.0106855	12.2	45.0035	2	-1	0.11201	91.3249
0.0106863	12.2	44.9485	3	-1	0.11201	91.3249
0.0107164	12.2	45.006	4	-1	0.11202	91.3331
0.0107164	12.2	45.0057	1	-1	0.11203	91.3412
0.0107463	12.2	44.9848	2	-1	0.11206	91.2838
0.0107471	12.2	44.93	3	-1	0.11206	91.2838
0.0107772	12.2	44.9875	4	-1	0.11207	91.292
0.0107772	12.2	44.9872	1	-1	0.11208	91.3001
0.0108071	12.2	44.9663	2	-1	0.11211	91.2428
0.0108079	12.2	44.9116	3	-1	0.11211	91.2428
0.010838	12.2	44.9692	4	-1	0.11212	91.2509
0.0108381	12.2	44.9688	1	-1	0.11213	91.2591
0.010868	12.2	44.9479	2	-1	0.11216	91.2018
0.0108688	12.2	44.8934	3	-1	0.11216	91.2018
0.010899	12.2	44.9511	4	-1	0.11218	91.2181
0.010899	12.2	44.9508	1	-1	0.11219	91.2262
0.0109289	12.2	44.9298	2	-1	0.11221	91.1535
0.0109297	12.2	44.8754	3	-1	0.11221	91.1535
0.0109599	12.2	44.933	4	-1	0.11223	91.1698
0.0109599	12.2	44.9327	1	-1	0.11224	91.1779
0.0109899	12.2	44.9118	2	-1	0.11226	91.1127
0.0109907	12.2	44.8575	3	-1	0.11226	91.1127
0.0110209	12.2	44.915	4	-1	0.11228	91.129
0.0110209	12.2	44.9147	1	-1	0.11229	91.1371
0.011051	12.2	44.8938	2	-1	0.11231	91.072
0.0110518	12.2	44.8396	3	-1	0.11231	91.072
0.011082	12.2	44.8969	4	-1	0.11232	91.0801
0.011082	12.2	44.8966	1	-1	0.11233	91.0882
0.011112	12.2	44.8757	2	-1	0.11236	91.0387
0.0111129	12.2	44.8216	3	-1	0.11236	91.0387
0.0111431	12.2	44.8791	4	-1	0.11238	91.0549
0.0111431	12.2	44.8788	1	-1	0.11239	91.063
0.0111732	12.2	44.8578	2	-1	0.11241	90.9908
0.011174	12.2	44.8038	3	-1	0.11241	90.9908
0.0112043	12.2	44.8612	4	-1	0.11243	91.007
0.0112043	12.2	44.8609	1	-1	0.11244	91.0151
0.0112344	12.2	44.8399	2	-1	0.11246	90.9503
0.0112352	12.2	44.7861	3	-1	0.11246	90.9503
0.0112655	12.2	44.843	4	-1	0.11248	90.9664
0.0112655	12.2	44.8427	1	-1	0.11249	90.9745
0.0112957	12.2	44.8212	2	-1	0.11252	90.9106
0.0112965	12.2	44.7671	3	-1	0.11252	90.9106
0.0113268	12.2	44.8242	4	-1	0.11253	90.9186
0.0113268	12.2	44.8239	1	-1	0.11254	90.9267
0.011357	12.2	44.8025	2	-1	0.11257	90.8702
0.0113578	12.2	44.7485	3	-1	0.11257	90.8702
0.0113882	12.2	44.8058	4	-1	0.11258	90.8783
0.0113882	12.2	44.8055	1	-1	0.11259	90.8863
0.0114183	12.2	44.7841	2	-1	0.11262	90.8299
0.0114192	12.2	44.7302	3	-1	0.11262	90.8299
0.0114496	12.2	44.7876	4	-1	0.11263	90.838
0.0114496	12.2	44.7873	1	-1	0.11264	90.846
0.0114798	12.2	44.7659	2	-1	0.11267	90.7897
0.0114806	12.2	44.7122	3	-1	0.11267	90.7897
0.011511	12.2	44.7696	4	-1	0.11268	90.7977
0.011511	12.2	44.7693	1	-1	0.11269	90.8058
0.0115413	12.2	44.7479	2	-1	0.11272	90.7495
0.0115421	12.2	44.6943	3	-1	0.11272	90.7495
0.0115725	12.2	44.7517	4	-1	0.11273	90.7576
0.0115725	12.2	44.7514	1	-1	0.11274	90.7656
0.0116028	12.2	44.73	2	-1	0.11277	90.7095
0.0116036	12.2	44.6765	3	-1	0.11277	90.7095
0.0116341	12.2	44.7339	4	-1	0.11278	90.7175
0.0116341	12.2	44.7336	1	-1	0.11279	90.7255
0.0116644	12.2	44.7122	2	-1	0.11282	90.6695
0.0116652	12.2	44.6588	3	-1	0.11282	90.6695
0.0116957	12.2	44.7157	4	-1	0.11284	90.6855
0.0116957	12.2	44.7154	1	-1	0.11285	90.6936
0.0117261	12.2	44.6934	2	-1	0.11288	90.623
0.0117269	12.2	44.6405	3	-1	0.11287	90.615
0.0117574	12.2	44.6971	4	-1	0.11289	90.631
0.0117574	12.2	44.6968	1	-1	0.1129	90.639
0.0117878	12.2	44.6752	2	-1	0.11293	90.5831
0.0117886	12.2	44.6227	3	-1	0.11292	90.5751
0.0118191	12.2	44.679	4	-1	0.11294	90.5912
0.0118191	12.2	44.6787	1	-1	0.11295	90.5992
0.0118495	12.2	44.6572	2	-1	0.11298	90.5434
0.0118503	12.2	44.6048	3	-1	0.11298	90.5434
0.0118809	12.2	44.6611	4	-1	0.11299	90.5514
0.0118809	12.2	44.6608	1	-1	0.113	90.5594
0.0119113	12.2	44.6393	2	-1	0.11303	90.5036
0.0119122	12.2	44.5871	3	-1	0.11303	90.5036
0.0119428	12.2	44.6435	4	-1	0.11304	90.5117
0.0119428	12.2	44.6431	1	-1	0.11305	90.5197
0.0119732	12.2	44.6216	2	-1	0.11308	90.464
0.011974	12.2	44.5695	3	-1	0.11308	90.464
0.0120047	12.2	44.6259	4	-1	0.11309	90.472
0.0120047	12.2	44.6255	1	-1	0.1131	90.48
0.0120352	12.2	44.6033	2	-1	0.11313	90.4172
0.012036	12.2	44.5513	3	-1	0.11313	90.4172
0.0120666	12.2	44.607	4	-1	0.11314	90.4252
0.0120666	12.2	44.6067	1	-1	0.11315	90.4332
0.0120971	12.2	44.5849	2	-1	0.11319	90.3857
0.0120979	12.2	44.5333	3	-1	0.11318	90.3777
0.0121286	12.2	44.589	4	-1	0.1132	90.3937
0.0121286	12.2	44.5887	1	-1	0.11321	90.4017
0.0121592	12.2	44.567	2	-1	0.11324	90.3391
0.01216	12.2	44.5159	3	-1	0.11323	90.3311
0.0121907	12.2	44.5712	4	-1	0.11325	90.347
0.0121907	12.2	44.5709	1	-1	0.11326	90.355
0.0122213	12.2	44.5494	2	-1	0.11329	90.2997
0.0122221	12.2	44.4987	3	-1	0.11328	90.2917
0.0122528	12.2	44.5536	4	-1	0.1133	90.3077
0.0122528	12.2	44.5533	1	-1	0.11331	90.3156
0.0122835	12.2	44.5319	2	-1	0.11334	90.2604
0.0122842	12.2	44.4816	3	-1	0.11333	90.2524
0.012315	12.2	44.5358	4	-1	0.11335	90.2684
0.012315	12.2	44.5354	1	-1	0.11336	90.2763
0.0123457	12.2	44.5134	2	-1	0.11339	90.214
0.0123465	12.2	44.4632	3	-1	0.11338	90.2061
0.0123773	12.2	44.5173	4	-1	0.1134	90.222
0.0123773	12.2	44.517	1	-1	0.11341	90.2299
0.0124079	12.2	44.4952	2	-1	0.11344	90.1749
0.0124087	12.2	44.4455	3	-1	0.11343	90.1669
0.0124396	12.2	44.4993	4	-1	0.11345	90.1828
0.0124396	12.2	44.4989	1	-1	0.11346	90.1908
0.0124703	12.2	44.4774	2	-1	0.11349	90.1358
0.012471	12.2	44.4278	3	-1	0.11349	90.1358
0.0125019	12.2	44.4816	4	-1	0.1135	90.1438
0.0125019	12.2	44.4813	1	-1	0.11351	90.1517
0.0125326	12.2	44.4598	2	-1	0.11354	90.0968
0.0125334	12.2	44.4103	3	-1	0.11354	90.0968
0.0125643	12.2	44.4642	4	-1	0.11355	90.1047
0.0125643	12.2	44.4639	1	-1	0.11356	90.1127
0.0125951	12.2	44.4417	2	-1	0.11359	90.0507
0.0125959	12.2	44.3923	3	-1	0.11359	90.0507
0.0126268	12.2	44.4458	4	-1	0.11361	90.0666
0.0126268	12.2	44.4455	1	-1	0.11362	90.0745
0.0126576	12.2	44.4237	2	-1	0.11365	90.0127
0.0126584	12.2	44.3747	3	-1	0.11364	90.0048
0.0126893	12.2	44.4279	4	-1	0.11366	90.0206
0.0126893	12.2	44.4276	1	-1	0.11367	90.0285
0.0127201	12.2	44.4061	2	-1	0.1137	89.9739
0.0127209	12.2	44.3575	3	-1	0.11369	89.966
0.0127519	12.2	44.4104	4	-1	0.11371	89.9818
0.0127519	12.2	44.4101	1	-1	0.11372	89.9897
0.0127827	12.2	44.3887	2	-1	0.11375	89.9352
0.0127835	12.2	44.3405	3	-1	0.11374	89.9273
0.0128145	12.2	44.3931	4	-1	0.11376	89.9431
0.0128145	12.2	44.3928	1	-1	0.11377	89.951
0.0128454	12.2	44.3708	2	-1	0.1138	89.8894
0.0128462	12.2	44.3231	3	-1	0.11379	89.8815
0.0128772	12.2	44.3746	4	-1	0.11381	89.8973
0.0128772	12.2	44.3743	1	-1	0.11382	89.9052
0.0129081	12.2	44.3527	2	-1	0.11385	89.8508
0.0129089	12.2	44.3054	3	-1	0.11384	89.8429
0.0129399	12.2	44.3567	4	-1	0.11386	89.8587
0.01294	12.2	44.3564	1	-1	0.11387	89.8666
0.0129709	12.2	44.335	2	-1	0.1139	89.8123
0.0129717	12.2	44.2879	3	-1	0.1139	89.8123
0.0130028	12.2	44.3393	4	-1	0.11391	89.8202
0.0130028	12.2	44.339	1	-1	0.11392	89.8281
0.0130337	12.2	44.3176	2	-1	0.11395	89.7739
0.0130345	12.2	44.2705	3	-1	0.11395	89.7739
0.0130656	12.2	44.3214	4	-1	0.11396	89.7818
0.0130656	12.2	44.3211	1	-1	0.11397	89.7896
0.0130966	12.2	44.2993	2	-1	0.11401	89.7363
0.0130974	12.2	44.2526	3	-1	0.114	89.7285
0.0131285	12.2	44.3035	4	-1	0.11402	89.7442
0.0131285	12.2	44.3032	1	-1	0.11403	89.7521
0.0131596	12.2	44.2816	2	-1	0.11406	89.691
0.0131603	12.2	44.2354	3	-1	0.11405	89.6831
0.0131915	12.2	44.286	4	-1	0.11407	89.6988
0.0131915	12.2	44.2857	1	-1	0.11408	89.7067
0.0132226	12.2	44.2644	2	-1	0.11411	89.6527
0.0132233	12.2	44.2185	3	-1	0.1141	89.6449
0.0132545	12.2	44.2688	4	-1	0.11412	89.6606
0.0132545	12.2	44.2685	1	-1	0.11413	89.6684
0.0132856	12.2	44.2466	2	-1	0.11416	89.6075
0.0132864	12.2	44.2012	3	-1	0.11415	89.5997
0.0133176	12.2	44.2505	4	-1	0.11417	89.6154
0.0133176	12.2	44.2502	1	-1	0.11418	89.6232
0.0133488	12.2	44.2288	2	-1	0.11421	89.5694
0.0133495	12.2	44.1837	3	-1	0.1142	89.5616
0.0133808	12.2	44.2328	4	-1	0.11422	89.5773
0.0133808	12.2	44.2325	1	-1	0.11423	89.5851
0.0134119	12.2	44.2113	2	-1	0.11426	89.5314
0.0134126	12.2	44.1667	3	-1	0.11425	89.5236
0.013444	12.2	44.2155	4	-1	0.11427	89.5393
0.013444	12.2	44.2152	1	-1	0.11428	89.5471
0.0134751	12.2	44.1935	2	-1	0.11431	89.4865
0.0134759	12.2	44.1493	3	-1	0.1143	89.4786
0.0135072	12.2	44.1972	4	-1	0.11432	89.4943
0.0135072	12.2	44.1969	1	-1	0.11433	89.5021
0.0135384	12.2	44.1756	2	-1	0.11436	89.4486
0.0135392	12.2	44.1315	3	-1	0.11436	89.4486
0.0135705	12.2	44.1796	4	-1	0.11437	89.4564
0.0135705	12.2	44.1793	1	-1	0.11438	89.4642
0.0136018	12.2	44.1581	2	-1	0.11441	89.4108
0.0136025	12.2	44.1141	3	-1	0.11441	89.4108
0.0136339	12.2	44.1624	4	-1	0.11442	89.4186
0.0136339	12.2	44.1621	1	-1	0.11443	89.4264
0.0136652	12.2	44.1404	2	-1	0.11447	89.3738
0.0136659	12.2	44.0968	3	-1	0.11446	89.366
0.0136973	12.2	44.1444	4	-1	0.11448	89.3816
0.0136973	12.2	44.1441	1	-1	0.11449	89.3894
0.0137286	12.2	44.1228	2	-1	0.11452	89.3292
0.0137293	12.2	44.0796	3	-1	0.11451	89.3214
0.0137608	12.2	44.127	4	-1	0.11453	89.337
0.0137608	12.2	44.1267	1	-1	0.11454	89.3448
0.0137921	12.2	44.1056	2	-1	0.11457	89.2916
0.0137929	12.2	44.0628	3	-1	0.11456	89.2838
0.0138243	12.2	44.1099	4	-1	0.11458	89.2994
0.0138243	12.2	44.1096	1	-1	0.11459	89.3071
0.0138557	12.2	44.0881	2	-1	0.11462	89.2471
0.0138564	12.2	44.0456	3	-1	0.11461	89.2393
0.0138879	12.2	44.0918	4	-1	0.11463	89.2548
0.0138879	12.2	44.0915	1	-1	0.11464	89.2626
0.0139193	12.2	44.0704	2	-1	0.11467	89.2096
0.01392	12.2	44.0284	3	-1	0.11466	89.2018
0.0139516	12.2	44.0743	4	-1	0.11468	89.2174
0.0139516	12.2	44.074	1	-1	0.11469	89.2251
0.013983	12.2	44.0532	2	-1	0.11472	89.1722
0.0139837	12.2	44.0116	3	-1	0.11471	89.1644
0.0140153	12.2	44.0569	4	-1	0.11473	89.1799
0.0140153	12.2	44.0566	1	-1	0.11474	89.1877
0.0140468	12.2	44.0352	2	-1	0.11477	89.1279
0.0140475	12.2	43.9934	3	-1	0.11477	89.1279
0.0140791	12.2	44.0391	4	-1	0.11478	89.1357
0.0140791	12.2	44.0388	1	-1	0.11479	89.1434
0.0141106	12.2	44.0176	2	-1	0.11482	89.0906
0.0141113	12.2	43.9759	3	-1	0.11482	89.0906
0.0141429	12.2	44.0218	4	-1	0.11483	89.0984
0.0141429	12.2	44.0215	1	-1	0.11484	89.1061
0.0141744	12.2	44.0006	2	-1	0.11488	89.0612
0.0141751	12.2	43.9593	3	-1	0.11487	89.0534
0.0142068	12.2	44.0043	4	-1	0.11488	89.0612
0.0142068	12.2	44.004	1	-1	0.11489	89.0689
0.0142383	12.2	43.9826	2	-1	0.11493	89.0171
0.014239	12.2	43.9417	3	-1	0.11492	89.0094
0.0142707	12.2	43.9869	4	-1	0.11494	89.0249
0.0142707	12.2	43.9866	1	-1	0.11495	89.0326
0.0143023	12.2	43.9654	2	-1	0.11498	88.9731
0.014303	12.2	43.9249	3	-1	0.11497	88.9654
0.0143347	12.2	43.9694	4	-1	0.11499	88.9809
0.0143347	12.2	43.9691	1	-1	0.115	88.9886
0.0143663	12.2	43.9476	2	-1	0.11503	88.9293
0.014367	12.2	43.9071	3	-1	0.11502	88.9215
0.0143987	12.2	43.9516	4	-1	0.11504	88.937
0.0143987	12.2	43.9513	1	-1	0.11505	88.9447
0.0144304	12.2	43.9302	2	-1	0.11508	88.8923
0.0144311	12.2	43.8901	3	-1	0.11507	88.8846
0.0144628	12.2	43.9344	4	-1	0.11509	88.9
0.0144629	12.2	43.9341	1	-1	0.1151	88.9078
0.0144945	12.2	43.9126	2	-1	0.11513	88.8486
0.0144952	12.2	43.8729	3	-1	0.11512	88.8409
0.014527	12.2	43.9163	4	-1	0.11514	88.8563
0.014527	12.2	43.916	1	-1	0.11515	88.864
0.0145587	12.2	43.8952	2	-1	0.11519	88.8195
0.0145594	12.2	43.8559	3	-1	0.11518	88.8118
0.0145912	12.2	43.8992	4	-1	0.11519	88.8195
0.0145912	12.2	43.8989	1	-1	0.1152	88.8272
0.014623	12.2	43.8783	2	-1	0.11524	88.7827
0.0146237	12.2	43.8394	3	-1	0.11523	88.775
0.0146555	12.2	43.882	4	-1	0.11525	88.7904
0.0146555	12.2	43.8817	1	-1	0.11526	88.7982
0.0146873	12.2	43.8605	2	-1	0.11529	88.7324
0.014688	12.2	43.822	3	-1	0.11528	88.7247
0.0147199	12.2	43.8646	4	-1	0.1153	88.7401
0.0147199	12.2	43.8643	1	-1	0.11531	88.7478
0.0147517	12.2	43.8435	2	-1	0.11534	88.6958
0.0147523	12.2	43.8054	3	-1	0.11533	88.6881
0.0147843	12.2	43.8477	4	-1	0.11535	88.7035
0.0147843	12.2	43.8474	1	-1	0.11536	88.7112
0.0148161	12.2	43.8262	2	-1	0.11539	88.6524
0.0148168	12.2	43.7885	3	-1	0.11538	88.6447
0.0148487	12.2	43.8299	4	-1	0.1154	88.6601
0.0148487	12.2	43.8296	1	-1	0.11541	88.6678
0.0148806	12.2	43.8089	2	-1	0.11544	88.616
0.0148812	12.2	43.7716	3	-1	0.11543	88.6083
0.0149132	12.2	43.8128	4	-1	0.11545	88.6236
0.0149132	12.2	43.8125	1	-1	0.11546	88.6313
0.0149451	12.2	43.7915	2	-1	0.11549	88.5727
0.0149458	12.2	43.7545	3	-1	0.11548	88.5651
0.0149778	12.2	43.7949	4	-1	0.1155	88.5804
0.0149778	12.2	43.7946	1	-1	0.11551	88.5881
0.0150097	12.2	43.7741	2	-1	0.11554	88.5364
0.0150104	12.2	43.7374	3	-1	0.11553	88.5287
0.0150424	12.2	43.7778	4	-1	0.11555	88.5441
0.0150424	12.2	43.7775	1	-1	0.11556	88.5517
0.0150744	12.2	43.7575	2	-1	0.1156	88.5078
0.015075	12.2	43.7212	3	-1	0.11559	88.5001
0.0151071	12.2	43.7606	4	-1	0.1156	88.5078
0.0151071	12.2	43.7603	1	-1	0.11561	88.5154
0.0151391	12.2	43.7398	2	-1	0.11565	88.4648
0.0151397	12.2	43.7039	3	-1	0.11564	88.4571
0.0151718	12.2	43.7437	4	-1	0.11566	88.4724
0.0151718	12.2	43.7434	1	-1	0.11567	88.4801
0.0152039	12.2	43.723	2	-1	0.1157	88.4219
0.0152045	12.2	43.6878	3	-1	0.11568	88.4066
0.0152366	12.2	43.7263	4	-1	0.11571	88.4295
0.0152366	12.2	43.726	1	-1	0.11572	88.4371
0.0152687	12.2	43.7055	2	-1	0.11575	88.379
0.0152693	12.2	43.6706	3	-1	0.11574	88.3714
0.0153015	12.2	43.709	4	-1	0.11576	88.3867
0.0153015	12.2	43.7087	1	-1	0.11577	88.3943
0.0153336	12.2	43.6887	2	-1	0.1158	88.343
0.0153342	12.2	43.6542	3	-1	0.11579	88.3354
0.0153664	12.2	43.6916	4	-1	0.11581	88.3506
0.0153664	12.2	43.6913	1	-1	0.11582	88.3583
0.0153985	12.2	43.671	2	-1	0.11585	88.3003
0.0153991	12.2	43.6368	3	-1	0.11584	88.2927
0.0154313	12.2	43.6744	4	-1	0.11586	88.3079
0.0154314	12.2	43.6741	1	-1	0.11587	88.3155
0.0154635	12.2	43.6543	2	-1	0.11591	88.272
0.0154641	12.2	43.6208	3	-1	0.11589	88.2568
0.0154964	12.2	43.6571	4	-1	0.11591	88.272
0.0154964	12.2	43.6568	1	-1	0.11592	88.2796
0.0155286	12.2	43.6367	2	-1	0.11596	88.2295
0.0155292	12.2	43.6039	3	-1	0.11594	88.2143
0.0155615	12.2	43.6401	4	-1	0.11597	88.2371
0.0155615	12.2	43.6398	1	-1	0.11598	88.2447
0.0155937	12.2	43.6202	2	-1	0.11601	88.187
0.0155943	12.2	43.5879	3	-1	0.11599	88.1718
0.0156266	12.2	43.6228	4	-1	0.11602	88.1946
0.0156266	12.2	43.6226	1	-1	0.11603	88.2022
0.0156589	12.2	43.6028	2	-1	0.11606	88.1446
0.0156594	12.2	43.5712	3	-1	0.11604	88.1294
0.0156918	12.2	43.6057	4	-1	0.11607	88.1522
0.0156918	12.2	43.6054	1	-1	0.11608	88.1598
0.0157241	12.2	43.5862	2	-1	0.11611	88.109
0.0157247	12.2	43.555	3	-1	0.1161	88.1014
0.0157571	12.2	43.5885	4	-1	0.11612	88.1166
0.0157571	12.2	43.5882	1	-1	0.11613	88.1241
0.0157894	12.2	43.5688	2	-1	0.11616	88.0667
0.01579	12.2	43.5379	3	-1	0.11615	88.0591
0.0158224	12.2	43.5715	4	-1	0.11617	88.0743
0.0158224	12.2	43.5712	1	-1	0.11618	88.0819
0.0158548	12.2	43.5514	2	-1	0.11621	88.0245
0.0158553	12.2	43.5209	3	-1	0.1162	88.017
0.0158877	12.2	43.5537	4	-1	0.11622	88.0321
0.0158878	12.2	43.5534	1	-1	0.11623	88.0397
0.0159202	12.2	43.5345	2	-1	0.11627	87.9967
0.0159207	12.2	43.5046	3	-1	0.11625	87.9815
0.0159532	12.2	43.5369	4	-1	0.11627	87.9967
0.0159532	12.2	43.5367	1	-1	0.11628	88.0042
0.0159856	12.2	43.5174	2	-1	0.11632	87.9546
0.0159861	12.2	43.4882	3	-1	0.1163	87.9395
0.0160187	12.2	43.5196	4	-1	0.11633	87.9622
0.0160187	12.2	43.5194	1	-1	0.11634	87.9698
0.0160511	12.2	43.5007	2	-1	0.11637	87.9127
0.0160517	12.2	43.4721	3	-1	0.11635	87.8976
0.0160842	12.2	43.503	4	-1	0.11638	87.9202
0.0160842	12.2	43.5028	1	-1	0.11639	87.9278
0.0161167	12.2	43.484	2	-1	0.11642	87.8708
0.0161172	12.2	43.4557	3	-1	0.11641	87.8632
0.0161498	12.2	43.4857	4	-1	0.11643	87.8783
0.0161498	12.2	43.4854	1	-1	0.11644	87.8859
0.0161824	12.2	43.4672	2	-1	0.11647	87.8356
0.0161829	12.2	43.4392	3	-1	0.11646	87.8281
0.0162155	12.2	43.4685	4	-1	0.11648	87.8431
0.0162155	12.2	43.4683	1	-1	0.11649	87.8507
0.0162481	12.2	43.4497	2	-1	0.11652	87.7939
0.0162486	12.2	43.4221	3	-1	0.11651	87.7863
0.0162812	12.2	43.4515	4	-1	0.11653	87.8014
0.0162812	12.2	43.4512	1	-1	0.11654	87.8089
0.0163138	12.2	43.433	2	-1	0.11657	87.7588
0.0163143	12.2	43.4058	3	-1	0.11656	87.7513
0.016347	12.2	43.4344	4	-1	0.11658	87.7663
0.016347	12.2	43.4342	1	-1	0.11659	87.7738
0.0163796	12.2	43.4157	2	-1	0.11662	87.7172
0.0163801	12.2	43.3888	3	-1	0.11661	87.7097
0.0164128	12.2	43.4175	4	-1	0.11663	87.7247
0.0164128	12.2	43.4172	1	-1	0.11664	87.7322
0.0164455	12.2	43.3987	2	-1	0.11668	87.6832
0.016446	12.2	43.3724	3	-1	0.11666	87.6681
0.0164787	12.2	43.4002	4	-1	0.11669	87.6907
0.0164787	12.2	43.4	1	-1	0.1167	87.6982
0.0165114	12.2	43.3822	2	-1	0.11673	87.6417
0.0165119	12.2	43.3562	3	-1	0.11672	87.6342
0.0165447	12.2	43.3835	4	-1	0.11674	87.6492
0.0165447	12.2	43.3832	1	-1	0.11675	87.6567
0.0165774	12.2	43.365	2	-1	0.11678	87.6003
0.0165779	12.2	43.3391	3	-1	0.11677	87.5928
0.0166107	12.2	43.3665	4	-1	0.11679	87.6078
0.0166107	12.2	43.3662	1	-1	0.1168	87.6153
0.0166434	12.2	43.3485	2	-1	0.11683	87.5656
0.0166439	12.2	43.3229	3	-1	0.11682	87.5581
0.0166768	12.2	43.3495	4	-1	0.11684	87.5731
0.0166768	12.2	43.3493	1	-1	0.11685	87.5806
0.0167095	12.2	43.3312	2	-1	0.11688	87.5243
0.01671	12.2	43.306	3	-1	0.11687	87.5168
0.0167429	12.2	43.3327	4	-1	0.11689	87.5318
0.0167429	12.2	43.3325	1	-1	0.1169	87.5393
0.0167757	12.2	43.3142	2	-1	0.11693	87.4832
0.0167762	12.2	43.2893	3	-1	0.11692	87.4757
0.0168091	12.2	43.3153	4	-1	0.11694	87.4906
0.0168091	12.2	43.315	1	-1	0.11695	87.4981
0.0168419	12.2	43.2974	2	-1	0.11698	87.4486
0.0168424	12.2	43.2728	3	-1	0.11697	87.4411
0.0168753	12.2	43.2981	4	-1	0.11699	87.4561
0.0168753	12.2	43.2978	1	-1	0.117	87.4636
0.0169082	12.2	43.2803	2	-1	0.11704	87.415
0.0169087	12.2	43.256	3	-1	0.11703	87.4076
0.0169416	12.2	43.2816	4	-1	0.11705	87.4225
0.0169416	12.2	43.2814	1	-1	0.11706	87.43
0.0169745	12.2	43.2634	2	-1	0.11709	87.3676
0.016975	12.2	43.2395	3	-1	0.11708	87.3601
0.017008	12.2	43.2644	4	-1	0.1171	87.375
0.017008	12.2	43.2642	1	-1	0.11711	87.3825
0.0170409	12.2	43.2469	2	-1	0.11714	87.3332
0.0170414	12.2	43.2232	3	-1	0.11713	87.3257
0.0170744	12.2	43.2481	4	-1	0.11715	87.3406
0.0170744	12.2	43.2478	1	-1	0.11716	87.3481
0.0171074	12.2	43.2303	2	-1	0.11719	87.2924
0.0171078	12.2	43.207	3	-1	0.11718	87.2849
0.0171409	12.2	43.231	4	-1	0.1172	87.2998
0.0171409	12.2	43.2308	1	-1	0.11721	87.3073
0.0171739	12.2	43.2138	2	-1	0.11724	87.2581
0.0171743	12.2	43.1908	3	-1	0.11723	87.2507
0.0172074	12.2	43.2142	4	-1	0.11725	87.2656
0.0172074	12.2	43.2139	1	-1	0.11726	87.273
0.0172405	12.2	43.1966	2	-1	0.11729	87.2174
0.0172409	12.2	43.174	3	-1	0.11728	87.21
0.017274	12.2	43.1975	4	-1	0.1173	87.2249
0.017274	12.2	43.1973	1	-1	0.11731	87.2323
0.0173071	12.2	43.1798	2	-1	0.11734	87.1768
0.0173075	12.2	43.1574	3	-1	0.11733	87.1694
0.0173407	12.2	43.1803	4	-1	0.11735	87.1842
0.0173407	12.2	43.18	1	-1	0.11736	87.1917
0.0173738	12.2	43.1632	2	-1	0.11739	87.1428
0.0173742	12.2	43.1409	3	-1	0.11739	87.1428
0.0174074	12.2	43.1634	4	-1	0.1174	87.1502
0.0174074	12.2	43.1631	1	-1	0.11741	87.1576
0.0174405	12.2	43.1462	2	-1	0.11745	87.1097
0.0174409	12.2	43.1242	3	-1	0.11744	87.1023
0.0174741	12.2	43.1472	4	-1	0.11746	87.1171
0.0174741	12.2	43.1469	1	-1	0.11747	87.1245
0.0175073	12.2	43.1295	2	-1	0.1175	87.0628
0.0175077	12.2	43.1079	3	-1	0.11749	87.0554
0.017541	12.2	43.1301	4	-1	0.11751	87.0702
0.017541	12.2	43.1299	1	-1	0.11752	87.0777
0.0175742	12.2	43.1132	2	-1	0.11755	87.0289
0.0175746	12.2	43.0919	3	-1	0.11754	87.0215
0.0176078	12.2	43.1133	4	-1	0.11756	87.0364
0.0176078	12.2	43.1131	1	-1	0.11757	87.0438
0.0176411	12.2	43.0962	2	-1	0.1176	86.9887
0.0176415	12.2	43.0752	3	-1	0.11759	86.9813
0.0176748	12.2	43.0964	4	-1	0.11761	86.9961
0.0176748	12.2	43.0962	1	-1	0.11762	87.0035
0.0177081	12.2	43.079	2	-1	0.11765	86.9485
0.0177085	12.2	43.0581	3	-1	0.11764	86.9411
0.0177418	12.2	43.0795	4	-1	0.11766	86.9559
0.0177418	12.2	43.0792	1	-1	0.11767	86.9633
0.0177751	12.2	43.062	2	-1	0.1177	86.9084
0.0177755	12.2	43.0414	3	-1	0.11769	86.901
0.0178089	12.2	43.0624	4	-1	0.11772	86.9231
0.0178089	12.2	43.0621	1	-1	0.11773	86.9305
0.0178422	12.2	43.0457	2	-1	0.11775	86.8683
0.0178426	12.2	43.0251	3	-1	0.11775	86.8683
0.017876	12.2	43.0454	4	-1	0.11776	86.8757
0.017876	12.2	43.0452	1	-1	0.11777	86.8831
0.0179093	12.2	43.0287	2	-1	0.11781	86.8421
0.0179097	12.2	43.0085	3	-1	0.1178	86.8347
0.0179432	12.2	43.0293	4	-1	0.11782	86.8495
0.0179432	12.2	43.029	1	-1	0.11783	86.8568
0.0179765	12.2	43.0122	2	-1	0.11786	86.7958
0.0179769	12.2	42.9922	3	-1	0.11785	86.7884
0.0180104	12.2	43.0124	4	-1	0.11787	86.8032
0.0180104	12.2	43.0122	1	-1	0.11788	86.8105
0.0180438	12.2	42.996	2	-1	0.11791	86.7623
0.0180442	12.2	42.9763	3	-1	0.1179	86.755
0.0180777	12.2	42.9958	4	-1	0.11792	86.7697
0.0180777	12.2	42.9955	1	-1	0.11793	86.777
0.0181112	12.2	42.9792	2	-1	0.11796	86.7225
0.0181115	12.2	42.9598	3	-1	0.11795	86.7152
0.018145	12.2	42.9788	4	-1	0.11797	86.7299
0.0181451	12.2	42.9785	1	-1	0.11798	86.7372
0.0181785	12.2	42.962	2	-1	0.11801	86.6828
0.0181789	12.2	42.9429	3	-1	0.118	86.6755
0.0182125	12.2	42.9624	4	-1	0.11803	86.6975
0.0182125	12.2	42.9622	1	-1	0.11804	86.7049
0.018246	12.2	42.9455	2	-1	0.11806	86.6368
0.0182463	12.2	42.9268	3	-1	0.11805	86.6295
0.0182799	12.2	42.9454	4	-1	0.11808	86.6515
0.01828	12.2	42.9451	1	-1	0.11809	86.6588
0.0183135	12.2	42.9295	2	-1	0.11811	86.6036
0.0183139	12.2	42.9108	3	-1	0.11811	86.6036
0.0183475	12.2	42.9286	4	-1	0.11812	86.6109
0.0183475	12.2	42.9283	1	-1	0.11813	86.6183
0.018381	12.2	42.9125	2	-1	0.11816	86.5704
0.0183814	12.2	42.8938	3	-1	0.11816	86.5704
0.0184151	12.2	42.9119	4	-1	0.11818	86.5851
0.0184151	12.2	42.9117	1	-1	0.11819	86.5924
0.0184487	12.2	42.8956	2	-1	0.11822	86.532
0.018449	12.2	42.8772	3	-1	0.11821	86.5247
0.0184827	12.2	42.8957	4	-1	0.11823	86.5393
0.0184827	12.2	42.8954	1	-1	0.11824	86.5466
0.0185164	12.2	42.8791	2	-1	0.11827	86.4926
0.0185167	12.2	42.861	3	-1	0.11826	86.4853
0.0185504	12.2	42.8788	4	-1	0.11828	86.4999
0.0185504	12.2	42.8785	1	-1	0.11829	86.5072
0.0185841	12.2	42.863	2	-1	0.11832	86.4596
0.0185844	12.2	42.8453	3	-1	0.11831	86.4523
0.0186182	12.2	42.8623	4	-1	0.11833	86.4669
0.0186182	12.2	42.862	1	-1	0.11834	86.4742
0.0186519	12.2	42.8463	2	-1	0.11837	86.4204
0.0186522	12.2	42.8286	3	-1	0.11837	86.4204
0.018686	12.2	42.8456	4	-1	0.11838	86.4277
0.018686	12.2	42.8453	1	-1	0.11839	86.435
0.0187198	12.2	42.8295	2	-1	0.11843	86.3885
0.0187201	12.2	42.8121	3	-1	0.11842	86.3812
0.0187539	12.2	42.8296	4	-1	0.11844	86.3958
0.0187539	12.2	42.8294	1	-1	0.11845	86.4031
0.0187877	12.2	42.8132	2	-1	0.11848	86.3431
0.018788	12.2	42.7961	3	-1	0.11847	86.3358
0.0188219	12.2	42.813	4	-1	0.11849	86.3504
0.0188219	12.2	42.8128	1	-1	0.1185	86.3577
0.0188557	12.2	42.7968	2	-1	0.11853	86.3041
0.018856	12.2	42.7799	3	-1	0.11852	86.2968
0.0188899	12.2	42.796	4	-1	0.11854	86.3113
0.0188899	12.2	42.7958	1	-1	0.11855	86.3186
0.0189237	12.2	42.7806	2	-1	0.11858	86.2714
0.018924	12.2	42.7641	3	-1	0.11857	86.2641
0.0189579	12.2	42.7796	4	-1	0.11859	86.2786
0.0189579	12.2	42.7793	1	-1	0.1186	86.2859
0.0189918	12.2	42.764	2	-1	0.11863	86.2325
0.0189921	12.2	42.7477	3	-1	0.11862	86.2252
0.019026	12.2	42.7628	4	-1	0.11864	86.2397
0.0190261	12.2	42.7626	1	-1	0.11865	86.247
0.01906	12.2	42.7471	2	-1	0.11868	86.1936
0.0190603	12.2	42.7311	3	-1	0.11867	86.1864
0.0190942	12.2	42.7468	4	-1	0.1187	86.2081
0.0190942	12.2	42.7465	1	-1	0.11871	86.2154
0.0191282	12.2	42.7309	2	-1	0.11873	86.1486
0.0191285	12.2	42.7153	3	-1	0.11872	86.1413
0.0191625	12.2	42.7301	4	-1	0.11875	86.1631
0.0191625	12.2	42.7298	1	-1	0.11876	86.1704
0.0191964	12.2	42.7146	2	-1	0.11878	86.1099
0.0191967	12.2	42.699	3	-1	0.11878	86.1099
0.0192308	12.2	42.713	4	-1	0.11879	86.1172
0.0192308	12.2	42.7128	1	-1	0.1188	86.1244
0.0192648	12.2	42.6977	2	-1	0.11883	86.0775
0.0192651	12.2	42.6821	3	-1	0.11883	86.0775
0.0192991	12.2	42.6963	4	-1	0.11885	86.092
0.0192992	12.2	42.6961	1	-1	0.11886	86.0992
0.0193332	12.2	42.6816	2	-1	0.11889	86.0462
0.0193335	12.2	42.6661	3	-1	0.11889	86.0462
0.0193676	12.2	42.6802	4	-1	0.1189	86.0534
0.0193676	12.2	42.68	1	-1	0.11891	86.0606
0.0194016	12.2	42.665	2	-1	0.11894	86.0077
0.0194019	12.2	42.6495	3	-1	0.11894	86.0077
0.019436	12.2	42.6638	4	-1	0.11895	86.0149
0.019436	12.2	42.6636	1	-1	0.11896	86.0221
0.0194701	12.2	42.6482	2	-1	0.11899	85.9692
0.0194704	12.2	42.633	3	-1	0.11898	85.962
0.0195046	12.2	42.6475	4	-1	0.11901	85.9837
0.0195046	12.2	42.6473	1	-1	0.11902	85.9909
0.0195387	12.2	42.632	2	-1	0.11905	85.9319
0.019539	12.2	42.6168	3	-1	0.11904	85.9246
0.0195732	12.2	42.6314	4	-1	0.11906	85.9391
0.0195732	12.2	42.6311	1	-1	0.11907	85.9463
0.0196073	12.2	42.6158	2	-1	0.11909	85.8863
0.0196076	12.2	42.6006	3	-1	0.11909	85.8863
0.0196418	12.2	42.6147	4	-1	0.11911	85.9008
0.0196419	12.2	42.6145	1	-1	0.11912	85.908
0.019676	12.2	42.5993	2	-1	0.11914	85.8481
0.0196763	12.2	42.5842	3	-1	0.11914	85.8481
0.0197106	12.2	42.598	4	-1	0.11916	85.8625
0.0197106	12.2	42.5977	1	-1	0.11917	85.8697
0.0197448	12.2	42.5826	2	-1	0.11919	85.8099
0.0197451	12.2	42.5673	3	-1	0.1192	85.8171
0.0197793	12.2	42.5812	4	-1	0.11921	85.8243
0.0197794	12.2	42.581	1	-1	0.11922	85.8315
0.0198136	12.2	42.5666	2	-1	0.11925	85.7852
0.0198139	12.2	42.5514	3	-1	0.11925	85.7852
0.0198482	12.2	42.5652	4	-1	0.11926	85.7924
0.0198482	12.2	42.565	1	-1	0.11927	85.7996
0.0198824	12.2	42.5501	2	-1	0.1193	85.7471
0.0198828	12.2	42.5349	3	-1	0.1193	85.7471
0.0199171	12.2	42.549	4	-1	0.11931	85.7543
0.0199171	12.2	42.5487	1	-1	0.11932	85.7615
0.0199514	12.2	42.5333	2	-1	0.11935	85.7092
0.0199517	12.2	42.5181	3	-1	0.11935	85.7092
0.019986	12.2	42.5327	4	-1	0.11937	85.7235
0.019986	12.2	42.5324	1	-1	0.11938	85.7307
0.0200204	12.2	42.517	2	-1	0.11941	85.6723
0.0200207	12.2	42.5021	3	-1	0.1194	85.6651
0.0200551	12.2	42.5161	4	-1	0.11942	85.6794
0.0200551	12.2	42.5159	1	-1	0.11943	85.6866
0.0200894	12.2	42.5006	2	-1	0.11946	85.6344
0.0200897	12.2	42.486	3	-1	0.11945	85.6272
0.0201241	12.2	42.5001	4	-1	0.11947	85.6416
0.0201241	12.2	42.4999	1	-1	0.11948	85.6487
0.0201585	12.2	42.4847	2	-1	0.11951	85.5966
0.0201588	12.2	42.4704	3	-1	0.1195	85.5895
0.0201933	12.2	42.4838	4	-1	0.11952	85.6038
0.0201933	12.2	42.4835	1	-1	0.11953	85.6109
0.0202277	12.2	42.4685	2	-1	0.11956	85.5589
0.020228	12.2	42.4545	3	-1	0.11955	85.5517
0.0202625	12.2	42.4672	4	-1	0.11957	85.5661
0.0202625	12.2	42.467	1	-1	0.11958	85.5732
0.0202969	12.2	42.4522	2	-1	0.11961	85.5212
0.0202972	12.2	42.4382	3	-1	0.11961	85.5212
0.0203317	12.2	42.4508	4	-1	0.11962	85.5284
0.0203317	12.2	42.4506	1	-1	0.11963	85.5355
0.0203662	12.2	42.4356	2	-1	0.11966	85.4836
0.0203665	12.2	42.4216	3	-1	0.11966	85.4836
0.020401	12.2	42.4343	4	-1	0.11967	85.4908
0.020401	12.2	42.434	1	-1	0.11968	85.4979
0.0204355	12.2	42.4192	2	-1	0.11972	85.4532
0.0204358	12.2	42.4055	3	-1	0.11971	85.4461
0.0204704	12.2	42.4181	4	-1	0.11973	85.4604
0.0204704	12.2	42.4178	1	-1	0.11974	85.4675
0.020505	12.2	42.403	2	-1	0.11977	85.4097
0.0205052	12.2	42.3895	3	-1	0.11976	85.4026
0.0205399	12.2	42.4016	4	-1	0.11978	85.4168
0.0205399	12.2	42.4014	1	-1	0.11979	85.4239
0.0205744	12.2	42.3867	2	-1	0.11982	85.3723
0.0205747	12.2	42.3733	3	-1	0.11982	85.3723
0.0206094	12.2	42.3852	4	-1	0.11983	85.3794
0.0206094	12.2	42.3849	1	-1	0.11984	85.3865
0.0206439	12.2	42.3709	2	-1	0.11987	85.341
0.0206442	12.2	42.3575	3	-1	0.11987	85.341
0.0206789	12.2	42.3693	4	-1	0.11988	85.3481
0.0206789	12.2	42.3691	1	-1	0.11989	85.3553
0.0207135	12.2	42.3546	2	-1	0.11992	85.3037
0.0207138	12.2	42.3413	3	-1	0.11992	85.3037
0.0207485	12.2	42.3533	4	-1	0.11993	85.3109
0.0207485	12.2	42.3531	1	-1	0.11994	85.318
0.0207832	12.2	42.3385	2	-1	0.11998	85.2736
0.0207835	12.2	42.3254	3	-1	0.11997	85.2665
0.0208182	12.2	42.3375	4	-1	0.11999	85.2807
0.0208182	12.2	42.3372	1	-1	0.12	85.2878
0.0208529	12.2	42.3224	2	-1	0.12003	85.2304
0.0208532	12.2	42.3096	3	-1	0.12002	85.2233
0.0208879	12.2	42.3213	4	-1	0.12004	85.2375
0.0208879	12.2	42.321	1	-1	0.12005	85.2446
0.0209227	12.2	42.3063	2	-1	0.12008	85.1933
0.0209229	12.2	42.2938	3	-1	0.12007	85.1862
0.0209577	12.2	42.3049	4	-1	0.12009	85.2004
0.0209577	12.2	42.3047	1	-1	0.1201	85.2075
0.0209925	12.2	42.2901	2	-1	0.12013	85.1563
0.0209928	12.2	42.2779	3	-1	0.12012	85.1492
0.0210276	12.2	42.2885	4	-1	0.12014	85.1634
0.0210276	12.2	42.2883	1	-1	0.12015	85.1705
0.0210624	12.2	42.2741	2	-1	0.12019	85.1264
0.0210626	12.2	42.2623	3	-1	0.12017	85.1123
0.0210975	12.2	42.2726	4	-1	0.1202	85.1335
0.0210975	12.2	42.2723	1	-1	0.12021	85.1406
0.0211323	12.2	42.2582	2	-1	0.12024	85.0835
0.0211326	12.2	42.2469	3	-1	0.12022	85.0693
0.0211675	12.2	42.2564	4	-1	0.12025	85.0906
0.0211675	12.2	42.2561	1	-1	0.12026	85.0977
0.0212024	12.2	42.2423	2	-1	0.12029	85.0467
0.0212026	12.2	42.2315	3	-1	0.12027	85.0325
0.0212375	12.2	42.2401	4	-1	0.1203	85.0537
0.0212375	12.2	42.2398	1	-1	0.12031	85.0608
0.0212724	12.2	42.2263	2	-1	0.12034	85.0099
0.0212727	12.2	42.2157	3	-1	0.12033	85.0028
0.0213076	12.2	42.2239	4	-1	0.12035	85.017
0.0213076	12.2	42.2237	1	-1	0.12036	85.024
0.0213426	12.2	42.2102	2	-1	0.12039	84.9732
0.0213428	12.2	42.1999	3	-1	0.12038	84.9661
0.0213778	12.2	42.208	4	-1	0.12041	84.9873
0.0213778	12.2	42.2078	1	-1	0.12042	84.9944
0.0214128	12.2	42.1945	2	-1	0.12045	84.9376
0.021413	12.2	42.1847	3	-1	0.12043	84.9235
0.021448	12.2	42.192	4	-1	0.12046	84.9446
0.021448	12.2	42.1917	1	-1	0.12047	84.9517
0.021483	12.2	42.1788	2	-1	0.1205	84.901
0.0214832	12.2	42.1694	3	-1	0.12048	84.8869
0.0215183	12.2	42.1758	4	-1	0.12051	84.9081
0.0215183	12.2	42.1756	1	-1	0.12052	84.9151
0.0215533	12.2	42.1629	2	-1	0.12055	84.8645
0.0215535	12.2	42.154	3	-1	0.12053	84.8504
0.0215886	12.2	42.1597	4	-1	0.12056	84.8715
0.0215886	12.2	42.1595	1	-1	0.12057	84.8786
0.0216237	12.2	42.147	2	-1	0.1206	84.828
0.0216239	12.2	42.1383	3	-1	0.12059	84.821
0.021659	12.2	42.1437	4	-1	0.12061	84.8351
0.021659	12.2	42.1435	1	-1	0.12062	84.8421
0.0216941	12.2	42.131	2	-1	0.12065	84.7916
0.0216943	12.2	42.1226	3	-1	0.12064	84.7846
0.0217295	12.2	42.1277	4	-1	0.12066	84.7987
0.0217295	12.2	42.1274	1	-1	0.12067	84.8057
0.0217646	12.2	42.1145	2	-1	0.12071	84.7564
0.0217648	12.2	42.1066	3	-1	0.12069	84.7423
0.0218	12.2	42.1114	4	-1	0.12072	84.7634
0.0218	12.2	42.1112	1	-1	0.12073	84.7704
0.0218352	12.2	42.0987	2	-1	0.12076	84.7141
0.0218354	12.2	42.0912	3	-1	0.12074	84.7001
0.0218706	12.2	42.095	4	-1	0.12077	84.7212
0.0218706	12.2	42.0948	1	-1	0.12078	84.7282
0.0219058	12.2	42.0829	2	-1	0.12081	84.6779
0.021906	12.2	42.0757	3	-1	0.1208	84.6709
0.0219412	12.2	42.0788	4	-1	0.12082	84.6849
0.0219412	12.2	42.0786	1	-1	0.12083	84.6919
0.0219765	12.2	42.0671	2	-1	0.12086	84.6418
0.0219766	12.2	42.0601	3	-1	0.12085	84.6348
0.0220119	12.2	42.0627	4	-1	0.12087	84.6488
0.0220119	12.2	42.0625	1	-1	0.12088	84.6558
0.0220472	12.2	42.0511	2	-1	0.12091	84.6057
0.0220474	12.2	42.0444	3	-1	0.1209	84.5987
0.0220827	12.2	42.0467	4	-1	0.12092	84.6127
0.0220827	12.2	42.0465	1	-1	0.12093	84.6197
0.022118	12.2	42.0352	2	-1	0.12096	84.5697
0.0221182	12.2	42.0285	3	-1	0.12096	84.5697
0.0221535	12.2	42.0308	4	-1	0.12097	84.5767
0.0221535	12.2	42.0306	1	-1	0.12098	84.5837
0.0221889	12.2	42.0192	2	-1	0.12101	84.5337
0.022189	12.2	42.0125	3	-1	0.12101	84.5337
0.0222244	12.2	42.0146	4	-1	0.12102	84.5407
0.0222244	12.2	42.0143	1	-1	0.12103	84.5477
0.0222598	12.2	42.0028	2	-1	0.12106	84.4978
0.0222599	12.2	41.9959	3	-1	0.12106	84.4978
0.0222954	12.2	41.9985	4	-1	0.12108	84.5118
0.0222954	12.2	41.9983	1	-1	0.12109	84.5187
0.0223308	12.2	41.9868	2	-1	0.12112	84.463
0.0223309	12.2	41.9801	3	-1	0.12111	84.4561
0.0223664	12.2	41.9826	4	-1	0.12113	84.47
0.0223664	12.2	41.9824	1	-1	0.12114	84.477
0.0224018	12.2	41.9709	2	-1	0.12117	84.4273
0.022402	12.2	41.9645	3	-1	0.12116	84.4203
0.0224374	12.2	41.9667	4	-1	0.12118	84.4342
0.0224374	12.2	41.9665	1	-1	0.12119	84.4412
0.0224729	12.2	41.9551	2	-1	0.12122	84.3915
0.0224731	12.2	41.9489	3	-1	0.12121	84.3846
0.0225086	12.2	41.9511	4	-1	0.12124	84.4055
0.0225086	12.2	41.9508	1	-1	0.12125	84.4124
0.0225441	12.2	41.9396	2	-1	0.12127	84.35
0.0225442	12.2	41.9336	3	-1	0.12126	84.343
0.0225798	12.2	41.9352	4	-1	0.12129	84.3639
0.0225798	12.2	41.935	1	-1	0.1213	84.3709
0.0226153	12.2	41.9238	2	-1	0.12133	84.3155
0.0226154	12.2	41.9181	3	-1	0.12132	84.3085
0.022651	12.2	41.919	4	-1	0.12134	84.3224
0.022651	12.2	41.9188	1	-1	0.12135	84.3294
0.0226866	12.2	41.9078	2	-1	0.12137	84.273
0.0226867	12.2	41.9021	3	-1	0.12137	84.273
0.0227223	12.2	41.9029	4	-1	0.12139	84.2869
0.0227223	12.2	41.9027	1	-1	0.1214	84.2938
0.0227579	12.2	41.8922	2	-1	0.12143	84.2445
0.0227581	12.2	41.8865	3	-1	0.12143	84.2445
0.0227937	12.2	41.8872	4	-1	0.12144	84.2514
0.0227937	12.2	41.887	1	-1	0.12145	84.2584
0.0228293	12.2	41.8764	2	-1	0.12148	84.2091
0.0228295	12.2	41.8707	3	-1	0.12148	84.2091
0.0228651	12.2	41.871	4	-1	0.12149	84.216
0.0228651	12.2	41.8707	1	-1	0.1215	84.2229
0.0229008	12.2	41.8599	2	-1	0.12153	84.1737
0.0229009	12.2	41.8543	3	-1	0.12153	84.1737
0.0229366	12.2	41.8554	4	-1	0.12155	84.1876
0.0229366	12.2	41.8552	1	-1	0.12156	84.1945
0.0229723	12.2	41.8443	2	-1	0.12159	84.1395
0.0229725	12.2	41.8388	3	-1	0.12158	84.1326
0.0230082	12.2	41.8397	4	-1	0.1216	84.1464
0.0230082	12.2	41.8395	1	-1	0.12161	84.1533
0.0230439	12.2	41.8287	2	-1	0.12164	84.1043
0.023044	12.2	41.8235	3	-1	0.12163	84.0974
0.0230798	12.2	41.8241	4	-1	0.12165	84.1112
0.0230798	12.2	41.8239	1	-1	0.12166	84.1181
0.0231156	12.2	41.8126	2	-1	0.12169	84.0633
0.0231157	12.2	41.8076	3	-1	0.12168	84.0564
0.0231515	12.2	41.8078	4	-1	0.1217	84.0702
0.0231515	12.2	41.8076	1	-1	0.12171	84.0771
0.0231873	12.2	41.7969	2	-1	0.12174	84.0282
0.0231874	12.2	41.7921	3	-1	0.12173	84.0213
0.0232232	12.2	41.7917	4	-1	0.12175	84.0351
0.0232232	12.2	41.7915	1	-1	0.12176	84.042
0.023259	12.2	41.7813	2	-1	0.12179	83.9931
0.0232592	12.2	41.7765	3	-1	0.12179	83.9931
0.023295	12.2	41.7754	4	-1	0.1218	84
0.023295	12.2	41.7752	1	-1	0.12181	84.0069
0.0233309	12.2	41.7652	2	-1	0.12185	83.965
0.023331	12.2	41.7607	3	-1	0.12184	83.9581
0.0233669	12.2	41.76	4	-1	0.12186	83.9719
0.0233669	12.2	41.7598	1	-1	0.12187	83.9788
0.0234028	12.2	41.7495	2	-1	0.1219	83.9243
0.0234029	12.2	41.7451	3	-1	0.12189	83.9174
0.0234388	12.2	41.7446	4	-1	0.12191	83.9312
0.0234388	12.2	41.7444	1	-1	0.12192	83.938
0.0234747	12.2	41.7334	2	-1	0.12195	83.8836
0.0234748	12.2	41.7293	3	-1	0.12194	83.8767
0.0235108	12.2	41.7287	4	-1	0.12197	83.8974
0.0235108	12.2	41.7285	1	-1	0.12198	83.9043
0.0235468	12.2	41.7181	2	-1	0.122	83.843
0.0235469	12.2	41.7142	3	-1	0.12199	83.8362
0.0235829	12.2	41.7126	4	-1	0.12202	83.8568
0.0235829	12.2	41.7124	1	-1	0.12203	83.8637
0.0236188	12.2	41.7031	2	-1	0.12205	83.8083
0.0236189	12.2	41.6992	3	-1	0.12205	83.8083
0.023655	12.2	41.696	4	-1	0.12206	83.8151
0.023655	12.2	41.6958	1	-1	0.12207	83.822
0.023691	12.2	41.6868	2	-1	0.1221	83.7793
0.0236911	12.2	41.6827	3	-1	0.12211	83.7862
0.0237271	12.2	41.6808	4	-1	0.12212	83.7931
0.0237271	12.2	41.6806	1	-1	0.12213	83.7999
0.0237632	12.2	41.6709	2	-1	0.12216	83.7458
0.0237633	12.2	41.6671	3	-1	0.12215	83.7389
0.0237994	12.2	41.6657	4	-1	0.12217	83.7527
0.0237994	12.2	41.6654	1	-1	0.12218	83.7595
0.0238354	12.2	41.6548	2	-1	0.12221	83.7055
0.0238355	12.2	41.6512	3	-1	0.1222	83.6986
0.0238717	12.2	41.6499	4	-1	0.12223	83.7192
0.0238717	12.2	41.6497	1	-1	0.12224	83.726
0.0239078	12.2	41.6397	2	-1	0.12226	83.6652
0.0239079	12.2	41.6363	3	-1	0.12225	83.6584
0.023944	12.2	41.6336	4	-1	0.12227	83.6721
0.023944	12.2	41.6334	1	-1	0.12228	83.6789
0.0239802	12.2	41.6245	2	-1	0.12231	83.6365
0.0239802	12.2	41.6211	3	-1	0.12231	83.6365
0.0240164	12.2	41.6174	4	-1	0.12232	83.6433
0.0240164	12.2	41.6172	1	-1	0.12233	83.6502
0.0240526	12.2	41.6083	2	-1	0.12236	83.6021
0.0240527	12.2	41.6047	3	-1	0.12237	83.6089
0.0240889	12.2	41.6024	4	-1	0.12238	83.6157
0.0240889	12.2	41.6022	1	-1	0.12239	83.6226
0.0241251	12.2	41.592	2	-1	0.12242	83.5631
0.0241252	12.2	41.5887	3	-1	0.12241	83.5563
0.0241615	12.2	41.5867	4	-1	0.12243	83.57
0.0241615	12.2	41.5865	1	-1	0.12244	83.5768
0.0241977	12.2	41.5766	2	-1	0.12247	83.5289
0.0241978	12.2	41.5734	3	-1	0.12246	83.522
0.0242341	12.2	41.5709	4	-1	0.12248	83.5357
0.0242341	12.2	41.5707	1	-1	0.12249	83.5425
0.0242703	12.2	41.5615	2	-1	0.12252	83.4946
0.0242704	12.2	41.5583	3	-1	0.12252	83.4946
0.0243067	12.2	41.5547	4	-1	0.12253	83.5014
0.0243067	12.2	41.5545	1	-1	0.12254	83.5082
0.024343	12.2	41.5456	2	-1	0.12257	83.4604
0.0243431	12.2	41.5424	3	-1	0.12257	83.4604
0.0243794	12.2	41.5396	4	-1	0.12259	83.4741
0.0243794	12.2	41.5394	1	-1	0.1226	83.4809
0.0244158	12.2	41.5297	2	-1	0.12263	83.4218
0.0244159	12.2	41.5268	3	-1	0.12262	83.415
0.0244522	12.2	41.524	4	-1	0.12264	83.4286
0.0244522	12.2	41.5238	1	-1	0.12265	83.4354
0.0244886	12.2	41.5144	2	-1	0.12268	83.3877
0.0244887	12.2	41.5117	3	-1	0.12267	83.3809
0.0245251	12.2	41.5077	4	-1	0.12269	83.3945
0.0245251	12.2	41.5075	1	-1	0.1227	83.4013
0.0245615	12.2	41.4988	2	-1	0.12273	83.3537
0.0245615	12.2	41.496	3	-1	0.12273	83.3537
0.024598	12.2	41.4922	4	-1	0.12274	83.3605
0.024598	12.2	41.492	1	-1	0.12275	83.3673
0.0246344	12.2	41.4828	2	-1	0.12279	83.3209
0.0246345	12.2	41.4802	3	-1	0.12278	83.3141
0.024671	12.2	41.4769	4	-1	0.1228	83.3277
0.024671	12.2	41.4767	1	-1	0.12281	83.3345
0.0247074	12.2	41.4675	2	-1	0.12284	83.2814
0.0247075	12.2	41.4651	3	-1	0.12283	83.2746
0.024744	12.2	41.4615	4	-1	0.12285	83.2881
0.024744	12.2	41.4613	1	-1	0.12286	83.2949
0.0247805	12.2	41.4526	2	-1	0.12289	83.2475
0.0247806	12.2	41.4505	3	-1	0.12288	83.2408
0.0248171	12.2	41.4455	4	-1	0.1229	83.2543
0.0248171	12.2	41.4453	1	-1	0.12291	83.2611
0.0248536	12.2	41.4371	2	-1	0.12294	83.2138
0.0248537	12.2	41.435	3	-1	0.12294	83.2138
0.0248903	12.2	41.4303	4	-1	0.12295	83.2205
0.0248903	12.2	41.4301	1	-1	0.12296	83.2273
0.0249268	12.2	41.421	2	-1	0.12299	83.1744
0.0249269	12.2	41.4189	3	-1	0.12299	83.1744
0.0249635	12.2	41.415	4	-1	0.12301	83.1879
0.0249635	12.2	41.4148	1	-1	0.12302	83.1947
0.0250001	12.2	41.406	2	-1	0.12305	83.1419
0.0250001	12.2	41.4041	3	-1	0.12304	83.1351
0.0250368	12.2	41.3991	4	-1	0.12306	83.1486
0.0250368	12.2	41.3989	1	-1	0.12307	83.1554
0.0250734	12.2	41.3907	2	-1	0.1231	83.1083
0.0250734	12.2	41.389	3	-1	0.12309	83.1015
0.0251101	12.2	41.3837	4	-1	0.12311	83.115
0.0251101	12.2	41.3835	1	-1	0.12312	83.1218
0.0251468	12.2	41.3748	2	-1	0.12315	83.0691
0.0251468	12.2	41.3733	3	-1	0.12314	83.0624
0.0251835	12.2	41.368	4	-1	0.12316	83.0759
0.0251835	12.2	41.3678	1	-1	0.12317	83.0826
0.0252202	12.2	41.3595	2	-1	0.1232	83.0357
0.0252203	12.2	41.3582	3	-1	0.12319	83.0289
0.025257	12.2	41.3519	4	-1	0.12321	83.0424
0.025257	12.2	41.3517	1	-1	0.12322	83.0491
0.0252937	12.2	41.3439	2	-1	0.12325	83.0022
0.0252938	12.2	41.3426	3	-1	0.12325	83.0022
0.0253305	12.2	41.3369	4	-1	0.12327	83.0157
0.0253305	12.2	41.3367	1	-1	0.12328	83.0224
0.0253673	12.2	41.3284	2	-1	0.12331	82.9644
0.0253673	12.2	41.3272	3	-1	0.1233	82.9577
0.0254041	12.2	41.3215	4	-1	0.12332	82.9711
0.0254041	12.2	41.3213	1	-1	0.12333	82.9779
0.0254409	12.2	41.3134	2	-1	0.12336	82.9311
0.0254409	12.2	41.3125	3	-1	0.12335	82.9244
0.0254778	12.2	41.3056	4	-1	0.12337	82.9378
0.0254778	12.2	41.3054	1	-1	0.12338	82.9445
0.0255146	12.2	41.2974	2	-1	0.12341	82.8923
0.0255146	12.2	41.2965	3	-1	0.12341	82.8923
0.0255515	12.2	41.2898	4	-1	0.12342	82.899
0.0255515	12.2	41.2896	1	-1	0.12343	82.9057
0.0255884	12.2	41.2818	2	-1	0.12346	82.8591
0.0255884	12.2	41.2809	3	-1	0.12346	82.8591
0.0256253	12.2	41.2742	4	-1	0.12348	82.8725
0.0256253	12.2	41.274	1	-1	0.12349	82.8792
0.0256622	12.2	41.2666	2	-1	0.12352	82.8271
0.0256622	12.2	41.2658	3	-1	0.12351	82.8204
0.0256991	12.2	41.2591	4	-1	0.12353	82.8338
0.0256991	12.2	41.2589	1	-1	0.12354	82.8405
0.0257361	12.2	41.2509	2	-1	0.12357	82.7884
0.0257361	12.2	41.2504	3	-1	0.12356	82.7817
0.025773	12.2	41.2436	4	-1	0.12358	82.7951
0.025773	12.2	41.2434	1	-1	0.12359	82.8018
0.02581	12.2	41.2359	2	-1	0.12362	82.7554
0.02581	12.2	41.2356	3	-1	0.12361	82.7487
0.025847	12.2	41.2276	4	-1	0.12363	82.7621
0.025847	12.2	41.2274	1	-1	0.12364	82.7688
0.025884	12.2	41.2206	2	-1	0.12367	82.7224
0.025884	12.2	41.2202	3	-1	0.12367	82.7224
0.025921	12.2	41.2129	4	-1	0.12369	82.7358
0.025921	12.2	41.2127	1	-1	0.1237	82.7425
0.0259581	12.2	41.2053	2	-1	0.12373	82.6851
0.0259581	12.2	41.2051	3	-1	0.12372	82.6784
0.0259951	12.2	41.1971	4	-1	0.12374	82.6918
0.0259951	12.2	41.1969	1	-1	0.12375	82.6985
0.0260322	12.2	41.1898	2	-1	0.12378	82.6522
0.0260322	12.2	41.1898	3	-1	0.12377	82.6456
0.0260693	12.2	41.1818	4	-1	0.12379	82.6589
0.0260693	12.2	41.1816	1	-1	0.1238	82.6656
0.0261064	12.2	41.1739	3	-1	0.12382	82.6072
0.0261064	12.2	41.1737	2	-1	0.12383	82.6139
0.0261435	12.2	41.1663	4	-1	0.12385	82.6273
0.0261435	12.2	41.1662	1	-1	0.12386	82.6339
0.0261806	12.2	41.1591	2	-1	0.12388	82.5757
0.0261806	12.2	41.1591	3	-1	0.12388	82.5757
0.0262178	12.2	41.1508	4	-1	0.1239	82.589
0.0262178	12.2	41.1506	1	-1	0.12391	82.5957
0.0262549	12.2	41.1435	2	-1	0.12393	82.5375
0.0262549	12.2	41.1435	3	-1	0.12393	82.5375
0.0262921	12.2	41.1351	4	-1	0.12395	82.5508
0.0262921	12.2	41.1349	1	-1	0.12396	82.5574
0.0263293	12.2	41.1284	2	-1	0.12398	82.5048
0.0263293	12.2	41.1282	3	-1	0.12399	82.5115
0.0263665	12.2	41.1194	4	-1	0.124	82.5181
0.0263666	12.2	41.1192	1	-1	0.12401	82.5248
0.0264038	12.2	41.113	2	-1	0.12404	82.4789
0.0264038	12.2	41.1129	3	-1	0.12404	82.4789
0.026441	12.2	41.1047	4	-1	0.12405	82.4855
0.026441	12.2	41.1045	1	-1	0.12406	82.4922
0.0264783	12.2	41.0971	2	-1	0.12409	82.4409
0.0264783	12.2	41.0969	3	-1	0.12409	82.4409
0.0265156	12.2	41.0894	4	-1	0.12411	82.4542
0.0265156	12.2	41.0892	1	-1	0.12412	82.4608
0.0265528	12.2	41.082	2	-1	0.12415	82.4096
0.0265528	12.2	41.082	3	-1	0.12414	82.4029
0.0265901	12.2	41.0744	4	-1	0.12416	82.4162
0.0265902	12.2	41.0742	1	-1	0.12417	82.4228
0.0266275	12.2	41.0664	3	-1	0.12419	82.365
0.0266275	12.2	41.0662	2	-1	0.1242	82.3717
0.0266648	12.2	41.0581	4	-1	0.12421	82.3783
0.0266648	12.2	41.0579	1	-1	0.12422	82.3849
0.0267022	12.2	41.0507	3	-1	0.12424	82.3327
0.0267022	12.2	41.0505	2	-1	0.12425	82.3393
0.0267395	12.2	41.0431	4	-1	0.12427	82.3526
0.0267395	12.2	41.0429	1	-1	0.12428	82.3592
0.0267769	12.2	41.035	3	-1	0.12429	82.2895
0.0267769	12.2	41.0348	2	-1	0.1243	82.2961
0.0268143	12.2	41.0271	4	-1	0.12432	82.3093
0.0268143	12.2	41.0269	1	-1	0.12433	82.3159
0.0268517	12.2	41.0199	3	-1	0.12435	82.2638
0.0268517	12.2	41.0197	2	-1	0.12436	82.2704
0.0268892	12.2	41.012	4	-1	0.12437	82.2771
0.0268892	12.2	41.0118	1	-1	0.12438	82.2837
0.0269266	12.2	41.0043	3	-1	0.1244	82.2262
0.0269266	12.2	41.0041	2	-1	0.12441	82.2328
0.0269641	12.2	40.9969	4	-1	0.12442	82.2394
0.0269641	12.2	40.9967	1	-1	0.12443	82.246
0.0270016	12.2	40.9893	3	-1	0.12445	82.194
0.0270016	12.2	40.9891	2	-1	0.12446	82.2006
0.0270391	12.2	40.9817	4	-1	0.12448	82.2139
0.0270391	12.2	40.9815	1	-1	0.12449	82.2205
0.0270766	12.2	40.9737	3	-1	0.1245	82.1511
0.0270766	12.2	40.9735	2	-1	0.12451	82.1577
0.0271141	12.2	40.9663	4	-1	0.12453	82.1709
0.0271141	12.2	40.9661	1	-1	0.12454	82.1775
0.0271516	12.2	40.9593	3	-1	0.12456	82.1257
0.0271516	12.2	40.9591	2	-1	0.12457	82.1323
0.0271892	12.2	40.9508	4	-1	0.12458	82.1389
0.0271892	12.2	40.9507	1	-1	0.12459	82.1454
0.0272268	12.2	40.9436	3	-1	0.12461	82.0883
0.0272268	12.2	40.9434	2	-1	0.12462	82.0949
0.0272644	12.2	40.9351	4	-1	0.12463	82.1014
0.0272644	12.2	40.9349	1	-1	0.12464	82.108
0.027302	12.2	40.9277	3	-1	0.12466	82.0563
0.027302	12.2	40.9275	2	-1	0.12467	82.0629
0.0273396	12.2	40.9206	4	-1	0.12469	82.0761
0.0273396	12.2	40.9204	1	-1	0.1247	82.0827
0.0273772	12.2	40.9121	3	-1	0.12471	82.0137
0.0273772	12.2	40.9119	2	-1	0.12472	82.0203
0.0274149	12.2	40.9047	4	-1	0.12474	82.0334
0.0274149	12.2	40.9046	1	-1	0.12475	82.04
0.0274526	12.2	40.8973	3	-1	0.12477	81.9884
0.0274526	12.2	40.8972	2	-1	0.12478	81.995
0.0274903	12.2	40.8897	4	-1	0.12479	82.0016
0.0274903	12.2	40.8896	1	-1	0.1248	82.0081
0.027528	12.2	40.8821	3	-1	0.12482	81.9513
0.027528	12.2	40.8819	2	-1	0.12483	81.9578
0.0275657	12.2	40.8745	4	-1	0.12485	81.971
0.0275657	12.2	40.8743	1	-1	0.12486	81.9775
0.0276034	12.2	40.8669	3	-1	0.12487	81.9142
0.0276034	12.2	40.8667	2	-1	0.12488	81.9208
0.0276412	12.2	40.8597	4	-1	0.1249	81.9339
0.0276412	12.2	40.8595	1	-1	0.12491	81.9404
0.0276789	12.2	40.8517	3	-1	0.12492	81.8772
0.0276789	12.2	40.8515	2	-1	0.12493	81.8837
0.0277167	12.2	40.8439	4	-1	0.12495	81.8968
0.0277167	12.2	40.8437	1	-1	0.12496	81.9034
0.0277545	12.2	40.8363	3	-1	0.12498	81.8468
0.0277545	12.2	40.8361	2	-1	0.12499	81.8533
0.0277923	12.2	40.8285	4	-1	0.125	81.8599
0.0277923	12.2	40.8283	1	-1	0.12501	81.8664
0.0278301	12.2	40.8214	3	-1	0.12503	81.8152
0.0278301	12.2	40.8212	2	-1	0.12504	81.8218
0.027868	12.2	40.8133	4	-1	0.12505	81.8283
0.027868	12.2	40.8131	1	-1	0.12506	81.8348
0.0279058	12.2	40.8055	3	-1	0.12508	81.7784
0.0279059	12.2	40.8053	2	-1	0.12509	81.7849
0.0279437	12.2	40.7985	4	-1	0.12511	81.798
0.0279437	12.2	40.7984	1	-1	0.12512	81.8045
0.0279816	12.2	40.7907	3	-1	0.12513	81.7416
0.0279816	12.2	40.7906	2	-1	0.12514	81.7481
0.0280195	12.2	40.7832	4	-1	0.12516	81.7612
0.0280195	12.2	40.783	1	-1	0.12517	81.7677
0.0280574	12.2	40.7758	3	-1	0.12519	81.7114
0.0280575	12.2	40.7756	2	-1	0.1252	81.7179
0.0280954	12.2	40.7675	4	-1	0.12521	81.7244
0.0280954	12.2	40.7673	1	-1	0.12522	81.731
0.0281333	12.2	40.7605	3	-1	0.12524	81.68
0.0281334	12.2	40.7603	2	-1	0.12525	81.6866
0.0281713	12.2	40.7529	4	-1	0.12526	81.6931
0.0281713	12.2	40.7527	1	-1	0.12527	81.6996
0.0282093	12.2	40.7448	3	-1	0.12529	81.6434
0.0282093	12.2	40.7447	2	-1	0.1253	81.6499
0.0282473	12.2	40.7379	4	-1	0.12532	81.663
0.0282473	12.2	40.7377	1	-1	0.12533	81.6695
0.0282853	12.2	40.7292	3	-1	0.12534	81.6016
0.0282853	12.2	40.729	2	-1	0.12535	81.6081
0.0283234	12.2	40.7228	4	-1	0.12538	81.6276
0.0283234	12.2	40.7226	1	-1	0.12539	81.6341
0.0283614	12.2	40.7155	3	-1	0.1254	81.5716
0.0283614	12.2	40.7153	2	-1	0.12541	81.5781
0.0283995	12.2	40.707	4	-1	0.12542	81.5846
0.0283995	12.2	40.7068	1	-1	0.12543	81.5911
0.0284376	12.2	40.7007	2	-1	0.12546	81.547
0.0284376	12.2	40.7007	3	-1	0.12546	81.547
0.0284757	12.2	40.6917	4	-1	0.12547	81.5535
0.0284757	12.2	40.6916	1	-1	0.12548	81.56
0.0285138	12.2	40.6852	3	-1	0.12551	81.5159
0.0285138	12.2	40.6851	2	-1	0.12552	81.5224
0.0285519	12.2	40.678	4	-1	0.12553	81.5289
0.0285519	12.2	40.6778	1	-1	0.12554	81.5354
0.0285901	12.2	40.6692	3	-1	0.12555	81.4678
0.0285901	12.2	40.6691	2	-1	0.12556	81.4743
0.0286282	12.2	40.663	1	-1	0.12559	81.4937
0.0286282	12.2	40.663	4	-1	0.12559	81.4937
0.0286664	12.2	40.654	3	-1	0.1256	81.4315
0.0286664	12.2	40.6538	2	-1	0.12561	81.438
0.0287046	12.2	40.6469	4	-1	0.12564	81.4575
0.0287046	12.2	40.6467	1	-1	0.12565	81.464
0.0287428	12.2	40.6396	3	-1	0.12566	81.4018
0.0287428	12.2	40.6394	2	-1	0.12567	81.4083
0.028781	12.2	40.6317	4	-1	0.12569	81.4213
0.028781	12.2	40.6315	1	-1	0.1257	81.4277
0.0288193	12.2	40.6251	3	-1	0.12572	81.3722
0.0288193	12.2	40.6249	2	-1	0.12573	81.3786
0.0288575	12.2	40.6162	4	-1	0.12573	81.3786
0.0288575	12.2	40.616	1	-1	0.12574	81.3851
0.0288958	12.2	40.609	3	-1	0.12577	81.3414
0.0288958	12.2	40.6088	2	-1	0.12578	81.3478
0.0289341	12.2	40.6013	4	-1	0.12579	81.3543
0.0289341	12.2	40.6012	1	-1	0.1258	81.3608
0.0289724	12.2	40.5931	3	-1	0.12582	81.3053
0.0289724	12.2	40.593	2	-1	0.12583	81.3118
0.0290107	12.2	40.5874	4	-1	0.12585	81.3247
0.0290107	12.2	40.5873	1	-1	0.12586	81.3312
0.0290491	12.2	40.5778	3	-1	0.12586	81.2577
0.0290491	12.2	40.5777	2	-1	0.12587	81.2641
0.0290874	12.2	40.5718	1	-1	0.12591	81.2899
0.0290874	12.2	40.5718	4	-1	0.12591	81.2899
0.0291258	12.2	40.5637	3	-1	0.12592	81.2282
0.0291258	12.2	40.5636	2	-1	0.12593	81.2347
0.0291642	12.2	40.5553	4	-1	0.12595	81.2476
0.0291642	12.2	40.5551	1	-1	0.12596	81.254
0.0292026	12.2	40.5493	3	-1	0.12598	81.2041
0.0292026	12.2	40.5491	2	-1	0.12599	81.2105
0.029241	12.2	40.5407	4	-1	0.126	81.217
0.029241	12.2	40.5406	1	-1	0.12601	81.2234
0.0292794	12.2	40.5338	3	-1	0.12603	81.1683
0.0292794	12.2	40.5336	2	-1	0.12604	81.1747
0.0293179	12.2	40.5264	4	-1	0.12606	81.1876
0.0293179	12.2	40.5263	1	-1	0.12607	81.194
0.0293564	12.2	40.518	3	-1	0.12608	81.1273
0.0293564	12.2	40.5178	2	-1	0.12609	81.1338
0.0293948	12.2	40.5115	4	-1	0.12612	81.1531
0.0293949	12.2	40.5113	1	-1	0.12613	81.1595
0.0294333	12.2	40.5034	3	-1	0.12613	81.0917
0.0294333	12.2	40.5033	2	-1	0.12614	81.0981
0.0294719	12.2	40.4961	4	-1	0.12616	81.111
0.0294719	12.2	40.496	1	-1	0.12617	81.1174
0.0295104	12.2	40.4892	3	-1	0.12619	81.0677
0.0295104	12.2	40.489	2	-1	0.1262	81.0741
0.0295489	12.2	40.4807	4	-1	0.12621	81.0806
0.0295489	12.2	40.4805	1	-1	0.12622	81.087
0.0295875	12.2	40.4741	3	-1	0.12625	81.0386
0.0295875	12.2	40.4739	2	-1	0.12626	81.045
0.0296261	12.2	40.4658	4	-1	0.12626	81.045
0.0296261	12.2	40.4657	1	-1	0.12627	81.0514
0.0296647	12.2	40.4578	3	-1	0.1263	81.0031
0.0296647	12.2	40.4577	2	-1	0.12631	81.0095
0.0297033	12.2	40.4522	4	-1	0.12633	81.0223
0.0297033	12.2	40.452	1	-1	0.12634	81.0287
0.0297419	12.2	40.4431	3	-1	0.12634	80.956
0.0297419	12.2	40.4429	2	-1	0.12635	80.9625
0.0297806	12.2	40.437	4	-1	0.12638	80.9817
0.0297806	12.2	40.4369	1	-1	0.12639	80.9881
0.0298192	12.2	40.4288	3	-1	0.12639	80.9207
0.0298192	12.2	40.4286	2	-1	0.1264	80.9271
0.0298579	12.2	40.4206	4	-1	0.12643	80.9463
0.0298579	12.2	40.4205	1	-1	0.12644	80.9527
0.0298966	12.2	40.4148	3	-1	0.12646	80.8982
0.0298966	12.2	40.4147	2	-1	0.12647	80.9046
0.0299353	12.2	40.4047	4	-1	0.12647	80.9046
0.0299353	12.2	40.4046	1	-1	0.12648	80.911
0.029974	12.2	40.3991	2	-1	0.12652	80.8745
0.029974	12.2	40.3991	3	-1	0.12652	80.8745
0.0300128	12.2	40.3913	4	-1	0.12653	80.8808
0.0300128	12.2	40.3911	1	-1	0.12654	80.8872
0.0300515	12.2	40.3837	3	-1	0.12656	80.8329
0.0300515	12.2	40.3835	2	-1	0.12657	80.8392
0.0300903	12.2	40.3774	4	-1	0.12659	80.852
0.0300903	12.2	40.3773	1	-1	0.1266	80.8584
0.0301291	12.2	40.3681	3	-1	0.1266	80.7862
0.0301291	12.2	40.368	2	-1	0.12661	80.7925
0.0301679	12.2	40.3616	4	-1	0.12664	80.8117
0.0301679	12.2	40.3615	1	-1	0.12665	80.8181
0.0302067	12.2	40.3538	3	-1	0.12666	80.7575
0.0302067	12.2	40.3536	2	-1	0.12667	80.7638
0.0302456	12.2	40.3452	4	-1	0.12669	80.7766
0.0302456	12.2	40.3451	1	-1	0.1267	80.783
0.0302844	12.2	40.3396	2	-1	0.12673	80.7352
0.0302844	12.2	40.3396	3	-1	0.12673	80.7352
0.0303233	12.2	40.3303	4	-1	0.12673	80.7352
0.0303233	12.2	40.3301	1	-1	0.12674	80.7415
0.0303622	12.2	40.3249	2	-1	0.12678	80.7105
0.0303622	12.2	40.3249	3	-1	0.12678	80.7105
0.0304011	12.2	40.3167	4	-1	0.12679	80.7168
0.0304011	12.2	40.3165	1	-1	0.1268	80.7232
0.03044	12.2	40.3088	3	-1	0.12682	80.664
0.03044	12.2	40.3087	2	-1	0.12683	80.6704
0.0304789	12.2	40.3024	4	-1	0.12685	80.6831
0.0304789	12.2	40.3022	1	-1	0.12686	80.6895
0.0305179	12.2	40.2933	3	-1	0.12687	80.624
0.0305179	12.2	40.2932	2	-1	0.12688	80.6304
0.0305568	12.2	40.2871	4	-1	0.12691	80.6495
0.0305568	12.2	40.2869	1	-1	0.12692	80.6558
0.0305958	12.2	40.2792	3	-1	0.12693	80.5905
0.0305958	12.2	40.279	2	-1	0.12694	80.5968
0.0306348	12.2	40.271	4	-1	0.12696	80.6095
0.0306348	12.2	40.2709	1	-1	0.12697	80.6159
0.0306738	12.2	40.2649	3	-1	0.12699	80.5621
0.0306738	12.2	40.2648	2	-1	0.127	80.5684
0.0307129	12.2	40.2558	4	-1	0.127	80.5684
0.0307129	12.2	40.2557	1	-1	0.12701	80.5748
0.0307519	12.2	40.2506	2	-1	0.12705	80.5439
0.0307519	12.2	40.2506	3	-1	0.12705	80.5439
0.030791	12.2	40.2422	4	-1	0.12705	80.5439
0.030791	12.2	40.242	1	-1	0.12706	80.5503
0.0308301	12.2	40.2345	3	-1	0.12709	80.5029
0.0308301	12.2	40.2343	2	-1	0.1271	80.5093
0.0308692	12.2	40.2286	4	-1	0.12712	80.5219
0.0308692	12.2	40.2284	1	-1	0.12713	80.5283
0.0309083	12.2	40.2187	3	-1	0.12713	80.4518
0.0309083	12.2	40.2185	2	-1	0.12714	80.4582
0.0309474	12.2	40.2132	1	-1	0.12718	80.4835
0.0309474	12.2	40.2132	4	-1	0.12718	80.4835
0.0309865	12.2	40.2049	3	-1	0.12719	80.4236
0.0309866	12.2	40.2047	2	-1	0.1272	80.43
0.0310257	12.2	40.1967	4	-1	0.12722	80.4426
0.0310257	12.2	40.1966	1	-1	0.12723	80.4489
0.0310649	12.2	40.1906	3	-1	0.12725	80.3955
0.0310649	12.2	40.1905	2	-1	0.12726	80.4018
0.0311041	12.2	40.181	4	-1	0.12727	80.4081
0.0311041	12.2	40.1808	1	-1	0.12728	80.4145
0.0311433	12.2	40.1759	3	-1	0.12731	80.3725
0.0311433	12.2	40.1758	2	-1	0.12732	80.3788
0.0311825	12.2	40.1679	4	-1	0.12732	80.3788
0.0311825	12.2	40.1677	1	-1	0.12733	80.3851
0.0312218	12.2	40.1598	3	-1	0.12735	80.3318
0.0312218	12.2	40.1596	2	-1	0.12736	80.3381
0.031261	12.2	40.1547	4	-1	0.12739	80.357
0.031261	12.2	40.1545	1	-1	0.1274	80.3633
0.0313003	12.2	40.1445	3	-1	0.12739	80.2811
0.0313003	12.2	40.1443	2	-1	0.1274	80.2874
0.0313396	12.2	40.1388	4	-1	0.12744	80.3126
0.0313396	12.2	40.1387	1	-1	0.12745	80.3189
0.0313789	12.2	40.1311	3	-1	0.12745	80.2531
0.0313789	12.2	40.131	2	-1	0.12746	80.2594
0.0314182	12.2	40.1217	4	-1	0.12748	80.272
0.0314182	12.2	40.1215	1	-1	0.12749	80.2783
0.0314576	12.2	40.1176	2	-1	0.12752	80.2366
0.0314576	12.2	40.1174	3	-1	0.12753	80.2429
0.0314969	12.2	40.1064	4	-1	0.12752	80.2366
0.0314969	12.2	40.1062	1	-1	0.12753	80.2429
0.0315363	12.2	40.1016	2	-1	0.12758	80.2138
0.0315363	12.2	40.1014	3	-1	0.12759	80.2201
0.0315757	12.2	40.0935	4	-1	0.12758	80.2138
0.0315757	12.2	40.0934	1	-1	0.12759	80.2201
0.0316151	12.2	40.0848	3	-1	0.12762	80.1684
0.0316151	12.2	40.0847	2	-1	0.12765	80.1872
0.0316545	12.2	40.0811	1	-1	0.12766	80.1935
0.0316545	12.2	40.0811	4	-1	0.12766	80.1935
0.031694	12.2	40.0684	3	-1	0.12765	80.1117
0.031694	12.2	40.0683	2	-1	0.12766	80.118
0.0317334	12.2	40.0656	1	-1	0.12771	80.1494
0.0317334	12.2	40.0654	4	-1	0.12773	80.1619
0.0317729	12.2	40.0568	3	-1	0.12771	80.0891
0.0317729	12.2	40.0566	2	-1	0.12772	80.0953
0.0318124	12.2	40.0486	4	-1	0.12775	80.1141
0.0318124	12.2	40.0485	1	-1	0.12778	80.1329
0.0318519	12.2	40.0456	2	-1	0.12779	80.0639
0.0318519	12.2	40.0456	3	-1	0.12779	80.0639
0.0318914	12.2	40.0317	4	-1	0.12777	80.0514
0.0318914	12.2	40.0315	1	-1	0.12778	80.0576
0.0319309	12.2	40.0294	2	-1	0.12783	80.0488
0.0319309	12.2	40.029	3	-1	0.12786	80.0676
0.0319705	12.2	40.019	4	-1	0.12783	80.0488
0.0319705	12.2	40.0189	1	-1	0.12784	80.0551
0.0320101	12.2	40.0118	2	-1	0.12792	80.035
0.0320101	12.2	40.0118	3	-1	0.12789	80.0163
0.0320496	12.2	40.0089	1	-1	0.12792	80.035
0.0320496	12.2	40.0089	4	-1	0.12792	80.035
0.0320892	12.2	39.9941	3	-1	0.12791	79.9487
0.0320892	12.2	39.9939	2	-1	0.12792	79.955
0.0321288	12.2	39.9932	1	-1	0.12796	79.98
0.0321289	12.2	39.9925	4	-1	0.12801	80.0113
0.0321685	12.2	39.9812	3	-1	0.12796	79.9201
0.0321685	12.2	39.9811	2	-1	0.12797	79.9263
0.0322081	12.2	39.9744	1	-1	0.12804	79.97
0.0322082	12.2	39.9737	4	-1	0.12804	79.97
0.0322478	12.2	39.9718	3	-1	0.12805	79.8964
0.0322478	12.2	39.9717	2	-1	0.12806	79.9027
0.0322875	12.2	39.9573	4	-1	0.12804	79.8902
0.0322875	12.2	39.9571	1	-1	0.1281	79.9276
0.0323272	12.2	39.9571	2	-1	0.12809	79.8516
0.0323272	12.2	39.9564	3	-1	0.12814	79.8828
0.0323669	12.2	39.9429	4	-1	0.12808	79.8454
0.0323669	12.2	39.9428	1	-1	0.12809	79.8516
0.0324066	12.2	39.938	2	-1	0.12817	79.8667
0.0324067	12.2	39.9372	3	-1	0.12818	79.8729
0.0324464	12.2	39.9337	4	-1	0.12817	79.8667
0.0324464	12.2	39.9335	1	-1	0.12818	79.8729
0.0324862	12.2	39.92	3	-1	0.12818	79.7884
0.0324862	12.2	39.9198	2	-1	0.12825	79.8319
0.0325259	12.2	39.9209	1	-1	0.12822	79.8133
0.0325259	12.2	39.9202	4	-1	0.12828	79.8506
0.0325657	12.2	39.9038	3	-1	0.1282	79.7412
0.0325657	12.2	39.9037	2	-1	0.12821	79.7475
0.0326055	12.2	39.9015	1	-1	0.12829	79.7972
0.0326056	12.2	39.9	4	-1	0.12834	79.8283
0.0326454	12.2	39.8953	3	-1	0.12829	79.7228
0.0326454	12.2	39.8952	2	-1	0.1283	79.7291
0.0326852	12.2	39.8825	1	-1	0.1284	79.7912
0.0326853	12.2	39.8819	4	-1	0.12833	79.7477
0.0327251	12.2	39.8853	2	-1	0.12834	79.6599
0.0327251	12.2	39.8843	3	-1	0.12841	79.7033
0.032765	12.2	39.8651	4	-1	0.12832	79.6474
0.032765	12.2	39.865	1	-1	0.12837	79.6785
0.0328048	12.2	39.8661	2	-1	0.12839	79.6662
0.0328049	12.2	39.8639	3	-1	0.12849	79.7282
0.0328448	12.2	39.8553	4	-1	0.1284	79.6724
0.0328448	12.2	39.8552	1	-1	0.12841	79.6786
0.0328847	12.2	39.8447	2	-1	0.12851	79.6813
0.0328848	12.2	39.8428	3	-1	0.12849	79.6689
0.0329246	12.2	39.8485	1	-1	0.12849	79.6689
0.0329247	12.2	39.8481	4	-1	0.12852	79.6875
0.0329646	12.2	39.8293	3	-1	0.12846	79.5714
0.0329646	12.2	39.8292	2	-1	0.12862	79.6705
0.0330046	12.2	39.8333	1	-1	0.12851	79.6023
0.0330046	12.2	39.8314	4	-1	0.12863	79.6767
0.0330446	12.2	39.8148	3	-1	0.1285	79.5469
0.0330446	12.2	39.8147	2	-1	0.12851	79.5531
0.0330846	12.2	39.8106	1	-1	0.12861	79.615
0.0330847	12.2	39.8081	4	-1	0.12866	79.6459
0.0331246	12.2	39.8095	3	-1	0.12862	79.5325
0.0331246	12.2	39.8093	2	-1	0.12863	79.5387
0.0331647	12.2	39.7914	1	-1	0.12874	79.6067
0.0331647	12.2	39.7902	4	-1	0.12863	79.5387
0.0332047	12.2	39.7987	2	-1	0.12864	79.4417
0.0332048	12.2	39.7973	3	-1	0.12875	79.5097
0.0332448	12.2	39.7765	4	-1	0.12862	79.4294
0.0332448	12.2	39.7764	1	-1	0.12872	79.4911
0.0332849	12.2	39.7779	2	-1	0.12871	79.4555
0.033285	12.2	39.7751	3	-1	0.12882	79.5234
0.033325	12.2	39.7684	4	-1	0.12871	79.4555
0.033325	12.2	39.7682	1	-1	0.12872	79.4617
0.0333651	12.2	39.755	2	-1	0.12884	79.4965
0.0333652	12.2	39.7527	3	-1	0.1288	79.4718
0.0334053	12.2	39.7624	1	-1	0.1288	79.4718
0.0334053	12.2	39.7616	4	-1	0.12886	79.5089
0.0334455	12.2	39.7401	3	-1	0.12876	79.3688
0.0334455	12.2	39.7399	2	-1	0.12895	79.4859
0.0334856	12.2	39.7461	1	-1	0.12882	79.4058
0.0334857	12.2	39.7435	4	-1	0.12896	79.4921
0.0335258	12.2	39.7269	3	-1	0.12881	79.3507
0.0335258	12.2	39.7268	2	-1	0.12882	79.3569
0.033566	12.2	39.7214	1	-1	0.12893	79.4246
0.0335661	12.2	39.7181	4	-1	0.12899	79.4616
0.0336063	12.2	39.7238	3	-1	0.12894	79.3379
0.0336063	12.2	39.7237	2	-1	0.12895	79.3441
0.0336465	12.2	39.7018	1	-1	0.12908	79.4241
0.0336466	12.2	39.7005	4	-1	0.12893	79.3318
0.0336867	12.2	39.7127	2	-1	0.12894	79.2258
0.0336868	12.2	39.7109	3	-1	0.12909	79.318
0.0337271	12.2	39.6879	4	-1	0.12892	79.2135
0.0337271	12.2	39.6878	1	-1	0.12904	79.2873
0.0337673	12.2	39.69	2	-1	0.12902	79.2555
0.0337674	12.2	39.6864	3	-1	0.12916	79.3415
0.0338076	12.2	39.6818	4	-1	0.12902	79.2555
0.0338076	12.2	39.6817	1	-1	0.12903	79.2616
0.033848	12.2	39.6656	2	-1	0.12918	79.3197
0.0338481	12.2	39.6629	3	-1	0.12911	79.2767
0.0338883	12.2	39.6772	1	-1	0.1291	79.2705
0.0338883	12.2	39.6761	4	-1	0.12919	79.3258
0.0339287	12.2	39.6507	2	-1	0.12929	79.3142
0.033969	12.2	39.6599	1	-1	0.12911	79.2037
0.0339691	12.2	39.6563	4	-1	0.12931	79.3264
0.0340094	12.2	39.6381	2	-1	0.12911	79.16
0.0340498	12.2	39.6324	1	-1	0.12925	79.2459
0.03405	12.2	39.628	4	-1	0.12932	79.2888
0.0340903	12.2	39.6388	3	-1	0.12926	79.1452
0.0340903	12.2	39.6387	2	-1	0.12927	79.1514
0.0341307	12.2	39.6114	1	-1	0.12942	79.2432
0.0341308	12.2	39.6094	4	-1	0.12923	79.1269
0.0341711	12.2	39.6283	2	-1	0.12923	79.0059
0.0341712	12.2	39.6258	3	-1	0.12944	79.1343
0.0342117	12.2	39.599	4	-1	0.1292	78.9876
0.0342117	12.2	39.5989	1	-1	0.12938	79.0976
0.0342521	12.2	39.603	2	-1	0.12932	79.0416
0.0342523	12.2	39.5983	3	-1	0.1295	79.1516
0.0342926	12.2	39.5958	4	-1	0.12933	79.0477
0.0342926	12.2	39.5956	1	-1	0.12934	79.0538
0.0343331	12.2	39.5761	2	-1	0.12951	79.1384
0.0343333	12.2	39.5724	3	-1	0.12943	79.0895
0.0343737	12.2	39.5928	1	-1	0.1294	79.0712
0.0343737	12.2	39.5913	4	-1	0.12953	79.1506
0.0344954	12.2	39.5482	2	-1	0.1294	78.9602
0.034536	12.2	39.5422	1	-1	0.12956	79.0578
0.0345362	12.2	39.5363	4	-1	0.12967	79.125
0.0345767	12.2	39.553	2	-1	0.12959	78.9605
0.0346173	12.2	39.5188	1	-1	0.12977	79.0702
0.0346174	12.2	39.5158	4	-1	0.12953	78.924
0.0346579	12.2	39.5436	2	-1	0.12952	78.7787
0.0347392	12.2	39.5157	2	-1	0.12961	78.8046
0.03478	12.2	39.5071	4	-1	0.12962	78.8107
0.03478	12.2	39.507	1	-1	0.12963	78.8168
0.0348207	12.2	39.4841	2	-1	0.12983	78.9576
0.0348209	12.2	39.479	3	-1	0.12976	78.915
0.0348615	12.2	39.5083	1	-1	0.1297	78.8786
0.0348615	12.2	39.5065	4	-1	0.12986	78.9759
0.0349023	12.2	39.4698	2	-1	0.13002	79.0011
0.0349429	12.2	39.4902	1	-1	0.12968	78.7945
0.0349838	12.2	39.4592	2	-1	0.12973	78.7914
0.0350245	12.2	39.4531	1	-1	0.12986	78.8703
0.0350248	12.2	39.4456	4	-1	0.13002	78.9675
0.0350654	12.2	39.4682	2	-1	0.1299	78.7702
0.0351063	12.2	39.4266	1	-1	0.13013	78.9097
0.0352698	12.2	39.4185	1	-1	0.12991	78.5762
0.035311	12.2	39.3854	3	-1	0.1301	78.753
0.0353516	12.2	39.4254	1	-1	0.13	78.6925
0.0353517	12.2	39.4233	4	-1	0.13019	78.8075
0.0353927	12.2	39.3759	2	-1	0.13039	78.8474
0.0354334	12.2	39.4069	1	-1	0.12994	78.5753
0.0354746	12.2	39.3679	2	-1	0.13008	78.6457
0.0355154	12.2	39.3648	1	-1	0.13014	78.682
0.0355566	12.2	39.3819	2	-1	0.13019	78.5792
0.035762	12.2	39.3271	1	-1	0.13016	78.2682
0.0358034	12.2	39.2924	3	-1	0.13048	78.6308
0.0358442	12.2	39.342	1	-1	0.13033	78.5404
0.0358443	12.2	39.3403	4	-1	0.13049	78.6369
0.0358854	12.2	39.2787	2	-1	0.13075	78.6703
0.0359264	12.2	39.3267	1	-1	0.13019	78.3333
0.0360087	12.2	39.2814	1	-1	0.13039	78.482
0.0360502	12.2	39.2926	2	-1	0.13044	78.38
0.036174	12.2	39.2312	1	-1	0.13101	78.5008
0.036215	12.2	39.2672	2	-1	0.13036	77.9618
0.0362566	12.2	39.2336	1	-1	0.13051	78.0516
0.0362983	12.2	39.1998	3	-1	0.13088	78.4699
0.0363392	12.2	39.2589	1	-1	0.13067	78.344
0.0363392	12.2	39.2579	4	-1	0.13076	78.398
0.0363805	12.2	39.1817	2	-1	0.13111	78.4949
0.0364218	12.2	39.2491	1	-1	0.13044	78.0938
0.0365462	12.2	39.1997	2	-1	0.13066	78.174
0.036588	12.2	39.1343	4	-1	0.1309	78.3176
0.0367947	12.2	39.1284	2	-1	0.13092	78.054
0.0368366	12.2	39.1727	1	-1	0.131	78.1017
0.0369196	12.2	39.1714	1	-1	0.13071	77.8685
0.0370026	12.2	39.1265	1	-1	0.13081	78.0256
0.0370446	12.2	39.1057	2	-1	0.13097	78.0327
0.0370867	12.2	39.0441	4	-1	0.13132	78.2412
0.0372942	12.2	39.0494	2	-1	0.13111	77.6994
0.0373364	12.2	39.0796	1	-1	0.1312	77.7528
0.0375031	12.2	39.0518	1	-1	0.13095	77.7474
0.0375867	12.2	38.9718	1	-1	0.1315	78.0508
0.0376291	12.2	39.0522	3	-1	0.1316	77.8192
0.0377549	12.2	38.95	1	-1	0.13226	77.8916
0.0377961	12.2	38.9807	2	-1	0.13123	77.176
0.0378386	12.2	38.9796	1	-1	0.13132	77.2289
0.0378812	12.2	38.8781	3	-1	0.13175	77.8756
0.038006	12.2	38.9851	1	-1	0.13109	77.426
0.0381327	12.2	38.9642	2	-1	0.13173	77.6252
0.038259	12.2	38.8354	1	-1	0.13271	77.7947
0.0383005	12.2	38.9136	2	-1	0.13132	76.7998
0.0383862	12.2	38.7884	3	-1	0.13225	77.6753
0.0385114	12.2	38.917	1	-1	0.13126	77.1256
0.0386387	12.2	38.8631	2	-1	0.13182	77.4046
0.0388918	12.2	38.7384	2	-1	0.13212	77.1098
0.038935	12.2	38.8536	4	-1	0.1323	77.2149
0.0391906	12.2	38.6249	4	-1	0.13263	77.625
0.0394448	12.2	38.7557	1	-1	0.1324	76.7314
0.0396144	12.2	38.7091	1	-1	0.13174	76.8791
0.0396998	12.2	38.5725	1	-1	0.13279	77.4828
0.0398717	12.2	38.5636	1	-1	0.13396	77.157
0.0401273	12.2	38.6569	1	-1	0.13169	76.4528
0.040257	12.2	38.6556	2	-1	0.13295	76.8942
0.0403856	12.2	38.4196	1	-1	0.13444	77.1225
0.0404277	12.2	38.5619	2	-1	0.13213	75.5676
0.0405138	12.2	38.4097	2	-1	0.13345	76.5327
0.0405162	12.2	38.3751	3	-1	0.13356	76.5957
0.0406871	12.2	38.4392	2	-1	0.13445	77.8382
0.0410311	12.2	38.3411	2	-1	0.13353	76.2636
0.0415954	12.2	38.4673	1	-1	0.13364	75.9059
0.0417676	12.2	38.3626	1	-1	0.13229	76.0637
0.0422908	12.2	38.3007	1	-1	0.13241	75.6758
0.0425546	12.2	38.0517	1	-1	0.136	76.2973
0.0428619	12.2	38.0951	2	-1	0.13594	77.5161
0.0429502	12.2	38.2537	3	-1	0.13446	75.9833
0.0430814	12.2	37.9164	1	-1	0.13644	76.2448
0.043124	12.2	38.126	2	-1	0.13306	74.1075
0.0432162	12.2	37.8545	3	-1	0.13522	75.5926
0.0443213	12.2	38.0492	4	-1	0.13526	74.6839
0.0444964	12.2	37.8969	1	-1	0.13348	75.145
0.0445908	12.2	37.5828	4	-1	0.13599	76.3989
0.0450322	12.2	37.8424	1	-1	0.13342	74.674
0.0457091	12.2	37.7982	3	-1	0.13612	75.0883
0.0458421	12.2	37.4194	1	-1	0.13823	75.301
0.0458855	12.2	37.6382	2	-1	0.13438	72.9929
0.0459818	12.2	37.3304	3	-1	0.13668	74.5826
0.0461584	12.2	37.4873	2	-1	0.13819	76.7722
0.046384	12.2	37.2757	1	-1	0.13861	75.2702
0.0471138	12.2	37.5649	4	-1	0.137	73.8067
0.0478406	12.2	37.3617	1	-1	0.135	73.7826
0.0486705	12.2	36.9502	1	-1	0.13996	74.3637
0.0487144	12.2	37.1751	2	-1	0.13564	71.8965
0.0488147	12.2	36.8416	3	-1	0.13825	73.6508
0.0492253	12.2	36.7872	1	-1	0.14034	74.3563
0.0502567	12.2	36.6139	4	-1	0.13905	74.4977
0.0507168	12.2	36.8899	1	-1	0.13645	72.8238
0.0513313	12.2	36.687	2	-1	0.1411	75.1091
0.0515672	12.2	36.4516	1	-1	0.14174	73.4975
0.051612	12.2	36.71	2	-1	0.13701	70.8648
0.0517161	12.2	36.3904	3	-1	0.13994	72.7452
0.0521358	12.2	36.3242	1	-1	0.14204	73.4322
0.053087	12.2	36.4634	1	-1	0.13778	72.3482
0.0531929	12.2	36.1748	4	-1	0.14087	73.7926
0.0539533	12.2	35.9891	1	-1	0.14323	72.8646
0.0540006	12.2	36.2349	2	-1	0.13931	70.6369
0.0542927	12.2	36.3177	2	-1	0.1425	74.1917
0.0543936	12.2	36.5163	3	-1	0.14069	72.3751
0.0560915	12.2	35.9628	1	-1	0.13999	71.6025
0.0567317	12.2	35.7185	2	-1	0.14484	74.0794
0.0569769	12.2	35.5129	1	-1	0.14449	72.0217
0.0577267	12.2	35.7261	3	-1	0.14367	70.8432
0.0584244	12.2	35.4185	3	-1	0.14408	70.4548
0.0584661	12.2	35.5412	1	-1	0.14388	70.357
0.0593692	12.2	36.0387	1	-1	0.14413	70.7873
0.0595665	12.2	36.3967	1	-1	0.14007	70.3375
0.0599767	12.2	35.0836	4	-1	0.14545	71.4988
0.0600327	12.2	35.204	3	-1	0.14583	70.9877
0.0608686	12.2	36.2528	1	-1	0.13798	66.9676
0.0613822	12.2	34.5231	1	-1	0.1484	70.1589
0.0625728	12.2	34.6495	3	-1	0.14487	71.0112
0.0629214	12.2	34.7283	1	-1	0.14713	70.4072
0.0629283	12.2	34.83	4	-1	0.14695	70.3211
0.0629698	12.2	34.3913	2	-1	0.14785	70.3746
0.0629879	12.2	34.6922	3	-1	0.14766	70.2842
0.0635337	12.2	35.1411	1	-1	0.14154	69.4334
0.0635973	12.2	35.7381	2	-1	0.14514	70.762
0.0640692	12.2	34.3994	4	-1	0.14598	71.2132
0.0644206	12.2	34.3809	2	-1	0.14784	68.4888
0.0645254	12.2	34.4708	2	-1	0.14734	68.7445
0.0649377	12.2	34.9882	2	-1	0.14118	66.204
0.066007	12.2	34.2518	3	-1	0.14965	69.6597
0.0660513	12.2	34.4978	4	-1	0.14806	68.9196
0.0666277	12.2	35.4342	2	-1	0.14627	69.6789
0.0674111	12.2	33.5229	1	-1	0.15285	68.8793
0.0680588	12.2	34.8933	1	-1	0.14787	68.03
0.0690165	12.2	33.6253	1	-1	0.15046	69.0786
0.0690278	12.2	33.8843	4	-1	0.15048	69.0877
0.0690701	12.2	33.5641	2	-1	0.15135	68.9459
0.0690892	12.2	33.9977	3	-1	0.15134	68.9413
