0.00112285	11.15	36.1788	3	-1	0.151	85.664
0.00115651	11.15	38.1076	4	-1	0.13889	78.7939
0.00118858	11.15	39.5087	3	-1	0.13164	93.9883
0.00121985	11.15	40.564	4	-1	0.12681	90.5398
0.00125028	11.15	41.3568	3	-1	0.12346	96.423
0.00128038	11.15	41.9695	4	-1	0.12104	94.533
0.00130993	11.15	42.4367	3	-1	0.11926	97.4904
0.00133939	11.15	42.8023	1	-1	0.11793	96.4032
0.00136846	11.15	43.0824	3	-1	0.11692	98.0215
0.00139755	11.15	43.3042	4	-1	0.11614	97.3675
0.00142634	11.15	43.4732	3	-1	0.11555	98.307
0.00145522	11.15	43.6067	1	-1	0.1151	97.9241
0.00148385	11.15	43.7071	3	-1	0.11475	98.4472
0.00151261	11.15	43.7877	4	-1	0.11448	98.2155
0.00154115	11.15	43.8455	3	-1	0.11428	98.5172
0.00156985	11.15	43.8931	1	-1	0.11412	98.3793
0.00156985	11.15	43.8931	4	-1	0.11412	98.3793
0.00159835	11.15	43.9246	3	-1	0.114	98.5307
0.00162702	11.15	43.9521	4	-1	0.11391	98.4529
0.00162702	11.15	43.9517	1	-1	0.11392	98.4615
0.00165547	11.15	43.9697	2	-1	0.11385	98.5288
0.0016555	11.15	43.9672	3	-1	0.11386	98.5374
0.00168416	11.15	43.9819	1	-1	0.11381	98.4942
0.00168416	11.15	43.9819	4	-1	0.11381	98.4942
0.00171262	11.15	43.9894	2	-1	0.11378	98.5108
0.00171265	11.15	43.9869	3	-1	0.11378	98.5108
0.00174131	11.15	43.9933	4	-1	0.11376	98.4935
0.00174132	11.15	43.9928	1	-1	0.11377	98.5022
0.00176978	11.15	43.9939	2	-1	0.11376	98.4765
0.00176981	11.15	43.9914	3	-1	0.11376	98.4765
0.00179849	11.15	43.9926	1	-1	0.11376	98.4765
0.00179849	11.15	43.9926	4	-1	0.11376	98.4765
0.00182697	11.15	43.9903	2	-1	0.11376	98.4424
0.00182701	11.15	43.9873	3	-1	0.11377	98.451
0.0018557	11.15	43.9862	4	-1	0.11377	98.451
0.00185571	11.15	43.9858	1	-1	0.11378	98.4597
0.0018842	11.15	43.9807	2	-1	0.11378	98.3916
0.00188424	11.15	43.9773	3	-1	0.11379	98.4002
0.00191296	11.15	43.9745	4	-1	0.1138	98.4089
0.00191296	11.15	43.9741	1	-1	0.11381	98.4175
0.00194148	11.15	43.9672	2	-1	0.11382	98.3496
0.00194152	11.15	43.9634	3	-1	0.11383	98.3582
0.00197026	11.15	43.9597	4	-1	0.11384	98.3669
0.00197027	11.15	43.9593	1	-1	0.11385	98.3755
0.00199881	11.15	43.9513	2	-1	0.11387	98.3079
0.00199885	11.15	43.9476	3	-1	0.11387	98.3079
0.00202762	11.15	43.9436	1	-1	0.11389	98.3251
0.00202762	11.15	43.9436	4	-1	0.11389	98.3251
0.00205618	11.15	43.9355	2	-1	0.11391	98.266
0.00205623	11.15	43.9313	3	-1	0.11392	98.2747
0.00208503	11.15	43.927	1	-1	0.11394	98.2919
0.00208503	11.15	43.927	4	-1	0.11394	98.2919
0.00211361	11.15	43.9182	2	-1	0.11396	98.216
0.00211367	11.15	43.9136	3	-1	0.11397	98.2246
0.00214249	11.15	43.9091	1	-1	0.11399	98.2418
0.00214249	11.15	43.9091	4	-1	0.11399	98.2418
0.0021711	11.15	43.8999	2	-1	0.11401	98.166
0.00217116	11.15	43.8948	3	-1	0.11402	98.1746
0.0022	11.15	43.8905	4	-1	0.11404	98.1918
0.00220001	11.15	43.8901	1	-1	0.11405	98.2004
0.00222864	11.15	43.8807	2	-1	0.11407	98.1163
0.0022287	11.15	43.8757	3	-1	0.11407	98.1163
0.00225758	11.15	43.8719	1	-1	0.1141	98.1421
0.00225758	11.15	43.8719	4	-1	0.1141	98.1421
0.00228623	11.15	43.8628	2	-1	0.11412	98.0749
0.0022863	11.15	43.8574	3	-1	0.11413	98.0835
0.00231521	11.15	43.8536	4	-1	0.11415	98.1007
0.00231521	11.15	43.8532	1	-1	0.11416	98.1093
0.00234389	11.15	43.844	2	-1	0.11418	98.0254
0.00234395	11.15	43.8386	3	-1	0.11418	98.0254
0.00237289	11.15	43.8346	4	-1	0.1142	98.0426
0.00237289	11.15	43.8341	1	-1	0.11421	98.0512
0.00240159	11.15	43.8247	2	-1	0.11423	97.9758
0.00240166	11.15	43.8189	3	-1	0.11424	97.9844
0.00243063	11.15	43.8153	4	-1	0.11426	98.0015
0.00243063	11.15	43.8149	1	-1	0.11427	98.0101
0.00245936	11.15	43.8054	2	-1	0.11429	97.9265
0.00245943	11.15	43.7992	3	-1	0.1143	97.9351
0.00248843	11.15	43.7959	1	-1	0.11432	97.9522
0.00248843	11.15	43.7959	4	-1	0.11432	97.9522
0.00251718	11.15	43.7869	2	-1	0.11434	97.8855
0.00251726	11.15	43.7803	3	-1	0.11435	97.894
0.00254628	11.15	43.7779	4	-1	0.11437	97.9111
0.00254628	11.15	43.7775	1	-1	0.11438	97.9197
0.00257506	11.15	43.7683	2	-1	0.1144	97.8363
0.00257514	11.15	43.7613	3	-1	0.11441	97.8449
0.00260419	11.15	43.7591	1	-1	0.11443	97.862
0.00260419	11.15	43.7591	4	-1	0.11443	97.862
0.00263299	11.15	43.7496	2	-1	0.11445	97.7871
0.00263307	11.15	43.7422	3	-1	0.11446	97.7956
0.00266215	11.15	43.7402	4	-1	0.11448	97.8127
0.00266215	11.15	43.7398	1	-1	0.11449	97.8213
0.00269097	11.15	43.7303	2	-1	0.11451	97.7381
0.00269107	11.15	43.7225	3	-1	0.11452	97.7467
0.00272017	11.15	43.7209	4	-1	0.11454	97.7637
0.00272017	11.15	43.7205	1	-1	0.11455	97.7723
0.00274902	11.15	43.7109	2	-1	0.11457	97.6893
0.00274912	11.15	43.7031	3	-1	0.11457	97.6893
0.00277825	11.15	43.7015	4	-1	0.11459	97.7063
0.00277825	11.15	43.7011	1	-1	0.1146	97.7149
0.00280713	11.15	43.6922	2	-1	0.11462	97.6487
0.00280723	11.15	43.684	3	-1	0.11463	97.6572
0.00283638	11.15	43.6833	4	-1	0.11465	97.6742
0.00283639	11.15	43.6829	1	-1	0.11466	97.6827
0.00286528	11.15	43.6738	2	-1	0.11468	97.6
0.00286538	11.15	43.6656	3	-1	0.11468	97.6
0.00289457	11.15	43.6647	4	-1	0.1147	97.617
0.00289457	11.15	43.6643	1	-1	0.11471	97.6255
0.0029235	11.15	43.655	2	-1	0.11473	97.5512
0.0029236	11.15	43.6464	3	-1	0.11474	97.5597
0.00295281	11.15	43.6458	4	-1	0.11476	97.5767
0.00295282	11.15	43.6454	1	-1	0.11477	97.5852
0.00298177	11.15	43.636	2	-1	0.11479	97.5028
0.00298188	11.15	43.627	3	-1	0.1148	97.5113
0.00301112	11.15	43.6268	4	-1	0.11481	97.5197
0.00301112	11.15	43.6264	1	-1	0.11482	97.5282
0.00304009	11.15	43.6169	2	-1	0.11484	97.4542
0.00304021	11.15	43.6075	3	-1	0.11485	97.4627
0.00306948	11.15	43.6076	4	-1	0.11487	97.4796
0.00306948	11.15	43.6072	1	-1	0.11488	97.4881
0.00309848	11.15	43.5977	2	-1	0.1149	97.4059
0.0030986	11.15	43.588	3	-1	0.11491	97.4144
0.0031279	11.15	43.5885	4	-1	0.11493	97.4313
0.0031279	11.15	43.5881	1	-1	0.11494	97.4398
0.00315692	11.15	43.5792	2	-1	0.11495	97.3575
0.00315704	11.15	43.5691	3	-1	0.11496	97.366
0.00318637	11.15	43.5705	4	-1	0.11498	97.3829
0.00318637	11.15	43.5701	1	-1	0.11499	97.3914
0.00321541	11.15	43.561	2	-1	0.11501	97.3177
0.00321554	11.15	43.5505	3	-1	0.11502	97.3261
0.00324489	11.15	43.5522	4	-1	0.11504	97.343
0.0032449	11.15	43.5518	1	-1	0.11505	97.3515
0.00327396	11.15	43.5424	2	-1	0.11506	97.2612
0.00327409	11.15	43.5315	3	-1	0.11507	97.2697
0.00330348	11.15	43.5335	4	-1	0.11509	97.2866
0.00330348	11.15	43.5331	1	-1	0.1151	97.295
0.00333257	11.15	43.5236	2	-1	0.11512	97.2215
0.00333271	11.15	43.5124	3	-1	0.11513	97.23
0.00336212	11.15	43.5147	4	-1	0.11515	97.2469
0.00336213	11.15	43.5143	1	-1	0.11516	97.2553
0.00339123	11.15	43.5047	2	-1	0.11517	97.1653
0.00339138	11.15	43.4927	3	-1	0.11519	97.1821
0.00342082	11.15	43.4958	4	-1	0.1152	97.1906
0.00342082	11.15	43.4954	1	-1	0.11521	97.199
0.00344995	11.15	43.4858	2	-1	0.11523	97.1258
0.00345011	11.15	43.4733	3	-1	0.11524	97.1342
0.00347957	11.15	43.4768	4	-1	0.11526	97.151
0.00347958	11.15	43.4764	1	-1	0.11527	97.1595
0.00350873	11.15	43.4668	2	-1	0.11529	97.0781
0.00350889	11.15	43.454	3	-1	0.1153	97.0866
0.00353838	11.15	43.4579	4	-1	0.11531	97.095
0.00353839	11.15	43.4575	1	-1	0.11532	97.1034
0.00356757	11.15	43.4478	2	-1	0.11534	97.0304
0.00356774	11.15	43.4342	3	-1	0.11536	97.0472
0.00359726	11.15	43.4396	4	-1	0.11537	97.0556
0.00359726	11.15	43.4392	1	-1	0.11538	97.064
0.00362646	11.15	43.4301	2	-1	0.1154	96.9911
0.00362663	11.15	43.4161	3	-1	0.11541	96.9995
0.00365617	11.15	43.4217	4	-1	0.11542	97.0079
0.00365618	11.15	43.4213	1	-1	0.11543	97.0163
0.0036854	11.15	43.4119	2	-1	0.11545	96.9435
0.00368558	11.15	43.3975	3	-1	0.11546	96.9519
0.00371515	11.15	43.4034	4	-1	0.11548	96.9687
0.00371516	11.15	43.403	1	-1	0.11549	96.9771
0.00374441	11.15	43.3935	2	-1	0.11551	96.8962
0.00374459	11.15	43.3788	3	-1	0.11552	96.9046
0.00377419	11.15	43.3849	4	-1	0.11553	96.913
0.00377419	11.15	43.3845	1	-1	0.11554	96.9214
0.00380347	11.15	43.3748	2	-1	0.11556	96.8488
0.00380366	11.15	43.3598	3	-1	0.11557	96.8572
0.00383328	11.15	43.3663	4	-1	0.11559	96.874
0.00383329	11.15	43.3659	1	-1	0.1156	96.8823
0.00386258	11.15	43.3562	2	-1	0.11562	96.8017
0.00386278	11.15	43.3408	3	-1	0.11563	96.8101
0.00389243	11.15	43.3476	4	-1	0.11564	96.8185
0.00389243	11.15	43.3472	1	-1	0.11565	96.8269
0.00392176	11.15	43.3374	2	-1	0.11567	96.7545
0.00392196	11.15	43.3212	3	-1	0.11569	96.7712
0.00395164	11.15	43.3289	4	-1	0.1157	96.7796
0.00395164	11.15	43.3285	1	-1	0.11571	96.788
0.00398099	11.15	43.3187	2	-1	0.11573	96.7076
0.0039812	11.15	43.3022	3	-1	0.11574	96.716
0.0040109	11.15	43.3103	4	-1	0.11576	96.7327
0.00401091	11.15	43.3099	1	-1	0.11577	96.741
0.00404028	11.15	43.3	2	-1	0.11578	96.6525
0.00404049	11.15	43.2827	3	-1	0.1158	96.6692
0.00407022	11.15	43.2916	4	-1	0.11581	96.6775
0.00407023	11.15	43.2912	1	-1	0.11582	96.6859
0.00409962	11.15	43.2813	2	-1	0.11584	96.6138
0.00409985	11.15	43.2632	3	-1	0.11586	96.6305
0.0041296	11.15	43.273	4	-1	0.11587	96.6389
0.00412961	11.15	43.2726	1	-1	0.11588	96.6472
0.00415903	11.15	43.2627	2	-1	0.1159	96.5672
0.00415926	11.15	43.2442	3	-1	0.11591	96.5756
0.00418904	11.15	43.2544	4	-1	0.11592	96.5839
0.00418904	11.15	43.254	1	-1	0.11593	96.5922
0.00421849	11.15	43.244	2	-1	0.11595	96.5204
0.00421873	11.15	43.2248	3	-1	0.11597	96.5371
0.00424853	11.15	43.2358	4	-1	0.11598	96.5454
0.00424854	11.15	43.2354	1	-1	0.11599	96.5537
0.004278	11.15	43.2254	2	-1	0.11601	96.474
0.00427825	11.15	43.2059	3	-1	0.11602	96.4823
0.00430808	11.15	43.2173	4	-1	0.11604	96.499
0.00430809	11.15	43.2169	1	-1	0.11605	96.5073
0.00433758	11.15	43.2068	2	-1	0.11606	96.4194
0.00433783	11.15	43.1865	3	-1	0.11608	96.436
0.00436769	11.15	43.1994	4	-1	0.11609	96.4443
0.0043677	11.15	43.199	1	-1	0.1161	96.4526
0.0043972	11.15	43.1895	2	-1	0.11612	96.3891
0.00439747	11.15	43.1689	3	-1	0.11613	96.3974
0.00442735	11.15	43.1819	4	-1	0.11614	96.4057
0.00442736	11.15	43.1815	1	-1	0.11615	96.414
0.00445689	11.15	43.1717	2	-1	0.11617	96.3427
0.00445716	11.15	43.1503	3	-1	0.11619	96.3593
0.00448707	11.15	43.164	4	-1	0.1162	96.3676
0.00448707	11.15	43.1637	1	-1	0.11621	96.3759
0.00451663	11.15	43.1537	2	-1	0.11623	96.2966
0.00451691	11.15	43.132	3	-1	0.11624	96.3049
0.00454684	11.15	43.146	4	-1	0.11625	96.3132
0.00454684	11.15	43.1456	1	-1	0.11626	96.3215
0.00457642	11.15	43.1355	2	-1	0.11628	96.2503
0.00457671	11.15	43.1131	3	-1	0.1163	96.2669
0.00460667	11.15	43.1279	4	-1	0.11631	96.2751
0.00460667	11.15	43.1275	1	-1	0.11632	96.2834
0.00463628	11.15	43.1173	2	-1	0.11634	96.2044
0.00463657	11.15	43.0945	3	-1	0.11635	96.2127
0.00466655	11.15	43.1096	4	-1	0.11636	96.221
0.00466656	11.15	43.1092	1	-1	0.11637	96.2292
0.00469619	11.15	43.099	2	-1	0.11639	96.1583
0.00469649	11.15	43.0755	3	-1	0.11641	96.1748
0.0047265	11.15	43.0914	4	-1	0.11642	96.1831
0.0047265	11.15	43.091	1	-1	0.11643	96.1913
0.00475616	11.15	43.0807	2	-1	0.11645	96.1126
0.00475647	11.15	43.0569	3	-1	0.11646	96.1208
0.0047865	11.15	43.0732	4	-1	0.11647	96.1291
0.0047865	11.15	43.0728	1	-1	0.11648	96.1373
0.00481618	11.15	43.0624	2	-1	0.1165	96.0666
0.0048165	11.15	43.0378	3	-1	0.11652	96.0831
0.00484656	11.15	43.055	4	-1	0.11653	96.0914
0.00484656	11.15	43.0546	1	-1	0.11654	96.0996
0.00487627	11.15	43.0442	2	-1	0.11656	96.0211
0.00487659	11.15	43.0193	3	-1	0.11657	96.0293
0.00490667	11.15	43.0368	4	-1	0.11658	96.0376
0.00490667	11.15	43.0364	1	-1	0.11659	96.0458
0.0049364	11.15	43.0259	2	-1	0.11661	95.9753
0.00493673	11.15	43.0003	3	-1	0.11663	95.9918
0.00496684	11.15	43.0186	4	-1	0.11664	96
0.00496685	11.15	43.0182	1	-1	0.11665	96.0082
0.0049966	11.15	43.0077	2	-1	0.11667	95.9299
0.00499694	11.15	42.9818	3	-1	0.11668	95.9382
0.00502707	11.15	43.0005	4	-1	0.11669	95.9464
0.00502707	11.15	43.0001	1	-1	0.1167	95.9546
0.00505685	11.15	42.9895	2	-1	0.11672	95.8843
0.0050572	11.15	42.9628	3	-1	0.11674	95.9008
0.00508735	11.15	42.9824	4	-1	0.11675	95.909
0.00508736	11.15	42.982	1	-1	0.11676	95.9172
0.00511716	11.15	42.9714	2	-1	0.11678	95.8391
0.00511752	11.15	42.944	3	-1	0.1168	95.8556
0.00514769	11.15	42.964	4	-1	0.1168	95.8556
0.0051477	11.15	42.9636	1	-1	0.11681	95.8638
0.00517753	11.15	42.9523	2	-1	0.11684	95.794
0.0051779	11.15	42.9242	3	-1	0.11685	95.8022
0.0052081	11.15	42.9449	4	-1	0.11686	95.8104
0.0052081	11.15	42.9445	1	-1	0.11687	95.8186
0.00523796	11.15	42.9333	2	-1	0.11689	95.7408
0.00523834	11.15	42.9045	3	-1	0.11691	95.7572
0.00526856	11.15	42.9262	4	-1	0.11692	95.7654
0.00526857	11.15	42.9259	1	-1	0.11693	95.7736
0.00529845	11.15	42.9148	2	-1	0.11695	95.6959
0.00529884	11.15	42.8853	3	-1	0.11697	95.7123
0.00532909	11.15	42.9079	4	-1	0.11698	95.7205
0.00532909	11.15	42.9075	1	-1	0.11699	95.7287
0.005359	11.15	42.8965	2	-1	0.11701	95.6511
0.00535939	11.15	42.8667	3	-1	0.11702	95.6593
0.00538966	11.15	42.8897	4	-1	0.11703	95.6675
0.00538967	11.15	42.8894	1	-1	0.11704	95.6756
0.0054196	11.15	42.8783	2	-1	0.11706	95.606
0.00542	11.15	42.8478	3	-1	0.11708	95.6223
0.0054503	11.15	42.8717	4	-1	0.11709	95.6305
0.00545031	11.15	42.8714	1	-1	0.1171	95.6387
0.00548026	11.15	42.8603	2	-1	0.11712	95.5614
0.00548067	11.15	42.8294	3	-1	0.11713	95.5695
0.00551099	11.15	42.8538	4	-1	0.11714	95.5777
0.005511	11.15	42.8534	1	-1	0.11715	95.5858
0.00554098	11.15	42.8422	2	-1	0.11717	95.5164
0.0055414	11.15	42.8107	3	-1	0.11719	95.5327
0.00557175	11.15	42.8359	4	-1	0.1172	95.5409
0.00557175	11.15	42.8355	1	-1	0.11721	95.549
0.00560176	11.15	42.8243	2	-1	0.11723	95.4719
0.00560218	11.15	42.7921	3	-1	0.11725	95.4882
0.00563255	11.15	42.8181	4	-1	0.11725	95.4882
0.00563256	11.15	42.8177	1	-1	0.11726	95.4964
0.00566259	11.15	42.8064	2	-1	0.11728	95.4272
0.00566302	11.15	42.7735	3	-1	0.1173	95.4434
0.00569342	11.15	42.8003	4	-1	0.11731	95.4516
0.00569342	11.15	42.7999	1	-1	0.11732	95.4597
0.00572348	11.15	42.7886	2	-1	0.11734	95.3829
0.00572392	11.15	42.7554	3	-1	0.11735	95.391
0.00575434	11.15	42.7825	4	-1	0.11736	95.3991
0.00575434	11.15	42.7822	1	-1	0.11737	95.4073
0.00578442	11.15	42.7708	2	-1	0.11739	95.3383
0.00578487	11.15	42.7369	3	-1	0.11741	95.3545
0.00581532	11.15	42.7649	4	-1	0.11742	95.3626
0.00581532	11.15	42.7645	1	-1	0.11743	95.3707
0.00584543	11.15	42.753	2	-1	0.11745	95.2941
0.00584588	11.15	42.7189	3	-1	0.11746	95.3022
0.00587635	11.15	42.7472	4	-1	0.11747	95.3103
0.00587635	11.15	42.7468	1	-1	0.11748	95.3185
0.00590648	11.15	42.7353	2	-1	0.1175	95.2497
0.00590695	11.15	42.7004	3	-1	0.11752	95.2659
0.00593744	11.15	42.7296	4	-1	0.11753	95.274
0.00593745	11.15	42.7292	1	-1	0.11754	95.2821
0.0059676	11.15	42.7169	2	-1	0.11756	95.198
0.00596807	11.15	42.6818	3	-1	0.11757	95.2061
0.00599859	11.15	42.7107	4	-1	0.11758	95.2142
0.0059986	11.15	42.7104	1	-1	0.11759	95.2223
0.00602878	11.15	42.6984	2	-1	0.11762	95.1618
0.00602926	11.15	42.6629	3	-1	0.11763	95.1699
0.00605981	11.15	42.6925	4	-1	0.11764	95.178
0.00605981	11.15	42.6921	1	-1	0.11765	95.1861
0.00609002	11.15	42.6802	2	-1	0.11767	95.1099
0.00609051	11.15	42.644	3	-1	0.11769	95.1261
0.00612108	11.15	42.6746	4	-1	0.1177	95.1342
0.00612108	11.15	42.6742	1	-1	0.11771	95.1423
0.00615132	11.15	42.6623	2	-1	0.11773	95.0662
0.00615181	11.15	42.6259	3	-1	0.11774	95.0743
0.0061824	11.15	42.6568	4	-1	0.11775	95.0824
0.00618241	11.15	42.6564	1	-1	0.11776	95.0904
0.00621267	11.15	42.6445	2	-1	0.11778	95.0222
0.00621317	11.15	42.6074	3	-1	0.1178	95.0383
0.00624379	11.15	42.6392	4	-1	0.11781	95.0464
0.00624379	11.15	42.6388	1	-1	0.11782	95.0545
0.00627408	11.15	42.6268	2	-1	0.11784	94.9786
0.00627458	11.15	42.5895	3	-1	0.11785	94.9867
0.00630523	11.15	42.6216	4	-1	0.11786	94.9948
0.00630523	11.15	42.6213	1	-1	0.11787	95.0028
0.00633554	11.15	42.6092	2	-1	0.11789	94.9348
0.00633606	11.15	42.5712	3	-1	0.11791	94.9509
0.00636673	11.15	42.6042	4	-1	0.11792	94.9589
0.00636673	11.15	42.6039	1	-1	0.11793	94.967
0.00639706	11.15	42.5918	2	-1	0.11795	94.8914
0.00639758	11.15	42.5535	3	-1	0.11796	94.8994
0.00642828	11.15	42.5861	4	-1	0.11797	94.9075
0.00642828	11.15	42.5858	1	-1	0.11798	94.9155
0.00645865	11.15	42.5731	2	-1	0.118	94.8401
0.00645918	11.15	42.5341	3	-1	0.11802	94.8561
0.0064899	11.15	42.5679	4	-1	0.11803	94.8642
0.0064899	11.15	42.5675	1	-1	0.11804	94.8722
0.00652029	11.15	42.5549	2	-1	0.11806	94.7969
0.00652083	11.15	42.5153	3	-1	0.11808	94.8129
0.00655157	11.15	42.55	4	-1	0.11808	94.8129
0.00655157	11.15	42.5496	1	-1	0.11809	94.8209
0.00658199	11.15	42.5371	2	-1	0.11812	94.7613
0.00658254	11.15	42.4972	3	-1	0.11813	94.7694
0.0066133	11.15	42.5324	4	-1	0.11814	94.7774
0.0066133	11.15	42.532	1	-1	0.11815	94.7854
0.00664375	11.15	42.5195	2	-1	0.11817	94.7103
0.0066443	11.15	42.4789	3	-1	0.11819	94.7263
0.00667509	11.15	42.5149	4	-1	0.11819	94.7263
0.00667509	11.15	42.5146	1	-1	0.1182	94.7343
0.00670556	11.15	42.502	2	-1	0.11823	94.6749
0.00670612	11.15	42.4611	3	-1	0.11824	94.6829
0.00673693	11.15	42.4976	4	-1	0.11825	94.6909
0.00673694	11.15	42.4972	1	-1	0.11826	94.6989
0.00676743	11.15	42.4839	2	-1	0.11828	94.6164
0.006768	11.15	42.4425	3	-1	0.1183	94.6324
0.00679884	11.15	42.4792	4	-1	0.11831	94.6404
0.00679885	11.15	42.4789	1	-1	0.11832	94.6484
0.00682937	11.15	42.4657	2	-1	0.11834	94.5736
0.00682995	11.15	42.4236	3	-1	0.11836	94.5896
0.0068608	11.15	42.4613	4	-1	0.11836	94.5896
0.00686081	11.15	42.461	1	-1	0.11837	94.5976
0.00689136	11.15	42.4479	2	-1	0.1184	94.5385
0.00689195	11.15	42.4056	3	-1	0.11841	94.5465
0.00692283	11.15	42.4438	4	-1	0.11842	94.5545
0.00692283	11.15	42.4434	1	-1	0.11843	94.5624
0.00695341	11.15	42.4304	2	-1	0.11845	94.4879
0.006954	11.15	42.3874	3	-1	0.11847	94.5038
0.00698491	11.15	42.4264	4	-1	0.11847	94.5038
0.00698491	11.15	42.4261	1	-1	0.11848	94.5118
0.00701552	11.15	42.413	2	-1	0.11851	94.4529
0.00701612	11.15	42.3697	3	-1	0.11852	94.4608
0.00704704	11.15	42.4092	4	-1	0.11853	94.4688
0.00704705	11.15	42.4089	1	-1	0.11854	94.4768
0.00707768	11.15	42.3951	2	-1	0.11856	94.3949
0.00707829	11.15	42.3512	3	-1	0.11858	94.4108
0.00710924	11.15	42.3909	4	-1	0.11858	94.4108
0.00710925	11.15	42.3906	1	-1	0.11859	94.4188
0.00713991	11.15	42.377	2	-1	0.11862	94.36
0.00714052	11.15	42.3328	3	-1	0.11863	94.368
0.0071715	11.15	42.3732	4	-1	0.11864	94.3759
0.0071715	11.15	42.3728	1	-1	0.11865	94.3839
0.00720219	11.15	42.3593	2	-1	0.11867	94.3098
0.00720281	11.15	42.3145	3	-1	0.11869	94.3257
0.00723381	11.15	42.3558	4	-1	0.1187	94.3336
0.00723382	11.15	42.3554	1	-1	0.11871	94.3416
0.00726453	11.15	42.3419	2	-1	0.11873	94.2676
0.00726516	11.15	42.2969	3	-1	0.11874	94.2755
0.00729618	11.15	42.3386	4	-1	0.11875	94.2834
0.00729619	11.15	42.3382	1	-1	0.11876	94.2914
0.00732692	11.15	42.3247	2	-1	0.11878	94.225
0.00732756	11.15	42.279	3	-1	0.1188	94.2408
0.00735861	11.15	42.3209	4	-1	0.11881	94.2488
0.00735862	11.15	42.3205	1	-1	0.11882	94.2567
0.00738938	11.15	42.3064	2	-1	0.11884	94.1754
0.00739002	11.15	42.2605	3	-1	0.11885	94.1834
0.0074211	11.15	42.303	4	-1	0.11886	94.1913
0.00742111	11.15	42.3026	1	-1	0.11887	94.1992
0.0074519	11.15	42.2887	2	-1	0.1189	94.1409
0.00745255	11.15	42.2425	3	-1	0.11891	94.1489
0.00748365	11.15	42.2856	4	-1	0.11892	94.1568
0.00748365	11.15	42.2853	1	-1	0.11893	94.1647
0.00751447	11.15	42.2713	2	-1	0.11895	94.0911
0.00751513	11.15	42.2245	3	-1	0.11897	94.1069
0.00754625	11.15	42.2684	4	-1	0.11897	94.1069
0.00754626	11.15	42.2681	1	-1	0.11898	94.1149
0.0075771	11.15	42.2542	2	-1	0.11901	94.0567
0.00757777	11.15	42.2071	3	-1	0.11902	94.0646
0.00760891	11.15	42.2508	4	-1	0.11903	94.0726
0.00760892	11.15	42.2505	1	-1	0.11904	94.0805
0.0076398	11.15	42.2359	2	-1	0.11906	93.9997
0.00764047	11.15	42.1883	3	-1	0.11908	94.0155
0.00767164	11.15	42.2331	4	-1	0.11909	94.0234
0.00767164	11.15	42.2328	1	-1	0.1191	94.0313
0.00770255	11.15	42.2184	2	-1	0.11912	93.958
0.00770323	11.15	42.1704	3	-1	0.11913	93.9659
0.00773442	11.15	42.2157	4	-1	0.11914	93.9738
0.00773443	11.15	42.2154	1	-1	0.11915	93.9817
0.00776536	11.15	42.2011	2	-1	0.11918	93.9239
0.00776604	11.15	42.153	3	-1	0.11919	93.9318
0.00779726	11.15	42.1988	4	-1	0.1192	93.9396
0.00779727	11.15	42.1984	1	-1	0.11921	93.9475
0.00782822	11.15	42.1835	2	-1	0.11923	93.8671
0.00782891	11.15	42.135	3	-1	0.11924	93.875
0.00786016	11.15	42.1807	4	-1	0.11925	93.8829
0.00786017	11.15	42.1804	1	-1	0.11926	93.8907
0.00789115	11.15	42.1657	2	-1	0.11929	93.8331
0.00789185	11.15	42.117	3	-1	0.1193	93.841
0.00792312	11.15	42.1633	4	-1	0.11931	93.8488
0.00792312	11.15	42.163	1	-1	0.11932	93.8567
0.00795414	11.15	42.1483	2	-1	0.11934	93.7839
0.00795483	11.15	42.0994	3	-1	0.11935	93.7917
0.00798613	11.15	42.1462	4	-1	0.11936	93.7996
0.00798614	11.15	42.1458	1	-1	0.11937	93.8075
0.00801718	11.15	42.1306	2	-1	0.1194	93.7426
0.00801788	11.15	42.0815	3	-1	0.11941	93.7505
0.00804921	11.15	42.1282	4	-1	0.11942	93.7583
0.00804922	11.15	42.1279	1	-1	0.11943	93.7662
0.00808029	11.15	42.113	2	-1	0.11946	93.7015
0.00808099	11.15	42.0635	3	-1	0.11947	93.7093
0.00811235	11.15	42.1109	4	-1	0.11948	93.7172
0.00811235	11.15	42.1106	1	-1	0.11949	93.725
0.00814345	11.15	42.0957	2	-1	0.11951	93.6525
0.00814416	11.15	42.046	3	-1	0.11952	93.6604
0.00817554	11.15	42.0939	4	-1	0.11953	93.6682
0.00817554	11.15	42.0935	1	-1	0.11954	93.676
0.00820667	11.15	42.0788	2	-1	0.11957	93.6189
0.00820739	11.15	42.0289	3	-1	0.11958	93.6267
0.00823879	11.15	42.0765	4	-1	0.11959	93.6345
0.0082388	11.15	42.0762	1	-1	0.1196	93.6423
0.00826995	11.15	42.0608	2	-1	0.11962	93.5628
0.00827067	11.15	42.0107	3	-1	0.11963	93.5706
0.0083021	11.15	42.059	4	-1	0.11964	93.5784
0.00830211	11.15	42.0586	1	-1	0.11965	93.5862
0.00833329	11.15	42.0434	2	-1	0.11968	93.5292
0.00833402	11.15	41.9931	3	-1	0.11969	93.537
0.00836547	11.15	42.042	4	-1	0.1197	93.5449
0.00836548	11.15	42.0416	1	-1	0.11971	93.5527
0.00839669	11.15	42.0264	2	-1	0.11973	93.4806
0.00839742	11.15	41.9758	3	-1	0.11974	93.4884
0.0084289	11.15	42.0245	4	-1	0.11975	93.4963
0.0084289	11.15	42.0241	1	-1	0.11976	93.5041
0.00846014	11.15	42.0085	2	-1	0.11979	93.4399
0.00846088	11.15	41.9577	3	-1	0.1198	93.4477
0.00849238	11.15	42.0071	4	-1	0.11981	93.4555
0.00849239	11.15	42.0067	1	-1	0.11982	93.4633
0.00852366	11.15	41.9913	2	-1	0.11985	93.3993
0.0085244	11.15	41.9405	3	-1	0.11985	93.3993
0.00855593	11.15	41.99	4	-1	0.11986	93.4071
0.00855593	11.15	41.9897	1	-1	0.11987	93.4149
0.00858724	11.15	41.9737	2	-1	0.1199	93.351
0.00858798	11.15	41.9227	3	-1	0.11991	93.3588
0.00861953	11.15	41.9722	4	-1	0.11992	93.3666
0.00861954	11.15	41.9719	1	-1	0.11993	93.3743
0.00865087	11.15	41.9562	2	-1	0.11996	93.3105
0.00865162	11.15	41.905	3	-1	0.11997	93.3183
0.0086832	11.15	41.9551	4	-1	0.11998	93.3261
0.00868321	11.15	41.9548	1	-1	0.11999	93.3339
0.00871457	11.15	41.9391	2	-1	0.12001	93.2624
0.00871532	11.15	41.8877	3	-1	0.12002	93.2701
0.00874692	11.15	41.9383	4	-1	0.12003	93.2779
0.00874693	11.15	41.938	1	-1	0.12004	93.2857
0.00877832	11.15	41.9218	2	-1	0.12007	93.222
0.00877907	11.15	41.8701	3	-1	0.12008	93.2298
0.00881071	11.15	41.9207	4	-1	0.12009	93.2376
0.00881071	11.15	41.9204	1	-1	0.1201	93.2453
0.00884213	11.15	41.9045	2	-1	0.12013	93.1818
0.00884289	11.15	41.8529	3	-1	0.12013	93.1818
0.00887455	11.15	41.9037	4	-1	0.12014	93.1896
0.00887455	11.15	41.9033	1	-1	0.12015	93.1973
0.008906	11.15	41.8875	2	-1	0.12018	93.1411
0.00890676	11.15	41.8357	3	-1	0.12019	93.1489
0.00893845	11.15	41.8864	4	-1	0.1202	93.1566
0.00893845	11.15	41.8861	1	-1	0.12021	93.1644
0.00896994	11.15	41.8698	2	-1	0.12024	93.0938
0.0089707	11.15	41.8181	3	-1	0.12024	93.0938
0.00900241	11.15	41.8692	4	-1	0.12026	93.1093
0.00900242	11.15	41.8688	1	-1	0.12027	93.1171
0.00903392	11.15	41.8527	2	-1	0.12029	93.0461
0.00903469	11.15	41.8008	3	-1	0.1203	93.0538
0.00906643	11.15	41.8524	4	-1	0.12031	93.0616
0.00906644	11.15	41.852	1	-1	0.12032	93.0693
0.00909797	11.15	41.8355	2	-1	0.12035	93.0062
0.00909874	11.15	41.7836	3	-1	0.12035	93.0062
0.00913051	11.15	41.8348	4	-1	0.12037	93.0216
0.00913052	11.15	41.8345	1	-1	0.12038	93.0294
0.00916208	11.15	41.8183	2	-1	0.12041	92.9663
0.00916285	11.15	41.7666	3	-1	0.12041	92.9663
0.00919465	11.15	41.8179	4	-1	0.12042	92.9741
0.00919466	11.15	41.8175	1	-1	0.12043	92.9818
0.00922625	11.15	41.8015	2	-1	0.12046	92.926
0.00922702	11.15	41.7495	3	-1	0.12047	92.9337
0.00925885	11.15	41.8008	4	-1	0.12048	92.9414
0.00925885	11.15	41.8004	1	-1	0.12049	92.9492
0.00929048	11.15	41.7839	2	-1	0.12052	92.8792
0.00929125	11.15	41.732	3	-1	0.12052	92.8792
0.0093231	11.15	41.7835	4	-1	0.12053	92.8869
0.00932311	11.15	41.7832	1	-1	0.12054	92.8946
0.00935477	11.15	41.7668	2	-1	0.12057	92.839
0.00935555	11.15	41.7148	3	-1	0.12058	92.8467
0.00938742	11.15	41.7666	4	-1	0.12059	92.8544
0.00938742	11.15	41.7662	1	-1	0.1206	92.8621
0.00941911	11.15	41.7494	2	-1	0.12063	92.7923
0.0094199	11.15	41.6971	3	-1	0.12063	92.7923
0.0094518	11.15	41.7493	4	-1	0.12065	92.8077
0.0094518	11.15	41.749	1	-1	0.12066	92.8154
0.00948352	11.15	41.7324	2	-1	0.12069	92.7528
0.0094843	11.15	41.6803	3	-1	0.12069	92.7528
0.00951623	11.15	41.7326	4	-1	0.1207	92.7605
0.00951624	11.15	41.7323	1	-1	0.12071	92.7682
0.00954799	11.15	41.7152	2	-1	0.12074	92.7058
0.00954877	11.15	41.6631	3	-1	0.12074	92.7058
0.00958073	11.15	41.7152	4	-1	0.12076	92.7211
0.00958074	11.15	41.7148	1	-1	0.12077	92.7288
0.00961251	11.15	41.6982	2	-1	0.1208	92.6665
0.0096133	11.15	41.6462	3	-1	0.1208	92.6665
0.00964528	11.15	41.6984	4	-1	0.12081	92.6741
0.00964529	11.15	41.6981	1	-1	0.12082	92.6818
0.0096771	11.15	41.6809	2	-1	0.12085	92.6196
0.00967788	11.15	41.6287	3	-1	0.12086	92.6272
0.0097099	11.15	41.6809	4	-1	0.12087	92.6349
0.00970991	11.15	41.6806	1	-1	0.12088	92.6426
0.00974174	11.15	41.6638	2	-1	0.12091	92.5804
0.00974253	11.15	41.6117	3	-1	0.12091	92.5804
0.00977458	11.15	41.6643	4	-1	0.12093	92.5957
0.00977458	11.15	41.6639	1	-1	0.12094	92.6034
0.00980645	11.15	41.6472	2	-1	0.12096	92.5337
0.00980724	11.15	41.5949	3	-1	0.12097	92.5413
0.00983931	11.15	41.6473	4	-1	0.12098	92.549
0.00983931	11.15	41.647	1	-1	0.12099	92.5566
0.00987121	11.15	41.6299	2	-1	0.12102	92.4946
0.009872	11.15	41.5777	3	-1	0.12102	92.4946
0.0099041	11.15	41.6304	4	-1	0.12104	92.5099
0.00990411	11.15	41.6301	1	-1	0.12105	92.5176
0.00993604	11.15	41.6133	2	-1	0.12108	92.4557
0.00993683	11.15	41.5612	3	-1	0.12108	92.4557
0.00996895	11.15	41.6134	4	-1	0.12109	92.4633
0.00996896	11.15	41.6131	1	-1	0.1211	92.471
0.0100009	11.15	41.5958	2	-1	0.12113	92.4092
0.0100017	11.15	41.5438	3	-1	0.12113	92.4092
0.0100339	11.15	41.5965	4	-1	0.12115	92.4245
0.0100339	11.15	41.5962	1	-1	0.12116	92.4321
0.0100659	11.15	41.5792	2	-1	0.12119	92.3704
0.0100667	11.15	41.5273	3	-1	0.12119	92.3704
0.0100988	11.15	41.5795	4	-1	0.1212	92.378
0.0100988	11.15	41.5792	1	-1	0.12121	92.3857
0.0101309	11.15	41.5619	2	-1	0.12125	92.3317
0.0101317	11.15	41.5104	3	-1	0.12124	92.3241
0.0101639	11.15	41.5626	4	-1	0.12126	92.3393
0.0101639	11.15	41.5623	1	-1	0.12127	92.3469
0.0101959	11.15	41.5452	2	-1	0.1213	92.2855
0.0101967	11.15	41.4939	3	-1	0.1213	92.2855
0.010229	11.15	41.5457	4	-1	0.12132	92.3007
0.010229	11.15	41.5454	1	-1	0.12133	92.3083
0.0102611	11.15	41.528	2	-1	0.12136	92.2399
0.0102618	11.15	41.4771	3	-1	0.12135	92.2323
0.0102941	11.15	41.5288	4	-1	0.12137	92.2475
0.0102941	11.15	41.5285	1	-1	0.12138	92.2551
0.0103262	11.15	41.5114	2	-1	0.12141	92.2008
0.010327	11.15	41.4606	3	-1	0.12141	92.2008
0.0103593	11.15	41.512	4	-1	0.12143	92.216
0.0103593	11.15	41.5116	1	-1	0.12144	92.2236
0.0103915	11.15	41.4943	2	-1	0.12147	92.1554
0.0103923	11.15	41.4436	3	-1	0.12147	92.1554
0.0104246	11.15	41.4952	4	-1	0.12148	92.163
0.0104246	11.15	41.4949	1	-1	0.12149	92.1705
0.0104568	11.15	41.4777	2	-1	0.12152	92.1164
0.0104576	11.15	41.4271	3	-1	0.12152	92.1164
0.0104899	11.15	41.4783	4	-1	0.12154	92.1316
0.0104899	11.15	41.478	1	-1	0.12155	92.1392
0.0105222	11.15	41.4605	2	-1	0.12158	92.0712
0.0105229	11.15	41.41	3	-1	0.12158	92.0712
0.0105553	11.15	41.4617	4	-1	0.1216	92.0863
0.0105553	11.15	41.4614	1	-1	0.12161	92.0939
0.0105876	11.15	41.4436	2	-1	0.12164	92.026
0.0105884	11.15	41.3936	3	-1	0.12163	92.0185
0.0106208	11.15	41.4444	4	-1	0.12165	92.0336
0.0106208	11.15	41.4441	1	-1	0.12166	92.0412
0.0106531	11.15	41.4267	2	-1	0.12169	91.9873
0.0106538	11.15	41.3768	3	-1	0.12169	91.9873
0.0106863	11.15	41.428	4	-1	0.12171	92.0024
0.0106863	11.15	41.4277	1	-1	0.12172	92.01
0.0107186	11.15	41.41	2	-1	0.12175	91.9423
0.0107194	11.15	41.3605	3	-1	0.12174	91.9348
0.0107519	11.15	41.4109	4	-1	0.12176	91.9499
0.0107519	11.15	41.4106	1	-1	0.12177	91.9574
0.0107842	11.15	41.3933	2	-1	0.1218	91.9037
0.010785	11.15	41.3439	3	-1	0.1218	91.9037
0.0108175	11.15	41.3943	4	-1	0.12182	91.9188
0.0108175	11.15	41.394	1	-1	0.12183	91.9264
0.0108499	11.15	41.3763	2	-1	0.12186	91.8589
0.0108506	11.15	41.3267	3	-1	0.12186	91.8589
0.0108832	11.15	41.3774	4	-1	0.12187	91.8664
0.0108832	11.15	41.3771	1	-1	0.12188	91.874
0.0109156	11.15	41.3598	2	-1	0.12192	91.828
0.0109164	11.15	41.3106	3	-1	0.12191	91.8204
0.0109489	11.15	41.3607	4	-1	0.12193	91.8355
0.0109489	11.15	41.3604	1	-1	0.12194	91.843
0.0109814	11.15	41.3427	2	-1	0.12197	91.7758
0.0109822	11.15	41.2936	3	-1	0.12197	91.7758
0.0110148	11.15	41.3442	4	-1	0.12199	91.7908
0.0110148	11.15	41.3439	1	-1	0.122	91.7983
0.0110472	11.15	41.3259	2	-1	0.12203	91.7312
0.011048	11.15	41.2772	3	-1	0.12202	91.7237
0.0110806	11.15	41.327	4	-1	0.12204	91.7387
0.0110806	11.15	41.3267	1	-1	0.12205	91.7462
0.0111131	11.15	41.3092	2	-1	0.12208	91.693
0.0111139	11.15	41.2606	3	-1	0.12208	91.693
0.0111466	11.15	41.3108	4	-1	0.1221	91.708
0.0111466	11.15	41.3105	1	-1	0.12211	91.7155
0.0111791	11.15	41.2927	2	-1	0.12214	91.6485
0.0111799	11.15	41.2442	3	-1	0.12214	91.6485
0.0112126	11.15	41.2939	4	-1	0.12215	91.656
0.0112126	11.15	41.2936	1	-1	0.12216	91.6635
0.0112451	11.15	41.2761	2	-1	0.12219	91.6104
0.0112459	11.15	41.2277	3	-1	0.12219	91.6104
0.0112786	11.15	41.2772	4	-1	0.12221	91.6254
0.0112786	11.15	41.2769	1	-1	0.12222	91.6329
0.0113112	11.15	41.2591	2	-1	0.12225	91.5662
0.011312	11.15	41.2108	3	-1	0.12225	91.5662
0.0113447	11.15	41.2608	4	-1	0.12227	91.5812
0.0113447	11.15	41.2605	1	-1	0.12228	91.5886
0.0113774	11.15	41.2424	2	-1	0.12231	91.522
0.0113781	11.15	41.1946	3	-1	0.1223	91.5145
0.0114109	11.15	41.2438	4	-1	0.12232	91.5295
0.0114109	11.15	41.2434	1	-1	0.12233	91.537
0.0114436	11.15	41.2259	2	-1	0.12236	91.4841
0.0114443	11.15	41.1781	3	-1	0.12236	91.4841
0.0114771	11.15	41.2277	4	-1	0.12238	91.4991
0.0114771	11.15	41.2274	1	-1	0.12239	91.5065
0.0115098	11.15	41.2095	2	-1	0.12242	91.4401
0.0115106	11.15	41.1621	3	-1	0.12241	91.4326
0.0115434	11.15	41.2109	4	-1	0.12243	91.4476
0.0115434	11.15	41.2106	1	-1	0.12244	91.455
0.0115762	11.15	41.1931	2	-1	0.12247	91.4023
0.0115769	11.15	41.1459	3	-1	0.12247	91.4023
0.0116098	11.15	41.1943	4	-1	0.12249	91.4173
0.0116098	11.15	41.194	1	-1	0.1225	91.4247
0.0116425	11.15	41.1763	2	-1	0.12253	91.3585
0.0116433	11.15	41.1291	3	-1	0.12253	91.3585
0.0116762	11.15	41.178	4	-1	0.12254	91.3659
0.0116762	11.15	41.1777	1	-1	0.12255	91.3734
0.011709	11.15	41.1596	2	-1	0.12259	91.3215
0.0117097	11.15	41.1129	3	-1	0.12258	91.3141
0.0117427	11.15	41.1612	4	-1	0.1226	91.329
0.0117427	11.15	41.1609	1	-1	0.12261	91.3364
0.0117755	11.15	41.1433	2	-1	0.12264	91.2772
0.0117762	11.15	41.0966	3	-1	0.12264	91.2772
0.0118092	11.15	41.1446	4	-1	0.12266	91.2921
0.0118092	11.15	41.1443	1	-1	0.12267	91.2995
0.0118421	11.15	41.1265	2	-1	0.1227	91.2335
0.0118428	11.15	41.0803	3	-1	0.12269	91.2261
0.0118758	11.15	41.1283	4	-1	0.12271	91.241
0.0118758	11.15	41.128	1	-1	0.12272	91.2484
0.0119087	11.15	41.1098	2	-1	0.12275	91.1894
0.0119094	11.15	41.0637	3	-1	0.12275	91.1894
0.0119425	11.15	41.1115	4	-1	0.12277	91.2042
0.0119425	11.15	41.1112	1	-1	0.12278	91.2116
0.0119754	11.15	41.0936	2	-1	0.12281	91.1527
0.0119761	11.15	41.0476	3	-1	0.12281	91.1527
0.0120092	11.15	41.0949	4	-1	0.12282	91.1601
0.0120092	11.15	41.0946	1	-1	0.12283	91.1675
0.0120421	11.15	41.0768	2	-1	0.12287	91.1161
0.0120429	11.15	41.0312	3	-1	0.12286	91.1086
0.012076	11.15	41.0788	4	-1	0.12288	91.1235
0.012076	11.15	41.0785	1	-1	0.12289	91.1309
0.012109	11.15	41.0602	2	-1	0.12292	91.0653
0.0121097	11.15	41.0147	3	-1	0.12292	91.0653
0.0121428	11.15	41.0621	4	-1	0.12294	91.0802
0.0121428	11.15	41.0618	1	-1	0.12295	91.0876
0.0121758	11.15	41.0442	2	-1	0.12298	91.0289
0.0121766	11.15	40.999	3	-1	0.12297	91.0215
0.0122097	11.15	41.0456	4	-1	0.12299	91.0363
0.0122097	11.15	41.0453	1	-1	0.123	91.0437
0.0122428	11.15	41.0274	2	-1	0.12303	90.9851
0.0122435	11.15	40.9824	3	-1	0.12303	90.9851
0.0122767	11.15	41.0295	4	-1	0.12305	90.9999
0.0122767	11.15	41.0292	1	-1	0.12306	91.0072
0.0123098	11.15	41.011	2	-1	0.12309	90.942
0.0123105	11.15	40.9664	3	-1	0.12308	90.9346
0.0123437	11.15	41.0128	4	-1	0.1231	90.9494
0.0123437	11.15	41.0125	1	-1	0.12311	90.9568
0.0123768	11.15	40.9948	2	-1	0.12314	90.9051
0.0123775	11.15	40.9503	3	-1	0.12314	90.9051
0.0124108	11.15	40.9964	4	-1	0.12316	90.9198
0.0124108	11.15	40.9961	1	-1	0.12317	90.9272
0.0124439	11.15	40.9783	2	-1	0.1232	90.8622
0.0124447	11.15	40.9338	3	-1	0.1232	90.8622
0.0124779	11.15	40.9797	4	-1	0.12321	90.8695
0.0124779	11.15	40.9794	1	-1	0.12322	90.8769
0.0125111	11.15	40.9614	2	-1	0.12326	90.826
0.0125118	11.15	40.9173	3	-1	0.12325	90.8187
0.0125451	11.15	40.9635	4	-1	0.12327	90.8334
0.0125451	11.15	40.9632	1	-1	0.12328	90.8408
0.0125783	11.15	40.945	2	-1	0.12332	90.7833
0.0125791	11.15	40.9014	3	-1	0.12331	90.7759
0.0126124	11.15	40.947	4	-1	0.12333	90.7906
0.0126124	11.15	40.9467	1	-1	0.12334	90.798
0.0126456	11.15	40.929	2	-1	0.12337	90.7399
0.0126464	11.15	40.8857	3	-1	0.12336	90.7326
0.0126797	11.15	40.9306	4	-1	0.12338	90.7473
0.0126797	11.15	40.9303	1	-1	0.12339	90.7546
0.012713	11.15	40.9125	2	-1	0.12343	90.704
0.0127137	11.15	40.8696	3	-1	0.12342	90.6966
0.0127471	11.15	40.9143	4	-1	0.12344	90.7113
0.0127471	11.15	40.914	1	-1	0.12345	90.7187
0.0127804	11.15	40.8958	2	-1	0.12348	90.6541
0.0127811	11.15	40.8531	3	-1	0.12347	90.6468
0.0128146	11.15	40.898	4	-1	0.1235	90.6688
0.0128146	11.15	40.8977	1	-1	0.12351	90.6762
0.0128479	11.15	40.8796	2	-1	0.12354	90.6117
0.0128486	11.15	40.8372	3	-1	0.12353	90.6044
0.0128821	11.15	40.8814	4	-1	0.12355	90.619
0.0128821	11.15	40.8811	1	-1	0.12356	90.6264
0.0129155	11.15	40.8635	2	-1	0.12359	90.5753
0.0129162	11.15	40.8212	3	-1	0.12359	90.5753
0.0129497	11.15	40.8652	4	-1	0.12361	90.59
0.0129497	11.15	40.8649	1	-1	0.12362	90.5973
0.0129831	11.15	40.8471	2	-1	0.12365	90.533
0.0129838	11.15	40.8052	3	-1	0.12364	90.5257
0.0130173	11.15	40.8489	4	-1	0.12366	90.5403
0.0130173	11.15	40.8486	1	-1	0.12367	90.5477
0.0130507	11.15	40.8307	2	-1	0.12371	90.4974
0.0130514	11.15	40.7889	3	-1	0.1237	90.4901
0.013085	11.15	40.8328	4	-1	0.12372	90.5048
0.013085	11.15	40.8325	1	-1	0.12373	90.5121
0.0131185	11.15	40.8143	2	-1	0.12376	90.448
0.0131192	11.15	40.7729	3	-1	0.12375	90.4407
0.0131527	11.15	40.8164	4	-1	0.12378	90.4626
0.0131527	11.15	40.8161	1	-1	0.12379	90.4699
0.0131862	11.15	40.7986	2	-1	0.12382	90.4126
0.0131869	11.15	40.7576	3	-1	0.12381	90.4053
0.0132206	11.15	40.8003	4	-1	0.12383	90.4199
0.0132206	11.15	40.8	1	-1	0.12384	90.4272
0.0132541	11.15	40.7822	2	-1	0.12387	90.3699
0.0132548	11.15	40.7413	3	-1	0.12387	90.3699
0.0132884	11.15	40.7839	4	-1	0.12389	90.3845
0.0132884	11.15	40.7836	1	-1	0.1239	90.3918
0.013322	11.15	40.7657	2	-1	0.12393	90.328
0.0133227	11.15	40.7252	3	-1	0.12392	90.3207
0.0133564	11.15	40.7679	4	-1	0.12394	90.3353
0.0133564	11.15	40.7676	1	-1	0.12395	90.3426
0.01339	11.15	40.7497	2	-1	0.12399	90.2927
0.0133907	11.15	40.7095	3	-1	0.12398	90.2855
0.0134244	11.15	40.7517	4	-1	0.124	90.3
0.0134244	11.15	40.7514	1	-1	0.12401	90.3073
0.013458	11.15	40.7333	2	-1	0.12404	90.2437
0.0134587	11.15	40.6935	3	-1	0.12403	90.2364
0.0134924	11.15	40.7351	4	-1	0.12405	90.251
0.0134924	11.15	40.7348	1	-1	0.12406	90.2583
0.0135261	11.15	40.7175	2	-1	0.1241	90.2152
0.0135268	11.15	40.678	3	-1	0.12409	90.2079
0.0135606	11.15	40.7191	4	-1	0.12411	90.2224
0.0135606	11.15	40.7188	1	-1	0.12412	90.2297
0.0135943	11.15	40.7011	2	-1	0.12415	90.1663
0.0135949	11.15	40.6621	3	-1	0.12414	90.1591
0.0136288	11.15	40.7028	4	-1	0.12417	90.1808
0.0136288	11.15	40.7025	1	-1	0.12418	90.1881
0.0136625	11.15	40.6849	2	-1	0.12421	90.1248
0.0136632	11.15	40.6462	3	-1	0.1242	90.1175
0.013697	11.15	40.687	4	-1	0.12422	90.1321
0.013697	11.15	40.6867	1	-1	0.12423	90.1393
0.0137308	11.15	40.669	2	-1	0.12427	90.0899
0.0137314	11.15	40.6307	3	-1	0.12426	90.0826
0.0137653	11.15	40.6709	4	-1	0.12428	90.0971
0.0137653	11.15	40.6706	1	-1	0.12429	90.1044
0.0137991	11.15	40.6528	2	-1	0.12432	90.0413
0.0137998	11.15	40.6149	3	-1	0.12431	90.034
0.0138337	11.15	40.6545	4	-1	0.12433	90.0485
0.0138337	11.15	40.6542	1	-1	0.12434	90.0558
0.0138675	11.15	40.6365	2	-1	0.12438	90.0065
0.0138682	11.15	40.5989	3	-1	0.12437	89.9993
0.0139021	11.15	40.6381	4	-1	0.12439	90.0137
0.0139021	11.15	40.6378	1	-1	0.1244	90.021
0.013936	11.15	40.6206	2	-1	0.12443	89.9646
0.0139366	11.15	40.5832	3	-1	0.12443	89.9646
0.0139706	11.15	40.6223	4	-1	0.12445	89.979
0.0139706	11.15	40.622	1	-1	0.12446	89.9863
0.0140045	11.15	40.6046	2	-1	0.12449	89.9234
0.0140051	11.15	40.5675	3	-1	0.12448	89.9162
0.0140392	11.15	40.6061	4	-1	0.1245	89.9307
0.0140392	11.15	40.6058	1	-1	0.12451	89.9379
0.0140731	11.15	40.5884	2	-1	0.12455	89.8889
0.0140737	11.15	40.5516	3	-1	0.12454	89.8816
0.0141078	11.15	40.5899	4	-1	0.12456	89.8961
0.0141078	11.15	40.5896	1	-1	0.12457	89.9033
0.0141418	11.15	40.572	2	-1	0.1246	89.8407
0.0141424	11.15	40.5356	3	-1	0.12459	89.8334
0.0141765	11.15	40.5742	4	-1	0.12462	89.8551
0.0141765	11.15	40.5739	1	-1	0.12463	89.8623
0.0142105	11.15	40.5563	2	-1	0.12466	89.7997
0.0142111	11.15	40.5203	3	-1	0.12465	89.7925
0.0142452	11.15	40.5581	4	-1	0.12467	89.8069
0.0142452	11.15	40.5578	1	-1	0.12468	89.8141
0.0142792	11.15	40.5402	2	-1	0.12471	89.7582
0.0142799	11.15	40.5046	3	-1	0.1247	89.751
0.014314	11.15	40.5419	4	-1	0.12473	89.7726
0.014314	11.15	40.5416	1	-1	0.12474	89.7798
0.0143481	11.15	40.5242	2	-1	0.12477	89.7174
0.0143487	11.15	40.4889	3	-1	0.12476	89.7102
0.0143829	11.15	40.5256	4	-1	0.12478	89.7246
0.0143829	11.15	40.5253	1	-1	0.12479	89.7318
0.014417	11.15	40.5085	2	-1	0.12482	89.6824
0.0144176	11.15	40.4733	3	-1	0.12482	89.6824
0.0144518	11.15	40.5099	4	-1	0.12484	89.6968
0.0144518	11.15	40.5096	1	-1	0.12485	89.704
0.0144859	11.15	40.4926	2	-1	0.12488	89.6418
0.0144865	11.15	40.4578	3	-1	0.12487	89.6346
0.0145208	11.15	40.4939	4	-1	0.12489	89.649
0.0145208	11.15	40.4936	1	-1	0.1249	89.6562
0.0145549	11.15	40.4766	2	-1	0.12494	89.6077
0.0145556	11.15	40.4421	3	-1	0.12493	89.6005
0.0145898	11.15	40.4779	4	-1	0.12495	89.6149
0.0145898	11.15	40.4776	1	-1	0.12496	89.622
0.014624	11.15	40.4604	2	-1	0.12499	89.56
0.0146246	11.15	40.4263	3	-1	0.12498	89.5529
0.0146589	11.15	40.4618	4	-1	0.12501	89.5744
0.0146589	11.15	40.4615	1	-1	0.12502	89.5815
0.0146932	11.15	40.4444	2	-1	0.12505	89.5197
0.0146938	11.15	40.4106	3	-1	0.12504	89.5125
0.0147281	11.15	40.4456	4	-1	0.12506	89.5268
0.0147281	11.15	40.4453	1	-1	0.12507	89.534
0.0147624	11.15	40.4283	2	-1	0.12511	89.4857
0.014763	11.15	40.3949	3	-1	0.1251	89.4786
0.0147973	11.15	40.4298	4	-1	0.12512	89.4929
0.0147973	11.15	40.4295	1	-1	0.12513	89.5
0.0148316	11.15	40.4122	2	-1	0.12516	89.4383
0.0148322	11.15	40.3789	3	-1	0.12515	89.4312
0.0148666	11.15	40.4142	4	-1	0.12518	89.4526
0.0148666	11.15	40.4139	1	-1	0.12519	89.4598
0.014901	11.15	40.3967	2	-1	0.12522	89.3982
0.0149016	11.15	40.3637	3	-1	0.12521	89.391
0.014936	11.15	40.3983	4	-1	0.12523	89.4053
0.014936	11.15	40.398	1	-1	0.12524	89.4124
0.0149704	11.15	40.3809	2	-1	0.12527	89.3573
0.0149709	11.15	40.3482	3	-1	0.12526	89.3502
0.0150054	11.15	40.3822	4	-1	0.12528	89.3644
0.0150054	11.15	40.3819	1	-1	0.12529	89.3716
0.0150398	11.15	40.3649	2	-1	0.12533	89.3236
0.0150404	11.15	40.3326	3	-1	0.12532	89.3165
0.0150749	11.15	40.3662	4	-1	0.12534	89.3308
0.0150749	11.15	40.366	1	-1	0.12535	89.3379
0.0151093	11.15	40.3489	2	-1	0.12538	89.2766
0.0151099	11.15	40.3167	3	-1	0.12538	89.2766
0.0151444	11.15	40.3503	4	-1	0.1254	89.2908
0.0151445	11.15	40.3501	1	-1	0.12541	89.2979
0.0151789	11.15	40.333	2	-1	0.12544	89.2367
0.0151795	11.15	40.3012	3	-1	0.12543	89.2296
0.0152141	11.15	40.3342	4	-1	0.12545	89.2438
0.0152141	11.15	40.334	1	-1	0.12546	89.2509
0.0152486	11.15	40.3172	2	-1	0.1255	89.2032
0.0152491	11.15	40.2856	3	-1	0.12549	89.1961
0.0152837	11.15	40.3184	4	-1	0.12551	89.2103
0.0152837	11.15	40.3181	1	-1	0.12552	89.2174
0.0153183	11.15	40.3012	2	-1	0.12555	89.1564
0.0153188	11.15	40.2698	3	-1	0.12555	89.1564
0.0153535	11.15	40.3024	4	-1	0.12556	89.1635
0.0153535	11.15	40.3021	1	-1	0.12557	89.1706
0.015388	11.15	40.2852	2	-1	0.12561	89.123
0.0153886	11.15	40.2541	3	-1	0.1256	89.1159
0.0154233	11.15	40.2865	4	-1	0.12562	89.1301
0.0154233	11.15	40.2862	1	-1	0.12563	89.1372
0.0154578	11.15	40.2694	2	-1	0.12567	89.0834
0.0154584	11.15	40.2387	3	-1	0.12566	89.0763
0.0154931	11.15	40.2707	4	-1	0.12568	89.0905
0.0154931	11.15	40.2704	1	-1	0.12569	89.0976
0.0155277	11.15	40.2536	2	-1	0.12572	89.0368
0.0155283	11.15	40.2229	3	-1	0.12572	89.0368
0.015563	11.15	40.2548	4	-1	0.12573	89.0439
0.015563	11.15	40.2545	1	-1	0.12574	89.051
0.0155977	11.15	40.2378	2	-1	0.12578	89.0037
0.0155982	11.15	40.2074	3	-1	0.12577	88.9966
0.015633	11.15	40.239	4	-1	0.12579	89.0108
0.015633	11.15	40.2387	1	-1	0.1258	89.0178
0.0156677	11.15	40.2219	2	-1	0.12583	88.9572
0.0156683	11.15	40.1916	3	-1	0.12583	88.9572
0.0157031	11.15	40.2232	4	-1	0.12585	88.9714
0.0157031	11.15	40.223	1	-1	0.12586	88.9784
0.0157378	11.15	40.2063	2	-1	0.12589	88.9179
0.0157383	11.15	40.1763	3	-1	0.12588	88.9109
0.0157732	11.15	40.2073	4	-1	0.1259	88.925
0.0157732	11.15	40.2071	1	-1	0.12591	88.9321
0.0158079	11.15	40.1904	2	-1	0.12594	88.8779
0.0158085	11.15	40.1606	3	-1	0.12594	88.8779
0.0158433	11.15	40.1916	4	-1	0.12596	88.892
0.0158433	11.15	40.1913	1	-1	0.12597	88.8991
0.0158781	11.15	40.1748	2	-1	0.126	88.8388
0.0158787	11.15	40.145	3	-1	0.126	88.8388
0.0159136	11.15	40.1758	4	-1	0.12601	88.8458
0.0159136	11.15	40.1756	1	-1	0.12602	88.8529
0.0159484	11.15	40.1591	2	-1	0.12606	88.8059
0.0159489	11.15	40.1294	3	-1	0.12606	88.8059
0.0159839	11.15	40.1603	4	-1	0.12607	88.813
0.0159839	11.15	40.16	1	-1	0.12608	88.82
0.0160187	11.15	40.1433	2	-1	0.12611	88.7599
0.0160193	11.15	40.1136	3	-1	0.12611	88.7599
0.0160542	11.15	40.1445	4	-1	0.12612	88.7669
0.0160542	11.15	40.1443	1	-1	0.12613	88.7739
0.0160891	11.15	40.1276	2	-1	0.12617	88.7271
0.0160896	11.15	40.098	3	-1	0.12617	88.7271
0.0161246	11.15	40.129	4	-1	0.12618	88.7342
0.0161246	11.15	40.1287	1	-1	0.12619	88.7412
0.0161595	11.15	40.1118	2	-1	0.12622	88.6812
0.0161601	11.15	40.0823	3	-1	0.12622	88.6812
0.0161951	11.15	40.1134	4	-1	0.12624	88.6953
0.0161951	11.15	40.1131	1	-1	0.12625	88.7023
0.0162301	11.15	40.0963	2	-1	0.12628	88.6424
0.0162306	11.15	40.0669	3	-1	0.12628	88.6424
0.0162657	11.15	40.0977	4	-1	0.12629	88.6494
0.0162657	11.15	40.0974	1	-1	0.1263	88.6565
0.0163006	11.15	40.0808	2	-1	0.12634	88.6099
0.0163012	11.15	40.0517	3	-1	0.12633	88.6029
0.0163363	11.15	40.0822	4	-1	0.12635	88.6169
0.0163363	11.15	40.0819	1	-1	0.12636	88.6239
0.0163713	11.15	40.0652	2	-1	0.12639	88.5642
0.0163718	11.15	40.0362	3	-1	0.12639	88.5642
0.0164069	11.15	40.0666	4	-1	0.1264	88.5712
0.0164069	11.15	40.0663	1	-1	0.12641	88.5782
0.016442	11.15	40.0497	2	-1	0.12645	88.5318
0.0164425	11.15	40.021	3	-1	0.12644	88.5248
0.0164777	11.15	40.0505	4	-1	0.12646	88.5388
0.0164777	11.15	40.0502	1	-1	0.12647	88.5458
0.0165127	11.15	40.0338	2	-1	0.12651	88.4933
0.0165133	11.15	40.0054	3	-1	0.1265	88.4863
0.0165485	11.15	40.0348	4	-1	0.12652	88.5003
0.0165485	11.15	40.0346	1	-1	0.12653	88.5073
0.0165836	11.15	40.018	2	-1	0.12656	88.4478
0.0165841	11.15	39.9896	3	-1	0.12656	88.4478
0.0166193	11.15	40.0193	4	-1	0.12658	88.4618
0.0166193	11.15	40.0191	1	-1	0.12659	88.4688
0.0166545	11.15	40.0025	2	-1	0.12662	88.4094
0.016655	11.15	39.9745	3	-1	0.12661	88.4025
0.0166902	11.15	40.0037	4	-1	0.12663	88.4164
0.0166902	11.15	40.0034	1	-1	0.12664	88.4234
0.0167254	11.15	39.9871	2	-1	0.12668	88.3773
0.0167259	11.15	39.9594	3	-1	0.12667	88.3703
0.0167612	11.15	39.9884	4	-1	0.12669	88.3843
0.0167612	11.15	39.9881	1	-1	0.1267	88.3912
0.0167964	11.15	39.9716	2	-1	0.12673	88.3321
0.016797	11.15	39.9443	3	-1	0.12672	88.3251
0.0168323	11.15	39.9729	4	-1	0.12674	88.339
0.0168323	11.15	39.9726	1	-1	0.12675	88.346
0.0168675	11.15	39.9556	2	-1	0.12679	88.2939
0.016868	11.15	39.9286	3	-1	0.12678	88.2869
0.0169034	11.15	39.957	4	-1	0.1268	88.3008
0.0169034	11.15	39.9568	1	-1	0.12681	88.3078
0.0169387	11.15	39.9401	2	-1	0.12685	88.2558
0.0169392	11.15	39.9137	3	-1	0.12683	88.2418
0.0169746	11.15	39.9415	4	-1	0.12686	88.2627
0.0169746	11.15	39.9412	1	-1	0.12687	88.2697
0.0170099	11.15	39.9248	2	-1	0.1269	88.2108
0.0170104	11.15	39.8987	3	-1	0.12689	88.2038
0.0170458	11.15	39.9259	4	-1	0.12691	88.2177
0.0170458	11.15	39.9256	1	-1	0.12692	88.2247
0.0170811	11.15	39.9096	2	-1	0.12696	88.1789
0.0170816	11.15	39.8838	3	-1	0.12695	88.172
0.0171171	11.15	39.9103	4	-1	0.12697	88.1859
0.0171171	11.15	39.91	1	-1	0.12698	88.1928
0.0171525	11.15	39.8939	2	-1	0.12701	88.1341
0.017153	11.15	39.8679	3	-1	0.12701	88.1341
0.0171884	11.15	39.8946	4	-1	0.12702	88.141
0.0171885	11.15	39.8943	1	-1	0.12703	88.1479
0.0172239	11.15	39.8781	2	-1	0.12707	88.1023
0.0172244	11.15	39.8525	3	-1	0.12706	88.0954
0.0172599	11.15	39.8792	4	-1	0.12708	88.1093
0.0172599	11.15	39.8789	1	-1	0.12709	88.1162
0.0172953	11.15	39.8627	2	-1	0.12713	88.0646
0.0172958	11.15	39.8377	3	-1	0.12711	88.0507
0.0173314	11.15	39.8639	4	-1	0.12714	88.0715
0.0173314	11.15	39.8636	1	-1	0.12715	88.0784
0.0173669	11.15	39.8475	2	-1	0.12718	88.0199
0.0173673	11.15	39.8228	3	-1	0.12717	88.013
0.0174029	11.15	39.8487	4	-1	0.1272	88.0338
0.0174029	11.15	39.8485	1	-1	0.12721	88.0407
0.0174384	11.15	39.832	2	-1	0.12724	87.9762
0.0174389	11.15	39.8076	3	-1	0.12723	87.9693
0.0174745	11.15	39.833	4	-1	0.12725	87.9831
0.0174745	11.15	39.8327	1	-1	0.12726	87.99
0.0175101	11.15	39.8166	2	-1	0.12729	87.9378
0.0175106	11.15	39.7924	3	-1	0.12728	87.9309
0.0175462	11.15	39.8175	4	-1	0.12731	87.9516
0.0175462	11.15	39.8173	1	-1	0.12732	87.9585
0.0175818	11.15	39.8015	2	-1	0.12735	87.9003
0.0175823	11.15	39.7777	3	-1	0.12734	87.8934
0.0176179	11.15	39.8016	4	-1	0.12736	87.9072
0.017618	11.15	39.8013	1	-1	0.12737	87.9141
0.0176536	11.15	39.786	2	-1	0.12741	87.869
0.017654	11.15	39.7624	3	-1	0.1274	87.8621
0.0176898	11.15	39.7863	4	-1	0.12742	87.8759
0.0176898	11.15	39.7861	1	-1	0.12743	87.8828
0.0177254	11.15	39.7705	2	-1	0.12746	87.8247
0.0177259	11.15	39.7472	3	-1	0.12745	87.8178
0.0177616	11.15	39.7712	4	-1	0.12748	87.8385
0.0177616	11.15	39.7709	1	-1	0.12749	87.8454
0.0177973	11.15	39.7549	2	-1	0.12752	87.7814
0.0177978	11.15	39.7319	3	-1	0.12751	87.7745
0.0178336	11.15	39.7554	4	-1	0.12753	87.7883
0.0178336	11.15	39.7552	1	-1	0.12754	87.7951
0.0178693	11.15	39.7397	2	-1	0.12758	87.7502
0.0178697	11.15	39.7171	3	-1	0.12757	87.7433
0.0179056	11.15	39.7402	4	-1	0.12759	87.7571
0.0179056	11.15	39.74	1	-1	0.1276	87.7639
0.0179413	11.15	39.7245	2	-1	0.12763	87.7062
0.0179418	11.15	39.7022	3	-1	0.12762	87.6993
0.0179776	11.15	39.7244	4	-1	0.12764	87.713
0.0179776	11.15	39.7241	1	-1	0.12765	87.7199
0.0180134	11.15	39.709	2	-1	0.12769	87.6751
0.0180139	11.15	39.687	3	-1	0.12768	87.6682
0.0180497	11.15	39.7091	4	-1	0.1277	87.682
0.0180497	11.15	39.7089	1	-1	0.12771	87.6888
0.0180856	11.15	39.6938	2	-1	0.12775	87.6381
0.018086	11.15	39.6723	3	-1	0.12773	87.6243
0.0181219	11.15	39.6942	4	-1	0.12776	87.6449
0.0181219	11.15	39.6939	1	-1	0.12777	87.6518
0.0181578	11.15	39.6782	2	-1	0.1278	87.5882
0.0181582	11.15	39.6571	3	-1	0.12779	87.5814
0.0181942	11.15	39.6787	4	-1	0.12782	87.6019
0.0181942	11.15	39.6785	1	-1	0.12783	87.6088
0.0182301	11.15	39.6633	2	-1	0.12786	87.5514
0.0182305	11.15	39.6425	3	-1	0.12785	87.5445
0.0182665	11.15	39.6634	4	-1	0.12787	87.5582
0.0182665	11.15	39.6632	1	-1	0.12788	87.5651
0.0183024	11.15	39.6483	2	-1	0.12791	87.5137
0.0183028	11.15	39.6278	3	-1	0.1279	87.5068
0.0183389	11.15	39.6476	4	-1	0.12792	87.5205
0.0183389	11.15	39.6474	1	-1	0.12793	87.5274
0.0183748	11.15	39.6329	2	-1	0.12797	87.4829
0.0183752	11.15	39.6126	3	-1	0.12796	87.4761
0.0184113	11.15	39.6326	4	-1	0.12798	87.4897
0.0184113	11.15	39.6323	1	-1	0.12799	87.4966
0.0184473	11.15	39.6172	2	-1	0.12803	87.4402
0.0184477	11.15	39.5972	3	-1	0.12802	87.4334
0.0184838	11.15	39.6173	4	-1	0.12804	87.4471
0.0184838	11.15	39.6171	1	-1	0.12805	87.4539
0.0185199	11.15	39.602	2	-1	0.12808	87.3968
0.0185203	11.15	39.5823	3	-1	0.12807	87.39
0.0185564	11.15	39.6019	4	-1	0.12809	87.4036
0.0185564	11.15	39.6017	1	-1	0.1281	87.4104
0.0185925	11.15	39.5871	2	-1	0.12814	87.3662
0.0185928	11.15	39.5678	3	-1	0.12813	87.3594
0.018629	11.15	39.5865	4	-1	0.12815	87.373
0.018629	11.15	39.5862	1	-1	0.12816	87.3798
0.0186651	11.15	39.5718	2	-1	0.12819	87.3229
0.0186655	11.15	39.5524	3	-1	0.12819	87.3229
0.0187017	11.15	39.5715	4	-1	0.12821	87.3365
0.0187017	11.15	39.5713	1	-1	0.12822	87.3433
0.0187379	11.15	39.5562	2	-1	0.12825	87.2805
0.0187382	11.15	39.5372	3	-1	0.12824	87.2737
0.0187745	11.15	39.556	4	-1	0.12826	87.2873
0.0187745	11.15	39.5558	1	-1	0.12827	87.2941
0.0188106	11.15	39.5412	2	-1	0.12831	87.2501
0.018811	11.15	39.5225	3	-1	0.1283	87.2433
0.0188473	11.15	39.5407	4	-1	0.12832	87.2569
0.0188473	11.15	39.5404	1	-1	0.12833	87.2637
0.0188835	11.15	39.526	2	-1	0.12836	87.207
0.0188839	11.15	39.507	3	-1	0.12836	87.207
0.0189202	11.15	39.5256	4	-1	0.12838	87.2206
0.0189202	11.15	39.5254	1	-1	0.12839	87.2274
0.0189564	11.15	39.5109	2	-1	0.12842	87.1708
0.0189568	11.15	39.4923	3	-1	0.12841	87.164
0.0189931	11.15	39.5106	4	-1	0.12843	87.1776
0.0189931	11.15	39.5104	1	-1	0.12844	87.1844
0.0190294	11.15	39.4956	2	-1	0.12848	87.1346
0.0190298	11.15	39.4775	3	-1	0.12846	87.1211
0.0190661	11.15	39.4954	4	-1	0.12849	87.1414
0.0190661	11.15	39.4952	1	-1	0.1285	87.1482
0.0191025	11.15	39.4807	2	-1	0.12853	87.0917
0.0191028	11.15	39.4629	3	-1	0.12852	87.085
0.0191392	11.15	39.4797	4	-1	0.12854	87.0985
0.0191392	11.15	39.4795	1	-1	0.12855	87.1053
0.0191756	11.15	39.4655	2	-1	0.12859	87.0616
0.0191759	11.15	39.448	3	-1	0.12858	87.0548
0.0192124	11.15	39.4648	4	-1	0.1286	87.0684
0.0192124	11.15	39.4646	1	-1	0.12861	87.0752
0.0192488	11.15	39.4501	2	-1	0.12865	87.0198
0.0192491	11.15	39.4331	3	-1	0.12863	87.0062
0.0192856	11.15	39.4497	4	-1	0.12866	87.0265
0.0192856	11.15	39.4495	1	-1	0.12867	87.0333
0.019322	11.15	39.4353	2	-1	0.1287	86.9771
0.0193223	11.15	39.4186	3	-1	0.12869	86.9703
0.0193588	11.15	39.4341	4	-1	0.12871	86.9838
0.0193588	11.15	39.4338	1	-1	0.12872	86.9906
0.0193953	11.15	39.4202	2	-1	0.12876	86.9471
0.0193957	11.15	39.4038	3	-1	0.12875	86.9404
0.0194322	11.15	39.4193	4	-1	0.12877	86.9539
0.0194322	11.15	39.419	1	-1	0.12878	86.9606
0.0194687	11.15	39.4049	2	-1	0.12882	86.9055
0.019469	11.15	39.389	3	-1	0.1288	86.892
0.0195056	11.15	39.4042	4	-1	0.12883	86.9122
0.0195056	11.15	39.404	1	-1	0.12884	86.919
0.0195421	11.15	39.3902	2	-1	0.12887	86.863
0.0195424	11.15	39.3745	3	-1	0.12886	86.8563
0.019579	11.15	39.3887	4	-1	0.12888	86.8698
0.019579	11.15	39.3884	1	-1	0.12889	86.8765
0.0196156	11.15	39.3752	2	-1	0.12893	86.8332
0.0196159	11.15	39.3598	3	-1	0.12892	86.8265
0.0196526	11.15	39.3739	4	-1	0.12894	86.84
0.0196526	11.15	39.3737	1	-1	0.12895	86.8467
0.0196892	11.15	39.3599	2	-1	0.12899	86.7918
0.0196895	11.15	39.3451	3	-1	0.12897	86.7784
0.0197262	11.15	39.359	4	-1	0.129	86.7985
0.0197262	11.15	39.3588	1	-1	0.12901	86.8053
0.0197628	11.15	39.3453	2	-1	0.12904	86.7496
0.0197631	11.15	39.3307	3	-1	0.12903	86.7429
0.0197998	11.15	39.3435	4	-1	0.12905	86.7563
0.0197998	11.15	39.3433	1	-1	0.12906	86.763
0.0198365	11.15	39.3304	2	-1	0.1291	86.72
0.0198368	11.15	39.3161	3	-1	0.12909	86.7132
0.0198735	11.15	39.3289	4	-1	0.12911	86.7267
0.0198735	11.15	39.3286	1	-1	0.12912	86.7334
0.0199103	11.15	39.315	2	-1	0.12915	86.672
0.0199106	11.15	39.301	3	-1	0.12914	86.6653
0.0199473	11.15	39.3133	4	-1	0.12917	86.6855
0.0199473	11.15	39.3131	1	-1	0.12918	86.6922
0.0199841	11.15	39.3	2	-1	0.12921	86.6367
0.0199844	11.15	39.2862	3	-1	0.1292	86.63
0.0200212	11.15	39.2982	4	-1	0.12922	86.6434
0.0200212	11.15	39.298	1	-1	0.12923	86.6501
0.020058	11.15	39.2848	2	-1	0.12927	86.6015
0.0200583	11.15	39.2712	3	-1	0.12926	86.5948
0.0200951	11.15	39.2833	4	-1	0.12928	86.6082
0.0200951	11.15	39.283	1	-1	0.12929	86.6149
0.0201319	11.15	39.27	2	-1	0.12932	86.5596
0.0201322	11.15	39.2567	3	-1	0.12931	86.5529
0.0201691	11.15	39.268	4	-1	0.12934	86.573
0.0201691	11.15	39.2678	1	-1	0.12935	86.5797
0.0202059	11.15	39.2553	2	-1	0.12938	86.5244
0.0202062	11.15	39.2423	3	-1	0.12937	86.5178
0.0202431	11.15	39.2533	4	-1	0.12939	86.5311
0.0202431	11.15	39.253	1	-1	0.1294	86.5378
0.02028	11.15	39.2402	2	-1	0.12944	86.4894
0.0202803	11.15	39.2277	3	-1	0.12942	86.476
0.0203172	11.15	39.2378	4	-1	0.12945	86.4961
0.0203172	11.15	39.2376	1	-1	0.12946	86.5027
0.0203542	11.15	39.2251	2	-1	0.12949	86.4477
0.0203544	11.15	39.2129	3	-1	0.12948	86.441
0.0203914	11.15	39.2231	4	-1	0.12951	86.461
0.0203914	11.15	39.2229	1	-1	0.12952	86.4677
0.0204284	11.15	39.2101	2	-1	0.12955	86.407
0.0204286	11.15	39.1982	3	-1	0.12954	86.4003
0.0204656	11.15	39.208	4	-1	0.12956	86.4137
0.0204657	11.15	39.2078	1	-1	0.12957	86.4203
0.0205026	11.15	39.1955	2	-1	0.1296	86.3712
0.0205029	11.15	39.1838	3	-1	0.12959	86.3645
0.02054	11.15	39.1928	4	-1	0.12962	86.3845
0.02054	11.15	39.1926	1	-1	0.12963	86.3912
0.020577	11.15	39.1803	2	-1	0.12966	86.3306
0.0205772	11.15	39.1688	3	-1	0.12965	86.324
0.0206143	11.15	39.1776	4	-1	0.12967	86.3373
0.0206143	11.15	39.1774	1	-1	0.12968	86.344
0.0206514	11.15	39.1656	2	-1	0.12972	86.3016
0.0206516	11.15	39.1544	3	-1	0.12971	86.295
0.0206888	11.15	39.1626	4	-1	0.12973	86.3083
0.0206888	11.15	39.1624	1	-1	0.12974	86.3149
0.0207259	11.15	39.1506	2	-1	0.12977	86.2603
0.0207261	11.15	39.1395	3	-1	0.12977	86.2603
0.0207633	11.15	39.1483	4	-1	0.12979	86.2736
0.0207633	11.15	39.148	1	-1	0.1298	86.2802
0.0208004	11.15	39.1357	2	-1	0.12983	86.2199
0.0208006	11.15	39.1248	3	-1	0.12982	86.2133
0.0208378	11.15	39.133	4	-1	0.12985	86.2332
0.0208378	11.15	39.1328	1	-1	0.12986	86.2399
0.020875	11.15	39.1211	2	-1	0.12989	86.1854
0.0208752	11.15	39.1104	3	-1	0.12988	86.1788
0.0209124	11.15	39.1183	4	-1	0.1299	86.192
0.0209124	11.15	39.118	1	-1	0.12991	86.1987
0.0209497	11.15	39.106	2	-1	0.12994	86.1443
0.0209499	11.15	39.0956	3	-1	0.12993	86.1376
0.0209871	11.15	39.1029	4	-1	0.12996	86.1575
0.0209871	11.15	39.1027	1	-1	0.12997	86.1641
0.0210244	11.15	39.0912	2	-1	0.13	86.1098
0.0210246	11.15	39.081	3	-1	0.12999	86.1032
0.0210619	11.15	39.0881	4	-1	0.13001	86.1164
0.0210619	11.15	39.0879	1	-1	0.13002	86.1231
0.0210992	11.15	39.0762	2	-1	0.13006	86.0754
0.0210994	11.15	39.0663	3	-1	0.13005	86.0688
0.0211367	11.15	39.0735	4	-1	0.13007	86.0821
0.0211367	11.15	39.0733	1	-1	0.13008	86.0887
0.021174	11.15	39.0618	2	-1	0.13011	86.0345
0.0211742	11.15	39.0521	3	-1	0.1301	86.0279
0.0212116	11.15	39.0586	4	-1	0.13013	86.0477
0.0212116	11.15	39.0584	1	-1	0.13014	86.0544
0.021249	11.15	39.0469	2	-1	0.13017	85.9946
0.0212492	11.15	39.0375	3	-1	0.13016	85.988
0.0212866	11.15	39.0436	4	-1	0.13018	86.0012
0.0212866	11.15	39.0434	1	-1	0.13019	86.0078
0.0213239	11.15	39.0323	2	-1	0.13022	85.9595
0.0213241	11.15	39.023	3	-1	0.13022	85.9595
0.0213616	11.15	39.0287	4	-1	0.13024	85.9727
0.0213616	11.15	39.0285	1	-1	0.13025	85.9793
0.021399	11.15	39.0172	2	-1	0.13028	85.9197
0.0213992	11.15	39.0078	3	-1	0.13028	85.9197
0.0214367	11.15	39.0139	4	-1	0.13029	85.9263
0.0214367	11.15	39.0137	1	-1	0.1303	85.9329
0.0214741	11.15	39.0026	2	-1	0.13034	85.8913
0.0214743	11.15	38.9935	3	-1	0.13033	85.8847
0.0215118	11.15	38.9991	4	-1	0.13035	85.8979
0.0215118	11.15	38.9989	1	-1	0.13036	85.9044
0.0215493	11.15	38.9873	2	-1	0.13039	85.845
0.0215495	11.15	38.9782	3	-1	0.13039	85.845
0.021587	11.15	38.984	4	-1	0.13041	85.8582
0.021587	11.15	38.9838	1	-1	0.13042	85.8648
0.0216245	11.15	38.9726	2	-1	0.13045	85.8111
0.0216247	11.15	38.9635	3	-1	0.13044	85.8045
0.0216623	11.15	38.9694	4	-1	0.13047	85.8242
0.0216623	11.15	38.9692	1	-1	0.13048	85.8308
0.0216998	11.15	38.9579	2	-1	0.13051	85.7716
0.0217	11.15	38.9491	3	-1	0.1305	85.765
0.0217376	11.15	38.954	4	-1	0.13052	85.7781
0.0217376	11.15	38.9538	1	-1	0.13053	85.7847
0.0217752	11.15	38.943	2	-1	0.13056	85.7368
0.0217754	11.15	38.9342	3	-1	0.13056	85.7368
0.0218131	11.15	38.9397	4	-1	0.13058	85.7499
0.0218131	11.15	38.9394	1	-1	0.13059	85.7565
0.0218507	11.15	38.9282	2	-1	0.13062	85.6974
0.0218509	11.15	38.9196	3	-1	0.13061	85.6909
0.0218885	11.15	38.9246	4	-1	0.13064	85.7105
0.0218885	11.15	38.9244	1	-1	0.13065	85.7171
0.0219262	11.15	38.9138	2	-1	0.13068	85.6637
0.0219264	11.15	38.9055	3	-1	0.13067	85.6572
0.0219641	11.15	38.9102	4	-1	0.13069	85.6703
0.0219641	11.15	38.9099	1	-1	0.1307	85.6768
0.0220018	11.15	38.8989	2	-1	0.13073	85.6235
0.0220019	11.15	38.8907	3	-1	0.13073	85.6235
0.0220397	11.15	38.8952	4	-1	0.13075	85.6366
0.0220397	11.15	38.895	1	-1	0.13076	85.6432
0.0220774	11.15	38.8838	2	-1	0.13079	85.5843
0.0220776	11.15	38.8758	3	-1	0.13078	85.5778
0.0221153	11.15	38.8804	4	-1	0.13081	85.5974
0.0221154	11.15	38.8802	1	-1	0.13082	85.604
0.0221531	11.15	38.8698	2	-1	0.13085	85.5508
0.0221533	11.15	38.862	3	-1	0.13084	85.5443
0.0221911	11.15	38.8655	4	-1	0.13086	85.5574
0.0221911	11.15	38.8653	1	-1	0.13087	85.5639
0.0222289	11.15	38.8547	2	-1	0.1309	85.5108
0.022229	11.15	38.8469	3	-1	0.1309	85.5108
0.0222669	11.15	38.8506	4	-1	0.13092	85.5239
0.0222669	11.15	38.8504	1	-1	0.13093	85.5304
0.0223047	11.15	38.8401	2	-1	0.13096	85.4774
0.0223049	11.15	38.8321	3	-1	0.13096	85.4774
0.0223428	11.15	38.8361	4	-1	0.13097	85.484
0.0223428	11.15	38.8359	1	-1	0.13098	85.4905
0.0223806	11.15	38.8251	2	-1	0.13102	85.4441
0.0223808	11.15	38.8174	3	-1	0.13101	85.4376
0.0224187	11.15	38.8213	4	-1	0.13103	85.4506
0.0224187	11.15	38.8211	1	-1	0.13104	85.4572
0.0224566	11.15	38.8106	2	-1	0.13108	85.4108
0.0224568	11.15	38.8031	3	-1	0.13107	85.4043
0.0224947	11.15	38.8073	4	-1	0.13109	85.4173
0.0224947	11.15	38.8071	1	-1	0.1311	85.4239
0.0225326	11.15	38.796	2	-1	0.13113	85.3655
0.0225328	11.15	38.7887	3	-1	0.13112	85.359
0.0225707	11.15	38.7924	4	-1	0.13115	85.3786
0.0225708	11.15	38.7922	1	-1	0.13116	85.3851
0.0226087	11.15	38.7813	2	-1	0.13119	85.3268
0.0226089	11.15	38.7743	3	-1	0.13118	85.3203
0.0226469	11.15	38.7771	4	-1	0.1312	85.3333
0.0226469	11.15	38.7769	1	-1	0.13121	85.3398
0.0226849	11.15	38.7667	2	-1	0.13124	85.2928
0.022685	11.15	38.7595	3	-1	0.13124	85.2928
0.0227231	11.15	38.7627	4	-1	0.13126	85.3058
0.0227231	11.15	38.7625	1	-1	0.13127	85.3123
0.0227611	11.15	38.752	2	-1	0.1313	85.2542
0.0227613	11.15	38.745	3	-1	0.13129	85.2477
0.0227993	11.15	38.7477	4	-1	0.13131	85.2607
0.0227993	11.15	38.7475	1	-1	0.13132	85.2672
0.0228374	11.15	38.7369	2	-1	0.13136	85.2212
0.0228376	11.15	38.7301	3	-1	0.13135	85.2147
0.0228757	11.15	38.7331	4	-1	0.13137	85.2277
0.0228757	11.15	38.7329	1	-1	0.13138	85.2342
0.0229138	11.15	38.7226	2	-1	0.13141	85.1818
0.0229139	11.15	38.7159	3	-1	0.13141	85.1818
0.0229521	11.15	38.7186	4	-1	0.13143	85.1948
0.0229521	11.15	38.7184	1	-1	0.13144	85.2013
0.0229902	11.15	38.708	2	-1	0.13147	85.1434
0.0229903	11.15	38.7015	3	-1	0.13146	85.137
0.0230285	11.15	38.7037	4	-1	0.13149	85.1564
0.0230285	11.15	38.7035	1	-1	0.1315	85.1629
0.0230667	11.15	38.6938	2	-1	0.13153	85.1107
0.0230668	11.15	38.6875	3	-1	0.13152	85.1042
0.023105	11.15	38.6895	4	-1	0.13154	85.1171
0.023105	11.15	38.6893	1	-1	0.13155	85.1236
0.0231432	11.15	38.6792	2	-1	0.13158	85.0714
0.0231434	11.15	38.673	3	-1	0.13158	85.0714
0.0231816	11.15	38.6749	4	-1	0.1316	85.0844
0.0231816	11.15	38.6747	1	-1	0.13161	85.0908
0.0232199	11.15	38.6644	2	-1	0.13164	85.0333
0.02322	11.15	38.6584	3	-1	0.13163	85.0268
0.0232583	11.15	38.6599	4	-1	0.13166	85.0462
0.0232583	11.15	38.6597	1	-1	0.13167	85.0526
0.0232966	11.15	38.6502	2	-1	0.1317	85.0006
0.0232967	11.15	38.6443	3	-1	0.13169	84.9942
0.023335	11.15	38.6457	4	-1	0.13171	85.0071
0.023335	11.15	38.6455	1	-1	0.13172	85.0136
0.0233733	11.15	38.6356	2	-1	0.13175	84.9616
0.0233735	11.15	38.6298	3	-1	0.13175	84.9616
0.0234118	11.15	38.6311	4	-1	0.13177	84.9745
0.0234118	11.15	38.6309	1	-1	0.13178	84.981
0.0234501	11.15	38.6208	2	-1	0.13181	84.9237
0.0234503	11.15	38.6153	3	-1	0.1318	84.9172
0.0234887	11.15	38.6161	4	-1	0.13183	84.9365
0.0234887	11.15	38.6159	1	-1	0.13184	84.943
0.023527	11.15	38.6061	2	-1	0.13187	84.8857
0.0235272	11.15	38.6007	3	-1	0.13186	84.8793
0.0235656	11.15	38.6014	4	-1	0.13188	84.8922
0.0235656	11.15	38.6012	1	-1	0.13189	84.8986
0.023604	11.15	38.592	2	-1	0.13192	84.8524
0.0236041	11.15	38.5866	3	-1	0.13192	84.8524
0.0236426	11.15	38.587	4	-1	0.13194	84.8652
0.0236426	11.15	38.5868	1	-1	0.13195	84.8717
0.023681	11.15	38.5774	2	-1	0.13198	84.8146
0.0236811	11.15	38.5721	3	-1	0.13198	84.8146
0.0237196	11.15	38.5722	4	-1	0.13199	84.821
0.0237196	11.15	38.572	1	-1	0.132	84.8275
0.0237581	11.15	38.5623	2	-1	0.13204	84.7823
0.0237582	11.15	38.5572	3	-1	0.13203	84.7759
0.0237967	11.15	38.5579	4	-1	0.13205	84.7888
0.0237967	11.15	38.5577	1	-1	0.13206	84.7952
0.0238353	11.15	38.5485	2	-1	0.1321	84.7501
0.0238354	11.15	38.5436	3	-1	0.13209	84.7437
0.0238739	11.15	38.5438	4	-1	0.13211	84.7565
0.0238739	11.15	38.5436	1	-1	0.13212	84.7629
0.0239125	11.15	38.534	2	-1	0.13215	84.7061
0.0239126	11.15	38.5293	3	-1	0.13214	84.6997
0.0239512	11.15	38.5291	4	-1	0.13217	84.7189
0.0239512	11.15	38.5289	1	-1	0.13218	84.7253
0.0239898	11.15	38.5195	2	-1	0.13221	84.6686
0.0239899	11.15	38.5151	3	-1	0.1322	84.6622
0.0240285	11.15	38.514	4	-1	0.13222	84.675
0.0240285	11.15	38.5138	1	-1	0.13223	84.6814
0.0240671	11.15	38.5045	2	-1	0.13226	84.6302
0.0240672	11.15	38.5001	3	-1	0.13226	84.6302
0.0241059	11.15	38.4995	4	-1	0.13228	84.6429
0.0241059	11.15	38.4993	1	-1	0.13229	84.6493
0.0241445	11.15	38.4906	2	-1	0.13232	84.5982
0.0241446	11.15	38.4862	3	-1	0.13232	84.5982
0.0241833	11.15	38.4852	4	-1	0.13233	84.6046
0.0241833	11.15	38.485	1	-1	0.13234	84.611
0.024222	11.15	38.4761	2	-1	0.13238	84.5662
0.0242221	11.15	38.4717	3	-1	0.13238	84.5662
0.0242609	11.15	38.4708	4	-1	0.13239	84.5726
0.0242609	11.15	38.4706	1	-1	0.1324	84.579
0.0242996	11.15	38.4612	2	-1	0.13244	84.529
0.0242997	11.15	38.457	3	-1	0.13243	84.5226
0.0243384	11.15	38.4563	4	-1	0.13245	84.5354
0.0243384	11.15	38.4561	1	-1	0.13246	84.5417
0.0243772	11.15	38.4465	2	-1	0.1325	84.4918
0.0243773	11.15	38.4427	3	-1	0.13248	84.479
0.0244161	11.15	38.442	4	-1	0.13251	84.4982
0.0244161	11.15	38.4418	1	-1	0.13252	84.5045
0.0244549	11.15	38.433	2	-1	0.13255	84.4536
0.024455	11.15	38.4294	3	-1	0.13254	84.4473
0.0244938	11.15	38.4274	4	-1	0.13256	84.46
0.0244938	11.15	38.4272	1	-1	0.13257	84.4664
0.0245326	11.15	38.4189	2	-1	0.13261	84.422
0.0245327	11.15	38.4155	3	-1	0.1326	84.4156
0.0245716	11.15	38.413	4	-1	0.13262	84.4283
0.0245716	11.15	38.4128	1	-1	0.13263	84.4347
0.0246105	11.15	38.4041	2	-1	0.13266	84.3786
0.0246105	11.15	38.4007	3	-1	0.13266	84.3786
0.0246495	11.15	38.3985	4	-1	0.13268	84.3913
0.0246495	11.15	38.3983	1	-1	0.13269	84.3977
0.0246884	11.15	38.3894	2	-1	0.13272	84.3416
0.0246884	11.15	38.3862	3	-1	0.13271	84.3353
0.0247274	11.15	38.3838	4	-1	0.13274	84.3543
0.0247274	11.15	38.3836	1	-1	0.13275	84.3607
0.0247663	11.15	38.3755	2	-1	0.13278	84.3101
0.0247664	11.15	38.3725	3	-1	0.13277	84.3038
0.0248054	11.15	38.3698	4	-1	0.13279	84.3165
0.0248054	11.15	38.3696	1	-1	0.1328	84.3228
0.0248443	11.15	38.3613	2	-1	0.13283	84.2723
0.0248444	11.15	38.3584	3	-1	0.13283	84.2723
0.0248834	11.15	38.3556	4	-1	0.13285	84.285
0.0248834	11.15	38.3554	1	-1	0.13286	84.2913
0.0249224	11.15	38.347	2	-1	0.13289	84.2355
0.0249225	11.15	38.3442	3	-1	0.13288	84.2292
0.0249615	11.15	38.3411	4	-1	0.13291	84.2482
0.0249615	11.15	38.3409	1	-1	0.13292	84.2546
0.0250006	11.15	38.3327	2	-1	0.13295	84.1989
0.0250006	11.15	38.3302	3	-1	0.13294	84.1925
0.0250397	11.15	38.3263	4	-1	0.13296	84.2052
0.0250397	11.15	38.3261	1	-1	0.13297	84.2115
0.0250788	11.15	38.318	2	-1	0.133	84.1612
0.0250789	11.15	38.3154	3	-1	0.133	84.1612
0.025118	11.15	38.3116	4	-1	0.13302	84.1739
0.025118	11.15	38.3114	1	-1	0.13303	84.1802
0.0251571	11.15	38.3032	2	-1	0.13306	84.1247
0.0251571	11.15	38.3007	3	-1	0.13306	84.1247
0.0251963	11.15	38.2976	4	-1	0.13308	84.1373
0.0251963	11.15	38.2974	1	-1	0.13309	84.1436
0.0252354	11.15	38.2897	2	-1	0.13312	84.0935
0.0252355	11.15	38.2874	3	-1	0.13311	84.0872
0.0252747	11.15	38.2834	4	-1	0.13313	84.0998
0.0252747	11.15	38.2832	1	-1	0.13314	84.1061
0.0253139	11.15	38.2755	2	-1	0.13317	84.056
0.0253139	11.15	38.2732	3	-1	0.13317	84.056
0.0253531	11.15	38.2691	4	-1	0.13319	84.0687
0.0253531	11.15	38.2689	1	-1	0.1332	84.075
0.0253923	11.15	38.2611	2	-1	0.13323	84.0197
0.0253924	11.15	38.2588	3	-1	0.13323	84.0197
0.0254317	11.15	38.2548	4	-1	0.13325	84.0323
0.0254317	11.15	38.2546	1	-1	0.13326	84.0386
0.0254709	11.15	38.2467	2	-1	0.13329	83.9834
0.0254709	11.15	38.2446	3	-1	0.13328	83.9771
0.0255102	11.15	38.2401	4	-1	0.1333	83.9897
0.0255102	11.15	38.2399	1	-1	0.13331	83.996
0.0255495	11.15	38.2322	2	-1	0.13335	83.9524
0.0255496	11.15	38.2303	3	-1	0.13334	83.9461
0.0255889	11.15	38.2256	4	-1	0.13336	83.9587
0.0255889	11.15	38.2254	1	-1	0.13337	83.965
0.0256282	11.15	38.2177	2	-1	0.13341	83.9162
0.0256283	11.15	38.216	3	-1	0.1334	83.9099
0.0256676	11.15	38.2113	4	-1	0.13342	83.9225
0.0256676	11.15	38.2111	1	-1	0.13343	83.9288
0.025707	11.15	38.2033	2	-1	0.13347	83.8801
0.025707	11.15	38.2018	3	-1	0.13346	83.8738
0.0257464	11.15	38.1975	4	-1	0.13348	83.8864
0.0257464	11.15	38.1973	1	-1	0.13349	83.8927
0.0257858	11.15	38.19	2	-1	0.13352	83.843
0.0257858	11.15	38.1886	3	-1	0.13351	83.8367
0.0258253	11.15	38.1834	4	-1	0.13353	83.8493
0.0258253	11.15	38.1832	1	-1	0.13354	83.8556
0.0258647	11.15	38.1759	2	-1	0.13357	83.806
0.0258647	11.15	38.1746	3	-1	0.13357	83.806
0.0259042	11.15	38.1692	4	-1	0.13359	83.8185
0.0259042	11.15	38.169	1	-1	0.1336	83.8248
0.0259436	11.15	38.1618	2	-1	0.13363	83.7701
0.0259437	11.15	38.1604	3	-1	0.13363	83.7701
0.0259832	11.15	38.1548	4	-1	0.13364	83.7763
0.0259832	11.15	38.1546	1	-1	0.13365	83.7826
0.0260227	11.15	38.1473	2	-1	0.13369	83.7394
0.0260227	11.15	38.1461	3	-1	0.13368	83.7332
0.0260622	11.15	38.1405	4	-1	0.1337	83.7457
0.0260622	11.15	38.1403	1	-1	0.13371	83.752
0.0261018	11.15	38.1329	2	-1	0.13375	83.7036
0.0261018	11.15	38.1319	3	-1	0.13374	83.6974
0.0261414	11.15	38.1263	4	-1	0.13376	83.7099
0.0261414	11.15	38.1261	1	-1	0.13377	83.7161
0.0261809	11.15	38.1187	2	-1	0.13381	83.6679
0.026181	11.15	38.1181	3	-1	0.13379	83.6553
0.0262206	11.15	38.112	4	-1	0.13382	83.6741
0.0262206	11.15	38.1118	1	-1	0.13383	83.6804
0.0262602	11.15	38.1047	2	-1	0.13387	83.6322
0.0262602	11.15	38.1045	3	-1	0.13385	83.6197
0.0262998	11.15	38.0976	4	-1	0.13388	83.6384
0.0262998	11.15	38.0974	1	-1	0.13389	83.6447
0.0263395	11.15	38.0906	2	-1	0.13392	83.5903
0.0263395	11.15	38.0906	3	-1	0.13391	83.584
0.0263791	11.15	38.0832	4	-1	0.13394	83.6028
0.0263792	11.15	38.083	1	-1	0.13395	83.609
0.0264188	11.15	38.0764	3	-1	0.13397	83.5485
0.0264188	11.15	38.0762	2	-1	0.13398	83.5547
0.0264585	11.15	38.0685	4	-1	0.13399	83.561
0.0264586	11.15	38.0683	1	-1	0.134	83.5672
0.0264983	11.15	38.0618	3	-1	0.13403	83.5182
0.0264983	11.15	38.0616	2	-1	0.13404	83.5244
0.026538	11.15	38.0544	4	-1	0.13405	83.5307
0.026538	11.15	38.0542	1	-1	0.13406	83.5369
0.0265778	11.15	38.0469	3	-1	0.13408	83.4765
0.0265778	11.15	38.0467	2	-1	0.13409	83.4828
0.0266176	11.15	38.0402	4	-1	0.13411	83.4952
0.0266176	11.15	38.04	1	-1	0.13412	83.5014
0.0266573	11.15	38.0325	3	-1	0.13414	83.4412
0.0266573	11.15	38.0323	2	-1	0.13415	83.4474
0.0266972	11.15	38.0258	4	-1	0.13417	83.4598
0.0266972	11.15	38.0256	1	-1	0.13418	83.466
0.026737	11.15	38.0186	3	-1	0.1342	83.4058
0.026737	11.15	38.0184	2	-1	0.13421	83.4121
0.0267768	11.15	38.0115	4	-1	0.13423	83.4245
0.0267768	11.15	38.0113	1	-1	0.13424	83.4307
0.0268167	11.15	38.0046	3	-1	0.13426	83.3706
0.0268167	11.15	38.0045	2	-1	0.13427	83.3768
0.0268566	11.15	37.9977	4	-1	0.13428	83.383
0.0268566	11.15	37.9975	1	-1	0.13429	83.3892
0.0268965	11.15	37.9912	3	-1	0.13431	83.3395
0.0268965	11.15	37.991	2	-1	0.13432	83.3457
0.0269364	11.15	37.9843	4	-1	0.13434	83.3582
0.0269364	11.15	37.9841	1	-1	0.13435	83.3644
0.0269763	11.15	37.9775	3	-1	0.13437	83.3044
0.0269763	11.15	37.9773	2	-1	0.13438	83.3106
0.0270162	11.15	37.9705	4	-1	0.13439	83.3168
0.0270162	11.15	37.9703	1	-1	0.1344	83.323
0.0270562	11.15	37.9632	3	-1	0.13442	83.2683
0.0270562	11.15	37.9631	2	-1	0.13443	83.2745
0.0270962	11.15	37.9565	4	-1	0.13445	83.2869
0.0270962	11.15	37.9563	1	-1	0.13446	83.2931
0.0271362	11.15	37.9492	3	-1	0.13448	83.2333
0.0271362	11.15	37.949	2	-1	0.13449	83.2395
0.0271762	11.15	37.9425	4	-1	0.13451	83.2518
0.0271762	11.15	37.9423	1	-1	0.13452	83.258
0.0272162	11.15	37.9351	3	-1	0.13453	83.1921
0.0272162	11.15	37.9349	2	-1	0.13454	83.1983
0.0272563	11.15	37.9279	4	-1	0.13456	83.2107
0.0272563	11.15	37.9278	1	-1	0.13457	83.2169
0.0272963	11.15	37.9211	3	-1	0.13459	83.1624
0.0272963	11.15	37.9209	2	-1	0.1346	83.1686
0.0273364	11.15	37.9137	4	-1	0.13462	83.1809
0.0273364	11.15	37.9136	1	-1	0.13463	83.1871
0.0273765	11.15	37.9071	3	-1	0.13465	83.1275
0.0273765	11.15	37.9069	2	-1	0.13466	83.1337
0.0274166	11.15	37.8993	4	-1	0.13468	83.1461
0.0274166	11.15	37.8992	1	-1	0.13469	83.1522
0.0274567	11.15	37.8919	3	-1	0.13471	83.0876
0.0274568	11.15	37.8917	2	-1	0.13472	83.0938
0.0274969	11.15	37.8849	4	-1	0.13474	83.1061
0.0274969	11.15	37.8847	1	-1	0.13475	83.1123
0.0275371	11.15	37.8774	3	-1	0.13477	83.0529
0.0275371	11.15	37.8772	2	-1	0.13478	83.0591
0.0275772	11.15	37.8706	4	-1	0.1348	83.0714
0.0275773	11.15	37.8704	1	-1	0.13481	83.0776
0.0276174	11.15	37.8631	3	-1	0.13482	83.0121
0.0276175	11.15	37.8629	2	-1	0.13483	83.0183
0.0276577	11.15	37.8562	4	-1	0.13486	83.0368
0.0276577	11.15	37.856	1	-1	0.13487	83.0429
0.0276979	11.15	37.8494	3	-1	0.13488	82.9775
0.0276979	11.15	37.8492	2	-1	0.13489	82.9837
0.0277382	11.15	37.8416	4	-1	0.13491	82.996
0.0277382	11.15	37.8414	1	-1	0.13492	83.0022
0.0277784	11.15	37.8357	2	-1	0.13495	82.9543
0.0277784	11.15	37.8357	3	-1	0.13495	82.9543
0.0278187	11.15	37.8277	4	-1	0.13496	82.9604
0.0278187	11.15	37.8276	1	-1	0.13497	82.9666
0.027859	11.15	37.8213	3	-1	0.135	82.9187
0.027859	11.15	37.8211	2	-1	0.13501	82.9249
0.0278993	11.15	37.8141	4	-1	0.13502	82.931
0.0278993	11.15	37.8139	1	-1	0.13503	82.9372
0.0279397	11.15	37.8066	3	-1	0.13505	82.8782
0.0279397	11.15	37.8064	2	-1	0.13506	82.8843
0.02798	11.15	37.8006	4	-1	0.13509	82.9027
0.02798	11.15	37.8004	1	-1	0.1351	82.9089
0.0280204	11.15	37.7929	3	-1	0.13511	82.8387
0.0280204	11.15	37.7927	2	-1	0.13512	82.8449
0.0280608	11.15	37.7862	4	-1	0.13514	82.8571
0.0280608	11.15	37.7861	1	-1	0.13515	82.8633
0.0281012	11.15	37.7796	3	-1	0.13517	82.8095
0.0281012	11.15	37.7794	2	-1	0.13518	82.8157
0.0281416	11.15	37.7719	4	-1	0.13519	82.8218
0.0281416	11.15	37.7717	1	-1	0.1352	82.8279
0.028182	11.15	37.7657	3	-1	0.13523	82.7804
0.0281821	11.15	37.7655	2	-1	0.13524	82.7865
0.0282225	11.15	37.7584	4	-1	0.13525	82.7926
0.0282225	11.15	37.7582	1	-1	0.13526	82.7987
0.028263	11.15	37.7512	3	-1	0.13528	82.7401
0.028263	11.15	37.751	2	-1	0.13529	82.7462
0.0283035	11.15	37.7449	4	-1	0.13531	82.7584
0.0283035	11.15	37.7448	1	-1	0.13532	82.7645
0.028344	11.15	37.737	3	-1	0.13533	82.6998
0.028344	11.15	37.7368	2	-1	0.13534	82.7059
0.0283845	11.15	37.7309	4	-1	0.13537	82.7243
0.0283845	11.15	37.7307	1	-1	0.13538	82.7304
0.028425	11.15	37.7237	3	-1	0.13539	82.6658
0.028425	11.15	37.7235	2	-1	0.1354	82.6719
0.0284656	11.15	37.7163	4	-1	0.13542	82.6841
0.0284656	11.15	37.7161	1	-1	0.13543	82.6902
0.0285062	11.15	37.7106	3	-1	0.13546	82.6429
0.0285062	11.15	37.7104	2	-1	0.13547	82.649
0.0285468	11.15	37.702	4	-1	0.13547	82.649
0.0285468	11.15	37.7018	1	-1	0.13548	82.6551
0.0285874	11.15	37.6952	3	-1	0.13552	82.609
0.0285874	11.15	37.6951	2	-1	0.13553	82.6151
0.028628	11.15	37.6888	4	-1	0.13554	82.6212
0.028628	11.15	37.6887	1	-1	0.13555	82.6272
0.0286686	11.15	37.6799	3	-1	0.13556	82.5579
0.0286686	11.15	37.6797	2	-1	0.13557	82.5639
0.0287093	11.15	37.6752	1	-1	0.13561	82.5883
0.0287093	11.15	37.6752	4	-1	0.13561	82.5883
0.02875	11.15	37.6663	3	-1	0.13561	82.518
0.02875	11.15	37.6661	2	-1	0.13562	82.524
0.0287907	11.15	37.6605	1	-1	0.13567	82.5545
0.0287907	11.15	37.6605	4	-1	0.13567	82.5545
0.0288314	11.15	37.6541	3	-1	0.13568	82.4903
0.0288314	11.15	37.6539	2	-1	0.13569	82.4964
0.0288721	11.15	37.6456	4	-1	0.13571	82.5085
0.0288721	11.15	37.6454	1	-1	0.13572	82.5146
0.0289129	11.15	37.6409	2	-1	0.13575	82.4677
0.0289129	11.15	37.6409	3	-1	0.13575	82.4677
0.0289536	11.15	37.6321	4	-1	0.13576	82.4737
0.0289536	11.15	37.6319	1	-1	0.13577	82.4798
0.0289944	11.15	37.6266	2	-1	0.13581	82.439
0.0289944	11.15	37.6266	3	-1	0.13581	82.439
0.0290352	11.15	37.6196	4	-1	0.13582	82.4451
0.0290352	11.15	37.6194	1	-1	0.13583	82.4511
0.029076	11.15	37.6118	3	-1	0.13585	82.3933
0.029076	11.15	37.6116	2	-1	0.13586	82.3993
0.0291169	11.15	37.606	1	-1	0.13589	82.4175
0.0291169	11.15	37.606	4	-1	0.13589	82.4175
0.0291577	11.15	37.5969	3	-1	0.1359	82.3487
0.0291577	11.15	37.5967	2	-1	0.13591	82.3547
0.0291986	11.15	37.5913	1	-1	0.13595	82.379
0.0291986	11.15	37.5913	4	-1	0.13595	82.379
0.0292394	11.15	37.5835	3	-1	0.13596	82.3152
0.0292395	11.15	37.5833	2	-1	0.13597	82.3212
0.0292804	11.15	37.5763	4	-1	0.136	82.3394
0.0292804	11.15	37.5761	1	-1	0.13601	82.3455
0.0293213	11.15	37.5705	3	-1	0.13603	82.2878
0.0293213	11.15	37.5703	2	-1	0.13604	82.2939
0.0293622	11.15	37.5621	4	-1	0.13605	82.2999
0.0293622	11.15	37.5619	1	-1	0.13606	82.306
0.0294032	11.15	37.5569	2	-1	0.1361	82.2655
0.0294032	11.15	37.5569	3	-1	0.1361	82.2655
0.0294441	11.15	37.5495	4	-1	0.13611	82.2715
0.0294441	11.15	37.5493	1	-1	0.13612	82.2776
0.0294851	11.15	37.5423	3	-1	0.13614	82.2201
0.0294851	11.15	37.5422	2	-1	0.13615	82.2261
0.0295261	11.15	37.5365	4	-1	0.13617	82.2382
0.0295261	11.15	37.5363	1	-1	0.13618	82.2442
0.0295671	11.15	37.5277	3	-1	0.13619	82.1758
0.0295671	11.15	37.5275	2	-1	0.1362	82.1819
0.0296082	11.15	37.5217	4	-1	0.13624	82.206
0.0296082	11.15	37.5216	1	-1	0.13625	82.212
0.0296492	11.15	37.5148	3	-1	0.13626	82.1437
0.0296492	11.15	37.5146	2	-1	0.13627	82.1497
0.0296903	11.15	37.5066	4	-1	0.13628	82.1558
0.0296903	11.15	37.5064	1	-1	0.13629	82.1618
0.0297314	11.15	37.5017	2	-1	0.13633	82.1265
0.0297314	11.15	37.5017	3	-1	0.13633	82.1265
0.0297725	11.15	37.4931	4	-1	0.13633	82.1265
0.0297725	11.15	37.4929	1	-1	0.13634	82.1325
0.0298137	11.15	37.4871	3	-1	0.13638	82.0923
0.0298137	11.15	37.487	2	-1	0.13639	82.0984
0.0298548	11.15	37.4808	4	-1	0.1364	82.1044
0.0298548	11.15	37.4807	1	-1	0.13641	82.1104
0.029896	11.15	37.4722	3	-1	0.13642	82.0423
0.029896	11.15	37.472	2	-1	0.13643	82.0484
0.0299371	11.15	37.4674	1	-1	0.13647	82.0724
0.0299371	11.15	37.4674	4	-1	0.13647	82.0724
0.0299783	11.15	37.4579	3	-1	0.13647	81.9984
0.0299783	11.15	37.4578	2	-1	0.13648	82.0044
0.0300195	11.15	37.4524	1	-1	0.13653	82.0345
0.0300195	11.15	37.4524	4	-1	0.13653	82.0345
0.0300608	11.15	37.4457	3	-1	0.13654	81.9715
0.0300608	11.15	37.4456	2	-1	0.13655	81.9775
0.030102	11.15	37.4372	4	-1	0.13657	81.9896
0.030102	11.15	37.437	1	-1	0.13658	81.9956
0.0301433	11.15	37.4329	2	-1	0.13661	81.9496
0.0301433	11.15	37.4327	3	-1	0.13662	81.9556
0.0301846	11.15	37.4239	4	-1	0.13662	81.9556
0.0301846	11.15	37.4237	1	-1	0.13663	81.9616
0.0302259	11.15	37.4186	2	-1	0.13667	81.9217
0.0302259	11.15	37.4184	3	-1	0.13667	81.9217
0.0302672	11.15	37.4113	4	-1	0.13668	81.9277
0.0302672	11.15	37.4111	1	-1	0.13669	81.9337
0.0303085	11.15	37.4028	3	-1	0.13671	81.8721
0.0303085	11.15	37.4026	2	-1	0.13673	81.8841
0.0303499	11.15	37.3984	1	-1	0.13676	81.902
0.0303499	11.15	37.3984	4	-1	0.13676	81.902
0.0303912	11.15	37.3888	3	-1	0.13676	81.8285
0.0303912	11.15	37.3886	2	-1	0.13677	81.8345
0.0304326	11.15	37.384	1	-1	0.13682	81.8644
0.0304326	11.15	37.384	4	-1	0.13682	81.8644
0.030474	11.15	37.377	3	-1	0.13683	81.8019
0.030474	11.15	37.3769	2	-1	0.13684	81.8079
0.0305154	11.15	37.369	4	-1	0.13686	81.8198
0.0305154	11.15	37.3688	1	-1	0.13687	81.8258
0.0305569	11.15	37.3642	2	-1	0.1369	81.7753
0.0305569	11.15	37.3642	3	-1	0.1369	81.7753
0.0305983	11.15	37.354	4	-1	0.1369	81.7753
0.0305983	11.15	37.3539	1	-1	0.13691	81.7813
0.0306398	11.15	37.3495	2	-1	0.13696	81.7525
0.0306398	11.15	37.3493	3	-1	0.13697	81.7585
0.0306813	11.15	37.342	4	-1	0.13697	81.7585
0.0306813	11.15	37.3418	1	-1	0.13698	81.7645
0.0307228	11.15	37.3344	3	-1	0.13701	81.7092
0.0307228	11.15	37.3343	2	-1	0.13703	81.7211
0.0307643	11.15	37.3302	1	-1	0.13704	81.7271
0.0307643	11.15	37.3301	4	-1	0.13705	81.7331
0.0308059	11.15	37.3198	3	-1	0.13704	81.6589
0.0308059	11.15	37.3197	2	-1	0.13705	81.6649
0.0308474	11.15	37.3156	1	-1	0.1371	81.6947
0.0308474	11.15	37.3153	4	-1	0.13711	81.7006
0.030889	11.15	37.3068	3	-1	0.1371	81.6217
0.030889	11.15	37.3066	2	-1	0.13711	81.6277
0.0309306	11.15	37.3002	1	-1	0.13718	81.6693
0.0309306	11.15	37.3002	4	-1	0.13716	81.6574
0.0309722	11.15	37.2961	2	-1	0.13719	81.5976
0.0309722	11.15	37.2961	3	-1	0.13719	81.5976
0.0310138	11.15	37.285	4	-1	0.13719	81.5976
0.0310138	11.15	37.2849	1	-1	0.1372	81.6035
0.0310555	11.15	37.2823	2	-1	0.13724	81.5788
0.0310555	11.15	37.282	3	-1	0.13726	81.5907
0.0310971	11.15	37.2722	4	-1	0.13724	81.5788
0.0310971	11.15	37.272	1	-1	0.13725	81.5847
0.0311388	11.15	37.2658	2	-1	0.13732	81.5585
0.0311388	11.15	37.2657	3	-1	0.13731	81.5525
0.0311805	11.15	37.2619	4	-1	0.13733	81.5644
0.0311805	11.15	37.2617	1	-1	0.13734	81.5704
0.0312222	11.15	37.25	3	-1	0.13733	81.4821
0.0312223	11.15	37.2498	2	-1	0.13735	81.494
0.031264	11.15	37.248	1	-1	0.13738	81.5118
0.031264	11.15	37.2475	4	-1	0.13741	81.5296
0.0313057	11.15	37.2377	3	-1	0.13738	81.4538
0.0313057	11.15	37.2376	2	-1	0.13739	81.4597
0.0313475	11.15	37.2315	1	-1	0.13746	81.5012
0.0313475	11.15	37.2312	4	-1	0.13745	81.4953
0.0313893	11.15	37.2272	3	-1	0.13747	81.4251
0.0313893	11.15	37.2271	2	-1	0.13748	81.431
0.0314311	11.15	37.2155	4	-1	0.13747	81.4251
0.0314311	11.15	37.2154	1	-1	0.1375	81.4429
0.0314729	11.15	37.2134	2	-1	0.13752	81.3969
0.0314729	11.15	37.2128	3	-1	0.13756	81.4205
0.0315147	11.15	37.2033	4	-1	0.13753	81.4028
0.0315147	11.15	37.2032	1	-1	0.13754	81.4087
0.0315566	11.15	37.1971	2	-1	0.1376	81.3816
0.0315566	11.15	37.1965	3	-1	0.1376	81.3816
0.0315985	11.15	37.1929	4	-1	0.13762	81.3934
0.0315985	11.15	37.1928	1	-1	0.13763	81.3993
0.0316404	11.15	37.182	3	-1	0.13762	81.3117
0.0316404	11.15	37.1818	2	-1	0.13767	81.3412
0.0316823	11.15	37.1798	1	-1	0.13767	81.3412
0.0316823	11.15	37.1793	4	-1	0.1377	81.3589
0.0317242	11.15	37.169	3	-1	0.13767	81.2836
0.0317242	11.15	37.1688	2	-1	0.13768	81.2895
0.0317662	11.15	37.1639	1	-1	0.13774	81.3249
0.0317662	11.15	37.1633	4	-1	0.13775	81.3308
0.0318081	11.15	37.1587	3	-1	0.13775	81.2541
0.0318081	11.15	37.1585	2	-1	0.13776	81.26
0.0318501	11.15	37.1478	4	-1	0.13777	81.2659
0.0318501	11.15	37.1476	1	-1	0.13782	81.2953
0.0318921	11.15	37.1464	2	-1	0.13781	81.2128
0.0318921	11.15	37.1458	3	-1	0.13785	81.2364
0.0319341	11.15	37.1334	4	-1	0.1378	81.2069
0.0319341	11.15	37.1333	1	-1	0.13781	81.2128
0.0319761	11.15	37.1303	2	-1	0.13788	81.2205
0.0319762	11.15	37.1293	3	-1	0.13791	81.2382
0.0320182	11.15	37.1237	4	-1	0.13788	81.2205
0.0320182	11.15	37.1235	1	-1	0.13789	81.2264
0.0320603	11.15	37.1132	2	-1	0.13798	81.1981
0.0320603	11.15	37.1131	3	-1	0.13792	81.1628
0.0321023	11.15	37.1134	1	-1	0.13794	81.1746
0.0321023	11.15	37.1125	4	-1	0.138	81.2099
0.0321444	11.15	37.0975	3	-1	0.13793	81.1067
0.0321444	11.15	37.0973	2	-1	0.13795	81.1184
0.0321865	11.15	37.0962	1	-1	0.138	81.1478
0.0321866	11.15	37.0942	4	-1	0.13808	81.1949
0.0322287	11.15	37.0875	3	-1	0.13801	81.0822
0.0322287	11.15	37.0874	2	-1	0.13802	81.0881
0.0322708	11.15	37.0778	1	-1	0.13812	81.1468
0.0322709	11.15	37.0764	4	-1	0.13808	81.1233
0.032313	11.15	37.0797	2	-1	0.13809	81.034
0.032313	11.15	37.0792	3	-1	0.13813	81.0574
0.0323552	11.15	37.0631	4	-1	0.13807	81.0222
0.0323552	11.15	37.063	1	-1	0.13818	81.0868
0.0323974	11.15	37.0647	2	-1	0.13812	80.9803
0.0323974	11.15	37.0625	3	-1	0.13823	81.0448
0.0324396	11.15	37.0502	4	-1	0.13812	80.9803
0.0324396	11.15	37.0501	1	-1	0.13813	80.9862
0.0324818	11.15	37.0447	2	-1	0.13823	81.0305
0.0324819	11.15	37.0421	3	-1	0.13826	81.0481
0.0325241	11.15	37.0448	4	-1	0.13825	81.0423
0.0325241	11.15	37.0447	1	-1	0.13826	81.0481
0.0325664	11.15	37.0285	2	-1	0.13836	81.0023
0.0325664	11.15	37.0278	3	-1	0.13823	80.9262
0.0326087	11.15	37.0326	1	-1	0.13827	80.9496
0.0326087	11.15	37.0312	4	-1	0.13837	81.0081
0.032651	11.15	37.0155	3	-1	0.13826	80.9011
0.032651	11.15	37.0154	2	-1	0.13832	80.9362
0.0326933	11.15	37.0134	1	-1	0.13835	80.9538
0.0326934	11.15	37.0108	4	-1	0.13843	81.0006
0.0327357	11.15	37.009	3	-1	0.13837	80.8897
0.0327357	11.15	37.0089	2	-1	0.13838	80.8956
0.0327781	11.15	36.9951	1	-1	0.13849	80.9599
0.0327781	11.15	36.9938	4	-1	0.1384	80.9073
0.0328204	11.15	36.9995	2	-1	0.13842	80.8103
0.0328205	11.15	36.9982	3	-1	0.13851	80.8629
0.0328629	11.15	36.9809	4	-1	0.1384	80.7986
0.0328629	11.15	36.9808	1	-1	0.1385	80.857
0.0329052	11.15	36.9818	2	-1	0.13847	80.7971
0.0329053	11.15	36.9789	3	-1	0.13859	80.8671
0.0329477	11.15	36.9717	4	-1	0.13848	80.8029
0.0329477	11.15	36.9716	1	-1	0.13849	80.8087
0.0329901	11.15	36.9608	2	-1	0.13861	80.841
0.0329902	11.15	36.9583	3	-1	0.13858	80.8235
0.0330326	11.15	36.966	1	-1	0.13858	80.8235
0.0330326	11.15	36.9653	4	-1	0.13863	80.8527
0.0330751	11.15	36.9465	3	-1	0.13854	80.7202
0.0330751	11.15	36.9464	2	-1	0.13873	80.8309
0.0331176	11.15	36.9514	1	-1	0.13859	80.7493
0.0331177	11.15	36.9484	4	-1	0.13875	80.8425
0.0331601	11.15	36.933	3	-1	0.13859	80.7023
0.0331601	11.15	36.9329	2	-1	0.1386	80.7081
0.0332026	11.15	36.9291	1	-1	0.13871	80.7721
0.0332028	11.15	36.9252	4	-1	0.13878	80.8129
0.0332452	11.15	36.9299	3	-1	0.13872	80.684
0.0332452	11.15	36.9297	2	-1	0.13873	80.6898
0.0332878	11.15	36.9101	1	-1	0.13887	80.7712
0.0332879	11.15	36.9083	4	-1	0.13872	80.684
0.0333304	11.15	36.92	2	-1	0.13873	80.5727
0.0333304	11.15	36.9178	3	-1	0.13889	80.6656
0.033373	11.15	36.8972	4	-1	0.13871	80.561
0.033373	11.15	36.8971	1	-1	0.13885	80.6424
0.0334156	11.15	36.8997	2	-1	0.13881	80.591
0.0334157	11.15	36.8954	3	-1	0.13896	80.6781
0.0334583	11.15	36.8913	4	-1	0.13882	80.5968
0.0334583	11.15	36.8912	1	-1	0.13883	80.6026
0.0335009	11.15	36.8764	2	-1	0.13898	80.657
0.0335011	11.15	36.873	3	-1	0.13892	80.6221
0.0335436	11.15	36.8871	1	-1	0.13889	80.6047
0.0335437	11.15	36.8854	4	-1	0.13901	80.6744
0.033629	11.15	36.8705	1	-1	0.13891	80.5462
0.0336292	11.15	36.8659	4	-1	0.13913	80.6738
0.0336718	11.15	36.8501	2	-1	0.13891	80.4995
0.0337145	11.15	36.8445	1	-1	0.13906	80.5865
0.0337147	11.15	36.8388	4	-1	0.13914	80.6328
0.0337573	11.15	36.852	2	-1	0.13909	80.4919
0.0337573	11.15	36.852	3	-1	0.13909	80.4919
0.0338001	11.15	36.8248	1	-1	0.13927	80.5961
0.0338002	11.15	36.8223	4	-1	0.13903	80.4572
0.0338429	11.15	36.8424	2	-1	0.13903	80.3224
0.0338858	11.15	36.8129	1	-1	0.13919	80.4148
0.0339285	11.15	36.8171	2	-1	0.13913	80.3755
0.0339287	11.15	36.8107	3	-1	0.13935	80.5026
0.0339714	11.15	36.8113	4	-1	0.13915	80.3871
0.0339714	11.15	36.8111	1	-1	0.13916	80.3928
0.0340143	11.15	36.7907	2	-1	0.13936	80.4851
0.0340145	11.15	36.7858	3	-1	0.13925	80.4216
0.0340572	11.15	36.8094	1	-1	0.1392	80.3927
0.0340572	11.15	36.8069	4	-1	0.13939	80.5025
0.034186	11.15	36.7664	2	-1	0.13921	80.3011
0.0342288	11.15	36.7592	1	-1	0.1394	80.4107
0.0342292	11.15	36.7505	4	-1	0.13952	80.4799
0.0342719	11.15	36.7744	3	-1	0.13943	80.2937
0.0343149	11.15	36.7367	1	-1	0.13966	80.4261
0.0344439	11.15	36.7365	2	-1	0.13942	80.108
0.0344871	11.15	36.7289	1	-1	0.13946	80.131
0.0345304	11.15	36.6953	3	-1	0.13962	80.2552
0.0345732	11.15	36.7329	1	-1	0.13951	80.192
0.0345734	11.15	36.7296	4	-1	0.13976	80.3357
0.0346165	11.15	36.689	2	-1	0.13995	80.3802
0.0346594	11.15	36.7142	1	-1	0.13947	80.1045
0.0347027	11.15	36.6816	2	-1	0.13957	80.1436
0.0347457	11.15	36.6759	1	-1	0.13971	80.2239
0.0347462	11.15	36.6636	4	-1	0.13993	80.3503
0.0347891	11.15	36.6964	2	-1	0.13977	80.1066
0.0350053	11.15	36.646	1	-1	0.13974	79.8332
0.035049	11.15	36.6046	3	-1	0.14	80.1053
0.0350919	11.15	36.6564	1	-1	0.13984	80.0137
0.0351353	11.15	36.5993	2	-1	0.14036	80.2286
0.0351784	11.15	36.6387	1	-1	0.13973	79.8685
0.0352652	11.15	36.5958	1	-1	0.13999	80.0263
0.0353088	11.15	36.6149	2	-1	0.14006	79.9064
0.0354393	11.15	36.5559	1	-1	0.14062	79.9977
0.0354824	11.15	36.5831	2	-1	0.13995	79.4809
0.0355261	11.15	36.5597	1	-1	0.14008	79.5547
0.0355701	11.15	36.5184	3	-1	0.14043	79.9579
0.0356131	11.15	36.5788	1	-1	0.14021	79.8326
0.0356132	11.15	36.5763	4	-1	0.14041	79.9465
0.0356567	11.15	36.5089	2	-1	0.14074	80.0341
0.0357001	11.15	36.5653	1	-1	0.14001	79.619
0.0358311	11.15	36.5285	2	-1	0.14031	79.6989
0.0358752	11.15	36.461	4	-1	0.14045	79.7785
0.0359621	11.15	36.4647	1	-1	0.14102	79.8483
0.0360055	11.15	36.5107	2	-1	0.1402	79.209
0.036137	11.15	36.4991	4	-1	0.14067	79.6365
0.0362243	11.15	36.4938	1	-1	0.14031	79.3743
0.0362685	11.15	36.4277	2	-1	0.14125	80.0011
0.0363118	11.15	36.4514	1	-1	0.14047	79.5594
0.036356	11.15	36.4397	2	-1	0.14053	79.4853
0.0364004	11.15	36.3752	4	-1	0.14091	79.7002
0.036619	11.15	36.3801	2	-1	0.14079	79.2781
0.0366634	11.15	36.4174	1	-1	0.1409	79.3401
0.0368389	11.15	36.3825	1	-1	0.14059	79.2816
0.0368834	11.15	36.348	2	-1	0.14087	79.3857
0.0369282	11.15	36.2805	4	-1	0.14141	79.6901
0.0371922	11.15	36.3268	1	-1	0.14101	78.8514
0.0373684	11.15	36.3218	1	-1	0.14061	78.9323
0.0374569	11.15	36.2295	1	-1	0.1413	79.382
0.037502	11.15	36.3156	3	-1	0.14148	79.1364
0.037635	11.15	36.1833	1	-1	0.14254	79.2726
0.0376785	11.15	36.2508	2	-1	0.14092	78.202
0.0377691	11.15	36.1173	3	-1	0.14187	79.1288
0.0379008	11.15	36.2574	1	-1	0.1408	78.6065
0.0380349	11.15	36.2209	2	-1	0.14158	78.923
0.0383015	11.15	36.0882	2	-1	0.14193	78.588
0.0388842	11.15	36.1144	1	-1	0.14223	78.2472
0.0390629	11.15	36.0599	1	-1	0.14156	78.4179
0.0391528	11.15	35.9433	1	-1	0.14266	78.9704
0.0391549	11.15	35.9021	4	-1	0.14292	79.1143
0.0394238	11.15	36.0119	1	-1	0.14218	77.677
0.039603	11.15	36.023	1	-1	0.14126	77.8893
0.0397397	11.15	36.0252	3	-1	0.14275	78.3867
0.0398753	11.15	35.7906	1	-1	0.1445	78.6052
0.0399192	11.15	35.9372	2	-1	0.14153	76.7516
0.040013	11.15	35.7091	3	-1	0.14344	78.3012
0.0406019	11.15	35.8995	4	-1	0.14339	77.4746
0.0413315	11.15	35.7344	1	-1	0.14247	77.56
0.0416083	11.15	35.5936	1	-1	0.14547	77.8164
0.0420226	11.15	35.7328	3	-1	0.14408	77.6251
0.0421604	11.15	35.4106	1	-1	0.14617	77.8867
0.0422054	11.15	35.6054	2	-1	0.14271	75.7645
0.0423016	11.15	35.3537	3	-1	0.14485	77.1957
0.042577	11.15	35.6312	2	-1	0.14396	77.477
0.0429018	11.15	35.6368	4	-1	0.1446	76.4877
0.0436449	11.15	35.4041	1	-1	0.14295	76.6036
0.0442556	11.15	35.1806	2	-1	0.14737	78.7149
0.0443513	11.15	35.3361	3	-1	0.14537	76.8462
0.0444904	11.15	35.0471	1	-1	0.14769	77.1147
0.0445359	11.15	35.2445	2	-1	0.14384	74.8348
0.0446359	11.15	34.9493	3	-1	0.1462	76.3845
0.046004	11.15	35.0833	1	-1	0.1439	75.6413
0.0466276	11.15	34.8441	2	-1	0.14882	78.0634
0.0467257	11.15	35.0159	3	-1	0.14679	76.1083
0.0468671	11.15	34.6625	1	-1	0.14943	76.3762
0.0478287	11.15	34.7395	1	-1	0.14545	75.4957
0.0479329	11.15	34.4424	4	-1	0.1482	76.6644
0.0487043	11.15	34.4006	1	-1	0.15045	75.7438
0.0487513	11.15	34.5828	2	-1	0.14639	73.4963
0.0490468	11.15	34.5484	2	-1	0.15024	77.4633
0.0502708	11.15	34.4214	1	-1	0.14645	74.4535
0.050379	11.15	34.0778	4	-1	0.14971	76.0915
0.0509156	11.15	34.1427	2	-1	0.15165	76.7576
0.0510203	11.15	34.3405	3	-1	0.14962	74.7614
0.0511647	11.15	34.1264	1	-1	0.15181	74.8792
0.0512103	11.15	34.3264	2	-1	0.14636	72.095
0.0521589	11.15	34.1341	1	-1	0.14727	74.0199
0.0529187	11.15	34.3228	3	-1	0.14988	74.2789
0.0546886	11.15	33.825	1	-1	0.15016	73.4818
0.054798	11.15	33.6339	4	-1	0.15258	74.4729
0.055404	11.15	33.5739	1	-1	0.15117	73.7739
0.0555135	11.15	33.4838	4	-1	0.15299	74.0477
0.0556586	11.15	33.564	2	-1	0.15106	72.1326
0.0557755	11.15	33.2966	3	-1	0.1529	73.2841
0.0566934	11.15	34.2606	2	-1	0.14752	72.5984
0.0572587	11.15	33.3337	1	-1	0.15007	72.1213
0.0573776	11.15	33.0288	4	-1	0.15395	74.2429
0.0576204	11.15	33.3994	2	-1	0.14846	69.6309
0.0584119	11.15	33.905	4	-1	0.15142	72.0533
0.0584737	11.15	32.8639	3	-1	0.15319	72.9615
0.0598331	11.15	34.2004	2	-1	0.14774	71.2653
0.0604287	11.15	32.6483	4	-1	0.15631	71.7644
0.0610588	11.15	33.5784	1	-1	0.15501	71.2886
0.0610981	11.15	33.5388	2	-1	0.14949	69.1763
0.0612046	11.15	33.839	2	-1	0.14787	68.6905
0.0613747	11.15	34.0563	1	-1	0.14814	69.2988
0.0619093	11.15	32.6451	1	-1	0.15704	72.0169
0.0619159	11.15	32.6869	4	-1	0.1568	71.9068
0.0623982	11.15	32.8288	2	-1	0.15845	74.1703
0.0625063	11.15	33.3282	2	-1	0.156	73.4187
0.0625481	11.15	32.955	1	-1	0.15137	71.2396
0.0629334	11.15	33.844	2	-1	0.14911	70.3714
0.0635235	11.15	32.5231	1	-1	0.15434	69.8529
0.0642373	11.15	32.2437	2	-1	0.1594	73.7485
