0.0011113	12.55	39.8021	3	-1	0.13725	86.0933
0.00114189	12.55	41.9927	4	-1	0.12621	79.1682
0.00117098	12.55	43.6193	3	-1	0.11945	93.7819
0.00119931	12.55	44.8725	4	-1	0.11485	90.1704
0.0012268	12.55	45.8361	3	-1	0.1116	96.1654
0.00125396	12.55	46.5975	4	-1	0.1092	94.0974
0.00128058	12.55	47.1916	3	-1	0.10741	97.2388
0.00130707	12.55	47.6674	4	-1	0.10603	95.9895
0.00133318	12.55	48.041	3	-1	0.10498	97.8014
0.00135927	12.55	48.3434	4	-1	0.10414	97.0188
0.00138508	12.55	48.5799	3	-1	0.1035	98.1043
0.00141091	12.55	48.7734	4	-1	0.10298	97.6114
0.00143655	12.55	48.9221	3	-1	0.10258	98.2567
0.00146224	12.55	49.0456	4	-1	0.10226	97.9502
0.00148775	12.55	49.1384	3	-1	0.10201	98.3418
0.00151336	12.55	49.2166	4	-1	0.10181	98.149
0.00153881	12.55	49.2729	3	-1	0.10166	98.3838
0.00156437	12.55	49.3216	1	-1	0.10154	98.2677
0.00156437	12.55	49.3216	4	-1	0.10154	98.2677
0.00158976	12.55	49.3563	2	-1	0.10144	98.3804
0.00158979	12.55	49.3535	3	-1	0.10145	98.3901
0.00161533	12.55	49.3824	4	-1	0.10137	98.3125
0.00161533	12.55	49.382	1	-1	0.10138	98.3222
0.00164071	12.55	49.4014	2	-1	0.10132	98.3689
0.00164074	12.55	49.3985	3	-1	0.10132	98.3689
0.00166627	12.55	49.4149	4	-1	0.10128	98.3301
0.00166627	12.55	49.4144	1	-1	0.10129	98.3398
0.00169165	12.55	49.4237	2	-1	0.10126	98.3489
0.00169168	12.55	49.4209	3	-1	0.10126	98.3489
0.00171722	12.55	49.429	4	-1	0.10124	98.3294
0.00171722	12.55	49.4285	1	-1	0.10125	98.3392
0.0017426	12.55	49.4311	2	-1	0.10123	98.3102
0.00174263	12.55	49.4278	3	-1	0.10124	98.3199
0.00176818	12.55	49.431	4	-1	0.10123	98.3102
0.00176819	12.55	49.4305	1	-1	0.10124	98.3199
0.00179358	12.55	49.4288	2	-1	0.10124	98.2817
0.00179361	12.55	49.4255	3	-1	0.10124	98.2817
0.00181918	12.55	49.425	1	-1	0.10124	98.2817
0.00181918	12.55	49.425	4	-1	0.10124	98.2817
0.00184459	12.55	49.4195	2	-1	0.10125	98.2342
0.00184463	12.55	49.4157	3	-1	0.10126	98.2439
0.00187021	12.55	49.4135	1	-1	0.10127	98.2536
0.00187021	12.55	49.4135	4	-1	0.10127	98.2536
0.00189564	12.55	49.4061	2	-1	0.10128	98.1871
0.00189568	12.55	49.4024	3	-1	0.10128	98.1871
0.00192128	12.55	49.3987	1	-1	0.1013	98.2065
0.00192128	12.55	49.3987	4	-1	0.1013	98.2065
0.00194673	12.55	49.3901	2	-1	0.10132	98.1498
0.00194677	12.55	49.3863	3	-1	0.10132	98.1498
0.0019724	12.55	49.3816	4	-1	0.10133	98.1594
0.0019724	12.55	49.3812	1	-1	0.10134	98.1691
0.00199787	12.55	49.3719	2	-1	0.10136	98.103
0.00199791	12.55	49.3682	3	-1	0.10136	98.103
0.00202357	12.55	49.3629	1	-1	0.10138	98.1223
0.00202357	12.55	49.3629	4	-1	0.10138	98.1223
0.00204905	12.55	49.3531	2	-1	0.1014	98.0563
0.00204909	12.55	49.3493	3	-1	0.1014	98.0563
0.00207477	12.55	49.3428	1	-1	0.10142	98.0756
0.00207477	12.55	49.3428	4	-1	0.10142	98.0756
0.00210029	12.55	49.3328	2	-1	0.10144	98.0097
0.00210033	12.55	49.3286	3	-1	0.10145	98.0193
0.00212603	12.55	49.3224	1	-1	0.10147	98.0386
0.00212603	12.55	49.3224	4	-1	0.10147	98.0386
0.00215157	12.55	49.3123	2	-1	0.10149	97.9633
0.00215161	12.55	49.3081	3	-1	0.10149	97.9633
0.00217733	12.55	49.3018	4	-1	0.10151	97.9826
0.00217734	12.55	49.3013	1	-1	0.10152	97.9923
0.0022029	12.55	49.2912	2	-1	0.10154	97.9171
0.00220294	12.55	49.287	3	-1	0.10154	97.9171
0.00222869	12.55	49.2807	4	-1	0.10156	97.9364
0.00222869	12.55	49.2803	1	-1	0.10157	97.946
0.00225428	12.55	49.2701	2	-1	0.10159	97.8709
0.00225433	12.55	49.266	3	-1	0.10159	97.8709
0.00228009	12.55	49.2597	1	-1	0.10161	97.8902
0.00228009	12.55	49.2597	4	-1	0.10161	97.8902
0.00230571	12.55	49.2487	2	-1	0.10163	97.8152
0.00230576	12.55	49.2441	3	-1	0.10164	97.8248
0.00233155	12.55	49.2384	1	-1	0.10166	97.8441
0.00233155	12.55	49.2384	4	-1	0.10166	97.8441
0.00235718	12.55	49.2274	2	-1	0.10168	97.7692
0.00235724	12.55	49.2223	3	-1	0.10169	97.7788
0.00238305	12.55	49.2172	1	-1	0.10171	97.7981
0.00238305	12.55	49.2172	4	-1	0.10171	97.7981
0.00240871	12.55	49.2063	2	-1	0.10173	97.7233
0.00240877	12.55	49.2008	3	-1	0.10174	97.7329
0.00243461	12.55	49.1962	1	-1	0.10176	97.7522
0.00243461	12.55	49.1962	4	-1	0.10176	97.7522
0.00246028	12.55	49.1853	2	-1	0.10178	97.6775
0.00246034	12.55	49.1798	3	-1	0.10178	97.6775
0.00248621	12.55	49.1744	1	-1	0.10181	97.7063
0.00248621	12.55	49.1744	4	-1	0.10181	97.7063
0.00251191	12.55	49.1638	2	-1	0.10183	97.6318
0.00251197	12.55	49.1582	3	-1	0.10183	97.6318
0.00253786	12.55	49.153	4	-1	0.10185	97.651
0.00253787	12.55	49.1525	1	-1	0.10186	97.6606
0.00256359	12.55	49.1421	2	-1	0.10188	97.5862
0.00256365	12.55	49.1366	3	-1	0.10188	97.5862
0.00258956	12.55	49.1315	4	-1	0.1019	97.6054
0.00258957	12.55	49.1311	1	-1	0.10191	97.6149
0.00261531	12.55	49.1199	2	-1	0.10193	97.5313
0.00261537	12.55	49.1144	3	-1	0.10193	97.5313
0.00264132	12.55	49.1097	4	-1	0.10195	97.5505
0.00264133	12.55	49.1092	1	-1	0.10196	97.56
0.00266709	12.55	49.0983	2	-1	0.10198	97.4859
0.00266715	12.55	49.0928	3	-1	0.10198	97.4859
0.00269313	12.55	49.0882	4	-1	0.102	97.505
0.00269313	12.55	49.0878	1	-1	0.10201	97.5146
0.00271892	12.55	49.0771	2	-1	0.10203	97.4406
0.00271898	12.55	49.0716	3	-1	0.10203	97.4406
0.00274498	12.55	49.0663	4	-1	0.10205	97.4597
0.00274499	12.55	49.0658	1	-1	0.10206	97.4692
0.0027708	12.55	49.0554	2	-1	0.10208	97.3953
0.00277086	12.55	49.0499	3	-1	0.10208	97.3953
0.00279689	12.55	49.0449	4	-1	0.1021	97.4144
0.00279689	12.55	49.0444	1	-1	0.10211	97.4239
0.00282273	12.55	49.0341	2	-1	0.10213	97.3501
0.00282279	12.55	49.0287	3	-1	0.10213	97.3501
0.00284884	12.55	49.0237	4	-1	0.10215	97.3692
0.00284885	12.55	49.0233	1	-1	0.10216	97.3787
0.00287471	12.55	49.0123	2	-1	0.10218	97.2958
0.00287477	12.55	49.0069	3	-1	0.10218	97.2958
0.00290085	12.55	49.0022	4	-1	0.1022	97.3148
0.00290086	12.55	49.0017	1	-1	0.10221	97.3243
0.00292674	12.55	48.991	2	-1	0.10223	97.2508
0.0029268	12.55	48.9856	3	-1	0.10223	97.2508
0.00295291	12.55	48.9811	4	-1	0.10225	97.2698
0.00295292	12.55	48.9806	1	-1	0.10226	97.2793
0.00297882	12.55	48.97	2	-1	0.10228	97.2059
0.00297888	12.55	48.9646	3	-1	0.10228	97.2059
0.00300502	12.55	48.9594	4	-1	0.1023	97.2249
0.00300503	12.55	48.9589	1	-1	0.10231	97.2344
0.00303095	12.55	48.9486	2	-1	0.10233	97.161
0.00303101	12.55	48.9432	3	-1	0.10233	97.161
0.00305718	12.55	48.9382	4	-1	0.10235	97.18
0.00305719	12.55	48.9377	1	-1	0.10236	97.1895
0.00308313	12.55	48.9275	2	-1	0.10237	97.1068
0.00308319	12.55	48.9217	3	-1	0.10238	97.1163
0.00310939	12.55	48.9173	4	-1	0.1024	97.1353
0.00310939	12.55	48.9168	1	-1	0.10241	97.1448
0.00313536	12.55	48.9059	2	-1	0.10242	97.053
0.00313543	12.55	48.8996	3	-1	0.10243	97.0624
0.00316165	12.55	48.896	4	-1	0.10245	97.0814
0.00316166	12.55	48.8955	1	-1	0.10246	97.0909
0.00318763	12.55	48.8848	2	-1	0.10247	97.0084
0.00318771	12.55	48.8781	3	-1	0.10248	97.0179
0.00321396	12.55	48.8751	4	-1	0.1025	97.0368
0.00321397	12.55	48.8746	1	-1	0.10251	97.0463
0.00323996	12.55	48.864	2	-1	0.10252	96.964
0.00324004	12.55	48.8569	3	-1	0.10253	96.9734
0.00326632	12.55	48.8536	4	-1	0.10255	96.9923
0.00326633	12.55	48.8532	1	-1	0.10256	97.0018
0.00329234	12.55	48.8428	2	-1	0.10257	96.9196
0.00329242	12.55	48.8352	3	-1	0.10258	96.929
0.00331873	12.55	48.8326	4	-1	0.10259	96.9385
0.00331873	12.55	48.8321	1	-1	0.1026	96.9479
0.00334477	12.55	48.8211	2	-1	0.10262	96.8753
0.00334486	12.55	48.8131	3	-1	0.10263	96.8847
0.00337119	12.55	48.8112	4	-1	0.10264	96.8942
0.00337119	12.55	48.8108	1	-1	0.10265	96.9036
0.00339725	12.55	48.8	2	-1	0.10267	96.8311
0.00339734	12.55	48.7915	3	-1	0.10268	96.8405
0.0034237	12.55	48.7903	4	-1	0.10269	96.8499
0.0034237	12.55	48.7899	1	-1	0.1027	96.8594
0.00344978	12.55	48.7793	2	-1	0.10272	96.787
0.00344988	12.55	48.7704	3	-1	0.10273	96.7964
0.00347626	12.55	48.769	4	-1	0.10274	96.8058
0.00347626	12.55	48.7685	1	-1	0.10275	96.8152
0.00350236	12.55	48.7581	2	-1	0.10277	96.7429
0.00350247	12.55	48.7488	3	-1	0.10278	96.7523
0.00352887	12.55	48.7481	4	-1	0.10279	96.7617
0.00352887	12.55	48.7477	1	-1	0.1028	96.7712
0.003555	12.55	48.7366	2	-1	0.10282	96.6899
0.00355511	12.55	48.7268	3	-1	0.10283	96.6993
0.00358153	12.55	48.7269	4	-1	0.10284	96.7087
0.00358153	12.55	48.7265	1	-1	0.10285	96.7181
0.00360768	12.55	48.7156	2	-1	0.10287	96.646
0.00360779	12.55	48.7055	3	-1	0.10288	96.6554
0.00363424	12.55	48.7062	4	-1	0.10289	96.6648
0.00363425	12.55	48.7058	1	-1	0.1029	96.6742
0.00366041	12.55	48.695	2	-1	0.10291	96.5928
0.00366053	12.55	48.6839	3	-1	0.10293	96.6116
0.003687	12.55	48.685	4	-1	0.10294	96.621
0.00368701	12.55	48.6845	1	-1	0.10295	96.6304
0.00371319	12.55	48.674	2	-1	0.10296	96.5491
0.00371332	12.55	48.6625	3	-1	0.10297	96.5585
0.00373982	12.55	48.6642	4	-1	0.10299	96.5773
0.00373982	12.55	48.6638	1	-1	0.103	96.5866
0.00376602	12.55	48.6526	2	-1	0.10301	96.4965
0.00376615	12.55	48.6407	3	-1	0.10302	96.5059
0.00379268	12.55	48.6432	4	-1	0.10304	96.5246
0.00379269	12.55	48.6427	1	-1	0.10305	96.534
0.0038189	12.55	48.6318	2	-1	0.10306	96.453
0.00381904	12.55	48.6195	3	-1	0.10307	96.4623
0.0038456	12.55	48.6218	4	-1	0.10309	96.481
0.0038456	12.55	48.6214	1	-1	0.1031	96.4904
0.00387184	12.55	48.6107	2	-1	0.10311	96.4095
0.00387198	12.55	48.598	3	-1	0.10312	96.4189
0.00389856	12.55	48.601	4	-1	0.10314	96.4376
0.00389857	12.55	48.6006	1	-1	0.10315	96.4469
0.00392482	12.55	48.5893	2	-1	0.10316	96.3572
0.00392497	12.55	48.5762	3	-1	0.10317	96.3665
0.00395158	12.55	48.58	4	-1	0.10319	96.3852
0.00395159	12.55	48.5796	1	-1	0.1032	96.3945
0.00397786	12.55	48.5685	2	-1	0.10321	96.3139
0.00397801	12.55	48.555	3	-1	0.10322	96.3233
0.00400465	12.55	48.5595	4	-1	0.10323	96.3326
0.00400465	12.55	48.559	1	-1	0.10324	96.3419
0.00403094	12.55	48.5481	2	-1	0.10326	96.2797
0.0040311	12.55	48.5342	3	-1	0.10327	96.289
0.00405776	12.55	48.5385	4	-1	0.10328	96.2984
0.00405776	12.55	48.538	1	-1	0.10329	96.3077
0.00408408	12.55	48.5274	2	-1	0.10331	96.2366
0.00408424	12.55	48.513	3	-1	0.10332	96.2459
0.00411092	12.55	48.518	4	-1	0.10333	96.2552
0.00411093	12.55	48.5176	1	-1	0.10334	96.2646
0.00413727	12.55	48.5062	2	-1	0.10336	96.1846
0.00413743	12.55	48.4915	3	-1	0.10337	96.1939
0.00416414	12.55	48.4972	4	-1	0.10338	96.2032
0.00416414	12.55	48.4968	1	-1	0.10339	96.2125
0.0041905	12.55	48.4857	2	-1	0.10341	96.1417
0.00419068	12.55	48.4705	3	-1	0.10342	96.151
0.00421741	12.55	48.4761	4	-1	0.10343	96.1603
0.00421741	12.55	48.4757	1	-1	0.10344	96.1696
0.00424379	12.55	48.4649	2	-1	0.10346	96.0988
0.00424397	12.55	48.4493	3	-1	0.10347	96.1081
0.00427072	12.55	48.4556	4	-1	0.10348	96.1174
0.00427073	12.55	48.4552	1	-1	0.10349	96.1267
0.00429713	12.55	48.4437	2	-1	0.1035	96.0379
0.00429732	12.55	48.4273	3	-1	0.10352	96.0564
0.00432409	12.55	48.4349	4	-1	0.10353	96.0657
0.0043241	12.55	48.4344	1	-1	0.10354	96.075
0.00435052	12.55	48.4231	2	-1	0.10355	95.9952
0.00435071	12.55	48.4059	3	-1	0.10357	96.0137
0.00437751	12.55	48.4138	4	-1	0.10358	96.023
0.00437752	12.55	48.4134	1	-1	0.10359	96.0323
0.00440396	12.55	48.4023	2	-1	0.1036	95.9526
0.00440416	12.55	48.3843	3	-1	0.10362	95.9711
0.00443098	12.55	48.3934	4	-1	0.10363	95.9804
0.00443099	12.55	48.393	1	-1	0.10364	95.9896
0.00445745	12.55	48.3813	2	-1	0.10365	95.9012
0.00445766	12.55	48.3624	3	-1	0.10367	95.9197
0.00448451	12.55	48.3728	4	-1	0.10368	95.9289
0.00448451	12.55	48.3724	1	-1	0.10369	95.9382
0.00451099	12.55	48.3609	2	-1	0.1037	95.8588
0.00451121	12.55	48.3412	3	-1	0.10372	95.8772
0.00453808	12.55	48.3518	4	-1	0.10372	95.8772
0.00453808	12.55	48.3514	1	-1	0.10373	95.8865
0.00456458	12.55	48.3394	2	-1	0.10375	95.8164
0.00456482	12.55	48.3189	3	-1	0.10377	95.8349
0.00459171	12.55	48.3309	4	-1	0.10378	95.8441
0.00459171	12.55	48.3305	1	-1	0.10379	95.8533
0.00461822	12.55	48.3187	2	-1	0.1038	95.7653
0.00461847	12.55	48.2974	3	-1	0.10382	95.7837
0.00464538	12.55	48.3098	4	-1	0.10382	95.7837
0.00464538	12.55	48.3094	1	-1	0.10383	95.793
0.00467192	12.55	48.2979	2	-1	0.10385	95.7319
0.00467218	12.55	48.2758	3	-1	0.10387	95.7504
0.0046991	12.55	48.2894	4	-1	0.10387	95.7504
0.00469911	12.55	48.289	1	-1	0.10388	95.7596
0.00472567	12.55	48.2768	2	-1	0.1039	95.681
0.00472593	12.55	48.2539	3	-1	0.10392	95.6994
0.00475288	12.55	48.2688	4	-1	0.10392	95.6994
0.00475288	12.55	48.2684	1	-1	0.10393	95.7086
0.00477946	12.55	48.2565	2	-1	0.10395	95.639
0.00477974	12.55	48.2332	3	-1	0.10396	95.6482
0.0048067	12.55	48.248	4	-1	0.10397	95.6574
0.00480671	12.55	48.2476	1	-1	0.10398	95.6666
0.00483331	12.55	48.2359	2	-1	0.104	95.597
0.00483359	12.55	48.2122	3	-1	0.10401	95.6062
0.00486058	12.55	48.2278	4	-1	0.10402	95.6154
0.00486058	12.55	48.2274	1	-1	0.10403	95.6246
0.00488722	12.55	48.2151	2	-1	0.10405	95.5464
0.0048875	12.55	48.1911	3	-1	0.10406	95.5556
0.00491451	12.55	48.2074	4	-1	0.10407	95.5647
0.00491451	12.55	48.207	1	-1	0.10408	95.5739
0.00494117	12.55	48.195	2	-1	0.1041	95.5046
0.00494145	12.55	48.1706	3	-1	0.10411	95.5138
0.00496849	12.55	48.1868	4	-1	0.10412	95.5229
0.00496849	12.55	48.1864	1	-1	0.10413	95.5321
0.00499517	12.55	48.1739	2	-1	0.10415	95.4541
0.00499546	12.55	48.1491	3	-1	0.10416	95.4633
0.00502252	12.55	48.1662	4	-1	0.10417	95.4725
0.00502253	12.55	48.1657	1	-1	0.10418	95.4816
0.00504922	12.55	48.1535	2	-1	0.1042	95.4125
0.00504952	12.55	48.1284	3	-1	0.10421	95.4217
0.00507661	12.55	48.1454	4	-1	0.10422	95.4308
0.00507661	12.55	48.145	1	-1	0.10423	95.44
0.00510333	12.55	48.133	2	-1	0.10424	95.3618
0.00510363	12.55	48.107	3	-1	0.10426	95.3801
0.00513074	12.55	48.1253	4	-1	0.10427	95.3893
0.00513075	12.55	48.1248	1	-1	0.10428	95.3984
0.00515748	12.55	48.1123	2	-1	0.10429	95.3116
0.0051578	12.55	48.0855	3	-1	0.10431	95.3299
0.00518493	12.55	48.1042	4	-1	0.10432	95.3391
0.00518493	12.55	48.1038	1	-1	0.10433	95.3482
0.00521169	12.55	48.0916	2	-1	0.10434	95.2703
0.00521201	12.55	48.064	3	-1	0.10436	95.2885
0.00523917	12.55	48.084	4	-1	0.10437	95.2977
0.00523917	12.55	48.0836	1	-1	0.10438	95.3068
0.00526594	12.55	48.0708	2	-1	0.10439	95.2203
0.00526628	12.55	48.0425	3	-1	0.10441	95.2385
0.00529346	12.55	48.0637	4	-1	0.10442	95.2477
0.00529346	12.55	48.0633	1	-1	0.10443	95.2568
0.00532025	12.55	48.0507	2	-1	0.10444	95.1791
0.0053206	12.55	48.0216	3	-1	0.10446	95.1973
0.00534779	12.55	48.0432	4	-1	0.10446	95.1973
0.0053478	12.55	48.0428	1	-1	0.10447	95.2064
0.00537461	12.55	48.0297	2	-1	0.10449	95.1379
0.00537497	12.55	47.9998	3	-1	0.10451	95.1562
0.00540218	12.55	48.0227	4	-1	0.10451	95.1562
0.00540219	12.55	48.0223	1	-1	0.10452	95.1653
0.00542902	12.55	48.0094	2	-1	0.10454	95.0969
0.00542939	12.55	47.9788	3	-1	0.10456	95.1151
0.00545662	12.55	48.0021	4	-1	0.10456	95.1151
0.00545663	12.55	48.0017	1	-1	0.10457	95.1242
0.00548349	12.55	47.9891	2	-1	0.10459	95.0559
0.00548386	12.55	47.9577	3	-1	0.10461	95.0741
0.00551111	12.55	47.9823	4	-1	0.10461	95.0741
0.00551112	12.55	47.9819	1	-1	0.10462	95.0832
0.005538	12.55	47.9686	2	-1	0.10464	95.0064
0.00553839	12.55	47.9365	3	-1	0.10466	95.0245
0.00556566	12.55	47.9615	4	-1	0.10466	95.0245
0.00556566	12.55	47.9611	1	-1	0.10467	95.0336
0.00559257	12.55	47.9482	2	-1	0.10469	94.9655
0.00559297	12.55	47.9153	3	-1	0.10471	94.9837
0.00562025	12.55	47.9415	4	-1	0.10471	94.9837
0.00562026	12.55	47.9411	1	-1	0.10472	94.9927
0.00564719	12.55	47.9276	2	-1	0.10474	94.9162
0.00564759	12.55	47.8944	3	-1	0.10475	94.9252
0.0056749	12.55	47.921	4	-1	0.10476	94.9343
0.0056749	12.55	47.9206	1	-1	0.10477	94.9434
0.00570186	12.55	47.9074	2	-1	0.10479	94.8755
0.00570227	12.55	47.8734	3	-1	0.1048	94.8846
0.0057296	12.55	47.9009	4	-1	0.10481	94.8936
0.0057296	12.55	47.9005	1	-1	0.10482	94.9027
0.00575658	12.55	47.8868	2	-1	0.10484	94.8263
0.00575699	12.55	47.8525	3	-1	0.10485	94.8354
0.00578435	12.55	47.8808	4	-1	0.10486	94.8444
0.00578435	12.55	47.8804	1	-1	0.10487	94.8535
0.00581135	12.55	47.867	2	-1	0.10489	94.7858
0.00581177	12.55	47.8323	3	-1	0.1049	94.7949
0.00583915	12.55	47.8606	4	-1	0.10491	94.8039
0.00583915	12.55	47.8602	1	-1	0.10492	94.8129
0.00586618	12.55	47.8463	2	-1	0.10494	94.7368
0.0058666	12.55	47.8113	3	-1	0.10495	94.7459
0.00589401	12.55	47.8404	4	-1	0.10496	94.7549
0.00589401	12.55	47.84	1	-1	0.10497	94.7639
0.00592105	12.55	47.8263	2	-1	0.10498	94.6875
0.00592148	12.55	47.7906	3	-1	0.105	94.7055
0.00594891	12.55	47.8202	4	-1	0.10501	94.7145
0.00594892	12.55	47.8198	1	-1	0.10502	94.7236
0.00597597	12.55	47.8056	2	-1	0.10503	94.6387
0.00597642	12.55	47.7691	3	-1	0.10505	94.6567
0.00600387	12.55	47.8	4	-1	0.10506	94.6657
0.00600388	12.55	47.7996	1	-1	0.10507	94.6747
0.00603095	12.55	47.7857	2	-1	0.10508	94.5985
0.0060314	12.55	47.7485	3	-1	0.1051	94.6165
0.00605888	12.55	47.7797	4	-1	0.1051	94.6165
0.00605888	12.55	47.7793	1	-1	0.10511	94.6255
0.00608598	12.55	47.765	2	-1	0.10513	94.5584
0.00608644	12.55	47.727	3	-1	0.10515	94.5764
0.00611393	12.55	47.7596	4	-1	0.10515	94.5764
0.00611394	12.55	47.7592	1	-1	0.10516	94.5854
0.00614106	12.55	47.7451	2	-1	0.10518	94.5183
0.00614153	12.55	47.7064	3	-1	0.1052	94.5363
0.00616904	12.55	47.7394	4	-1	0.1052	94.5363
0.00616905	12.55	47.739	1	-1	0.10521	94.5453
0.00619619	12.55	47.7244	2	-1	0.10523	94.4699
0.00619667	12.55	47.685	3	-1	0.10525	94.4878
0.00622421	12.55	47.7194	4	-1	0.10525	94.4878
0.00622421	12.55	47.719	1	-1	0.10526	94.4968
0.00625137	12.55	47.7046	2	-1	0.10528	94.43
0.00625187	12.55	47.6645	3	-1	0.1053	94.4479
0.00627942	12.55	47.6993	4	-1	0.1053	94.4479
0.00627942	12.55	47.6989	1	-1	0.10531	94.4569
0.00630661	12.55	47.684	2	-1	0.10533	94.3817
0.00630711	12.55	47.6432	3	-1	0.10535	94.3996
0.00633468	12.55	47.6789	4	-1	0.10535	94.3996
0.00633469	12.55	47.6785	1	-1	0.10536	94.4086
0.00636189	12.55	47.6639	2	-1	0.10538	94.342
0.00636241	12.55	47.622	3	-1	0.1054	94.3599
0.00639	12.55	47.6591	4	-1	0.1054	94.3599
0.00639001	12.55	47.6587	1	-1	0.10541	94.3688
0.00641724	12.55	47.6435	2	-1	0.10543	94.2939
0.00641777	12.55	47.6009	3	-1	0.10545	94.3118
0.00644537	12.55	47.6385	4	-1	0.10545	94.3118
0.00644538	12.55	47.6381	1	-1	0.10546	94.3207
0.00647263	12.55	47.6233	2	-1	0.10548	94.2543
0.00647317	12.55	47.5803	3	-1	0.10549	94.2632
0.00650079	12.55	47.6188	4	-1	0.1055	94.2722
0.0065008	12.55	47.6184	1	-1	0.10551	94.2811
0.00652808	12.55	47.6032	2	-1	0.10553	94.2064
0.00652862	12.55	47.5599	3	-1	0.10554	94.2153
0.00655627	12.55	47.5984	4	-1	0.10555	94.2242
0.00655627	12.55	47.598	1	-1	0.10556	94.2332
0.00658358	12.55	47.5832	2	-1	0.10558	94.167
0.00658412	12.55	47.5396	3	-1	0.10559	94.1759
0.00661179	12.55	47.5789	4	-1	0.1056	94.1848
0.0066118	12.55	47.5785	1	-1	0.10561	94.1937
0.00663912	12.55	47.5632	2	-1	0.10563	94.1192
0.00663967	12.55	47.5193	3	-1	0.10564	94.1281
0.00666737	12.55	47.5587	4	-1	0.10565	94.137
0.00666737	12.55	47.5583	1	-1	0.10566	94.146
0.00669473	12.55	47.5426	2	-1	0.10568	94.0716
0.00669528	12.55	47.4984	3	-1	0.10569	94.0805
0.006723	12.55	47.5387	4	-1	0.1057	94.0894
0.00672301	12.55	47.5383	1	-1	0.10571	94.0983
0.00675038	12.55	47.523	2	-1	0.10573	94.0324
0.00675094	12.55	47.4785	3	-1	0.10574	94.0413
0.00677868	12.55	47.5188	4	-1	0.10575	94.0502
0.00677869	12.55	47.5184	1	-1	0.10576	94.0591
0.00680609	12.55	47.5027	2	-1	0.10578	93.9849
0.00680665	12.55	47.4578	3	-1	0.10579	93.9938
0.00683442	12.55	47.4987	4	-1	0.1058	94.0027
0.00683443	12.55	47.4983	1	-1	0.10581	94.0116
0.00686184	12.55	47.4829	2	-1	0.10583	93.9458
0.00686242	12.55	47.4374	3	-1	0.10584	93.9547
0.00689021	12.55	47.4791	4	-1	0.10585	93.9636
0.00689021	12.55	47.4787	1	-1	0.10586	93.9725
0.00691766	12.55	47.4628	2	-1	0.10588	93.8985
0.00691823	12.55	47.417	3	-1	0.10589	93.9074
0.00694605	12.55	47.4588	4	-1	0.1059	93.9163
0.00694605	12.55	47.4584	1	-1	0.10591	93.9252
0.00697352	12.55	47.443	2	-1	0.10593	93.8596
0.00697411	12.55	47.3969	3	-1	0.10594	93.8685
0.00700193	12.55	47.4394	4	-1	0.10594	93.8685
0.00700194	12.55	47.439	1	-1	0.10595	93.8774
0.00702943	12.55	47.423	2	-1	0.10597	93.812
0.00703003	12.55	47.3762	3	-1	0.10599	93.8297
0.00705787	12.55	47.4193	4	-1	0.10599	93.8297
0.00705788	12.55	47.4189	1	-1	0.106	93.8385
0.0070854	12.55	47.4025	2	-1	0.10603	93.7738
0.007086	12.55	47.3554	3	-1	0.10604	93.7826
0.00711387	12.55	47.3995	4	-1	0.10604	93.7826
0.00711387	12.55	47.3991	1	-1	0.10605	93.7915
0.00714142	12.55	47.383	2	-1	0.10607	93.7263
0.00714202	12.55	47.3352	3	-1	0.10609	93.7439
0.00716991	12.55	47.3797	4	-1	0.10609	93.7439
0.00716992	12.55	47.3793	1	-1	0.1061	93.7528
0.00719748	12.55	47.3628	2	-1	0.10612	93.6794
0.0071981	12.55	47.3143	3	-1	0.10614	93.697
0.00722601	12.55	47.3594	4	-1	0.10614	93.697
0.00722602	12.55	47.359	1	-1	0.10615	93.7059
0.00725361	12.55	47.3428	2	-1	0.10617	93.6409
0.00725424	12.55	47.2937	3	-1	0.10619	93.6585
0.00728216	12.55	47.3401	4	-1	0.10619	93.6585
0.00728216	12.55	47.3398	1	-1	0.1062	93.6673
0.00730978	12.55	47.323	2	-1	0.10622	93.5941
0.00731041	12.55	47.2736	3	-1	0.10623	93.603
0.00733836	12.55	47.3201	4	-1	0.10624	93.6118
0.00733837	12.55	47.3197	1	-1	0.10625	93.6206
0.00736601	12.55	47.3027	2	-1	0.10627	93.5475
0.00736665	12.55	47.253	3	-1	0.10628	93.5563
0.00739462	12.55	47.3001	4	-1	0.10629	93.5651
0.00739462	12.55	47.2997	1	-1	0.1063	93.5739
0.00742228	12.55	47.283	2	-1	0.10632	93.5092
0.00742293	12.55	47.2327	3	-1	0.10633	93.518
0.00745092	12.55	47.2807	4	-1	0.10634	93.5268
0.00745093	12.55	47.2803	1	-1	0.10635	93.5356
0.00747861	12.55	47.2632	2	-1	0.10637	93.4628
0.00747927	12.55	47.2126	3	-1	0.10638	93.4716
0.00750728	12.55	47.2607	4	-1	0.10639	93.4804
0.00750729	12.55	47.2603	1	-1	0.1064	93.4891
0.007535	12.55	47.2429	2	-1	0.10642	93.4164
0.00753566	12.55	47.192	3	-1	0.10643	93.4252
0.0075637	12.55	47.2411	4	-1	0.10644	93.434
0.0075637	12.55	47.2407	1	-1	0.10645	93.4428
0.00759143	12.55	47.2237	2	-1	0.10647	93.3784
0.0075921	12.55	47.1725	3	-1	0.10648	93.3871
0.00762016	12.55	47.2216	4	-1	0.10649	93.3959
0.00762017	12.55	47.2212	1	-1	0.1065	93.4047
0.00764792	12.55	47.2038	2	-1	0.10652	93.3322
0.00764859	12.55	47.1523	3	-1	0.10653	93.3409
0.00767668	12.55	47.2016	4	-1	0.10654	93.3497
0.00767669	12.55	47.2012	1	-1	0.10655	93.3585
0.00770447	12.55	47.1835	2	-1	0.10657	93.2861
0.00770514	12.55	47.1318	3	-1	0.10658	93.2948
0.00773326	12.55	47.182	4	-1	0.10659	93.3036
0.00773326	12.55	47.1816	1	-1	0.1066	93.3123
0.00776106	12.55	47.1643	2	-1	0.10662	93.2482
0.00776174	12.55	47.1123	3	-1	0.10663	93.257
0.00778988	12.55	47.1626	4	-1	0.10664	93.2657
0.00778989	12.55	47.1622	1	-1	0.10665	93.2744
0.00781771	12.55	47.1445	2	-1	0.10667	93.2023
0.00781839	12.55	47.0923	3	-1	0.10668	93.211
0.00784656	12.55	47.1426	4	-1	0.10669	93.2197
0.00784656	12.55	47.1423	1	-1	0.1067	93.2285
0.00787441	12.55	47.1243	2	-1	0.10672	93.1564
0.0078751	12.55	47.0718	3	-1	0.10673	93.1652
0.00790329	12.55	47.1232	4	-1	0.10674	93.1739
0.00790329	12.55	47.1228	1	-1	0.10675	93.1826
0.00793116	12.55	47.1052	2	-1	0.10677	93.1188
0.00793186	12.55	47.0524	3	-1	0.10678	93.1275
0.00796007	12.55	47.1037	4	-1	0.10678	93.1275
0.00796007	12.55	47.1034	1	-1	0.10679	93.1362
0.00798797	12.55	47.0854	2	-1	0.10682	93.0812
0.00798867	12.55	47.0323	3	-1	0.10683	93.0899
0.0080169	12.55	47.0838	4	-1	0.10683	93.0899
0.0080169	12.55	47.0834	1	-1	0.10684	93.0986
0.00804483	12.55	47.0652	2	-1	0.10687	93.0356
0.00804553	12.55	47.0119	3	-1	0.10688	93.0443
0.00807379	12.55	47.0645	4	-1	0.10689	93.053
0.00807379	12.55	47.0641	1	-1	0.1069	93.0617
0.00810174	12.55	47.0462	2	-1	0.10692	92.9901
0.00810245	12.55	46.9926	3	-1	0.10693	92.9988
0.00813072	12.55	47.0452	4	-1	0.10693	92.9988
0.00813073	12.55	47.0448	1	-1	0.10694	93.0075
0.0081587	12.55	47.0265	2	-1	0.10697	92.9527
0.00815942	12.55	46.9727	3	-1	0.10698	92.9614
0.00818771	12.55	47.0254	4	-1	0.10698	92.9614
0.00818772	12.55	47.025	1	-1	0.10699	92.9701
0.00821572	12.55	47.0064	2	-1	0.10702	92.9074
0.00821644	12.55	46.9523	3	-1	0.10703	92.9161
0.00824476	12.55	47.0056	4	-1	0.10703	92.9161
0.00824476	12.55	47.0053	1	-1	0.10704	92.9247
0.00827279	12.55	46.9871	2	-1	0.10707	92.8702
0.00827352	12.55	46.9323	3	-1	0.10708	92.8788
0.00830185	12.55	46.9866	4	-1	0.10708	92.8788
0.00830185	12.55	46.9862	1	-1	0.10709	92.8875
0.00832992	12.55	46.9676	2	-1	0.10712	92.825
0.00833064	12.55	46.913	3	-1	0.10712	92.825
0.008359	12.55	46.9669	4	-1	0.10713	92.8336
0.008359	12.55	46.9666	1	-1	0.10714	92.8423
0.00838709	12.55	46.9477	2	-1	0.10717	92.7798
0.00838782	12.55	46.8932	3	-1	0.10717	92.7798
0.0084162	12.55	46.947	4	-1	0.10718	92.7885
0.0084162	12.55	46.9466	1	-1	0.10719	92.7972
0.00844432	12.55	46.9276	2	-1	0.10722	92.7348
0.00844505	12.55	46.8732	3	-1	0.10722	92.7348
0.00847346	12.55	46.9276	4	-1	0.10723	92.7435
0.00847346	12.55	46.9272	1	-1	0.10724	92.7521
0.00850161	12.55	46.9087	2	-1	0.10727	92.6979
0.00850233	12.55	46.8545	3	-1	0.10727	92.6979
0.00853076	12.55	46.9085	4	-1	0.10728	92.7065
0.00853077	12.55	46.9081	1	-1	0.10729	92.7152
0.00855894	12.55	46.8893	2	-1	0.10732	92.653
0.00855967	12.55	46.8351	3	-1	0.10732	92.653
0.00858812	12.55	46.8889	4	-1	0.10733	92.6617
0.00858813	12.55	46.8885	1	-1	0.10734	92.6703
0.00861633	12.55	46.8695	2	-1	0.10737	92.6082
0.00861706	12.55	46.8154	3	-1	0.10737	92.6082
0.00864554	12.55	46.869	4	-1	0.10738	92.6169
0.00864554	12.55	46.8686	1	-1	0.10739	92.6255
0.00867378	12.55	46.8502	2	-1	0.10742	92.5715
0.0086745	12.55	46.7963	3	-1	0.10742	92.5715
0.008703	12.55	46.8503	4	-1	0.10743	92.5801
0.00870301	12.55	46.85	1	-1	0.10744	92.5888
0.00873127	12.55	46.831	2	-1	0.10746	92.5183
0.008732	12.55	46.7768	3	-1	0.10747	92.5269
0.00876052	12.55	46.831	4	-1	0.10748	92.5355
0.00876053	12.55	46.8307	1	-1	0.10749	92.5441
0.00878881	12.55	46.8114	2	-1	0.10751	92.4738
0.00878955	12.55	46.757	3	-1	0.10752	92.4824
0.00881809	12.55	46.8114	4	-1	0.10753	92.491
0.0088181	12.55	46.811	1	-1	0.10754	92.4996
0.00884641	12.55	46.7916	2	-1	0.10756	92.4293
0.00884715	12.55	46.7369	3	-1	0.10757	92.4379
0.00887572	12.55	46.7916	4	-1	0.10758	92.4465
0.00887573	12.55	46.7912	1	-1	0.10759	92.4551
0.00890407	12.55	46.7717	2	-1	0.10762	92.3935
0.00890481	12.55	46.7172	3	-1	0.10762	92.3935
0.0089334	12.55	46.7724	4	-1	0.10763	92.4021
0.00893341	12.55	46.7721	1	-1	0.10764	92.4107
0.00896177	12.55	46.753	2	-1	0.10766	92.3486
0.00896252	12.55	46.6982	3	-1	0.10767	92.3572
0.00899114	12.55	46.7535	4	-1	0.10768	92.3658
0.00899114	12.55	46.7532	1	-1	0.10769	92.3743
0.00901952	12.55	46.7337	2	-1	0.10771	92.3044
0.00902028	12.55	46.6786	3	-1	0.10772	92.313
0.00904892	12.55	46.7342	4	-1	0.10773	92.3215
0.00904893	12.55	46.7338	1	-1	0.10774	92.3301
0.00907734	12.55	46.7141	2	-1	0.10776	92.2603
0.00907809	12.55	46.6588	3	-1	0.10777	92.2688
0.00910676	12.55	46.7146	4	-1	0.10778	92.2774
0.00910677	12.55	46.7143	1	-1	0.10779	92.286
0.0091352	12.55	46.6943	2	-1	0.10781	92.2162
0.00913596	12.55	46.6388	3	-1	0.10782	92.2248
0.00916466	12.55	46.6952	4	-1	0.10783	92.2333
0.00916466	12.55	46.6949	1	-1	0.10784	92.2419
0.00919312	12.55	46.6754	2	-1	0.10786	92.1802
0.00919389	12.55	46.6193	3	-1	0.10787	92.1887
0.0092226	12.55	46.6767	4	-1	0.10788	92.1972
0.00922261	12.55	46.6763	1	-1	0.10789	92.2058
0.00925109	12.55	46.6565	2	-1	0.10791	92.1363
0.00925186	12.55	46.6001	3	-1	0.10792	92.1448
0.0092806	12.55	46.6576	4	-1	0.10793	92.1533
0.00928061	12.55	46.6573	1	-1	0.10794	92.1619
0.00930911	12.55	46.6371	2	-1	0.10796	92.0925
0.00930989	12.55	46.5809	3	-1	0.10796	92.0925
0.00933865	12.55	46.6381	4	-1	0.10797	92.101
0.00933866	12.55	46.6377	1	-1	0.10798	92.1095
0.00936719	12.55	46.6175	2	-1	0.10801	92.0566
0.00936797	12.55	46.561	3	-1	0.10802	92.0651
0.00939676	12.55	46.6187	4	-1	0.10803	92.0736
0.00939676	12.55	46.6183	1	-1	0.10804	92.0822
0.00942532	12.55	46.5978	2	-1	0.10806	92.0051
0.00942611	12.55	46.5411	3	-1	0.10807	92.0136
0.00945492	12.55	46.5994	4	-1	0.10808	92.0221
0.00945493	12.55	46.5991	1	-1	0.10809	92.0307
0.0094835	12.55	46.579	2	-1	0.10811	91.9694
0.0094843	12.55	46.5221	3	-1	0.10811	91.9694
0.00951313	12.55	46.5808	4	-1	0.10812	91.9779
0.00951313	12.55	46.5804	1	-1	0.10813	91.9864
0.00954174	12.55	46.5601	2	-1	0.10816	91.9337
0.00954253	12.55	46.5033	3	-1	0.10816	91.9337
0.00957139	12.55	46.5618	4	-1	0.10817	91.9422
0.0095714	12.55	46.5614	1	-1	0.10818	91.9507
0.00960003	12.55	46.5409	2	-1	0.10821	91.8903
0.00960082	12.55	46.4842	3	-1	0.10821	91.8903
0.00962971	12.55	46.5425	4	-1	0.10822	91.8988
0.00962971	12.55	46.5421	1	-1	0.10823	91.9073
0.00965838	12.55	46.5215	2	-1	0.10826	91.847
0.00965917	12.55	46.4649	3	-1	0.10826	91.847
0.00968808	12.55	46.5231	4	-1	0.10827	91.8554
0.00968808	12.55	46.5227	1	-1	0.10828	91.8639
0.00971678	12.55	46.5019	2	-1	0.10831	91.8037
0.00971757	12.55	46.4454	3	-1	0.10831	91.8037
0.0097465	12.55	46.5036	4	-1	0.10832	91.8122
0.00974651	12.55	46.5032	1	-1	0.10833	91.8206
0.00977523	12.55	46.4823	2	-1	0.10836	91.7605
0.00977602	12.55	46.426	3	-1	0.10836	91.7605
0.00980499	12.55	46.4841	4	-1	0.10838	91.7775
0.00980499	12.55	46.4838	1	-1	0.10839	91.7859
0.00983374	12.55	46.4635	2	-1	0.10841	91.7174
0.00983453	12.55	46.4073	3	-1	0.10841	91.7174
0.00986351	12.55	46.4659	4	-1	0.10842	91.7259
0.00986352	12.55	46.4655	1	-1	0.10843	91.7343
0.0098923	12.55	46.445	2	-1	0.10846	91.6822
0.00989309	12.55	46.3889	3	-1	0.10846	91.6822
0.0099221	12.55	46.4472	4	-1	0.10847	91.6906
0.0099221	12.55	46.4468	1	-1	0.10848	91.6991
0.00995091	12.55	46.426	2	-1	0.10851	91.6392
0.0099517	12.55	46.3701	3	-1	0.10851	91.6392
0.00998074	12.55	46.4282	4	-1	0.10852	91.6477
0.00998074	12.55	46.4278	1	-1	0.10853	91.6561
0.0100096	12.55	46.4069	2	-1	0.10856	91.5964
0.0100104	12.55	46.351	3	-1	0.10856	91.5964
0.0100394	12.55	46.409	4	-1	0.10857	91.6048
0.0100394	12.55	46.4086	1	-1	0.10858	91.6132
0.0100683	12.55	46.3876	2	-1	0.10861	91.5536
0.0100691	12.55	46.3319	3	-1	0.10861	91.5536
0.0100982	12.55	46.3897	4	-1	0.10862	91.562
0.0100982	12.55	46.3894	1	-1	0.10863	91.5704
0.0101271	12.55	46.3682	2	-1	0.10866	91.5109
0.0101279	12.55	46.3126	3	-1	0.10866	91.5109
0.010157	12.55	46.3704	4	-1	0.10867	91.5193
0.010157	12.55	46.3701	1	-1	0.10868	91.5277
0.0101859	12.55	46.3488	2	-1	0.10871	91.4682
0.0101867	12.55	46.2933	3	-1	0.10871	91.4682
0.0102158	12.55	46.3511	4	-1	0.10872	91.4767
0.0102158	12.55	46.3507	1	-1	0.10873	91.4851
0.0102448	12.55	46.3294	2	-1	0.10876	91.4257
0.0102456	12.55	46.2741	3	-1	0.10876	91.4257
0.0102747	12.55	46.3321	4	-1	0.10877	91.4341
0.0102747	12.55	46.3317	1	-1	0.10878	91.4425
0.0103037	12.55	46.311	2	-1	0.10881	91.3909
0.0103045	12.55	46.2554	3	-1	0.10881	91.3909
0.0103337	12.55	46.314	4	-1	0.10882	91.3993
0.0103337	12.55	46.3136	1	-1	0.10883	91.4077
0.0103627	12.55	46.2926	2	-1	0.10886	91.3485
0.0103635	12.55	46.2371	3	-1	0.10886	91.3485
0.0103927	12.55	46.2955	4	-1	0.10887	91.3569
0.0103927	12.55	46.2951	1	-1	0.10888	91.3653
0.0104218	12.55	46.2739	2	-1	0.10891	91.3062
0.0104226	12.55	46.2189	3	-1	0.1089	91.2978
0.0104518	12.55	46.2766	4	-1	0.10892	91.3146
0.0104518	12.55	46.2763	1	-1	0.10893	91.3229
0.0104809	12.55	46.255	2	-1	0.10896	91.2639
0.0104816	12.55	46.2005	3	-1	0.10895	91.2555
0.0105109	12.55	46.2577	4	-1	0.10897	91.2723
0.0105109	12.55	46.2573	1	-1	0.10898	91.2807
0.01054	12.55	46.2361	2	-1	0.10901	91.2218
0.0105408	12.55	46.182	3	-1	0.109	91.2134
0.0105701	12.55	46.2387	4	-1	0.10902	91.2301
0.0105701	12.55	46.2383	1	-1	0.10903	91.2385
0.0105992	12.55	46.2171	2	-1	0.10906	91.1797
0.0106	12.55	46.1634	3	-1	0.10905	91.1713
0.0106293	12.55	46.2196	4	-1	0.10907	91.188
0.0106293	12.55	46.2193	1	-1	0.10908	91.1964
0.0106585	12.55	46.1981	2	-1	0.10911	91.1377
0.0106593	12.55	46.1449	3	-1	0.1091	91.1293
0.0106886	12.55	46.2006	4	-1	0.10912	91.146
0.0106886	12.55	46.2003	1	-1	0.10913	91.1544
0.0107178	12.55	46.1791	2	-1	0.10916	91.0957
0.0107186	12.55	46.1263	3	-1	0.10915	91.0874
0.0107479	12.55	46.1816	4	-1	0.10917	91.1041
0.0107479	12.55	46.1812	1	-1	0.10918	91.1124
0.0107772	12.55	46.1601	2	-1	0.10921	91.0539
0.0107779	12.55	46.1078	3	-1	0.1092	91.0455
0.0108073	12.55	46.1625	4	-1	0.10922	91.0622
0.0108073	12.55	46.1622	1	-1	0.10923	91.0705
0.0108366	12.55	46.1411	2	-1	0.10926	91.0121
0.0108373	12.55	46.0893	3	-1	0.10925	91.0037
0.0108668	12.55	46.1436	4	-1	0.10927	91.0204
0.0108668	12.55	46.1432	1	-1	0.10928	91.0287
0.0108961	12.55	46.1221	2	-1	0.10931	90.9704
0.0108968	12.55	46.0708	3	-1	0.1093	90.9621
0.0109263	12.55	46.1246	4	-1	0.10932	90.9787
0.0109263	12.55	46.1243	1	-1	0.10933	90.987
0.0109556	12.55	46.1032	2	-1	0.10936	90.9287
0.0109564	12.55	46.0523	3	-1	0.10935	90.9204
0.0109858	12.55	46.1057	4	-1	0.10937	90.9371
0.0109859	12.55	46.1053	1	-1	0.10938	90.9454
0.0110152	12.55	46.0844	2	-1	0.10941	90.8872
0.0110159	12.55	46.0336	3	-1	0.10941	90.8872
0.0110455	12.55	46.0868	4	-1	0.10942	90.8955
0.0110455	12.55	46.0865	1	-1	0.10943	90.9038
0.0110748	12.55	46.0654	2	-1	0.10946	90.8457
0.0110756	12.55	46.0151	3	-1	0.10945	90.8374
0.0111051	12.55	46.0679	4	-1	0.10947	90.854
0.0111051	12.55	46.0676	1	-1	0.10948	90.8623
0.0111345	12.55	46.0466	2	-1	0.10951	90.8043
0.0111353	12.55	45.9967	3	-1	0.1095	90.796
0.0111648	12.55	46.0491	4	-1	0.10952	90.8126
0.0111649	12.55	46.0488	1	-1	0.10953	90.8209
0.0111943	12.55	46.0278	2	-1	0.10956	90.763
0.011195	12.55	45.978	3	-1	0.10956	90.763
0.0112246	12.55	46.0307	4	-1	0.10957	90.7713
0.0112246	12.55	46.0303	1	-1	0.10958	90.7796
0.0112541	12.55	46.0092	2	-1	0.10961	90.7217
0.0112548	12.55	45.9596	3	-1	0.1096	90.7135
0.0112845	12.55	46.0121	4	-1	0.10962	90.73
0.0112845	12.55	46.0118	1	-1	0.10963	90.7383
0.0113139	12.55	45.9906	2	-1	0.10966	90.6806
0.0113147	12.55	45.9411	3	-1	0.10965	90.6723
0.0113443	12.55	45.9935	4	-1	0.10967	90.6888
0.0113443	12.55	45.9932	1	-1	0.10968	90.6971
0.0113738	12.55	45.9726	2	-1	0.1097	90.6387
0.0113746	12.55	45.9228	3	-1	0.1097	90.6387
0.0114043	12.55	45.9755	4	-1	0.10972	90.6552
0.0114043	12.55	45.9751	1	-1	0.10973	90.6635
0.0114338	12.55	45.9543	2	-1	0.10975	90.5977
0.0114346	12.55	45.9042	3	-1	0.10975	90.5977
0.0114643	12.55	45.9571	4	-1	0.10976	90.6059
0.0114643	12.55	45.9567	1	-1	0.10977	90.6142
0.0114938	12.55	45.9356	2	-1	0.1098	90.5642
0.0114946	12.55	45.8854	3	-1	0.1098	90.5642
0.0115243	12.55	45.9386	4	-1	0.10981	90.5724
0.0115243	12.55	45.9383	1	-1	0.10982	90.5807
0.0115539	12.55	45.9162	2	-1	0.10985	90.5158
0.0115546	12.55	45.8658	3	-1	0.10985	90.5158
0.0115844	12.55	45.9197	4	-1	0.10987	90.5323
0.0115844	12.55	45.9194	1	-1	0.10988	90.5405
0.011614	12.55	45.8973	2	-1	0.1099	90.4676
0.0116148	12.55	45.8467	3	-1	0.1099	90.4676
0.0116446	12.55	45.9007	4	-1	0.10991	90.4758
0.0116446	12.55	45.9004	1	-1	0.10992	90.484
0.0116742	12.55	45.8784	2	-1	0.10995	90.4343
0.011675	12.55	45.8275	3	-1	0.10995	90.4343
0.0117048	12.55	45.882	4	-1	0.10996	90.4425
0.0117048	12.55	45.8817	1	-1	0.10997	90.4507
0.0117344	12.55	45.8596	2	-1	0.11	90.3936
0.0117352	12.55	45.8085	3	-1	0.11	90.3936
0.011765	12.55	45.8631	4	-1	0.11001	90.4018
0.011765	12.55	45.8628	1	-1	0.11002	90.4101
0.0117947	12.55	45.8407	2	-1	0.11005	90.353
0.0117955	12.55	45.7897	3	-1	0.11005	90.353
0.0118253	12.55	45.8445	4	-1	0.11007	90.3695
0.0118253	12.55	45.8442	1	-1	0.11008	90.3777
0.0118551	12.55	45.8221	2	-1	0.1101	90.3051
0.0118558	12.55	45.7712	3	-1	0.1101	90.3051
0.0118857	12.55	45.826	4	-1	0.11012	90.3215
0.0118857	12.55	45.8257	1	-1	0.11013	90.3297
0.0119155	12.55	45.8036	2	-1	0.11015	90.2647
0.0119162	12.55	45.7529	3	-1	0.11015	90.2647
0.0119461	12.55	45.8074	4	-1	0.11016	90.2729
0.0119461	12.55	45.8071	1	-1	0.11017	90.2811
0.0119759	12.55	45.7851	2	-1	0.1102	90.2317
0.0119767	12.55	45.7345	3	-1	0.1102	90.2317
0.0120066	12.55	45.789	4	-1	0.11021	90.2399
0.0120066	12.55	45.7886	1	-1	0.11022	90.2481
0.0120364	12.55	45.7665	2	-1	0.11025	90.1914
0.0120372	12.55	45.7161	3	-1	0.11025	90.1914
0.0120672	12.55	45.7706	4	-1	0.11026	90.1996
0.0120672	12.55	45.7703	1	-1	0.11027	90.2078
0.012097	12.55	45.7481	2	-1	0.1103	90.1512
0.0120978	12.55	45.6977	3	-1	0.1103	90.1512
0.0121277	12.55	45.7522	4	-1	0.11031	90.1594
0.0121277	12.55	45.7519	1	-1	0.11032	90.1676
0.0121576	12.55	45.7297	2	-1	0.11035	90.1111
0.0121584	12.55	45.6795	3	-1	0.11035	90.1111
0.0121884	12.55	45.734	4	-1	0.11036	90.1192
0.0121884	12.55	45.7336	1	-1	0.11037	90.1274
0.0122183	12.55	45.7114	2	-1	0.1104	90.071
0.012219	12.55	45.6613	3	-1	0.1104	90.071
0.0122491	12.55	45.7157	4	-1	0.11041	90.0791
0.0122491	12.55	45.7154	1	-1	0.11042	90.0873
0.012279	12.55	45.6931	2	-1	0.11045	90.031
0.0122798	12.55	45.6431	3	-1	0.11045	90.031
0.0123098	12.55	45.6975	4	-1	0.11046	90.0391
0.0123098	12.55	45.6972	1	-1	0.11047	90.0473
0.0123398	12.55	45.6749	2	-1	0.1105	89.991
0.0123405	12.55	45.6253	3	-1	0.11049	89.9829
0.0123706	12.55	45.6793	4	-1	0.11051	89.9992
0.0123706	12.55	45.679	1	-1	0.11052	90.0073
0.0124006	12.55	45.6567	2	-1	0.11055	89.9512
0.0124014	12.55	45.6076	3	-1	0.11054	89.943
0.0124315	12.55	45.6611	4	-1	0.11056	89.9593
0.0124315	12.55	45.6608	1	-1	0.11057	89.9675
0.0124615	12.55	45.6387	2	-1	0.1106	89.9114
0.0124623	12.55	45.5899	3	-1	0.11059	89.9033
0.0124924	12.55	45.6431	4	-1	0.11061	89.9195
0.0124924	12.55	45.6427	1	-1	0.11062	89.9276
0.0125224	12.55	45.6207	2	-1	0.11065	89.8717
0.0125232	12.55	45.5724	3	-1	0.11064	89.8635
0.0125534	12.55	45.625	4	-1	0.11066	89.8798
0.0125534	12.55	45.6247	1	-1	0.11067	89.8879
0.0125834	12.55	45.6027	2	-1	0.1107	89.832
0.0125842	12.55	45.5548	3	-1	0.11069	89.8239
0.0126144	12.55	45.6066	4	-1	0.11071	89.8401
0.0126144	12.55	45.6063	1	-1	0.11072	89.8483
0.0126445	12.55	45.5836	2	-1	0.11075	89.7852
0.0126452	12.55	45.5358	3	-1	0.11074	89.7771
0.0126755	12.55	45.5875	4	-1	0.11076	89.7933
0.0126755	12.55	45.5872	1	-1	0.11077	89.8014
0.0127056	12.55	45.5648	2	-1	0.1108	89.7457
0.0127064	12.55	45.5174	3	-1	0.11079	89.7376
0.0127366	12.55	45.5688	4	-1	0.11081	89.7538
0.0127366	12.55	45.5685	1	-1	0.11082	89.7619
0.0127668	12.55	45.5463	2	-1	0.11085	89.7062
0.0127675	12.55	45.4994	3	-1	0.11084	89.6981
0.0127978	12.55	45.5504	4	-1	0.11086	89.7143
0.0127978	12.55	45.5501	1	-1	0.11087	89.7224
0.012828	12.55	45.5281	2	-1	0.1109	89.6669
0.0128287	12.55	45.4816	3	-1	0.11089	89.6588
0.0128591	12.55	45.5323	4	-1	0.11091	89.675
0.0128591	12.55	45.532	1	-1	0.11092	89.6831
0.0128893	12.55	45.5101	2	-1	0.11095	89.6276
0.01289	12.55	45.464	3	-1	0.11094	89.6195
0.0129204	12.55	45.5143	4	-1	0.11096	89.6357
0.0129204	12.55	45.514	1	-1	0.11097	89.6438
0.0129506	12.55	45.4922	2	-1	0.111	89.5884
0.0129513	12.55	45.4465	3	-1	0.11099	89.5803
0.0129817	12.55	45.4964	4	-1	0.11101	89.5964
0.0129817	12.55	45.4961	1	-1	0.11102	89.6045
0.013012	12.55	45.4744	2	-1	0.11105	89.5492
0.0130127	12.55	45.4291	3	-1	0.11104	89.5412
0.0130431	12.55	45.4786	4	-1	0.11106	89.5573
0.0130431	12.55	45.4782	1	-1	0.11107	89.5654
0.0130734	12.55	45.4566	2	-1	0.1111	89.5102
0.0130741	12.55	45.4118	3	-1	0.11109	89.5021
0.0131046	12.55	45.4604	4	-1	0.11111	89.5182
0.0131046	12.55	45.4601	1	-1	0.11112	89.5263
0.0131349	12.55	45.4378	2	-1	0.11115	89.4639
0.0131356	12.55	45.3931	3	-1	0.11114	89.4559
0.0131661	12.55	45.4415	4	-1	0.11116	89.472
0.0131661	12.55	45.4412	1	-1	0.11117	89.48
0.0131965	12.55	45.4192	2	-1	0.1112	89.425
0.0131972	12.55	45.3749	3	-1	0.11119	89.417
0.0132277	12.55	45.4231	4	-1	0.11121	89.4331
0.0132277	12.55	45.4228	1	-1	0.11122	89.4411
0.0132581	12.55	45.401	2	-1	0.11125	89.3861
0.0132588	12.55	45.3571	3	-1	0.11124	89.3781
0.0132893	12.55	45.405	4	-1	0.11126	89.3942
0.0132893	12.55	45.4047	1	-1	0.11127	89.4022
0.0133197	12.55	45.3831	2	-1	0.1113	89.3474
0.0133204	12.55	45.3396	3	-1	0.11129	89.3393
0.013351	12.55	45.3871	4	-1	0.11131	89.3554
0.013351	12.55	45.3868	1	-1	0.11132	89.3634
0.0133815	12.55	45.3654	2	-1	0.11135	89.3086
0.0133822	12.55	45.3223	3	-1	0.11134	89.3006
0.0134128	12.55	45.3692	4	-1	0.11135	89.3086
0.0134128	12.55	45.3689	1	-1	0.11136	89.3167
0.0134432	12.55	45.3474	2	-1	0.11139	89.2691
0.0134439	12.55	45.3044	3	-1	0.11139	89.2691
0.0134745	12.55	45.351	4	-1	0.1114	89.2771
0.0134745	12.55	45.3507	1	-1	0.11141	89.2851
0.0135051	12.55	45.3286	2	-1	0.11145	89.2314
0.0135057	12.55	45.2857	3	-1	0.11144	89.2234
0.0135364	12.55	45.3324	4	-1	0.11146	89.2394
0.0135364	12.55	45.3321	1	-1	0.11147	89.2474
0.0135669	12.55	45.3102	2	-1	0.1115	89.1857
0.0135676	12.55	45.2677	3	-1	0.11149	89.1777
0.0135983	12.55	45.3142	4	-1	0.11151	89.1937
0.0135983	12.55	45.3139	1	-1	0.11152	89.2017
0.0136289	12.55	45.2923	2	-1	0.11155	89.1473
0.0136296	12.55	45.2502	3	-1	0.11154	89.1393
0.0136603	12.55	45.2964	4	-1	0.11156	89.1553
0.0136603	12.55	45.2961	1	-1	0.11157	89.1633
0.0136909	12.55	45.2746	2	-1	0.1116	89.1089
0.0136916	12.55	45.2329	3	-1	0.11159	89.1009
0.0137223	12.55	45.2787	4	-1	0.11161	89.1169
0.0137223	12.55	45.2784	1	-1	0.11162	89.1249
0.0137529	12.55	45.2569	2	-1	0.11164	89.0626
0.0137536	12.55	45.2153	3	-1	0.11164	89.0626
0.0137844	12.55	45.2605	4	-1	0.11165	89.0706
0.0137844	12.55	45.2602	1	-1	0.11166	89.0786
0.013815	12.55	45.2382	2	-1	0.1117	89.0324
0.0138157	12.55	45.1967	3	-1	0.11169	89.0244
0.0138465	12.55	45.242	4	-1	0.11171	89.0403
0.0138465	12.55	45.2417	1	-1	0.11172	89.0483
0.0138772	12.55	45.22	2	-1	0.11175	88.9871
0.0138779	12.55	45.1789	3	-1	0.11174	88.9791
0.0139087	12.55	45.224	4	-1	0.11176	88.9951
0.0139087	12.55	45.2237	1	-1	0.11177	89.003
0.0139394	12.55	45.2022	2	-1	0.1118	88.949
0.0139401	12.55	45.1615	3	-1	0.11179	88.941
0.0139709	12.55	45.2063	4	-1	0.11181	88.957
0.0139709	12.55	45.206	1	-1	0.11182	88.9649
0.0140017	12.55	45.1847	2	-1	0.11185	88.911
0.0140023	12.55	45.1444	3	-1	0.11184	88.903
0.0140332	12.55	45.1886	4	-1	0.11185	88.911
0.0140332	12.55	45.1883	1	-1	0.11186	88.9189
0.014064	12.55	45.1662	2	-1	0.11189	88.8651
0.0140647	12.55	45.126	3	-1	0.11189	88.8651
0.0140956	12.55	45.1699	4	-1	0.11191	88.8809
0.0140956	12.55	45.1696	1	-1	0.11192	88.8889
0.0141264	12.55	45.148	2	-1	0.11195	88.8281
0.014127	12.55	45.1082	3	-1	0.11194	88.8201
0.014158	12.55	45.1519	4	-1	0.11196	88.836
0.014158	12.55	45.1516	1	-1	0.11197	88.8439
0.0141888	12.55	45.1303	2	-1	0.112	88.7902
0.0141895	12.55	45.0909	3	-1	0.11199	88.7823
0.0142204	12.55	45.134	4	-1	0.112	88.7902
0.0142204	12.55	45.1337	1	-1	0.11201	88.7982
0.0142513	12.55	45.1126	2	-1	0.11205	88.7595
0.014252	12.55	45.0736	3	-1	0.11204	88.7516
0.0142829	12.55	45.1165	4	-1	0.11205	88.7595
0.014283	12.55	45.1162	1	-1	0.11206	88.7674
0.0143139	12.55	45.0944	2	-1	0.1121	88.7148
0.0143145	12.55	45.0558	3	-1	0.11209	88.7069
0.0143455	12.55	45.098	4	-1	0.11211	88.7227
0.0143455	12.55	45.0977	1	-1	0.11212	88.7306
0.0143765	12.55	45.0763	2	-1	0.11215	88.6701
0.0143771	12.55	45.0381	3	-1	0.11214	88.6622
0.0144082	12.55	45.0801	4	-1	0.11216	88.6781
0.0144082	12.55	45.0798	1	-1	0.11217	88.686
0.0144391	12.55	45.0587	2	-1	0.1122	88.6326
0.0144398	12.55	45.0208	3	-1	0.11219	88.6247
0.0144708	12.55	45.0625	4	-1	0.11221	88.6405
0.0144709	12.55	45.0622	1	-1	0.11222	88.6484
0.0145018	12.55	45.0413	2	-1	0.11225	88.5951
0.0145025	12.55	45.0039	3	-1	0.11224	88.5872
0.0145336	12.55	45.045	4	-1	0.11225	88.5951
0.0145336	12.55	45.0447	1	-1	0.11226	88.603
0.0145646	12.55	45.0231	2	-1	0.11229	88.5498
0.0145652	12.55	44.9857	3	-1	0.11229	88.5498
0.0145964	12.55	45.0266	4	-1	0.11231	88.5656
0.0145964	12.55	45.0263	1	-1	0.11232	88.5735
0.0146274	12.55	45.0052	2	-1	0.11235	88.5134
0.0146281	12.55	44.9682	3	-1	0.11234	88.5055
0.0146592	12.55	45.0086	4	-1	0.11235	88.5134
0.0146592	12.55	45.0083	1	-1	0.11236	88.5212
0.0146903	12.55	44.9875	2	-1	0.1124	88.483
0.0146909	12.55	44.9509	3	-1	0.11239	88.4752
0.0147221	12.55	44.9911	4	-1	0.1124	88.483
0.0147221	12.55	44.9908	1	-1	0.11241	88.4909
0.0147533	12.55	44.97	2	-1	0.11245	88.4458
0.0147539	12.55	44.9338	3	-1	0.11244	88.4379
0.0147851	12.55	44.9733	4	-1	0.11246	88.4537
0.0147851	12.55	44.9731	1	-1	0.11247	88.4615
0.0148163	12.55	44.9517	2	-1	0.1125	88.3948
0.0148169	12.55	44.9162	3	-1	0.11248	88.379
0.0148481	12.55	44.9553	4	-1	0.11251	88.4026
0.0148481	12.55	44.955	1	-1	0.11252	88.4105
0.0148793	12.55	44.9342	2	-1	0.11255	88.3577
0.0148799	12.55	44.8993	3	-1	0.11253	88.342
0.0149112	12.55	44.9376	4	-1	0.11256	88.3655
0.0149112	12.55	44.9373	1	-1	0.11257	88.3734
0.0149424	12.55	44.9169	2	-1	0.11259	88.3128
0.014943	12.55	44.8821	3	-1	0.11259	88.3128
0.0149743	12.55	44.9198	4	-1	0.1126	88.3207
0.0149743	12.55	44.9195	1	-1	0.11261	88.3285
0.0150056	12.55	44.8984	2	-1	0.11264	88.2759
0.0150062	12.55	44.8634	3	-1	0.11264	88.2759
0.0150375	12.55	44.9017	4	-1	0.11266	88.2915
0.0150375	12.55	44.9015	1	-1	0.11267	88.2994
0.0150688	12.55	44.8808	2	-1	0.1127	88.2399
0.0150694	12.55	44.8462	3	-1	0.11269	88.2321
0.0151008	12.55	44.8841	4	-1	0.1127	88.2399
0.0151008	12.55	44.8838	1	-1	0.11271	88.2477
0.0151321	12.55	44.8634	2	-1	0.11275	88.21
0.0151327	12.55	44.8291	3	-1	0.11274	88.2022
0.0151641	12.55	44.8665	4	-1	0.11275	88.21
0.0151641	12.55	44.8662	1	-1	0.11276	88.2178
0.0151954	12.55	44.8451	2	-1	0.1128	88.1663
0.015196	12.55	44.8112	3	-1	0.11278	88.1507
0.0152274	12.55	44.8485	4	-1	0.11281	88.1741
0.0152274	12.55	44.8482	1	-1	0.11282	88.182
0.0152588	12.55	44.8276	2	-1	0.11285	88.1228
0.0152594	12.55	44.7943	3	-1	0.11283	88.1071
0.0152908	12.55	44.831	4	-1	0.11286	88.1306
0.0152908	12.55	44.8307	1	-1	0.11287	88.1384
0.0153222	12.55	44.8106	2	-1	0.1129	88.0861
0.0153228	12.55	44.778	3	-1	0.11288	88.0705
0.0153543	12.55	44.8132	4	-1	0.1129	88.0861
0.0153543	12.55	44.8129	1	-1	0.11291	88.0939
0.0153857	12.55	44.7925	2	-1	0.11295	88.0496
0.0153863	12.55	44.76	3	-1	0.11294	88.0418
0.0154178	12.55	44.7954	4	-1	0.11296	88.0574
0.0154178	12.55	44.7951	1	-1	0.11297	88.0652
0.0154493	12.55	44.775	2	-1	0.113	88.0062
0.0154499	12.55	44.7428	3	-1	0.11299	87.9984
0.0154814	12.55	44.7781	4	-1	0.11301	88.014
0.0154814	12.55	44.7779	1	-1	0.11302	88.0218
0.0155129	12.55	44.7579	2	-1	0.11305	87.9698
0.0155135	12.55	44.7264	3	-1	0.11303	87.9542
0.015545	12.55	44.7601	4	-1	0.11305	87.9698
0.015545	12.55	44.7599	1	-1	0.11306	87.9776
0.0155766	12.55	44.7397	2	-1	0.1131	87.9334
0.0155771	12.55	44.7086	3	-1	0.11309	87.9257
0.0156087	12.55	44.7425	4	-1	0.11311	87.9412
0.0156087	12.55	44.7422	1	-1	0.11312	87.949
0.0156403	12.55	44.7224	2	-1	0.11315	87.8903
0.0156408	12.55	44.6919	3	-1	0.11313	87.8748
0.0156725	12.55	44.7253	4	-1	0.11316	87.8981
0.0156725	12.55	44.725	1	-1	0.11317	87.9059
0.0157041	12.55	44.7049	2	-1	0.1132	87.8473
0.0157046	12.55	44.675	3	-1	0.11318	87.8318
0.0157363	12.55	44.707	4	-1	0.11321	87.855
0.0157363	12.55	44.7067	1	-1	0.11322	87.8628
0.0157679	12.55	44.6872	2	-1	0.11324	87.8034
0.0157684	12.55	44.6574	3	-1	0.11324	87.8034
0.0158002	12.55	44.6893	4	-1	0.11325	87.8111
0.0158002	12.55	44.689	1	-1	0.11326	87.8189
0.0158318	12.55	44.6697	2	-1	0.11329	87.7741
0.0158323	12.55	44.64	3	-1	0.11329	87.7741
0.0158641	12.55	44.6718	4	-1	0.1133	87.7818
0.0158641	12.55	44.6716	1	-1	0.11331	87.7896
0.0158958	12.55	44.6518	2	-1	0.11335	87.739
0.0158963	12.55	44.6221	3	-1	0.11334	87.7312
0.0159281	12.55	44.6543	4	-1	0.11336	87.7467
0.0159281	12.55	44.654	1	-1	0.11337	87.7545
0.0159598	12.55	44.6345	2	-1	0.1134	87.6962
0.0159603	12.55	44.6055	3	-1	0.11338	87.6808
0.0159921	12.55	44.6371	4	-1	0.11341	87.704
0.0159921	12.55	44.6368	1	-1	0.11342	87.7117
0.0160238	12.55	44.6171	2	-1	0.11345	87.6536
0.0160243	12.55	44.5887	3	-1	0.11343	87.6381
0.0160562	12.55	44.619	4	-1	0.11346	87.6613
0.0160562	12.55	44.6187	1	-1	0.11347	87.669
0.0160879	12.55	44.5995	2	-1	0.11349	87.61
0.0160885	12.55	44.5712	3	-1	0.11349	87.61
0.0161203	12.55	44.6014	4	-1	0.1135	87.6177
0.0161203	12.55	44.6011	1	-1	0.11351	87.6254
0.0161521	12.55	44.5822	2	-1	0.11354	87.581
0.0161526	12.55	44.554	3	-1	0.11354	87.581
0.0161845	12.55	44.5838	4	-1	0.11355	87.5887
0.0161845	12.55	44.5835	1	-1	0.11356	87.5964
0.0162164	12.55	44.5642	2	-1	0.1136	87.5462
0.0162169	12.55	44.5363	3	-1	0.11359	87.5385
0.0162488	12.55	44.5665	4	-1	0.11361	87.5539
0.0162488	12.55	44.5662	1	-1	0.11362	87.5617
0.0162806	12.55	44.5471	2	-1	0.11365	87.5038
0.0162811	12.55	44.5196	3	-1	0.11364	87.4962
0.0163131	12.55	44.5496	4	-1	0.11366	87.5115
0.0163131	12.55	44.5494	1	-1	0.11367	87.5192
0.016345	12.55	44.5299	2	-1	0.1137	87.4615
0.0163455	12.55	44.503	3	-1	0.11368	87.4462
0.0163775	12.55	44.5317	4	-1	0.11371	87.4692
0.0163775	12.55	44.5314	1	-1	0.11372	87.4769
0.0164094	12.55	44.5125	2	-1	0.11374	87.4183
0.0164099	12.55	44.4856	3	-1	0.11374	87.4183
0.0164419	12.55	44.5142	4	-1	0.11375	87.426
0.0164419	12.55	44.514	1	-1	0.11376	87.4337
0.0164738	12.55	44.4947	2	-1	0.11379	87.3829
0.0164743	12.55	44.4679	3	-1	0.11379	87.3829
0.0165064	12.55	44.4962	4	-1	0.1138	87.3906
0.0165064	12.55	44.4959	1	-1	0.11381	87.3982
0.0165384	12.55	44.4772	2	-1	0.11385	87.3552
0.0165388	12.55	44.4508	3	-1	0.11384	87.3475
0.0165709	12.55	44.479	4	-1	0.11385	87.3552
0.0165709	12.55	44.4788	1	-1	0.11386	87.3628
0.0166029	12.55	44.4602	2	-1	0.1139	87.3198
0.0166034	12.55	44.4341	3	-1	0.11389	87.3122
0.0166355	12.55	44.4619	4	-1	0.11391	87.3275
0.0166355	12.55	44.4617	1	-1	0.11392	87.3352
0.0166676	12.55	44.4426	2	-1	0.11395	87.2712
0.016668	12.55	44.4171	3	-1	0.11393	87.2559
0.0167002	12.55	44.4446	4	-1	0.11396	87.2789
0.0167002	12.55	44.4443	1	-1	0.11397	87.2865
0.0167323	12.55	44.4259	2	-1	0.114	87.236
0.0167327	12.55	44.401	3	-1	0.11398	87.2207
0.0167649	12.55	44.427	4	-1	0.11401	87.2436
0.0167649	12.55	44.4267	1	-1	0.11402	87.2513
0.016797	12.55	44.4083	2	-1	0.11405	87.1942
0.0167974	12.55	44.3837	3	-1	0.11404	87.1865
0.0168296	12.55	44.4097	4	-1	0.11406	87.2018
0.0168297	12.55	44.4094	1	-1	0.11407	87.2095
0.0168618	12.55	44.3912	2	-1	0.11409	87.1515
0.0168622	12.55	44.3667	3	-1	0.11409	87.1515
0.0168945	12.55	44.3922	4	-1	0.11411	87.1668
0.0168945	12.55	44.3919	1	-1	0.11412	87.1744
0.0169267	12.55	44.3735	2	-1	0.11415	87.1175
0.0169271	12.55	44.3494	3	-1	0.11414	87.1098
0.0169594	12.55	44.3749	4	-1	0.11416	87.1251
0.0169594	12.55	44.3746	1	-1	0.11417	87.1327
0.0169916	12.55	44.3564	2	-1	0.11419	87.0749
0.016992	12.55	44.3323	3	-1	0.11419	87.0749
0.0170243	12.55	44.3575	4	-1	0.1142	87.0825
0.0170243	12.55	44.3572	1	-1	0.11421	87.0901
0.0170565	12.55	44.3388	2	-1	0.11425	87.0476
0.017057	12.55	44.3147	3	-1	0.11424	87.04
0.0170893	12.55	44.3402	4	-1	0.11426	87.0552
0.0170893	12.55	44.3399	1	-1	0.11427	87.0629
0.0171216	12.55	44.3218	2	-1	0.1143	87.0062
0.017122	12.55	44.2981	3	-1	0.11429	86.9986
0.0171543	12.55	44.3229	4	-1	0.11431	87.0138
0.0171543	12.55	44.3226	1	-1	0.11432	87.0214
0.0171866	12.55	44.3042	2	-1	0.11435	86.9648
0.0171871	12.55	44.2808	3	-1	0.11434	86.9572
0.0172195	12.55	44.3056	4	-1	0.11436	86.9724
0.0172195	12.55	44.3053	1	-1	0.11437	86.98
0.0172518	12.55	44.2874	2	-1	0.1144	86.9301
0.0172522	12.55	44.2643	3	-1	0.11439	86.9225
0.0172846	12.55	44.2882	4	-1	0.11441	86.9377
0.0172846	12.55	44.288	1	-1	0.11442	86.9453
0.017317	12.55	44.2698	2	-1	0.11445	86.8889
0.0173174	12.55	44.247	3	-1	0.11444	86.8813
0.0173498	12.55	44.271	4	-1	0.11446	86.8964
0.0173499	12.55	44.2708	1	-1	0.11447	86.904
0.0173822	12.55	44.253	2	-1	0.1145	86.8543
0.0173827	12.55	44.2309	3	-1	0.11448	86.8391
0.0174151	12.55	44.2537	4	-1	0.11451	86.8619
0.0174151	12.55	44.2534	1	-1	0.11452	86.8695
0.0174476	12.55	44.2356	2	-1	0.11455	86.8132
0.017448	12.55	44.2137	3	-1	0.11454	86.8056
0.0174805	12.55	44.2365	4	-1	0.11456	86.8208
0.0174805	12.55	44.2363	1	-1	0.11457	86.8283
0.0175129	12.55	44.2189	2	-1	0.1146	86.7787
0.0175133	12.55	44.1974	3	-1	0.11459	86.7712
0.0175459	12.55	44.2193	4	-1	0.11461	86.7863
0.0175459	12.55	44.2191	1	-1	0.11462	86.7939
0.0175784	12.55	44.2014	2	-1	0.11465	86.7378
0.0175788	12.55	44.1802	3	-1	0.11464	86.7302
0.0176113	12.55	44.2023	4	-1	0.11466	86.7453
0.0176113	12.55	44.202	1	-1	0.11467	86.7529
0.0176438	12.55	44.1841	2	-1	0.1147	86.6969
0.0176442	12.55	44.1632	3	-1	0.11469	86.6893
0.0176768	12.55	44.1845	4	-1	0.11471	86.7045
0.0176768	12.55	44.1843	1	-1	0.11472	86.712
0.0177094	12.55	44.1671	2	-1	0.11475	86.6626
0.0177098	12.55	44.1465	3	-1	0.11474	86.6551
0.0177424	12.55	44.1677	4	-1	0.11476	86.6702
0.0177424	12.55	44.1674	1	-1	0.11477	86.6777
0.017775	12.55	44.15	2	-1	0.1148	86.6219
0.0177754	12.55	44.1297	3	-1	0.11479	86.6144
0.017808	12.55	44.1502	4	-1	0.11481	86.6294
0.017808	12.55	44.1499	1	-1	0.11482	86.637
0.0178406	12.55	44.133	2	-1	0.11485	86.5878
0.017841	12.55	44.1131	3	-1	0.11484	86.5802
0.0178737	12.55	44.1335	4	-1	0.11486	86.5953
0.0178737	12.55	44.1333	1	-1	0.11487	86.6028
0.0179064	12.55	44.1161	2	-1	0.1149	86.5472
0.0179067	12.55	44.0964	3	-1	0.11489	86.5396
0.0179394	12.55	44.1161	4	-1	0.11491	86.5547
0.0179395	12.55	44.1159	1	-1	0.11492	86.5622
0.0179721	12.55	44.099	2	-1	0.11494	86.5056
0.0179725	12.55	44.0794	3	-1	0.11494	86.5056
0.0180052	12.55	44.0988	4	-1	0.11496	86.5207
0.0180052	12.55	44.0985	1	-1	0.11497	86.5282
0.0180379	12.55	44.0816	2	-1	0.115	86.4727
0.0180383	12.55	44.0623	3	-1	0.11499	86.4651
0.0180711	12.55	44.0818	4	-1	0.11501	86.4802
0.0180711	12.55	44.0815	1	-1	0.11502	86.4877
0.0181038	12.55	44.0644	2	-1	0.11505	86.4323
0.0181042	12.55	44.0454	3	-1	0.11504	86.4248
0.018137	12.55	44.0641	4	-1	0.11506	86.4398
0.018137	12.55	44.0639	1	-1	0.11507	86.4473
0.0181698	12.55	44.0474	2	-1	0.1151	86.3984
0.0181701	12.55	44.0288	3	-1	0.11509	86.3909
0.018203	12.55	44.0475	4	-1	0.11511	86.4059
0.018203	12.55	44.0472	1	-1	0.11512	86.4135
0.0182358	12.55	44.0305	2	-1	0.11515	86.3582
0.0182361	12.55	44.0122	3	-1	0.11514	86.3507
0.018269	12.55	44.0302	4	-1	0.11516	86.3657
0.018269	12.55	44.0299	1	-1	0.11517	86.3732
0.0183018	12.55	44.0135	2	-1	0.11519	86.317
0.0183022	12.55	43.9952	3	-1	0.11519	86.317
0.0183351	12.55	44.0129	4	-1	0.11521	86.332
0.0183351	12.55	44.0126	1	-1	0.11522	86.3395
0.0183679	12.55	43.9962	2	-1	0.11525	86.2843
0.0183683	12.55	43.9782	3	-1	0.11524	86.2769
0.0184012	12.55	43.996	4	-1	0.11526	86.2918
0.0184012	12.55	43.9958	1	-1	0.11527	86.2993
0.0184341	12.55	43.9791	2	-1	0.1153	86.2443
0.0184345	12.55	43.9614	3	-1	0.11529	86.2368
0.0184674	12.55	43.9785	4	-1	0.11531	86.2518
0.0184674	12.55	43.9783	1	-1	0.11532	86.2593
0.0185003	12.55	43.9623	2	-1	0.11535	86.2108
0.0185007	12.55	43.9449	3	-1	0.11534	86.2033
0.0185337	12.55	43.962	4	-1	0.11536	86.2182
0.0185337	12.55	43.9618	1	-1	0.11537	86.2257
0.0185666	12.55	43.9453	2	-1	0.11539	86.1634
0.018567	12.55	43.928	3	-1	0.11539	86.1634
0.0186	12.55	43.9447	4	-1	0.11541	86.1783
0.0186	12.55	43.9445	1	-1	0.11542	86.1858
0.018633	12.55	43.9286	2	-1	0.11544	86.13
0.0186333	12.55	43.9113	3	-1	0.11544	86.13
0.0186664	12.55	43.9274	4	-1	0.11545	86.1374
0.0186664	12.55	43.9271	1	-1	0.11546	86.1449
0.0186994	12.55	43.9112	2	-1	0.1155	86.1041
0.0186997	12.55	43.8942	3	-1	0.11549	86.0966
0.0187328	12.55	43.9109	4	-1	0.11551	86.1115
0.0187328	12.55	43.9106	1	-1	0.11552	86.119
0.0187658	12.55	43.8943	2	-1	0.11555	86.0579
0.0187662	12.55	43.8776	3	-1	0.11554	86.0505
0.0187993	12.55	43.8936	4	-1	0.11556	86.0654
0.0187993	12.55	43.8934	1	-1	0.11557	86.0728
0.0188324	12.55	43.8777	2	-1	0.1156	86.0247
0.0188327	12.55	43.8613	3	-1	0.11559	86.0173
0.0188658	12.55	43.8766	4	-1	0.11561	86.0321
0.0188658	12.55	43.8763	1	-1	0.11562	86.0396
0.0188989	12.55	43.8606	2	-1	0.11565	85.9851
0.0188992	12.55	43.8444	3	-1	0.11564	85.9777
0.0189324	12.55	43.8599	4	-1	0.11566	85.9926
0.0189324	12.55	43.8596	1	-1	0.11567	86
0.0189656	12.55	43.8436	2	-1	0.1157	85.9456
0.0189659	12.55	43.8278	3	-1	0.11569	85.9382
0.0189991	12.55	43.8426	4	-1	0.11571	85.9531
0.0189991	12.55	43.8423	1	-1	0.11572	85.9605
0.0190323	12.55	43.8271	2	-1	0.11575	85.9126
0.0190326	12.55	43.8115	3	-1	0.11574	85.9051
0.0190658	12.55	43.8256	4	-1	0.11576	85.92
0.0190658	12.55	43.8253	1	-1	0.11577	85.9274
0.019099	12.55	43.8099	2	-1	0.1158	85.8732
0.0190993	12.55	43.7944	3	-1	0.1158	85.8732
0.0191326	12.55	43.809	4	-1	0.11581	85.8806
0.0191326	12.55	43.8088	1	-1	0.11582	85.888
0.0191658	12.55	43.7929	2	-1	0.11585	85.8339
0.0191661	12.55	43.7777	3	-1	0.11584	85.8265
0.0191994	12.55	43.7918	4	-1	0.11586	85.8413
0.0191994	12.55	43.7915	1	-1	0.11587	85.8487
0.0192327	12.55	43.7764	2	-1	0.1159	85.801
0.019233	12.55	43.7615	3	-1	0.11589	85.7936
0.0192663	12.55	43.7748	4	-1	0.11591	85.8084
0.0192663	12.55	43.7746	1	-1	0.11592	85.8158
0.0192996	12.55	43.7593	2	-1	0.11595	85.7618
0.0192999	12.55	43.7444	3	-1	0.11595	85.7618
0.0193333	12.55	43.7583	4	-1	0.11596	85.7692
0.0193333	12.55	43.7581	1	-1	0.11597	85.7766
0.0193666	12.55	43.7424	2	-1	0.116	85.7227
0.0193669	12.55	43.7278	3	-1	0.11599	85.7153
0.0194003	12.55	43.7411	4	-1	0.11601	85.7301
0.0194003	12.55	43.7409	1	-1	0.11602	85.7375
0.0194336	12.55	43.726	2	-1	0.11605	85.69
0.0194339	12.55	43.7117	3	-1	0.11604	85.6826
0.0194673	12.55	43.7242	4	-1	0.11606	85.6974
0.0194673	12.55	43.724	1	-1	0.11607	85.7048
0.0195007	12.55	43.709	2	-1	0.1161	85.6511
0.019501	12.55	43.6947	3	-1	0.1161	85.6511
0.0195345	12.55	43.7072	4	-1	0.11611	85.6584
0.0195345	12.55	43.7069	1	-1	0.11612	85.6658
0.0195679	12.55	43.6915	2	-1	0.11615	85.6121
0.0195682	12.55	43.6773	3	-1	0.11615	85.6121
0.0196016	12.55	43.6906	4	-1	0.11616	85.6195
0.0196016	12.55	43.6903	1	-1	0.11617	85.6269
0.0196351	12.55	43.6746	2	-1	0.1162	85.5733
0.0196354	12.55	43.6606	3	-1	0.11619	85.5659
0.0196689	12.55	43.6732	4	-1	0.11621	85.5807
0.0196689	12.55	43.673	1	-1	0.11622	85.588
0.0197023	12.55	43.6581	2	-1	0.11625	85.5408
0.0197026	12.55	43.6442	3	-1	0.11625	85.5408
0.0197362	12.55	43.6564	4	-1	0.11626	85.5482
0.0197362	12.55	43.6562	1	-1	0.11627	85.5556
0.0197697	12.55	43.6411	2	-1	0.1163	85.5021
0.01977	12.55	43.6272	3	-1	0.1163	85.5021
0.0198035	12.55	43.6401	4	-1	0.11631	85.5095
0.0198035	12.55	43.6399	1	-1	0.11632	85.5168
0.0198371	12.55	43.6243	2	-1	0.11635	85.4635
0.0198373	12.55	43.6107	3	-1	0.11634	85.4561
0.0198709	12.55	43.6233	4	-1	0.11637	85.4782
0.0198709	12.55	43.6231	1	-1	0.11638	85.4855
0.0199045	12.55	43.6076	2	-1	0.1164	85.4187
0.0199048	12.55	43.5941	3	-1	0.1164	85.4187
0.0199384	12.55	43.6059	4	-1	0.11641	85.426
0.0199384	12.55	43.6056	1	-1	0.11642	85.4333
0.019972	12.55	43.5911	2	-1	0.11645	85.3927
0.0199723	12.55	43.5776	3	-1	0.11645	85.3927
0.0200059	12.55	43.5891	4	-1	0.11646	85.4
0.020006	12.55	43.5888	1	-1	0.11647	85.4073
0.0200396	12.55	43.5739	2	-1	0.1165	85.3542
0.0200399	12.55	43.5604	3	-1	0.1165	85.3542
0.0200735	12.55	43.5731	4	-1	0.11652	85.3689
0.0200735	12.55	43.5729	1	-1	0.11653	85.3762
0.0201072	12.55	43.5573	2	-1	0.11655	85.3096
0.0201075	12.55	43.5439	3	-1	0.11655	85.3096
0.0201412	12.55	43.5563	4	-1	0.11657	85.3243
0.0201412	12.55	43.556	1	-1	0.11658	85.3316
0.0201749	12.55	43.5407	2	-1	0.1166	85.2713
0.0201751	12.55	43.5273	3	-1	0.1166	85.2713
0.0202089	12.55	43.5388	4	-1	0.11661	85.2786
0.0202089	12.55	43.5386	1	-1	0.11662	85.2859
0.0202426	12.55	43.5241	2	-1	0.11665	85.2455
0.0202429	12.55	43.5107	3	-1	0.11665	85.2455
0.0202767	12.55	43.5221	4	-1	0.11666	85.2529
0.0202767	12.55	43.5219	1	-1	0.11667	85.2602
0.0203104	12.55	43.5069	2	-1	0.1167	85.2074
0.0203107	12.55	43.4936	3	-1	0.1167	85.2074
0.0203445	12.55	43.5055	4	-1	0.11672	85.222
0.0203445	12.55	43.5053	1	-1	0.11673	85.2293
0.0203783	12.55	43.4901	2	-1	0.11676	85.1703
0.0203785	12.55	43.477	3	-1	0.11675	85.163
0.0204124	12.55	43.4893	4	-1	0.11677	85.1776
0.0204124	12.55	43.489	1	-1	0.11678	85.1849
0.0204462	12.55	43.4738	2	-1	0.11681	85.1323
0.0204464	12.55	43.461	3	-1	0.1168	85.125
0.0204803	12.55	43.4724	4	-1	0.11682	85.1396
0.0204803	12.55	43.4722	1	-1	0.11683	85.1469
0.0205141	12.55	43.4572	2	-1	0.11686	85.0943
0.0205144	12.55	43.4447	3	-1	0.11685	85.087
0.0205483	12.55	43.4554	4	-1	0.11687	85.1016
0.0205483	12.55	43.4552	1	-1	0.11688	85.1089
0.0205822	12.55	43.4408	2	-1	0.1169	85.0553
0.0205824	12.55	43.4283	3	-1	0.1169	85.0553
0.0206164	12.55	43.4388	4	-1	0.11692	85.0698
0.0206164	12.55	43.4385	1	-1	0.11693	85.0771
0.0206503	12.55	43.4242	2	-1	0.11696	85.0247
0.0206505	12.55	43.4119	3	-1	0.11695	85.0174
0.0206845	12.55	43.422	4	-1	0.11697	85.032
0.0206845	12.55	43.4218	1	-1	0.11698	85.0393
0.0207184	12.55	43.4073	2	-1	0.11701	84.9869
0.0207187	12.55	43.3953	3	-1	0.117	84.9797
0.0207527	12.55	43.4058	4	-1	0.11702	84.9942
0.0207527	12.55	43.4056	1	-1	0.11703	85.0015
0.0207866	12.55	43.3909	2	-1	0.11706	84.9492
0.0207869	12.55	43.3792	3	-1	0.11705	84.9419
0.0208209	12.55	43.389	4	-1	0.11707	84.9565
0.0208209	12.55	43.3888	1	-1	0.11708	84.9637
0.0208549	12.55	43.3744	2	-1	0.11711	84.9115
0.0208551	12.55	43.3629	3	-1	0.1171	84.9043
0.0208892	12.55	43.3721	4	-1	0.11712	84.9188
0.0208892	12.55	43.3718	1	-1	0.11713	84.926
0.0209232	12.55	43.3583	2	-1	0.11716	84.8801
0.0209235	12.55	43.3471	3	-1	0.11715	84.8729
0.0209575	12.55	43.3557	4	-1	0.11717	84.8873
0.0209575	12.55	43.3554	1	-1	0.11718	84.8946
0.0209916	12.55	43.3417	2	-1	0.11721	84.8426
0.0209918	12.55	43.3307	3	-1	0.1172	84.8353
0.021026	12.55	43.3391	4	-1	0.11722	84.8498
0.021026	12.55	43.3388	1	-1	0.11723	84.857
0.02106	12.55	43.3248	2	-1	0.11726	84.8051
0.0210603	12.55	43.3142	3	-1	0.11725	84.7979
0.0210944	12.55	43.3222	4	-1	0.11727	84.8123
0.0210944	12.55	43.322	1	-1	0.11728	84.8196
0.0211285	12.55	43.308	2	-1	0.11731	84.7677
0.0211288	12.55	43.2976	3	-1	0.1173	84.7605
0.0211629	12.55	43.3059	4	-1	0.11732	84.7749
0.021163	12.55	43.3057	1	-1	0.11733	84.7821
0.0211971	12.55	43.2917	2	-1	0.11736	84.7303
0.0211973	12.55	43.2816	3	-1	0.11735	84.7231
0.0212315	12.55	43.2892	4	-1	0.11737	84.7376
0.0212315	12.55	43.289	1	-1	0.11738	84.7448
0.0212657	12.55	43.2753	2	-1	0.11741	84.6931
0.0212659	12.55	43.2652	3	-1	0.11741	84.6931
0.0213002	12.55	43.2725	4	-1	0.11742	84.7003
0.0213002	12.55	43.2722	1	-1	0.11743	84.7075
0.0213344	12.55	43.2586	2	-1	0.11746	84.6559
0.0213346	12.55	43.2485	3	-1	0.11746	84.6559
0.0213689	12.55	43.2557	4	-1	0.11747	84.6631
0.0213689	12.55	43.2555	1	-1	0.11748	84.6703
0.0214031	12.55	43.2423	2	-1	0.11751	84.6248
0.0214034	12.55	43.2322	3	-1	0.11751	84.6248
0.0214376	12.55	43.2395	4	-1	0.11752	84.632
0.0214377	12.55	43.2393	1	-1	0.11753	84.6392
0.0214719	12.55	43.2256	2	-1	0.11756	84.5877
0.0214721	12.55	43.2156	3	-1	0.11756	84.5877
0.0215065	12.55	43.2231	4	-1	0.11757	84.5949
0.0215065	12.55	43.2229	1	-1	0.11758	84.6021
0.0215408	12.55	43.2091	2	-1	0.11762	84.5579
0.021541	12.55	43.1996	3	-1	0.1176	84.5435
0.0215754	12.55	43.2067	4	-1	0.11763	84.5651
0.0215754	12.55	43.2065	1	-1	0.11764	84.5723
0.0216097	12.55	43.1928	2	-1	0.11767	84.5148
0.0216099	12.55	43.1838	3	-1	0.11765	84.5005
0.0216443	12.55	43.19	4	-1	0.11768	84.522
0.0216443	12.55	43.1898	1	-1	0.11769	84.5292
0.0216787	12.55	43.1766	2	-1	0.11772	84.4779
0.0216789	12.55	43.1677	3	-1	0.11771	84.4708
0.0217133	12.55	43.174	4	-1	0.11773	84.4851
0.0217133	12.55	43.1738	1	-1	0.11774	84.4923
0.0217477	12.55	43.1604	2	-1	0.11776	84.4339
0.0217479	12.55	43.1516	3	-1	0.11776	84.4339
0.0217824	12.55	43.1575	4	-1	0.11778	84.4483
0.0217824	12.55	43.1573	1	-1	0.11779	84.4554
0.0218168	12.55	43.1441	2	-1	0.11781	84.3972
0.021817	12.55	43.1353	3	-1	0.11781	84.3972
0.0218515	12.55	43.1405	4	-1	0.11782	84.4043
0.0218515	12.55	43.1403	1	-1	0.11783	84.4115
0.0218859	12.55	43.1273	2	-1	0.11786	84.3665
0.0218861	12.55	43.1186	3	-1	0.11786	84.3665
0.0219207	12.55	43.1238	4	-1	0.11787	84.3737
0.0219207	12.55	43.1236	1	-1	0.11788	84.3808
0.0219551	12.55	43.1104	2	-1	0.11791	84.3299
0.0219553	12.55	43.1017	3	-1	0.11791	84.3299
0.0219899	12.55	43.1074	4	-1	0.11793	84.3442
0.0219899	12.55	43.1072	1	-1	0.11794	84.3513
0.0220244	12.55	43.0941	2	-1	0.11797	84.2944
0.0220246	12.55	43.0856	3	-1	0.11796	84.2872
0.0220592	12.55	43.0909	4	-1	0.11798	84.3015
0.0220592	12.55	43.0906	1	-1	0.11799	84.3087
0.0220937	12.55	43.0778	2	-1	0.11802	84.2579
0.0220939	12.55	43.0696	3	-1	0.11801	84.2507
0.0221286	12.55	43.0742	4	-1	0.11803	84.265
0.0221286	12.55	43.074	1	-1	0.11804	84.2721
0.0221631	12.55	43.0618	2	-1	0.11806	84.2203
0.0221633	12.55	43.0534	3	-1	0.11807	84.2274
0.022198	12.55	43.0582	4	-1	0.11808	84.2346
0.022198	12.55	43.058	1	-1	0.11809	84.2417
0.0222326	12.55	43.0456	2	-1	0.11812	84.191
0.0222328	12.55	43.0374	3	-1	0.11811	84.1839
0.0222674	12.55	43.0421	4	-1	0.11813	84.1981
0.0222674	12.55	43.0419	1	-1	0.11814	84.2053
0.0223021	12.55	43.0293	2	-1	0.11817	84.1547
0.0223023	12.55	43.0213	3	-1	0.11816	84.1476
0.022337	12.55	43.0258	4	-1	0.11818	84.1618
0.022337	12.55	43.0256	1	-1	0.11819	84.1689
0.0223717	12.55	43.0129	2	-1	0.11822	84.1184
0.0223718	12.55	43.0052	3	-1	0.11821	84.1113
0.0224066	12.55	43.0093	4	-1	0.11823	84.1255
0.0224066	12.55	43.0091	1	-1	0.11824	84.1326
0.0224413	12.55	42.9965	2	-1	0.11827	84.0822
0.0224415	12.55	42.989	3	-1	0.11826	84.0751
0.0224762	12.55	42.9928	4	-1	0.11828	84.0893
0.0224762	12.55	42.9926	1	-1	0.11829	84.0964
0.022511	12.55	42.9801	2	-1	0.11832	84.046
0.0225111	12.55	42.9729	3	-1	0.11831	84.0389
0.0225459	12.55	42.9763	4	-1	0.11833	84.0531
0.0225459	12.55	42.9761	1	-1	0.11834	84.0602
0.0225807	12.55	42.9637	2	-1	0.11837	84.0099
0.0225809	12.55	42.9567	3	-1	0.11836	84.0028
0.0226157	12.55	42.9601	4	-1	0.11839	84.0241
0.0226157	12.55	42.9599	1	-1	0.1184	84.0312
0.0226505	12.55	42.9476	2	-1	0.11842	83.968
0.0226507	12.55	42.9408	3	-1	0.11841	83.9609
0.0226855	12.55	42.9437	4	-1	0.11844	83.9821
0.0226855	12.55	42.9435	1	-1	0.11845	83.9892
0.0227204	12.55	42.9316	2	-1	0.11847	83.932
0.0227205	12.55	42.9248	3	-1	0.11847	83.932
0.0227554	12.55	42.927	4	-1	0.11848	83.9391
0.0227554	12.55	42.9268	1	-1	0.11849	83.9462
0.0227903	12.55	42.915	2	-1	0.11852	83.902
0.0227905	12.55	42.9083	3	-1	0.11852	83.902
0.0228254	12.55	42.911	4	-1	0.11854	83.9162
0.0228254	12.55	42.9108	1	-1	0.11855	83.9233
0.0228603	12.55	42.8989	2	-1	0.11858	83.8673
0.0228604	12.55	42.8924	3	-1	0.11857	83.8602
0.0228954	12.55	42.8949	4	-1	0.11859	83.8744
0.0228954	12.55	42.8947	1	-1	0.1186	83.8815
0.0229303	12.55	42.8828	2	-1	0.11863	83.8315
0.0229305	12.55	42.8767	3	-1	0.11861	83.8174
0.0229655	12.55	42.8786	4	-1	0.11864	83.8386
0.0229655	12.55	42.8784	1	-1	0.11865	83.8457
0.0230004	12.55	42.8668	2	-1	0.11868	83.7958
0.0230006	12.55	42.8609	3	-1	0.11867	83.7887
0.0230356	12.55	42.8623	4	-1	0.11869	83.8029
0.0230356	12.55	42.8621	1	-1	0.1187	83.8099
0.0230706	12.55	42.8507	2	-1	0.11873	83.7601
0.0230707	12.55	42.845	3	-1	0.11872	83.7531
0.0231058	12.55	42.8461	4	-1	0.11874	83.7672
0.0231058	12.55	42.8459	1	-1	0.11875	83.7743
0.0231408	12.55	42.8345	2	-1	0.11878	83.7245
0.023141	12.55	42.8291	3	-1	0.11877	83.7175
0.023176	12.55	42.8299	4	-1	0.11879	83.7316
0.023176	12.55	42.8297	1	-1	0.1188	83.7386
0.0232111	12.55	42.8183	2	-1	0.11883	83.689
0.0232112	12.55	42.8131	3	-1	0.11882	83.6819
0.0232463	12.55	42.8137	4	-1	0.11884	83.696
0.0232464	12.55	42.8135	1	-1	0.11885	83.7031
0.0232815	12.55	42.8022	2	-1	0.11888	83.6535
0.0232816	12.55	42.7972	3	-1	0.11887	83.6465
0.0233167	12.55	42.7975	4	-1	0.11889	83.6605
0.0233167	12.55	42.7973	1	-1	0.1189	83.6676
0.0233519	12.55	42.7861	2	-1	0.11893	83.6181
0.023352	12.55	42.7814	3	-1	0.11892	83.6111
0.0233872	12.55	42.7816	1	-1	0.11895	83.6321
0.0233872	12.55	42.7816	4	-1	0.11895	83.6321
0.0234223	12.55	42.7704	2	-1	0.11898	83.5827
0.0234224	12.55	42.7659	3	-1	0.11897	83.5757
0.0234576	12.55	42.7657	1	-1	0.119	83.5968
0.0234576	12.55	42.7657	4	-1	0.119	83.5968
0.0234929	12.55	42.7548	2	-1	0.11904	83.5544
0.023493	12.55	42.7507	3	-1	0.11902	83.5404
0.0235282	12.55	42.75	1	-1	0.11905	83.5615
0.0235282	12.55	42.75	4	-1	0.11905	83.5615
0.0235635	12.55	42.7391	2	-1	0.11909	83.5192
0.0235635	12.55	42.7356	3	-1	0.11906	83.4981
0.0235988	12.55	42.734	1	-1	0.1191	83.5262
0.0235988	12.55	42.734	4	-1	0.1191	83.5262
0.0236341	12.55	42.7228	2	-1	0.11914	83.4781
0.0236342	12.55	42.7199	3	-1	0.11911	83.4571
0.0236695	12.55	42.7173	1	-1	0.11915	83.4851
0.0236695	12.55	42.7173	4	-1	0.11915	83.4851
0.0237048	12.55	42.7069	2	-1	0.11919	83.443
0.0237049	12.55	42.7045	3	-1	0.11917	83.429
0.0237402	12.55	42.7008	1	-1	0.1192	83.45
0.0237402	12.55	42.7008	4	-1	0.1192	83.45
0.0237756	12.55	42.6911	2	-1	0.11924	83.4079
0.0237756	12.55	42.6891	3	-1	0.11922	83.394
0.023811	12.55	42.6846	4	-1	0.11925	83.4149
0.023811	12.55	42.6844	1	-1	0.11926	83.4219
0.0238464	12.55	42.6751	2	-1	0.11929	83.3671
0.0238464	12.55	42.6735	3	-1	0.11927	83.3531
0.0238818	12.55	42.6683	4	-1	0.1193	83.3741
0.0238818	12.55	42.6681	1	-1	0.11931	83.3811
0.0239173	12.55	42.6594	2	-1	0.11934	83.3322
0.0239173	12.55	42.6582	3	-1	0.11932	83.3182
0.0239528	12.55	42.652	4	-1	0.11935	83.3392
0.0239528	12.55	42.6518	1	-1	0.11936	83.3461
0.0239882	12.55	42.6435	2	-1	0.11938	83.2903
0.0239882	12.55	42.6423	3	-1	0.11938	83.2903
0.0240237	12.55	42.6352	4	-1	0.1194	83.3043
0.0240237	12.55	42.635	1	-1	0.11941	83.3112
0.0240592	12.55	42.6269	2	-1	0.11943	83.2555
0.0240592	12.55	42.6257	3	-1	0.11943	83.2555
0.0240948	12.55	42.619	4	-1	0.11945	83.2694
0.0240948	12.55	42.6188	1	-1	0.11946	83.2764
0.0241303	12.55	42.6107	2	-1	0.11949	83.2277
0.0241303	12.55	42.6097	3	-1	0.11948	83.2207
0.0241659	12.55	42.603	4	-1	0.1195	83.2347
0.0241659	12.55	42.6028	1	-1	0.11951	83.2416
0.0242014	12.55	42.5947	2	-1	0.11954	83.193
0.0242014	12.55	42.5939	3	-1	0.11953	83.186
0.024237	12.55	42.5872	4	-1	0.11955	83.1999
0.024237	12.55	42.587	1	-1	0.11956	83.2069
0.0242726	12.55	42.5788	2	-1	0.11959	83.1583
0.0242726	12.55	42.5782	3	-1	0.11958	83.1514
0.0243082	12.55	42.5716	1	-1	0.11961	83.1722
0.0243082	12.55	42.5716	4	-1	0.11961	83.1722
0.0243438	12.55	42.5628	2	-1	0.11964	83.118
0.0243439	12.55	42.5624	3	-1	0.11963	83.111
0.0243795	12.55	42.5554	4	-1	0.11966	83.1319
0.0243795	12.55	42.5552	1	-1	0.11967	83.1388
0.0244151	12.55	42.547	2	-1	0.11969	83.0777
0.0244152	12.55	42.5468	3	-1	0.11968	83.0707
0.0244508	12.55	42.539	4	-1	0.11971	83.0916
0.0244508	12.55	42.5388	1	-1	0.11972	83.0985
0.0244865	12.55	42.5315	2	-1	0.11974	83.0432
0.0244865	12.55	42.5313	3	-1	0.11974	83.0432
0.0245222	12.55	42.5226	4	-1	0.11975	83.0501
0.0245222	12.55	42.5224	1	-1	0.11976	83.0571
0.0245579	12.55	42.5156	2	-1	0.11979	83.0146
0.0245579	12.55	42.5154	3	-1	0.11979	83.0146
0.0245937	12.55	42.5061	4	-1	0.1198	83.0215
0.0245937	12.55	42.5059	1	-1	0.11981	83.0284
0.0246294	12.55	42.4987	2	-1	0.11984	82.9802
0.0246294	12.55	42.4985	3	-1	0.11984	82.9802
0.0246652	12.55	42.4906	4	-1	0.11986	82.994
0.0246652	12.55	42.4904	1	-1	0.11987	83.001
0.024701	12.55	42.4828	2	-1	0.1199	82.9471
0.024701	12.55	42.4828	3	-1	0.11989	82.9402
0.0247368	12.55	42.475	4	-1	0.11991	82.954
0.0247368	12.55	42.4748	1	-1	0.11992	82.9609
0.0247726	12.55	42.4667	3	-1	0.11993	82.899
0.0247726	12.55	42.4665	2	-1	0.11994	82.9059
0.0248084	12.55	42.4587	4	-1	0.11996	82.9197
0.0248084	12.55	42.4585	1	-1	0.11997	82.9267
0.0248442	12.55	42.4504	3	-1	0.11999	82.866
0.0248443	12.55	42.4503	2	-1	0.12	82.8729
0.0248801	12.55	42.4423	4	-1	0.12001	82.8798
0.0248801	12.55	42.4421	1	-1	0.12002	82.8867
0.024916	12.55	42.4345	3	-1	0.12004	82.8319
0.024916	12.55	42.4343	2	-1	0.12005	82.8388
0.0249519	12.55	42.4263	4	-1	0.12006	82.8457
0.0249519	12.55	42.4261	1	-1	0.12007	82.8526
0.0249878	12.55	42.4186	3	-1	0.12009	82.7978
0.0249878	12.55	42.4184	2	-1	0.1201	82.8047
0.0250237	12.55	42.4099	4	-1	0.12011	82.8116
0.0250237	12.55	42.4097	1	-1	0.12012	82.8185
0.0250596	12.55	42.4021	3	-1	0.12014	82.7638
0.0250596	12.55	42.4019	2	-1	0.12015	82.7707
0.0250956	12.55	42.3944	4	-1	0.12017	82.7845
0.0250956	12.55	42.3942	1	-1	0.12018	82.7914
0.0251315	12.55	42.3862	3	-1	0.12019	82.7242
0.0251315	12.55	42.386	2	-1	0.1202	82.7311
0.0251675	12.55	42.3787	4	-1	0.12022	82.7449
0.0251675	12.55	42.3785	1	-1	0.12023	82.7517
0.0252035	12.55	42.3707	3	-1	0.12024	82.6903
0.0252035	12.55	42.3705	2	-1	0.12025	82.6972
0.0252395	12.55	42.363	4	-1	0.12027	82.711
0.0252395	12.55	42.3628	1	-1	0.12028	82.7178
0.0252755	12.55	42.3547	3	-1	0.12029	82.6508
0.0252755	12.55	42.3545	2	-1	0.1203	82.6577
0.0253116	12.55	42.3467	4	-1	0.12032	82.6714
0.0253116	12.55	42.3465	1	-1	0.12033	82.6783
0.0253476	12.55	42.3393	2	-1	0.12035	82.6239
0.0253476	12.55	42.3393	3	-1	0.12035	82.6239
0.0253837	12.55	42.3301	4	-1	0.12036	82.6308
0.0253837	12.55	42.3299	1	-1	0.12037	82.6376
0.0254198	12.55	42.3231	2	-1	0.1204	82.5959
0.0254198	12.55	42.3231	3	-1	0.1204	82.5959
0.0254559	12.55	42.3147	4	-1	0.12042	82.6096
0.0254559	12.55	42.3145	1	-1	0.12043	82.6165
0.025492	12.55	42.3072	3	-1	0.12045	82.5565
0.025492	12.55	42.307	2	-1	0.12046	82.5634
0.0255281	12.55	42.2993	4	-1	0.12047	82.5703
0.0255281	12.55	42.2991	1	-1	0.12048	82.5771
0.0255643	12.55	42.2904	3	-1	0.12049	82.5104
0.0255643	12.55	42.2902	2	-1	0.1205	82.5173
0.0256005	12.55	42.283	4	-1	0.12052	82.531
0.0256005	12.55	42.2828	1	-1	0.12053	82.5378
0.0256366	12.55	42.2749	3	-1	0.12055	82.4837
0.0256366	12.55	42.2747	2	-1	0.12056	82.4906
0.0256728	12.55	42.267	4	-1	0.12057	82.4974
0.0256728	12.55	42.2668	1	-1	0.12058	82.5043
0.025709	12.55	42.2595	3	-1	0.1206	82.4503
0.025709	12.55	42.2593	2	-1	0.12061	82.4571
0.0257452	12.55	42.2508	4	-1	0.12062	82.4639
0.0257453	12.55	42.2506	1	-1	0.12063	82.4708
0.0257815	12.55	42.2433	3	-1	0.12065	82.4168
0.0257815	12.55	42.2432	2	-1	0.12066	82.4237
0.0258177	12.55	42.2353	4	-1	0.12067	82.4305
0.0258177	12.55	42.2351	1	-1	0.12068	82.4373
0.025854	12.55	42.2267	3	-1	0.1207	82.3778
0.025854	12.55	42.2265	2	-1	0.12071	82.3847
0.0258903	12.55	42.2197	4	-1	0.12073	82.3983
0.0258903	12.55	42.2195	1	-1	0.12074	82.4051
0.0259266	12.55	42.2111	3	-1	0.12075	82.3389
0.0259266	12.55	42.2109	2	-1	0.12076	82.3457
0.0259629	12.55	42.2038	4	-1	0.12078	82.3594
0.0259629	12.55	42.2036	1	-1	0.12079	82.3662
0.0259992	12.55	42.1961	3	-1	0.1208	82.3056
0.0259992	12.55	42.1959	2	-1	0.12081	82.3125
0.0260356	12.55	42.1871	4	-1	0.12082	82.3193
0.0260356	12.55	42.1869	1	-1	0.12083	82.3261
0.0260719	12.55	42.1804	2	-1	0.12086	82.2849
0.0260719	12.55	42.1804	3	-1	0.12086	82.2849
0.0261083	12.55	42.1718	4	-1	0.12087	82.2917
0.0261083	12.55	42.1716	1	-1	0.12088	82.2985
0.0261447	12.55	42.1639	3	-1	0.12091	82.2461
0.0261447	12.55	42.1637	2	-1	0.12092	82.2529
0.0261811	12.55	42.1565	4	-1	0.12093	82.2597
0.0261811	12.55	42.1564	1	-1	0.12094	82.2665
0.0262175	12.55	42.1478	3	-1	0.12095	82.2006
0.0262175	12.55	42.1476	2	-1	0.12096	82.2074
0.026254	12.55	42.1402	4	-1	0.12098	82.221
0.026254	12.55	42.14	1	-1	0.12099	82.2278
0.0262904	12.55	42.1319	3	-1	0.121	82.1676
0.0262904	12.55	42.1317	2	-1	0.12101	82.1744
0.0263269	12.55	42.1241	4	-1	0.12103	82.188
0.0263269	12.55	42.1239	1	-1	0.12104	82.1948
0.0263634	12.55	42.1167	3	-1	0.12106	82.1414
0.0263634	12.55	42.1165	2	-1	0.12107	82.1482
0.0263999	12.55	42.1088	4	-1	0.12108	82.155
0.0263999	12.55	42.1086	1	-1	0.12109	82.1618
0.0264364	12.55	42.1007	3	-1	0.12111	82.1029
0.0264364	12.55	42.1005	2	-1	0.12112	82.1097
0.0264729	12.55	42.0932	4	-1	0.12113	82.1165
0.0264729	12.55	42.0931	1	-1	0.12114	82.1232
0.0265095	12.55	42.0851	3	-1	0.12116	82.07
0.0265095	12.55	42.0849	2	-1	0.12117	82.0768
0.026546	12.55	42.0775	4	-1	0.12119	82.0904
0.026546	12.55	42.0774	1	-1	0.1212	82.0971
0.0265826	12.55	42.0695	3	-1	0.12121	82.0317
0.0265826	12.55	42.0693	2	-1	0.12122	82.0384
0.0266192	12.55	42.0621	4	-1	0.12124	82.052
0.0266192	12.55	42.0619	1	-1	0.12125	82.0587
0.0266558	12.55	42.0536	3	-1	0.12126	81.9934
0.0266558	12.55	42.0535	2	-1	0.12127	82.0001
0.0266924	12.55	42.0461	4	-1	0.12129	82.0137
0.0266924	12.55	42.0459	1	-1	0.1213	82.0204
0.026729	12.55	42.0384	3	-1	0.12131	81.9607
0.0267291	12.55	42.0382	2	-1	0.12132	81.9674
0.0267657	12.55	42.0295	4	-1	0.12133	81.9742
0.0267657	12.55	42.0293	1	-1	0.12134	81.9809
0.0268024	12.55	42.0226	3	-1	0.12137	81.9403
0.0268024	12.55	42.0224	2	-1	0.12138	81.9471
0.026839	12.55	42.0146	4	-1	0.12139	81.9538
0.026839	12.55	42.0145	1	-1	0.1214	81.9606
0.0268757	12.55	42.0059	3	-1	0.12141	81.8899
0.0268758	12.55	42.0058	2	-1	0.12142	81.8967
0.0269125	12.55	41.9991	4	-1	0.12144	81.9102
0.0269125	12.55	41.9989	1	-1	0.12145	81.9169
0.0269492	12.55	41.9904	3	-1	0.12146	81.8574
0.0269492	12.55	41.9902	2	-1	0.12147	81.8641
0.0269859	12.55	41.9826	4	-1	0.12149	81.8776
0.0269859	12.55	41.9824	1	-1	0.1215	81.8844
0.0270227	12.55	41.9753	3	-1	0.12152	81.8316
0.0270227	12.55	41.9751	2	-1	0.12153	81.8384
0.0270595	12.55	41.9672	4	-1	0.12154	81.8451
0.0270595	12.55	41.967	1	-1	0.12155	81.8519
0.0270963	12.55	41.9593	3	-1	0.12157	81.7937
0.0270963	12.55	41.9591	2	-1	0.12158	81.8004
0.0271331	12.55	41.9517	4	-1	0.12159	81.8072
0.0271331	12.55	41.9515	1	-1	0.1216	81.8139
0.0271699	12.55	41.9437	3	-1	0.12162	81.7613
0.0271699	12.55	41.9435	2	-1	0.12163	81.7681
0.0272067	12.55	41.9362	4	-1	0.12165	81.7815
0.0272067	12.55	41.9361	1	-1	0.12166	81.7882
0.0272436	12.55	41.9276	3	-1	0.12167	81.718
0.0272436	12.55	41.9274	2	-1	0.12168	81.7248
0.0272804	12.55	41.9203	4	-1	0.1217	81.7382
0.0272805	12.55	41.9201	1	-1	0.12171	81.7449
0.0273173	12.55	41.9124	3	-1	0.12172	81.6858
0.0273173	12.55	41.9122	2	-1	0.12173	81.6925
0.0273542	12.55	41.9039	4	-1	0.12175	81.7059
0.0273542	12.55	41.9038	1	-1	0.12176	81.7126
0.0273911	12.55	41.8968	3	-1	0.12177	81.6536
0.0273911	12.55	41.8967	2	-1	0.12178	81.6603
0.0274281	12.55	41.8882	4	-1	0.12179	81.667
0.0274281	12.55	41.888	1	-1	0.1218	81.6737
0.027465	12.55	41.8807	3	-1	0.12183	81.6281
0.027465	12.55	41.8806	2	-1	0.12184	81.6348
0.027502	12.55	41.8732	4	-1	0.12185	81.6415
0.027502	12.55	41.8731	1	-1	0.12186	81.6482
0.027539	12.55	41.8649	3	-1	0.12187	81.5839
0.027539	12.55	41.8648	2	-1	0.12188	81.5906
0.0275759	12.55	41.8574	4	-1	0.1219	81.604
0.027576	12.55	41.8573	1	-1	0.12191	81.6107
0.027613	12.55	41.8493	3	-1	0.12192	81.5518
0.027613	12.55	41.8492	2	-1	0.12193	81.5585
0.02765	12.55	41.8419	4	-1	0.12195	81.5719
0.02765	12.55	41.8417	1	-1	0.12196	81.5786
0.027687	12.55	41.834	3	-1	0.12198	81.5211
0.027687	12.55	41.8339	2	-1	0.12199	81.5278
0.0277241	12.55	41.8257	4	-1	0.122	81.5345
0.0277241	12.55	41.8256	1	-1	0.12201	81.5411
0.0277611	12.55	41.8183	3	-1	0.12203	81.4891
0.0277611	12.55	41.8181	2	-1	0.12204	81.4958
0.0277982	12.55	41.8106	4	-1	0.12205	81.5025
0.0277982	12.55	41.8104	1	-1	0.12206	81.5092
0.0278353	12.55	41.8021	3	-1	0.12208	81.4518
0.0278353	12.55	41.8019	2	-1	0.12209	81.4585
0.0278724	12.55	41.7955	4	-1	0.12211	81.4718
0.0278724	12.55	41.7954	1	-1	0.12212	81.4785
0.0279096	12.55	41.7868	3	-1	0.12212	81.4079
0.0279096	12.55	41.7866	2	-1	0.12213	81.4146
0.0279467	12.55	41.7793	4	-1	0.12216	81.4346
0.0279467	12.55	41.7791	1	-1	0.12217	81.4412
0.0279839	12.55	41.7715	3	-1	0.12218	81.3774
0.0279839	12.55	41.7713	2	-1	0.12219	81.384
0.0280211	12.55	41.7628	4	-1	0.1222	81.3907
0.0280211	12.55	41.7626	1	-1	0.12221	81.3974
0.0280582	12.55	41.7565	3	-1	0.12224	81.3577
0.0280583	12.55	41.7564	2	-1	0.12225	81.3644
0.0280955	12.55	41.7473	4	-1	0.12225	81.3644
0.0280955	12.55	41.7471	1	-1	0.12226	81.371
0.0281327	12.55	41.7404	3	-1	0.12229	81.3261
0.0281327	12.55	41.7402	2	-1	0.1223	81.3327
0.0281699	12.55	41.7334	4	-1	0.12231	81.3394
0.0281699	12.55	41.7332	1	-1	0.12232	81.346
0.0282072	12.55	41.7238	3	-1	0.12233	81.277
0.0282072	12.55	41.7237	2	-1	0.12234	81.2836
0.0282444	12.55	41.7179	1	-1	0.12237	81.3036
0.0282444	12.55	41.7179	4	-1	0.12237	81.3036
0.0282817	12.55	41.7087	3	-1	0.12238	81.2454
0.0282817	12.55	41.7086	2	-1	0.12239	81.2521
0.028319	12.55	41.7023	1	-1	0.12242	81.272
0.028319	12.55	41.7023	4	-1	0.12242	81.272
0.0283564	12.55	41.6937	3	-1	0.12243	81.2085
0.0283564	12.55	41.6936	2	-1	0.12244	81.2152
0.0283937	12.55	41.6857	4	-1	0.12247	81.2351
0.0283937	12.55	41.6856	1	-1	0.12248	81.2417
0.028431	12.55	41.6788	3	-1	0.12249	81.1783
0.028431	12.55	41.6786	2	-1	0.1225	81.185
0.0284684	12.55	41.6701	4	-1	0.12251	81.1916
0.0284684	12.55	41.6699	1	-1	0.12252	81.1982
0.0285058	12.55	41.6627	3	-1	0.12254	81.1469
0.0285058	12.55	41.6626	2	-1	0.12255	81.1536
0.0285432	12.55	41.6549	4	-1	0.12256	81.1602
0.0285432	12.55	41.6547	1	-1	0.12257	81.1668
0.0285806	12.55	41.6471	3	-1	0.12259	81.1156
0.0285806	12.55	41.647	2	-1	0.1226	81.1222
0.028618	12.55	41.6399	4	-1	0.12262	81.1354
0.028618	12.55	41.6397	1	-1	0.12263	81.1421
0.0286555	12.55	41.6312	3	-1	0.12264	81.0736
0.0286555	12.55	41.6311	2	-1	0.12265	81.0802
0.0286929	12.55	41.6243	4	-1	0.12267	81.0934
0.0286929	12.55	41.6242	1	-1	0.12268	81.1
0.0287304	12.55	41.6165	3	-1	0.12269	81.0423
0.0287304	12.55	41.6163	2	-1	0.1227	81.0489
0.0287679	12.55	41.6083	4	-1	0.12272	81.0622
0.0287679	12.55	41.6081	1	-1	0.12273	81.0688
0.0288054	12.55	41.6012	3	-1	0.12275	81.0124
0.0288054	12.55	41.601	2	-1	0.12276	81.019
0.0288429	12.55	41.5929	4	-1	0.12277	81.0256
0.0288429	12.55	41.5927	1	-1	0.12278	81.0322
0.0288804	12.55	41.586	3	-1	0.1228	80.9813
0.0288804	12.55	41.5859	2	-1	0.12281	80.9879
0.028918	12.55	41.5777	4	-1	0.12282	80.9945
0.028918	12.55	41.5776	1	-1	0.12283	81.0011
0.0289556	12.55	41.5698	3	-1	0.12285	80.9449
0.0289556	12.55	41.5696	2	-1	0.12286	80.9514
0.0289931	12.55	41.5626	4	-1	0.12287	80.958
0.0289931	12.55	41.5624	1	-1	0.12288	80.9646
0.0290307	12.55	41.5545	3	-1	0.1229	80.9138
0.0290307	12.55	41.5543	2	-1	0.12291	80.9204
0.0290684	12.55	41.5474	4	-1	0.12293	80.9336
0.0290684	12.55	41.5472	1	-1	0.12294	80.9402
0.029106	12.55	41.5389	3	-1	0.12295	80.8722
0.029106	12.55	41.5388	2	-1	0.12296	80.8788
0.0291436	12.55	41.5311	4	-1	0.12298	80.8919
0.0291436	12.55	41.531	1	-1	0.12299	80.8985
0.0291813	12.55	41.5237	3	-1	0.123	80.8413
0.0291813	12.55	41.5235	2	-1	0.12301	80.8478
0.029219	12.55	41.5157	4	-1	0.12303	80.861
0.029219	12.55	41.5156	1	-1	0.12304	80.8676
0.0292567	12.55	41.5085	3	-1	0.12306	80.8117
0.0292567	12.55	41.5084	2	-1	0.12307	80.8182
0.0292944	12.55	41.5001	4	-1	0.12308	80.8248
0.0292944	12.55	41.5	1	-1	0.12309	80.8314
0.0293321	12.55	41.493	3	-1	0.12311	80.7808
0.0293321	12.55	41.4928	2	-1	0.12312	80.7874
0.0293698	12.55	41.4856	4	-1	0.12313	80.794
0.0293698	12.55	41.4854	1	-1	0.12314	80.8005
0.0294076	12.55	41.4768	3	-1	0.12315	80.7382
0.0294076	12.55	41.4766	2	-1	0.12316	80.7448
0.0294454	12.55	41.4701	4	-1	0.12319	80.7644
0.0294454	12.55	41.4699	1	-1	0.1232	80.771
0.0294832	12.55	41.4617	3	-1	0.1232	80.7022
0.0294832	12.55	41.4616	2	-1	0.12321	80.7088
0.029521	12.55	41.4546	4	-1	0.12324	80.7284
0.029521	12.55	41.4544	1	-1	0.12325	80.735
0.0295588	12.55	41.4473	3	-1	0.12326	80.6728
0.0295588	12.55	41.4472	2	-1	0.12327	80.6794
0.0295966	12.55	41.4381	4	-1	0.12328	80.6859
0.0295966	12.55	41.438	1	-1	0.12329	80.6925
0.0296345	12.55	41.4318	3	-1	0.12332	80.6487
0.0296345	12.55	41.4317	2	-1	0.12333	80.6553
0.0296723	12.55	41.4231	4	-1	0.12333	80.6553
0.0296723	12.55	41.423	1	-1	0.12334	80.6618
0.0297102	12.55	41.4162	3	-1	0.12337	80.6182
0.0297102	12.55	41.416	2	-1	0.12338	80.6247
0.0297481	12.55	41.409	4	-1	0.12339	80.6312
0.0297481	12.55	41.4088	1	-1	0.1234	80.6378
0.029786	12.55	41.3997	3	-1	0.12341	80.5706
0.029786	12.55	41.3995	2	-1	0.12342	80.5771
0.029824	12.55	41.3936	1	-1	0.12345	80.5967
0.029824	12.55	41.3936	4	-1	0.12345	80.5967
0.0298619	12.55	41.3847	3	-1	0.12346	80.5402
0.0298619	12.55	41.3846	2	-1	0.12347	80.5467
0.0298999	12.55	41.3782	4	-1	0.1235	80.5662
0.0298999	12.55	41.3781	1	-1	0.12351	80.5728
0.0299378	12.55	41.37	3	-1	0.12351	80.4993
0.0299378	12.55	41.3699	2	-1	0.12352	80.5058
0.0299758	12.55	41.3614	4	-1	0.12354	80.5188
0.0299758	12.55	41.3612	1	-1	0.12355	80.5253
0.0300138	12.55	41.3548	3	-1	0.12357	80.4754
0.0300138	12.55	41.3547	2	-1	0.12358	80.4819
0.0300519	12.55	41.3457	4	-1	0.12359	80.4884
0.0300519	12.55	41.3456	1	-1	0.1236	80.495
0.0300899	12.55	41.34	3	-1	0.12363	80.4516
0.0300899	12.55	41.3398	2	-1	0.12364	80.4581
0.030128	12.55	41.3313	4	-1	0.12364	80.4581
0.030128	12.55	41.3311	1	-1	0.12365	80.4646
0.030166	12.55	41.3232	3	-1	0.12367	80.4096
0.030166	12.55	41.323	2	-1	0.12368	80.4161
0.0302041	12.55	41.3165	4	-1	0.1237	80.4291
0.0302041	12.55	41.3164	1	-1	0.12371	80.4356
0.0302422	12.55	41.3075	3	-1	0.12372	80.3742
0.0302422	12.55	41.3073	2	-1	0.12373	80.3807
0.0302803	12.55	41.302	1	-1	0.12376	80.4002
0.0302803	12.55	41.302	4	-1	0.12376	80.4002
0.0303185	12.55	41.293	3	-1	0.12377	80.3388
0.0303185	12.55	41.2929	2	-1	0.12378	80.3453
0.0303566	12.55	41.2856	4	-1	0.1238	80.3583
0.0303566	12.55	41.2854	1	-1	0.12381	80.3648
0.0303948	12.55	41.2782	3	-1	0.12383	80.31
0.0303948	12.55	41.278	2	-1	0.12384	80.3165
0.030433	12.55	41.2699	4	-1	0.12385	80.323
0.030433	12.55	41.2698	1	-1	0.12386	80.3295
0.0304712	12.55	41.2635	3	-1	0.12388	80.28
0.0304712	12.55	41.2634	2	-1	0.12389	80.2864
0.0305094	12.55	41.2549	4	-1	0.1239	80.2929
0.0305094	12.55	41.2548	1	-1	0.12391	80.2994
0.0305476	12.55	41.2475	3	-1	0.12393	80.2448
0.0305476	12.55	41.2474	2	-1	0.12394	80.2512
0.0305859	12.55	41.2402	4	-1	0.12396	80.2642
0.0305859	12.55	41.24	1	-1	0.12397	80.2707
0.0306241	12.55	41.2314	3	-1	0.12398	80.2044
0.0306241	12.55	41.2313	2	-1	0.12399	80.2109
0.0306624	12.55	41.225	4	-1	0.12401	80.2238
0.0306624	12.55	41.2248	1	-1	0.12402	80.2303
0.0307007	12.55	41.217	3	-1	0.12403	80.1745
0.0307007	12.55	41.2169	2	-1	0.12404	80.181
0.030739	12.55	41.2092	4	-1	0.12406	80.1939
0.030739	12.55	41.2091	1	-1	0.12407	80.2004
0.0307773	12.55	41.2024	3	-1	0.12409	80.146
0.0307773	12.55	41.2023	2	-1	0.1241	80.1524
0.0308157	12.55	41.1932	4	-1	0.1241	80.1524
0.0308157	12.55	41.193	1	-1	0.12411	80.1589
0.030854	12.55	41.1862	3	-1	0.12414	80.1162
0.030854	12.55	41.1861	2	-1	0.12415	80.1226
0.0308924	12.55	41.1788	4	-1	0.12416	80.1291
0.0308924	12.55	41.1787	1	-1	0.12417	80.1355
0.0309308	12.55	41.1709	3	-1	0.12419	80.0812
0.0309308	12.55	41.1707	2	-1	0.1242	80.0877
0.0309692	12.55	41.1646	4	-1	0.12422	80.1006
0.0309692	12.55	41.1644	1	-1	0.12423	80.107
0.0310076	12.55	41.1553	3	-1	0.12423	80.0348
0.0310076	12.55	41.1552	2	-1	0.12424	80.0412
0.031046	12.55	41.1485	4	-1	0.12427	80.0606
0.031046	12.55	41.1484	1	-1	0.12428	80.067
0.0310845	12.55	41.1407	3	-1	0.12429	80.0064
0.0310845	12.55	41.1406	2	-1	0.1243	80.0129
0.031123	12.55	41.1322	4	-1	0.12431	80.0193
0.031123	12.55	41.1321	1	-1	0.12432	80.0257
0.0311614	12.55	41.1268	3	-1	0.12435	79.9884
0.0311614	12.55	41.1266	2	-1	0.12436	79.9949
0.0311999	12.55	41.1173	4	-1	0.12436	79.9949
0.0311999	12.55	41.1171	1	-1	0.12437	80.0013
0.0312385	12.55	41.1108	3	-1	0.1244	79.9537
0.0312385	12.55	41.1106	2	-1	0.12441	79.9602
0.031277	12.55	41.1033	4	-1	0.12442	79.9666
0.031277	12.55	41.1032	1	-1	0.12443	79.973
0.0313155	12.55	41.0939	3	-1	0.12444	79.9075
0.0313155	12.55	41.0938	2	-1	0.12445	79.914
0.0313541	12.55	41.0883	4	-1	0.12448	79.9332
0.0313541	12.55	41.0882	1	-1	0.12449	79.9396
0.0313927	12.55	41.0791	3	-1	0.12449	79.873
0.0313927	12.55	41.0789	2	-1	0.1245	79.8794
0.0314313	12.55	41.0729	4	-1	0.12453	79.8986
0.0314313	12.55	41.0727	1	-1	0.12454	79.905
0.0314699	12.55	41.0656	3	-1	0.12455	79.8449
0.0314699	12.55	41.0655	2	-1	0.12456	79.8513
0.0315085	12.55	41.0564	4	-1	0.12457	79.8577
0.0315085	12.55	41.0562	1	-1	0.12458	79.8641
0.0315472	12.55	41.051	3	-1	0.12461	79.8219
0.0315472	12.55	41.0509	2	-1	0.12462	79.8283
0.0315858	12.55	41.0412	4	-1	0.12462	79.8283
0.0315858	12.55	41.0411	1	-1	0.12463	79.8347
0.0316245	12.55	41.0344	3	-1	0.12466	79.7875
0.0316245	12.55	41.0343	2	-1	0.12467	79.7939
0.0316632	12.55	41.0272	4	-1	0.12468	79.8003
0.0316632	12.55	41.0271	1	-1	0.12469	79.8067
0.0317019	12.55	41.0179	3	-1	0.1247	79.7468
0.0317019	12.55	41.0178	2	-1	0.12471	79.7531
0.0317406	12.55	41.0134	4	-1	0.12474	79.7723
0.0317406	12.55	41.0133	1	-1	0.12475	79.7787
0.0317793	12.55	41.0029	3	-1	0.12474	79.701
0.0317793	12.55	41.0028	2	-1	0.12475	79.7074
0.0318181	12.55	40.9968	4	-1	0.12479	79.7329
0.0318181	12.55	40.9967	1	-1	0.1248	79.7393
0.0318569	12.55	40.9899	3	-1	0.12481	79.6795
0.0318569	12.55	40.9898	2	-1	0.12482	79.6859
0.0318957	12.55	40.9797	4	-1	0.12483	79.6923
0.0318957	12.55	40.9796	1	-1	0.12484	79.6987
0.0319345	12.55	40.9755	2	-1	0.12487	79.6568
0.0319345	12.55	40.9754	3	-1	0.12488	79.6632
0.0319733	12.55	40.9644	4	-1	0.12487	79.6568
0.0319733	12.55	40.9643	1	-1	0.12488	79.6632
0.0320121	12.55	40.9593	2	-1	0.12493	79.6392
0.0320121	12.55	40.9591	3	-1	0.12493	79.6392
0.032051	12.55	40.9524	4	-1	0.12493	79.6392
0.032051	12.55	40.9523	1	-1	0.12494	79.6456
0.0320898	12.55	40.9419	3	-1	0.12495	79.5809
0.0320898	12.55	40.9418	2	-1	0.12497	79.5937
0.0321287	12.55	40.9387	1	-1	0.125	79.6128
0.0321287	12.55	40.9386	4	-1	0.12501	79.6191
0.0321676	12.55	40.9265	3	-1	0.12499	79.5355
0.0321676	12.55	40.9264	2	-1	0.125	79.5418
0.0322065	12.55	40.9218	1	-1	0.12506	79.58
0.0322065	12.55	40.9217	4	-1	0.12506	79.58
0.0322454	12.55	40.9143	3	-1	0.12506	79.5092
0.0322455	12.55	40.9141	2	-1	0.12507	79.5155
0.0322844	12.55	40.9037	4	-1	0.12509	79.5283
0.0322844	12.55	40.9036	1	-1	0.12511	79.541
0.0323234	12.55	40.9009	2	-1	0.12513	79.488
0.0323234	12.55	40.9008	3	-1	0.12514	79.4943
0.0323623	12.55	40.888	4	-1	0.12512	79.4816
0.0323623	12.55	40.8879	1	-1	0.12513	79.488
0.0324013	12.55	40.8848	2	-1	0.12518	79.4743
0.0324014	12.55	40.8844	3	-1	0.1252	79.487
0.0324403	12.55	40.8761	4	-1	0.12518	79.4743
0.0324403	12.55	40.876	1	-1	0.12519	79.4807
0.0324794	12.55	40.8672	3	-1	0.12522	79.4291
0.0324794	12.55	40.8671	2	-1	0.12526	79.4545
0.0325184	12.55	40.8646	1	-1	0.12526	79.4545
0.0325184	12.55	40.8646	4	-1	0.12526	79.4545
0.0325575	12.55	40.8495	3	-1	0.12524	79.3663
0.0325575	12.55	40.8494	2	-1	0.12525	79.3726
0.0325965	12.55	40.8476	1	-1	0.1253	79.4043
0.0325966	12.55	40.8471	4	-1	0.12534	79.4297
0.0326356	12.55	40.8368	3	-1	0.1253	79.344
0.0326356	12.55	40.8367	2	-1	0.12531	79.3503
0.0326748	12.55	40.829	1	-1	0.12539	79.401
0.0326748	12.55	40.8289	4	-1	0.12536	79.382
0.0327139	12.55	40.8268	2	-1	0.12539	79.3156
0.0327139	12.55	40.8268	3	-1	0.12539	79.3156
0.032753	12.55	40.8104	4	-1	0.12537	79.3029
0.032753	12.55	40.8103	1	-1	0.12539	79.3156
0.0327922	12.55	40.811	2	-1	0.12543	79.3058
0.0327922	12.55	40.8103	3	-1	0.12548	79.3374
0.0328313	12.55	40.7985	4	-1	0.12542	79.2994
0.0328313	12.55	40.7984	1	-1	0.12543	79.3058
0.0328705	12.55	40.7916	2	-1	0.12551	79.2962
0.0328706	12.55	40.7911	3	-1	0.1255	79.2899
0.0329097	12.55	40.7904	1	-1	0.12552	79.3025
0.0329097	12.55	40.7904	4	-1	0.12552	79.3025
0.0329489	12.55	40.7732	3	-1	0.12549	79.1985
0.032949	12.55	40.773	2	-1	0.12554	79.23
0.0329882	12.55	40.7746	1	-1	0.12554	79.23
0.0329882	12.55	40.7737	4	-1	0.12561	79.2742
0.0330274	12.55	40.7593	3	-1	0.12554	79.1801
0.0330274	12.55	40.7592	2	-1	0.12555	79.1864
0.0330667	12.55	40.754	1	-1	0.12563	79.2368
0.0330667	12.55	40.7528	4	-1	0.12565	79.2494
0.033106	12.55	40.7516	3	-1	0.12564	79.1583
0.033106	12.55	40.7514	2	-1	0.12565	79.1646
0.0331453	12.55	40.736	4	-1	0.12563	79.152
0.0331453	12.55	40.7358	1	-1	0.12573	79.215
0.0331846	12.55	40.7382	2	-1	0.12567	79.0875
0.0331846	12.55	40.7373	3	-1	0.12574	79.1315
0.0332239	12.55	40.7194	4	-1	0.12566	79.0812
0.0332239	12.55	40.7192	1	-1	0.12567	79.0875
0.0332633	12.55	40.7173	2	-1	0.12574	79.1216
0.0332633	12.55	40.7157	3	-1	0.1258	79.1593
0.0333026	12.55	40.7112	4	-1	0.12574	79.1216
0.0333026	12.55	40.7111	1	-1	0.12575	79.1279
0.033342	12.55	40.6983	2	-1	0.12586	79.1224
0.0333421	12.55	40.6976	3	-1	0.12579	79.0784
0.0333814	12.55	40.7025	1	-1	0.1258	79.0847
0.0333814	12.55	40.7018	4	-1	0.12586	79.1224
0.0334208	12.55	40.6811	3	-1	0.12577	79.0013
0.0334208	12.55	40.681	2	-1	0.12584	79.0452
0.0334602	12.55	40.6834	1	-1	0.12584	79.0452
0.0334603	12.55	40.6813	4	-1	0.12595	79.1143
0.0334997	12.55	40.6707	3	-1	0.12584	78.9857
0.0334997	12.55	40.6706	2	-1	0.12585	78.992
0.0335391	12.55	40.6605	1	-1	0.12596	79.061
0.0335392	12.55	40.6586	4	-1	0.12595	79.0547
0.0335786	12.55	40.6654	2	-1	0.12595	78.9556
0.0335786	12.55	40.6652	3	-1	0.12597	78.9682
0.0336182	12.55	40.6442	4	-1	0.12591	78.9305
0.0336182	12.55	40.6441	1	-1	0.12608	79.0371
0.0336577	12.55	40.6485	3	-1	0.12608	78.9381
0.0336972	12.55	40.6284	4	-1	0.12594	78.8505
0.0336972	12.55	40.6283	1	-1	0.12595	78.8567
0.0337367	12.55	40.6258	2	-1	0.12605	78.9441
0.0337368	12.55	40.6231	3	-1	0.12613	78.9942
0.0337763	12.55	40.6241	4	-1	0.12606	78.9503
0.0337763	12.55	40.6239	1	-1	0.12607	78.9566
0.0338158	12.55	40.6043	2	-1	0.12619	78.9329
0.0338159	12.55	40.6029	3	-1	0.12608	78.8641
0.0338554	12.55	40.6148	1	-1	0.12609	78.8703
0.0338555	12.55	40.6135	4	-1	0.1262	78.9391
0.0338951	12.55	40.5891	3	-1	0.12606	78.8023
0.0338951	12.55	40.589	2	-1	0.12619	78.8835
0.0339346	12.55	40.5929	1	-1	0.12614	78.8523
0.0339347	12.55	40.5899	4	-1	0.12628	78.9398
0.0339743	12.55	40.5804	2	-1	0.12615	78.7945
0.0340139	12.55	40.5675	1	-1	0.12629	78.8819
0.034014	12.55	40.5649	4	-1	0.12626	78.8632
0.0340536	12.55	40.577	2	-1	0.12625	78.7438
0.0340536	12.55	40.5764	3	-1	0.1263	78.775
0.0340934	12.55	40.5515	1	-1	0.12642	78.8499
0.0340934	12.55	40.5515	4	-1	0.1262	78.7127
0.034133	12.55	40.5609	2	-1	0.12624	78.6346
0.0341331	12.55	40.5583	3	-1	0.12642	78.7467
0.0341727	12.55	40.537	4	-1	0.12623	78.6284
0.0341727	12.55	40.5369	1	-1	0.12624	78.6346
0.0342124	12.55	40.5344	2	-1	0.12636	78.7633
0.0342126	12.55	40.5307	3	-1	0.12645	78.8194
0.0342522	12.55	40.5367	4	-1	0.12637	78.7696
0.0342522	12.55	40.5366	1	-1	0.12638	78.7758
0.034292	12.55	40.5122	2	-1	0.12653	78.7613
0.0342921	12.55	40.5104	3	-1	0.12637	78.6617
0.0343317	12.55	40.5283	1	-1	0.12637	78.6617
0.0343318	12.55	40.5264	4	-1	0.12654	78.7675
0.0343716	12.55	40.4976	2	-1	0.1265	78.7083
0.0344113	12.55	40.5038	1	-1	0.12643	78.6648
0.0344115	12.55	40.4996	4	-1	0.12662	78.783
0.0344512	12.55	40.4921	2	-1	0.12644	78.6025
0.034491	12.55	40.4751	1	-1	0.12661	78.7082
0.0344912	12.55	40.4715	4	-1	0.12657	78.6833
0.034531	12.55	40.4903	3	-1	0.12663	78.5936
0.0345709	12.55	40.4594	1	-1	0.12677	78.6805
0.0346106	12.55	40.4745	2	-1	0.12651	78.4023
0.0346506	12.55	40.4458	1	-1	0.12653	78.4147
0.0346907	12.55	40.4369	3	-1	0.12679	78.6538
0.0347305	12.55	40.4498	4	-1	0.12667	78.5794
0.0347305	12.55	40.4497	1	-1	0.12668	78.5856
0.0347705	12.55	40.4167	2	-1	0.12687	78.5913
0.0347706	12.55	40.4136	3	-1	0.12666	78.4613
0.0348104	12.55	40.4425	1	-1	0.12664	78.4489
0.0348903	12.55	40.4153	1	-1	0.1267	78.4666
0.0349305	12.55	40.4011	2	-1	0.12672	78.411
0.0349705	12.55	40.3819	1	-1	0.12692	78.5347
0.0349707	12.55	40.3764	4	-1	0.1269	78.5224
0.0350106	12.55	40.4041	3	-1	0.12694	78.4016
0.0350507	12.55	40.3641	1	-1	0.12711	78.5066
0.0350907	12.55	40.3886	2	-1	0.12679	78.1786
0.0351309	12.55	40.3553	1	-1	0.12693	78.2649
0.0351709	12.55	40.3535	2	-1	0.12694	78.3193
0.0351712	12.55	40.3469	3	-1	0.12713	78.4366
0.0352111	12.55	40.3611	4	-1	0.12696	78.3317
0.0352111	12.55	40.361	1	-1	0.12697	78.3379
0.0352513	12.55	40.3242	2	-1	0.12719	78.4155
0.0352515	12.55	40.3198	3	-1	0.12698	78.2861
0.0352914	12.55	40.3566	1	-1	0.12694	78.2614
0.0354121	12.55	40.3091	2	-1	0.12699	78.2103
0.0354522	12.55	40.2921	1	-1	0.12721	78.3458
0.0354525	12.55	40.2854	4	-1	0.12725	78.3704
0.0354926	12.55	40.3172	3	-1	0.12723	78.2088
0.0355329	12.55	40.2695	1	-1	0.12745	78.344
0.0356536	12.55	40.2659	2	-1	0.12721	78.0669
0.0356941	12.55	40.2684	1	-1	0.12725	78.0914
0.0357344	12.55	40.2304	2	-1	0.1275	78.2353
0.0357347	12.55	40.2246	3	-1	0.12732	78.1248
0.0357748	12.55	40.2696	1	-1	0.12724	78.0757
0.0358153	12.55	40.2201	2	-1	0.12769	78.3182
0.0358555	12.55	40.2449	1	-1	0.12724	78.0422
0.0358961	12.55	40.2139	2	-1	0.12728	78.0284
0.0359364	12.55	40.2005	1	-1	0.12749	78.1572
0.0359368	12.55	40.1917	4	-1	0.12762	78.2369
0.035977	12.55	40.2307	3	-1	0.12752	78.0177
0.0361795	12.55	40.1767	1	-1	0.12749	77.809
0.0362203	12.55	40.1289	3	-1	0.12767	77.995
0.0362605	12.55	40.1868	1	-1	0.12753	77.9095
0.0363012	12.55	40.1224	2	-1	0.12806	78.1759
0.0363416	12.55	40.1639	1	-1	0.12747	77.8158
0.0363824	12.55	40.1198	2	-1	0.12763	77.9039
0.0364228	12.55	40.1103	1	-1	0.12774	77.9711
0.0364637	12.55	40.1448	2	-1	0.1278	77.8367
0.0366672	12.55	40.0813	1	-1	0.12771	77.4563
0.0367083	12.55	40.0317	3	-1	0.12806	77.8954
0.0367486	12.55	40.1027	1	-1	0.12786	77.7737
0.0367895	12.55	40.0198	2	-1	0.12842	78.0052
0.03683	12.55	40.0842	1	-1	0.12769	77.5618
0.0369116	12.55	40.0277	1	-1	0.12795	77.7622
0.0369528	12.55	40.0513	2	-1	0.12801	77.6383
0.0370755	12.55	39.9725	1	-1	0.12868	77.7805
0.037116	12.55	40.0209	2	-1	0.12787	77.1323
0.0371573	12.55	39.9839	1	-1	0.12807	77.253
0.0371987	12.55	39.9385	3	-1	0.12848	77.7489
0.0372392	12.55	40.018	4	-1	0.12837	77.6823
0.0372801	12.55	39.9167	2	-1	0.12877	77.8255
0.0373209	12.55	40.0085	1	-1	0.1279	77.2996
0.0374442	12.55	39.954	2	-1	0.12819	77.4328
0.0374858	12.55	39.8658	4	-1	0.12846	77.5959
0.037732	12.55	39.9335	1	-1	0.12856	77.3433
0.0378141	12.55	39.9328	1	-1	0.12815	77.0503
0.0378963	12.55	39.8751	1	-1	0.12827	77.2757
0.037938	12.55	39.8567	2	-1	0.12855	77.3512
0.0379799	12.55	39.7748	4	-1	0.1289	77.5618
0.0382272	12.55	39.8353	1	-1	0.12871	76.9429
0.0383922	12.55	39.8055	1	-1	0.12836	76.9729
0.0384751	12.55	39.7037	1	-1	0.12903	77.3654
0.0385172	12.55	39.8128	3	-1	0.12917	77.1026
0.0386418	12.55	39.6846	1	-1	0.12993	77.1785
0.0386825	12.55	39.7257	2	-1	0.12866	76.3108
0.0387247	12.55	39.7312	1	-1	0.12883	76.4116
0.0387671	12.55	39.5973	3	-1	0.1293	77.1572
0.0388904	12.55	39.7426	1	-1	0.12842	76.6183
0.039016	12.55	39.7233	2	-1	0.12922	76.8938
0.0391411	12.55	39.5562	1	-1	0.13039	77.1128
0.0391821	12.55	39.6624	2	-1	0.12868	75.8905
0.0392674	12.55	39.5135	3	-1	0.12983	76.8816
0.0395173	12.55	39.6169	2	-1	0.12944	76.7598
0.039768	12.55	39.4725	2	-1	0.12965	76.2737
0.0398109	12.55	39.6084	4	-1	0.12983	76.3796
0.0400625	12.55	39.3808	1	-1	0.1303	77.0004
0.0400642	12.55	39.3565	4	-1	0.13015	76.9117
0.040316	12.55	39.5097	1	-1	0.12994	75.9972
0.0404839	12.55	39.4533	1	-1	0.12918	76.1495
0.0405685	12.55	39.2931	1	-1	0.13035	76.8165
0.0407389	12.55	39.3007	1	-1	0.13155	76.4248
0.0408234	12.55	39.401	1	-1	0.12987	75.37
0.0411204	12.55	39.4214	2	-1	0.13036	76.1894
0.0412476	12.55	39.115	1	-1	0.1321	76.4468
0.0412891	12.55	39.3037	2	-1	0.12931	74.5861
0.0413774	12.55	39.0766	3	-1	0.1311	75.8461
0.0424463	12.55	39.2049	4	-1	0.13134	75.133
0.0427033	12.55	38.8605	1	-1	0.13194	76.3497
0.0427064	12.55	38.8303	4	-1	0.13177	76.2514
0.043135	12.55	39.0311	1	-1	0.12989	75.0332
0.0439178	12.55	38.6243	1	-1	0.13397	75.4973
0.0439597	12.55	38.8448	2	-1	0.13026	73.2168
0.0440517	12.55	38.5289	3	-1	0.13253	74.8377
0.0442235	12.55	38.7041	2	-1	0.13388	77.0178
0.0444415	12.55	38.4677	1	-1	0.13436	75.4577
0.0456759	12.55	38.646	4	-1	0.13293	73.7558
0.0459439	12.55	38.2119	4	-1	0.13372	75.3947
0.0463829	12.55	38.4499	1	-1	0.1315	73.8557
0.0470568	12.55	38.4362	3	-1	0.13386	74.2018
0.0471888	12.55	38.0377	1	-1	0.13594	74.4184
0.0472318	12.55	38.2674	2	-1	0.13202	72.0791
0.0473281	12.55	37.947	3	-1	0.13441	73.718
0.0475034	12.55	38.1034	2	-1	0.13595	76.0219
0.0477278	12.55	37.8631	1	-1	0.13637	74.4134
0.0491763	12.55	37.9414	1	-1	0.13285	73.0106
0.0503242	12.55	37.6151	2	-1	0.13757	75.0027
0.0504202	12.55	37.852	3	-1	0.13558	73.0929
0.0505545	12.55	37.4362	1	-1	0.13794	73.3919
0.0505986	12.55	37.7048	2	-1	0.1336	70.8678
0.0506995	12.55	37.3928	3	-1	0.13643	72.6735
0.0518579	12.55	37.6292	4	-1	0.13646	71.7418
0.0520373	12.55	37.4597	1	-1	0.13411	72.1487
0.0521405	12.55	37.1405	4	-1	0.13714	73.6599
0.0525993	12.55	37.3949	1	-1	0.13433	71.7268
0.0532132	12.55	37.1637	2	-1	0.13906	73.9956
0.0534492	12.55	36.9646	1	-1	0.13961	72.4456
0.0534937	12.55	37.2044	2	-1	0.13502	69.9259
0.0535987	12.55	36.9152	3	-1	0.13786	71.7498
0.0540175	12.55	36.8654	1	-1	0.13986	72.3464
0.0549676	12.55	36.9614	1	-1	0.1356	71.3534
0.0550742	12.55	36.6903	4	-1	0.13874	72.7912
0.0558808	12.55	36.6862	2	-1	0.13769	69.8402
0.0561724	12.55	36.924	2	-1	0.13996	72.9148
0.0565667	12.55	36.4806	3	-1	0.13977	70.7589
0.0569957	12.55	36.4109	1	-1	0.14163	71.3681
0.057581	12.55	36.6471	1	-1	0.14103	70.8943
0.0581271	12.55	36.4482	3	-1	0.1409	70.8681
0.0597394	12.55	36.0362	1	-1	0.14013	69.3027
0.0605415	12.55	36.7785	1	-1	0.14073	69.5203
0.0607371	12.55	37.3743	1	-1	0.13543	67.9631
0.0611355	12.55	35.7452	1	-1	0.14272	70.5975
0.0613008	12.55	35.6507	3	-1	0.14349	70.2866
0.0621894	12.55	37.3779	2	-1	0.13474	68.389
0.0622885	12.55	37.051	2	-1	0.13803	69.313
0.0631963	12.55	35.9253	2	-1	0.13873	66.4893
0.0632573	12.55	36.1381	1	-1	0.14297	68.5214
