0.00109482	10.1	30.9134	4	-1	0.19055	18866.3
0.00113341	10.1	33.3893	3	-1	0.16355	85.3379
0.00116988	10.1	35.1099	1	-1	0.15053	78.5442
0.00120471	10.1	36.3347	3	-1	0.14289	94.1863
0.00123872	10.1	37.2376	1	-1	0.1379	90.8971
0.00127188	10.1	37.9034	3	-1	0.1345	96.6652
0.00130472	10.1	38.4064	4	-1	0.13208	94.926
0.00133704	10.1	38.7817	3	-1	0.13034	97.7135
0.00136925	10.1	39.0695	1	-1	0.12905	96.7464
0.0014011	10.1	39.2846	3	-1	0.12809	98.2135
0.00143298	10.1	39.4506	4	-1	0.12738	97.6691
0.00146459	10.1	39.5731	3	-1	0.12685	98.4707
0.00149628	10.1	39.6687	4	-1	0.12645	98.1602
0.00152776	10.1	39.7376	3	-1	0.12615	98.5932
0.00155936	10.1	39.7914	1	-1	0.12593	98.4213
0.00159077	10.1	39.8281	3	-1	0.12576	98.6353
0.00162233	10.1	39.8573	4	-1	0.12564	98.5412
0.00162233	10.1	39.8569	1	-1	0.12565	98.549
0.0016537	10.1	39.8765	2	-1	0.12556	98.6486
0.00165372	10.1	39.875	3	-1	0.12556	98.6486
0.00168526	10.1	39.8898	1	-1	0.1255	98.6015
0.00168526	10.1	39.8898	4	-1	0.1255	98.6015
0.00171662	10.1	39.8983	2	-1	0.12546	98.6398
0.00171664	10.1	39.8967	3	-1	0.12546	98.6398
0.00174819	10.1	39.9029	1	-1	0.12544	98.6241
0.00174819	10.1	39.9029	4	-1	0.12544	98.6241
0.00177956	10.1	39.9047	2	-1	0.12542	98.6084
0.00177958	10.1	39.9027	3	-1	0.12543	98.6162
0.00181114	10.1	39.9035	4	-1	0.12542	98.6084
0.00181115	10.1	39.9031	1	-1	0.12543	98.6162
0.00184253	10.1	39.9005	2	-1	0.12543	98.5697
0.00184256	10.1	39.8982	3	-1	0.12544	98.5776
0.00187414	10.1	39.8966	4	-1	0.12544	98.5776
0.00187415	10.1	39.8962	1	-1	0.12545	98.5855
0.00190555	10.1	39.8915	2	-1	0.12546	98.5314
0.00190558	10.1	39.8892	3	-1	0.12546	98.5314
0.00193719	10.1	39.8859	1	-1	0.12548	98.5471
0.00193719	10.1	39.8859	4	-1	0.12548	98.5471
0.00196862	10.1	39.8798	2	-1	0.1255	98.4932
0.00196865	10.1	39.8775	3	-1	0.1255	98.4932
0.00200028	10.1	39.8731	4	-1	0.12552	98.5089
0.00200029	10.1	39.8728	1	-1	0.12553	98.5167
0.00203174	10.1	39.8654	2	-1	0.12555	98.4397
0.00203177	10.1	39.8631	3	-1	0.12555	98.4397
0.00206344	10.1	39.8577	4	-1	0.12557	98.4554
0.00206344	10.1	39.8573	1	-1	0.12558	98.4632
0.00209492	10.1	39.8498	2	-1	0.1256	98.394
0.00209495	10.1	39.8471	3	-1	0.12561	98.4019
0.00212665	10.1	39.8419	4	-1	0.12563	98.4175
0.00212666	10.1	39.8415	1	-1	0.12564	98.4254
0.00215816	10.1	39.8339	2	-1	0.12566	98.3486
0.0021582	10.1	39.8308	3	-1	0.12567	98.3564
0.00218993	10.1	39.826	1	-1	0.12569	98.3721
0.00218993	10.1	39.826	4	-1	0.12569	98.3721
0.00222146	10.1	39.8176	2	-1	0.12572	98.3032
0.0022215	10.1	39.8146	3	-1	0.12572	98.3032
0.00225327	10.1	39.8091	1	-1	0.12575	98.3267
0.00225327	10.1	39.8091	4	-1	0.12575	98.3267
0.00228483	10.1	39.8009	2	-1	0.12578	98.2579
0.00228487	10.1	39.7979	3	-1	0.12578	98.2579
0.00231666	10.1	39.7925	1	-1	0.12581	98.2814
0.00231666	10.1	39.7925	4	-1	0.12581	98.2814
0.00234825	10.1	39.7844	2	-1	0.12584	98.2128
0.00234829	10.1	39.7814	3	-1	0.12584	98.2128
0.00238011	10.1	39.7762	1	-1	0.12587	98.2362
0.00238011	10.1	39.7762	4	-1	0.12587	98.2362
0.00241174	10.1	39.7675	2	-1	0.1259	98.16
0.00241177	10.1	39.7645	3	-1	0.1259	98.16
0.00244363	10.1	39.7588	1	-1	0.12593	98.1834
0.00244363	10.1	39.7588	4	-1	0.12593	98.1834
0.00247528	10.1	39.7505	2	-1	0.12596	98.115
0.00247533	10.1	39.7471	3	-1	0.12597	98.1228
0.00250721	10.1	39.742	4	-1	0.12599	98.1383
0.00250722	10.1	39.7416	1	-1	0.126	98.1461
0.00253889	10.1	39.7336	2	-1	0.12602	98.0624
0.00253894	10.1	39.7298	3	-1	0.12603	98.0702
0.00257085	10.1	39.7247	4	-1	0.12605	98.0858
0.00257086	10.1	39.7243	1	-1	0.12606	98.0935
0.00260256	10.1	39.7159	2	-1	0.12608	98.01
0.00260262	10.1	39.7118	3	-1	0.12609	98.0177
0.00263456	10.1	39.7075	4	-1	0.12611	98.0333
0.00263456	10.1	39.7071	1	-1	0.12612	98.041
0.00266629	10.1	39.699	2	-1	0.12614	97.9652
0.00266635	10.1	39.6945	3	-1	0.12615	97.973
0.00269833	10.1	39.6907	4	-1	0.12617	97.9885
0.00269833	10.1	39.6904	1	-1	0.12618	97.9963
0.00273008	10.1	39.6824	2	-1	0.1262	97.9205
0.00273015	10.1	39.6775	3	-1	0.12621	97.9283
0.00276215	10.1	39.6737	4	-1	0.12623	97.9438
0.00276216	10.1	39.6734	1	-1	0.12624	97.9516
0.00279394	10.1	39.6651	2	-1	0.12627	97.8761
0.00279401	10.1	39.6602	3	-1	0.12627	97.8761
0.00282605	10.1	39.6568	4	-1	0.1263	97.8994
0.00282605	10.1	39.6564	1	-1	0.12631	97.9071
0.00285786	10.1	39.6484	2	-1	0.12633	97.8241
0.00285793	10.1	39.6435	3	-1	0.12633	97.8241
0.00289	10.1	39.6402	4	-1	0.12636	97.8473
0.00289	10.1	39.6399	1	-1	0.12637	97.855
0.00292184	10.1	39.6314	2	-1	0.12639	97.7721
0.00292191	10.1	39.6262	3	-1	0.1264	97.7798
0.00295402	10.1	39.6229	4	-1	0.12642	97.7953
0.00295402	10.1	39.6226	1	-1	0.12643	97.803
0.00298589	10.1	39.6145	2	-1	0.12645	97.7278
0.00298596	10.1	39.6089	3	-1	0.12646	97.7355
0.0030181	10.1	39.6063	4	-1	0.12648	97.751
0.0030181	10.1	39.6059	1	-1	0.12649	97.7587
0.00304999	10.1	39.598	2	-1	0.12651	97.6836
0.00305007	10.1	39.592	3	-1	0.12652	97.6913
0.00308223	10.1	39.5893	4	-1	0.12654	97.7067
0.00308224	10.1	39.589	1	-1	0.12655	97.7145
0.00311415	10.1	39.5807	2	-1	0.12657	97.6319
0.00311424	10.1	39.5744	3	-1	0.12658	97.6396
0.00314643	10.1	39.5724	4	-1	0.1266	97.655
0.00314644	10.1	39.5721	1	-1	0.12661	97.6628
0.00317838	10.1	39.5641	2	-1	0.12663	97.5879
0.00317847	10.1	39.5574	3	-1	0.12664	97.5956
0.00321069	10.1	39.5557	4	-1	0.12666	97.611
0.0032107	10.1	39.5553	1	-1	0.12667	97.6187
0.00324267	10.1	39.547	2	-1	0.12669	97.5364
0.00324277	10.1	39.5396	3	-1	0.1267	97.5441
0.00327502	10.1	39.5387	4	-1	0.12672	97.5595
0.00327502	10.1	39.5383	1	-1	0.12673	97.5672
0.00330702	10.1	39.5302	2	-1	0.12675	97.4925
0.00330713	10.1	39.5221	3	-1	0.12677	97.5079
0.0033394	10.1	39.5222	4	-1	0.12678	97.5156
0.00333941	10.1	39.5218	1	-1	0.12679	97.5233
0.00337143	10.1	39.5134	2	-1	0.12682	97.4489
0.00337154	10.1	39.5049	3	-1	0.12683	97.4566
0.00340386	10.1	39.5051	4	-1	0.12685	97.472
0.00340386	10.1	39.5047	1	-1	0.12686	97.4796
0.00343591	10.1	39.4966	2	-1	0.12688	97.3977
0.00343603	10.1	39.4877	3	-1	0.12689	97.4054
0.00346837	10.1	39.4886	4	-1	0.12691	97.4207
0.00346838	10.1	39.4882	1	-1	0.12692	97.4284
0.00350045	10.1	39.4797	2	-1	0.12694	97.3466
0.00350057	10.1	39.4705	3	-1	0.12695	97.3543
0.00353295	10.1	39.4714	4	-1	0.12697	97.3696
0.00353295	10.1	39.471	1	-1	0.12698	97.3773
0.00356505	10.1	39.4629	2	-1	0.127	97.3031
0.00356518	10.1	39.4533	3	-1	0.12701	97.3108
0.00359759	10.1	39.4549	4	-1	0.12703	97.3261
0.00359759	10.1	39.4546	1	-1	0.12704	97.3337
0.00362971	10.1	39.4466	2	-1	0.12706	97.2596
0.00362985	10.1	39.4367	3	-1	0.12707	97.2673
0.00366228	10.1	39.4382	4	-1	0.12709	97.2826
0.00366229	10.1	39.4379	1	-1	0.1271	97.2903
0.00369444	10.1	39.4296	2	-1	0.12712	97.2088
0.00369458	10.1	39.4194	3	-1	0.12713	97.2165
0.00372704	10.1	39.4216	4	-1	0.12715	97.2318
0.00372705	10.1	39.4212	1	-1	0.12716	97.2394
0.00375922	10.1	39.4132	2	-1	0.12718	97.1656
0.00375937	10.1	39.4023	3	-1	0.1272	97.1808
0.00379186	10.1	39.4049	4	-1	0.12721	97.1885
0.00379187	10.1	39.4045	1	-1	0.12722	97.1961
0.00382407	10.1	39.3961	2	-1	0.12724	97.1149
0.00382423	10.1	39.3845	3	-1	0.12726	97.1302
0.00385675	10.1	39.3882	4	-1	0.12727	97.1378
0.00385675	10.1	39.3879	1	-1	0.12728	97.1455
0.00388898	10.1	39.3797	2	-1	0.1273	97.0718
0.00388915	10.1	39.3674	3	-1	0.12732	97.0871
0.00392169	10.1	39.3715	4	-1	0.12733	97.0947
0.0039217	10.1	39.3712	1	-1	0.12734	97.1023
0.00395396	10.1	39.3627	2	-1	0.12737	97.029
0.00395414	10.1	39.35	3	-1	0.12738	97.0366
0.00398671	10.1	39.355	4	-1	0.1274	97.0519
0.00398671	10.1	39.3546	1	-1	0.12741	97.0595
0.004019	10.1	39.3464	2	-1	0.12743	96.9787
0.00401918	10.1	39.3334	3	-1	0.12744	96.9863
0.00405178	10.1	39.3383	4	-1	0.12746	97.0015
0.00405178	10.1	39.338	1	-1	0.12747	97.0091
0.0040841	10.1	39.3295	2	-1	0.12749	96.9285
0.00408429	10.1	39.3161	3	-1	0.1275	96.9361
0.00411692	10.1	39.3218	4	-1	0.12752	96.9513
0.00411692	10.1	39.3214	1	-1	0.12753	96.9589
0.00414926	10.1	39.3132	2	-1	0.12755	96.8857
0.00414945	10.1	39.2995	3	-1	0.12756	96.8933
0.00418211	10.1	39.3052	4	-1	0.12758	96.9085
0.00418212	10.1	39.3048	1	-1	0.12759	96.9161
0.00421449	10.1	39.2963	2	-1	0.12761	96.8356
0.00421469	10.1	39.2819	3	-1	0.12763	96.8508
0.00424737	10.1	39.2887	4	-1	0.12764	96.8584
0.00424738	10.1	39.2883	1	-1	0.12765	96.866
0.00427978	10.1	39.2801	2	-1	0.12767	96.793
0.00427998	10.1	39.265	3	-1	0.12769	96.8082
0.00431269	10.1	39.2722	4	-1	0.1277	96.8158
0.0043127	10.1	39.2718	1	-1	0.12771	96.8234
0.00434513	10.1	39.2632	2	-1	0.12773	96.7432
0.00434534	10.1	39.2474	3	-1	0.12775	96.7583
0.00437808	10.1	39.2557	4	-1	0.12776	96.7659
0.00437808	10.1	39.2554	1	-1	0.12777	96.7735
0.00441054	10.1	39.2464	2	-1	0.12779	96.6934
0.00441076	10.1	39.23	3	-1	0.12781	96.7085
0.00444353	10.1	39.2388	4	-1	0.12782	96.7161
0.00444353	10.1	39.2384	1	-1	0.12783	96.7237
0.00447601	10.1	39.2299	2	-1	0.12786	96.6586
0.00447625	10.1	39.2131	3	-1	0.12787	96.6662
0.00450904	10.1	39.2227	4	-1	0.12789	96.6813
0.00450905	10.1	39.2223	1	-1	0.1279	96.6888
0.00454155	10.1	39.2134	2	-1	0.12792	96.6017
0.00454179	10.1	39.1963	3	-1	0.12793	96.6093
0.00457462	10.1	39.2059	4	-1	0.12795	96.6244
0.00457462	10.1	39.2056	1	-1	0.12796	96.6319
0.00460715	10.1	39.1971	2	-1	0.12798	96.5595
0.0046074	10.1	39.1796	3	-1	0.12799	96.5671
0.00464025	10.1	39.1899	4	-1	0.12801	96.5822
0.00464026	10.1	39.1895	1	-1	0.12802	96.5897
0.00467282	10.1	39.1807	2	-1	0.12804	96.5101
0.00467306	10.1	39.1629	3	-1	0.12805	96.5177
0.00470596	10.1	39.1732	4	-1	0.12807	96.5328
0.00470596	10.1	39.1729	1	-1	0.12808	96.5403
0.00473854	10.1	39.1644	2	-1	0.1281	96.4681
0.0047388	10.1	39.1459	3	-1	0.12812	96.4832
0.00477172	10.1	39.1567	4	-1	0.12813	96.4907
0.00477172	10.1	39.1564	1	-1	0.12814	96.4982
0.00480433	10.1	39.1475	2	-1	0.12816	96.4189
0.0048046	10.1	39.1284	3	-1	0.12818	96.4339
0.00483754	10.1	39.1404	4	-1	0.12819	96.4415
0.00483755	10.1	39.14	1	-1	0.1282	96.449
0.00487018	10.1	39.1315	2	-1	0.12822	96.377
0.00487046	10.1	39.1117	3	-1	0.12824	96.3921
0.00490343	10.1	39.124	4	-1	0.12825	96.3996
0.00490343	10.1	39.1237	1	-1	0.12826	96.4071
0.0049361	10.1	39.1148	2	-1	0.12828	96.328
0.00493638	10.1	39.0944	3	-1	0.1283	96.343
0.00496938	10.1	39.1078	4	-1	0.12831	96.3505
0.00496938	10.1	39.1075	1	-1	0.12832	96.358
0.00500207	10.1	39.0982	2	-1	0.12834	96.2791
0.00500237	10.1	39.0772	3	-1	0.12836	96.2941
0.00503539	10.1	39.0911	4	-1	0.12837	96.3016
0.00503539	10.1	39.0908	1	-1	0.12838	96.3091
0.00506811	10.1	39.082	2	-1	0.12841	96.2449
0.00506841	10.1	39.0606	3	-1	0.12842	96.2524
0.00510146	10.1	39.0746	4	-1	0.12843	96.2599
0.00510147	10.1	39.0743	1	-1	0.12844	96.2674
0.00513422	10.1	39.0652	2	-1	0.12847	96.1962
0.00513453	10.1	39.0432	3	-1	0.12849	96.2112
0.0051676	10.1	39.0585	4	-1	0.1285	96.2186
0.00516761	10.1	39.0581	1	-1	0.12851	96.2261
0.00520039	10.1	39.0487	2	-1	0.12853	96.1403
0.00520071	10.1	39.026	3	-1	0.12855	96.1553
0.00523381	10.1	39.0418	4	-1	0.12856	96.1628
0.00523381	10.1	39.0415	1	-1	0.12857	96.1702
0.00526662	10.1	39.0324	2	-1	0.12859	96.0989
0.00526695	10.1	39.0091	3	-1	0.12861	96.1139
0.00530007	10.1	39.026	4	-1	0.12862	96.1214
0.00530008	10.1	39.0256	1	-1	0.12863	96.1288
0.00533291	10.1	39.0162	2	-1	0.12865	96.0505
0.00533325	10.1	38.9922	3	-1	0.12867	96.0654
0.0053664	10.1	39.0095	4	-1	0.12868	96.0729
0.00536641	10.1	39.0092	1	-1	0.12869	96.0803
0.00539926	10.1	39.0001	2	-1	0.12871	96.0092
0.00539961	10.1	38.9754	3	-1	0.12873	96.0242
0.00543279	10.1	38.9933	4	-1	0.12874	96.0316
0.0054328	10.1	38.9929	1	-1	0.12875	96.0391
0.00546568	10.1	38.9835	2	-1	0.12877	95.961
0.00546604	10.1	38.9582	3	-1	0.12879	95.9759
0.00549925	10.1	38.9772	4	-1	0.1288	95.9833
0.00549925	10.1	38.9768	1	-1	0.12881	95.9908
0.00553216	10.1	38.9671	2	-1	0.12883	95.9127
0.00553253	10.1	38.9412	3	-1	0.12885	95.9276
0.00556577	10.1	38.9607	4	-1	0.12886	95.9351
0.00556577	10.1	38.9603	1	-1	0.12887	95.9425
0.00559871	10.1	38.9511	2	-1	0.1289	95.8792
0.00559908	10.1	38.9248	3	-1	0.12891	95.8866
0.00563234	10.1	38.9444	4	-1	0.12892	95.8941
0.00563235	10.1	38.944	1	-1	0.12893	95.9015
0.00566532	10.1	38.9345	2	-1	0.12896	95.8312
0.00566571	10.1	38.9076	3	-1	0.12898	95.846
0.00569899	10.1	38.9285	4	-1	0.12899	95.8535
0.005699	10.1	38.9281	1	-1	0.129	95.8609
0.00573199	10.1	38.9182	2	-1	0.12902	95.7761
0.00573239	10.1	38.8907	3	-1	0.12904	95.791
0.0057657	10.1	38.912	4	-1	0.12905	95.7984
0.00576571	10.1	38.9117	1	-1	0.12906	95.8058
0.00579873	10.1	38.9022	2	-1	0.12908	95.7354
0.00579913	10.1	38.874	3	-1	0.1291	95.7502
0.00583247	10.1	38.8958	4	-1	0.12911	95.7576
0.00583248	10.1	38.8955	1	-1	0.12912	95.765
0.00586553	10.1	38.8857	2	-1	0.12914	95.6876
0.00586594	10.1	38.8569	3	-1	0.12916	95.7024
0.00589931	10.1	38.8799	4	-1	0.12917	95.7098
0.00589931	10.1	38.8796	1	-1	0.12918	95.7172
0.00593239	10.1	38.8695	2	-1	0.1292	95.6399
0.00593281	10.1	38.84	3	-1	0.12922	95.6547
0.00596621	10.1	38.8635	4	-1	0.12923	95.6622
0.00596621	10.1	38.8632	1	-1	0.12924	95.6696
0.00599931	10.1	38.8535	2	-1	0.12926	95.5994
0.00599975	10.1	38.8234	3	-1	0.12928	95.6142
0.00603316	10.1	38.8474	4	-1	0.12929	95.6216
0.00603317	10.1	38.8471	1	-1	0.1293	95.629
0.00606631	10.1	38.8371	2	-1	0.12933	95.5593
0.00606675	10.1	38.8068	3	-1	0.12934	95.5667
0.00610019	10.1	38.8316	4	-1	0.12935	95.5741
0.00610019	10.1	38.8312	1	-1	0.12936	95.5815
0.00613336	10.1	38.821	2	-1	0.12939	95.5119
0.0061338	10.1	38.7904	3	-1	0.1294	95.5193
0.00616728	10.1	38.8153	4	-1	0.12941	95.5267
0.00616728	10.1	38.8149	1	-1	0.12942	95.5341
0.00620047	10.1	38.8045	2	-1	0.12945	95.4646
0.00620093	10.1	38.7733	3	-1	0.12947	95.4794
0.00623443	10.1	38.7989	4	-1	0.12948	95.4867
0.00623444	10.1	38.7985	1	-1	0.12949	95.4941
0.00626766	10.1	38.7885	2	-1	0.12951	95.4174
0.00626812	10.1	38.7566	3	-1	0.12953	95.4321
0.00630165	10.1	38.7827	4	-1	0.12954	95.4395
0.00630165	10.1	38.7824	1	-1	0.12955	95.4468
0.0063349	10.1	38.7721	2	-1	0.12957	95.3702
0.00633538	10.1	38.7396	3	-1	0.12959	95.385
0.00636893	10.1	38.7669	4	-1	0.1296	95.3923
0.00636893	10.1	38.7666	1	-1	0.12961	95.3997
0.00640221	10.1	38.756	2	-1	0.12963	95.3232
0.00640269	10.1	38.7229	3	-1	0.12965	95.3379
0.00643627	10.1	38.7507	4	-1	0.12966	95.3452
0.00643628	10.1	38.7504	1	-1	0.12967	95.3526
0.00646958	10.1	38.7402	2	-1	0.12969	95.2832
0.00647007	10.1	38.7065	3	-1	0.12971	95.2979
0.00650368	10.1	38.7348	4	-1	0.12972	95.3053
0.00650368	10.1	38.7344	1	-1	0.12973	95.3126
0.00653702	10.1	38.724	2	-1	0.12976	95.2437
0.00653752	10.1	38.6901	3	-1	0.12977	95.251
0.00657115	10.1	38.7185	4	-1	0.12978	95.2584
0.00657115	10.1	38.7182	1	-1	0.12979	95.2657
0.00660452	10.1	38.7076	2	-1	0.12982	95.1969
0.00660502	10.1	38.6734	3	-1	0.12983	95.2042
0.00663868	10.1	38.7027	4	-1	0.12984	95.2116
0.00663868	10.1	38.7024	1	-1	0.12985	95.2189
0.00667208	10.1	38.6915	2	-1	0.12988	95.1502
0.00667259	10.1	38.657	3	-1	0.12989	95.1575
0.00670628	10.1	38.6866	4	-1	0.12991	95.1722
0.00670629	10.1	38.6863	1	-1	0.12992	95.1795
0.00673971	10.1	38.6758	2	-1	0.12994	95.1036
0.00674023	10.1	38.6407	3	-1	0.12996	95.1182
0.00677394	10.1	38.6708	4	-1	0.12997	95.1255
0.00677395	10.1	38.6704	1	-1	0.12998	95.1328
0.0068074	10.1	38.6597	2	-1	0.13	95.057
0.00680793	10.1	38.624	3	-1	0.13002	95.0717
0.00684167	10.1	38.6546	4	-1	0.13003	95.079
0.00684167	10.1	38.6543	1	-1	0.13004	95.0863
0.00687515	10.1	38.6434	2	-1	0.13006	95.0106
0.00687569	10.1	38.6071	3	-1	0.13008	95.0252
0.00690946	10.1	38.6389	4	-1	0.13009	95.0325
0.00690946	10.1	38.6386	1	-1	0.1301	95.0398
0.00694297	10.1	38.6274	2	-1	0.13012	94.9642
0.00694352	10.1	38.5905	3	-1	0.13014	94.9788
0.00697731	10.1	38.6229	4	-1	0.13015	94.9861
0.00697732	10.1	38.6225	1	-1	0.13016	94.9934
0.00701085	10.1	38.6112	2	-1	0.13019	94.9253
0.00701141	10.1	38.5741	3	-1	0.1302	94.9326
0.00704523	10.1	38.6067	4	-1	0.13021	94.9398
0.00704524	10.1	38.6064	1	-1	0.13022	94.9471
0.0070788	10.1	38.5955	2	-1	0.13025	94.886
0.00707936	10.1	38.5581	3	-1	0.13026	94.8933
0.00711321	10.1	38.5908	4	-1	0.13027	94.9006
0.00711322	10.1	38.5905	1	-1	0.13028	94.9078
0.00714682	10.1	38.5794	2	-1	0.13031	94.8399
0.00714738	10.1	38.5417	3	-1	0.13032	94.8472
0.00718125	10.1	38.5748	4	-1	0.13033	94.8544
0.00718126	10.1	38.5744	1	-1	0.13034	94.8617
0.00721489	10.1	38.5631	2	-1	0.13037	94.7939
0.00721547	10.1	38.5249	3	-1	0.13039	94.8084
0.00724937	10.1	38.5592	4	-1	0.1304	94.8157
0.00724937	10.1	38.5589	1	-1	0.13041	94.8229
0.00728303	10.1	38.5473	2	-1	0.13043	94.741
0.00728361	10.1	38.5085	3	-1	0.13045	94.7556
0.00731754	10.1	38.5433	4	-1	0.13046	94.7628
0.00731755	10.1	38.543	1	-1	0.13047	94.7701
0.00735123	10.1	38.5313	2	-1	0.13049	94.6952
0.00735183	10.1	38.4918	3	-1	0.13051	94.7097
0.00738578	10.1	38.5273	4	-1	0.13052	94.717
0.00738579	10.1	38.5269	1	-1	0.13053	94.7242
0.0074195	10.1	38.5156	2	-1	0.13055	94.6563
0.0074201	10.1	38.4756	3	-1	0.13057	94.6708
0.00745408	10.1	38.5116	4	-1	0.13058	94.6781
0.00745409	10.1	38.5113	1	-1	0.13059	94.6853
0.00748783	10.1	38.4997	2	-1	0.13062	94.6179
0.00748844	10.1	38.4595	3	-1	0.13063	94.6251
0.00752245	10.1	38.4957	4	-1	0.13064	94.6324
0.00752245	10.1	38.4953	1	-1	0.13065	94.6396
0.00755623	10.1	38.4836	2	-1	0.13068	94.5723
0.00755684	10.1	38.4432	3	-1	0.13069	94.5795
0.00759088	10.1	38.4799	4	-1	0.1307	94.5868
0.00759088	10.1	38.4796	1	-1	0.13071	94.594
0.00762469	10.1	38.4676	2	-1	0.13074	94.5268
0.00762531	10.1	38.4266	3	-1	0.13075	94.534
0.00765937	10.1	38.4642	4	-1	0.13076	94.5412
0.00765937	10.1	38.4639	1	-1	0.13077	94.5485
0.00769321	10.1	38.4518	2	-1	0.1308	94.4814
0.00769384	10.1	38.4105	3	-1	0.13081	94.4886
0.00772793	10.1	38.4484	4	-1	0.13083	94.503
0.00772794	10.1	38.4481	1	-1	0.13084	94.5103
0.0077618	10.1	38.4359	2	-1	0.13086	94.4292
0.00776243	10.1	38.3943	3	-1	0.13087	94.4364
0.00779656	10.1	38.4325	4	-1	0.13089	94.4509
0.00779656	10.1	38.4322	1	-1	0.1309	94.4581
0.00783045	10.1	38.4199	2	-1	0.13092	94.384
0.00783109	10.1	38.3777	3	-1	0.13094	94.3984
0.00786525	10.1	38.4165	4	-1	0.13095	94.4056
0.00786525	10.1	38.4162	1	-1	0.13096	94.4128
0.00789917	10.1	38.4044	2	-1	0.13099	94.3528
0.00789982	10.1	38.3621	3	-1	0.131	94.36
0.007934	10.1	38.401	4	-1	0.13101	94.3672
0.007934	10.1	38.4007	1	-1	0.13102	94.3744
0.00796796	10.1	38.3886	2	-1	0.13105	94.3077
0.00796861	10.1	38.346	3	-1	0.13106	94.3149
0.00800281	10.1	38.3852	4	-1	0.13107	94.3221
0.00800282	10.1	38.3849	1	-1	0.13108	94.3293
0.00803681	10.1	38.3727	2	-1	0.13111	94.2627
0.00803746	10.1	38.3299	3	-1	0.13112	94.2699
0.00807169	10.1	38.3694	4	-1	0.13113	94.2771
0.0080717	10.1	38.369	1	-1	0.13114	94.2843
0.00810572	10.1	38.3567	2	-1	0.13117	94.2178
0.00810638	10.1	38.3136	3	-1	0.13118	94.225
0.00814064	10.1	38.3537	4	-1	0.13119	94.2322
0.00814064	10.1	38.3534	1	-1	0.1312	94.2393
0.00817469	10.1	38.3408	2	-1	0.13123	94.1729
0.00817537	10.1	38.2972	3	-1	0.13124	94.1801
0.00820965	10.1	38.3383	4	-1	0.13126	94.1945
0.00820966	10.1	38.338	1	-1	0.13127	94.2017
0.00824373	10.1	38.3252	2	-1	0.13129	94.1214
0.00824441	10.1	38.2813	3	-1	0.1313	94.1286
0.00827873	10.1	38.3226	4	-1	0.13132	94.1429
0.00827873	10.1	38.3223	1	-1	0.13133	94.1501
0.00831283	10.1	38.3095	2	-1	0.13135	94.0768
0.00831352	10.1	38.2654	3	-1	0.13136	94.0839
0.00834787	10.1	38.3069	4	-1	0.13138	94.0983
0.00834787	10.1	38.3066	1	-1	0.13139	94.1054
0.008382	10.1	38.2938	2	-1	0.13142	94.0394
0.00838269	10.1	38.2494	3	-1	0.13143	94.0465
0.00841708	10.1	38.2912	4	-1	0.13144	94.0537
0.00841708	10.1	38.2909	1	-1	0.13145	94.0608
0.00845124	10.1	38.2779	2	-1	0.13148	93.9949
0.00845193	10.1	38.2334	3	-1	0.13149	94.002
0.00848635	10.1	38.2754	4	-1	0.1315	94.0092
0.00848635	10.1	38.2751	1	-1	0.13151	94.0163
0.00852054	10.1	38.2621	2	-1	0.13154	93.9504
0.00852124	10.1	38.2173	3	-1	0.13155	93.9576
0.00855568	10.1	38.2596	4	-1	0.13156	93.9647
0.00855568	10.1	38.2593	1	-1	0.13157	93.9719
0.0085899	10.1	38.2468	2	-1	0.1316	93.9128
0.00859061	10.1	38.2018	3	-1	0.13161	93.9199
0.00862507	10.1	38.2443	4	-1	0.13162	93.9271
0.00862508	10.1	38.244	1	-1	0.13163	93.9342
0.00865933	10.1	38.2312	2	-1	0.13166	93.8685
0.00866004	10.1	38.186	3	-1	0.13167	93.8757
0.00869453	10.1	38.2288	4	-1	0.13168	93.8828
0.00869454	10.1	38.2285	1	-1	0.13169	93.8899
0.00872883	10.1	38.2155	2	-1	0.13172	93.8243
0.00872954	10.1	38.17	3	-1	0.13173	93.8315
0.00876406	10.1	38.2132	4	-1	0.13175	93.8457
0.00876407	10.1	38.2129	1	-1	0.13176	93.8528
0.00879839	10.1	38.1999	2	-1	0.13179	93.7807
0.0087991	10.1	38.1545	3	-1	0.13179	93.7807
0.00883365	10.1	38.1976	4	-1	0.13181	93.7949
0.00883366	10.1	38.1973	1	-1	0.13182	93.802
0.00886802	10.1	38.1842	2	-1	0.13185	93.7367
0.00886873	10.1	38.139	3	-1	0.13185	93.7367
0.00890331	10.1	38.182	4	-1	0.13187	93.7509
0.00890331	10.1	38.1817	1	-1	0.13188	93.758
0.00893771	10.1	38.1685	2	-1	0.13191	93.6927
0.00893842	10.1	38.123	3	-1	0.13192	93.6998
0.00897303	10.1	38.1664	4	-1	0.13193	93.7069
0.00897303	10.1	38.1661	1	-1	0.13194	93.714
0.00900746	10.1	38.1528	2	-1	0.13197	93.6489
0.00900818	10.1	38.1071	3	-1	0.13198	93.656
0.00904281	10.1	38.1508	4	-1	0.13199	93.6631
0.00904282	10.1	38.1505	1	-1	0.132	93.6702
0.00907728	10.1	38.1371	2	-1	0.13203	93.6051
0.00907801	10.1	38.0911	3	-1	0.13204	93.6122
0.00911267	10.1	38.1353	4	-1	0.13206	93.6264
0.00911267	10.1	38.1349	1	-1	0.13207	93.6335
0.00914717	10.1	38.1215	2	-1	0.1321	93.5619
0.0091479	10.1	38.0757	3	-1	0.1321	93.5619
0.00918259	10.1	38.1197	4	-1	0.13212	93.576
0.00918259	10.1	38.1194	1	-1	0.13213	93.5831
0.00921712	10.1	38.1059	2	-1	0.13216	93.5183
0.00921785	10.1	38.0602	3	-1	0.13216	93.5183
0.00925257	10.1	38.1042	4	-1	0.13218	93.5324
0.00925258	10.1	38.1039	1	-1	0.13219	93.5395
0.00928714	10.1	38.0904	2	-1	0.13222	93.4747
0.00928787	10.1	38.0447	3	-1	0.13222	93.4747
0.00932262	10.1	38.0887	4	-1	0.13224	93.4889
0.00932262	10.1	38.0884	1	-1	0.13225	93.4959
0.00935722	10.1	38.0748	2	-1	0.13228	93.4313
0.00935795	10.1	38.0292	3	-1	0.13228	93.4313
0.00939273	10.1	38.0732	4	-1	0.1323	93.4454
0.00939273	10.1	38.0729	1	-1	0.13231	93.4525
0.00942737	10.1	38.0592	2	-1	0.13234	93.3879
0.0094281	10.1	38.0134	3	-1	0.13235	93.395
0.00946291	10.1	38.0577	4	-1	0.13236	93.402
0.00946291	10.1	38.0574	1	-1	0.13237	93.4091
0.00949759	10.1	38.0437	2	-1	0.13241	93.3517
0.00949832	10.1	37.998	3	-1	0.13241	93.3517
0.00953315	10.1	38.0424	4	-1	0.13243	93.3658
0.00953316	10.1	38.0421	1	-1	0.13244	93.3728
0.00956787	10.1	38.0283	2	-1	0.13247	93.3019
0.0095686	10.1	37.9827	3	-1	0.13247	93.3019
0.00960346	10.1	38.0271	4	-1	0.13249	93.316
0.00960347	10.1	38.0267	1	-1	0.1325	93.323
0.00963821	10.1	38.0129	2	-1	0.13253	93.2587
0.00963894	10.1	37.9674	3	-1	0.13253	93.2587
0.00967384	10.1	38.0117	4	-1	0.13255	93.2728
0.00967384	10.1	38.0114	1	-1	0.13256	93.2799
0.00970862	10.1	37.9975	2	-1	0.13259	93.2157
0.00970935	10.1	37.9521	3	-1	0.13259	93.2157
0.00974427	10.1	37.9963	4	-1	0.13261	93.2298
0.00974428	10.1	37.996	1	-1	0.13262	93.2368
0.00977909	10.1	37.9821	2	-1	0.13265	93.1727
0.00977982	10.1	37.9368	3	-1	0.13265	93.1727
0.00981478	10.1	37.981	4	-1	0.13267	93.1868
0.00981478	10.1	37.9807	1	-1	0.13268	93.1938
0.00984963	10.1	37.9667	2	-1	0.13271	93.1298
0.00985036	10.1	37.9215	3	-1	0.13271	93.1298
0.00988534	10.1	37.9657	4	-1	0.13273	93.1439
0.00988535	10.1	37.9654	1	-1	0.13274	93.1509
0.00992024	10.1	37.9509	2	-1	0.13278	93.0875
0.00992096	10.1	37.906	3	-1	0.13277	93.0805
0.00995599	10.1	37.9501	4	-1	0.1328	93.1015
0.00995599	10.1	37.9498	1	-1	0.13281	93.1085
0.00999091	10.1	37.9354	2	-1	0.13284	93.0382
0.00999164	10.1	37.8907	3	-1	0.13284	93.0382
0.0100267	10.1	37.9347	4	-1	0.13286	93.0522
0.0100267	10.1	37.9344	1	-1	0.13287	93.0593
0.0100616	10.1	37.9201	2	-1	0.1329	92.9956
0.0100624	10.1	37.8754	3	-1	0.1329	92.9956
0.0100975	10.1	37.9194	4	-1	0.13292	93.0096
0.0100975	10.1	37.9191	1	-1	0.13293	93.0166
0.0101324	10.1	37.9048	2	-1	0.13296	92.953
0.0101332	10.1	37.8602	3	-1	0.13296	92.953
0.0101683	10.1	37.9041	4	-1	0.13298	92.967
0.0101683	10.1	37.9038	1	-1	0.13299	92.974
0.0102033	10.1	37.8896	2	-1	0.13302	92.9105
0.010204	10.1	37.8451	3	-1	0.13302	92.9105
0.0102392	10.1	37.889	4	-1	0.13304	92.9245
0.0102392	10.1	37.8886	1	-1	0.13305	92.9315
0.0102742	10.1	37.8744	2	-1	0.13308	92.8681
0.010275	10.1	37.83	3	-1	0.13308	92.8681
0.0103102	10.1	37.8735	4	-1	0.1331	92.8821
0.0103102	10.1	37.8732	1	-1	0.13311	92.889
0.0103452	10.1	37.859	2	-1	0.13314	92.8258
0.010346	10.1	37.8144	3	-1	0.13314	92.8258
0.0103812	10.1	37.858	4	-1	0.13316	92.8397
0.0103812	10.1	37.8577	1	-1	0.13317	92.8467
0.0104163	10.1	37.8436	2	-1	0.13321	92.7905
0.010417	10.1	37.799	3	-1	0.13321	92.7905
0.0104523	10.1	37.8428	4	-1	0.13323	92.8044
0.0104523	10.1	37.8425	1	-1	0.13324	92.8114
0.0104874	10.1	37.8283	2	-1	0.13327	92.7418
0.0104882	10.1	37.7839	3	-1	0.13327	92.7418
0.0105234	10.1	37.8277	4	-1	0.13329	92.7557
0.0105234	10.1	37.8274	1	-1	0.1333	92.7627
0.0105586	10.1	37.8132	2	-1	0.13333	92.6997
0.0105594	10.1	37.7689	3	-1	0.13333	92.6997
0.0105947	10.1	37.8127	4	-1	0.13335	92.7136
0.0105947	10.1	37.8124	1	-1	0.13336	92.7206
0.0106299	10.1	37.7981	2	-1	0.13339	92.6577
0.0106306	10.1	37.7539	3	-1	0.13339	92.6577
0.010666	10.1	37.7976	4	-1	0.13341	92.6716
0.010666	10.1	37.7973	1	-1	0.13342	92.6785
0.0107012	10.1	37.7825	2	-1	0.13345	92.6093
0.0107019	10.1	37.7383	3	-1	0.13345	92.6093
0.0107373	10.1	37.7822	4	-1	0.13347	92.6232
0.0107373	10.1	37.7819	1	-1	0.13348	92.6301
0.0107726	10.1	37.7672	2	-1	0.13351	92.5674
0.0107733	10.1	37.7231	3	-1	0.13351	92.5674
0.0108087	10.1	37.767	4	-1	0.13353	92.5813
0.0108087	10.1	37.7667	1	-1	0.13354	92.5882
0.0108441	10.1	37.7522	2	-1	0.13358	92.5326
0.0108448	10.1	37.7085	3	-1	0.13357	92.5256
0.0108802	10.1	37.7516	4	-1	0.13359	92.5395
0.0108802	10.1	37.7513	1	-1	0.1336	92.5464
0.0109156	10.1	37.7369	2	-1	0.13364	92.4908
0.0109163	10.1	37.6933	3	-1	0.13363	92.4839
0.0109518	10.1	37.7364	4	-1	0.13366	92.5047
0.0109518	10.1	37.7361	1	-1	0.13367	92.5116
0.0109872	10.1	37.7217	2	-1	0.1337	92.4428
0.0109879	10.1	37.6782	3	-1	0.1337	92.4428
0.0110234	10.1	37.7213	4	-1	0.13372	92.4566
0.0110234	10.1	37.7211	1	-1	0.13373	92.4635
0.0110588	10.1	37.7066	2	-1	0.13376	92.4012
0.0110596	10.1	37.6632	3	-1	0.13376	92.4012
0.0110951	10.1	37.7064	4	-1	0.13378	92.415
0.0110951	10.1	37.7061	1	-1	0.13379	92.4219
0.0111305	10.1	37.6911	2	-1	0.13382	92.3533
0.0111313	10.1	37.6478	3	-1	0.13382	92.3533
0.0111668	10.1	37.6911	4	-1	0.13384	92.3671
0.0111669	10.1	37.6908	1	-1	0.13385	92.3741
0.0112023	10.1	37.6759	2	-1	0.13388	92.3119
0.0112031	10.1	37.6327	3	-1	0.13388	92.3119
0.0112387	10.1	37.676	4	-1	0.1339	92.3257
0.0112387	10.1	37.6757	1	-1	0.13391	92.3326
0.0112742	10.1	37.6611	2	-1	0.13395	92.2775
0.0112749	10.1	37.6182	3	-1	0.13394	92.2706
0.0113106	10.1	37.6608	4	-1	0.13396	92.2844
0.0113106	10.1	37.6605	1	-1	0.13397	92.2913
0.0113461	10.1	37.646	2	-1	0.13401	92.2362
0.0113468	10.1	37.6032	3	-1	0.134	92.2293
0.0113825	10.1	37.6456	4	-1	0.13402	92.2431
0.0113825	10.1	37.6453	1	-1	0.13403	92.25
0.0114181	10.1	37.6308	2	-1	0.13407	92.195
0.0114188	10.1	37.5884	3	-1	0.13406	92.1881
0.0114545	10.1	37.6308	4	-1	0.13409	92.2088
0.0114545	10.1	37.6305	1	-1	0.1341	92.2157
0.0114901	10.1	37.6154	2	-1	0.13413	92.1412
0.0114909	10.1	37.5731	3	-1	0.13413	92.1412
0.0115266	10.1	37.6156	4	-1	0.13415	92.155
0.0115266	10.1	37.6153	1	-1	0.13416	92.1618
0.0115623	10.1	37.6004	2	-1	0.13419	92.1002
0.011563	10.1	37.5582	3	-1	0.13419	92.1002
0.0115988	10.1	37.6006	4	-1	0.13421	92.1139
0.0115988	10.1	37.6003	1	-1	0.13422	92.1208
0.0116344	10.1	37.5856	2	-1	0.13425	92.0592
0.0116352	10.1	37.5434	3	-1	0.13425	92.0592
0.011671	10.1	37.5853	4	-1	0.13427	92.073
0.011671	10.1	37.585	1	-1	0.13428	92.0798
0.0117067	10.1	37.5705	2	-1	0.13432	92.0252
0.0117074	10.1	37.5287	3	-1	0.13431	92.0184
0.0117433	10.1	37.5704	4	-1	0.13433	92.0321
0.0117433	10.1	37.5701	1	-1	0.13434	92.0389
0.011779	10.1	37.5556	2	-1	0.13438	91.9844
0.0117797	10.1	37.5142	3	-1	0.13437	91.9775
0.0118156	10.1	37.5557	4	-1	0.1344	91.9981
0.0118156	10.1	37.5555	1	-1	0.13441	92.0049
0.0118514	10.1	37.5404	2	-1	0.13444	91.9311
0.0118521	10.1	37.4994	3	-1	0.13443	91.9242
0.011888	10.1	37.5407	4	-1	0.13446	91.9447
0.011888	10.1	37.5404	1	-1	0.13447	91.9516
0.0119238	10.1	37.5256	2	-1	0.1345	91.8904
0.0119246	10.1	37.4847	3	-1	0.1345	91.8904
0.0119605	10.1	37.5256	4	-1	0.13452	91.9041
0.0119605	10.1	37.5253	1	-1	0.13453	91.9109
0.0119964	10.1	37.5106	2	-1	0.13456	91.8498
0.0119971	10.1	37.4695	3	-1	0.13456	91.8498
0.0120331	10.1	37.5106	4	-1	0.13458	91.8635
0.0120331	10.1	37.5103	1	-1	0.13459	91.8703
0.0120689	10.1	37.4957	2	-1	0.13462	91.8093
0.0120697	10.1	37.4546	3	-1	0.13462	91.8093
0.0121057	10.1	37.4959	4	-1	0.13464	91.823
0.0121057	10.1	37.4956	1	-1	0.13465	91.8298
0.0121416	10.1	37.4805	2	-1	0.13469	91.7694
0.0121423	10.1	37.4398	3	-1	0.13468	91.7626
0.0121783	10.1	37.4809	4	-1	0.1347	91.7762
0.0121783	10.1	37.4806	1	-1	0.13471	91.7831
0.0122143	10.1	37.4657	2	-1	0.13475	91.7291
0.012215	10.1	37.4254	3	-1	0.13474	91.7223
0.0122511	10.1	37.4656	4	-1	0.13476	91.7359
0.0122511	10.1	37.4653	1	-1	0.13477	91.7427
0.0122871	10.1	37.4506	2	-1	0.13481	91.6888
0.0122878	10.1	37.4107	3	-1	0.1348	91.682
0.0123239	10.1	37.4508	4	-1	0.13483	91.7024
0.0123239	10.1	37.4505	1	-1	0.13484	91.7092
0.0123599	10.1	37.4354	2	-1	0.13487	91.6361
0.0123606	10.1	37.3958	3	-1	0.13486	91.6293
0.0123968	10.1	37.4358	4	-1	0.13489	91.6497
0.0123968	10.1	37.4355	1	-1	0.1349	91.6565
0.0124329	10.1	37.4207	2	-1	0.13493	91.596
0.0124335	10.1	37.3812	3	-1	0.13493	91.596
0.0124697	10.1	37.4211	4	-1	0.13495	91.6095
0.0124697	10.1	37.4208	1	-1	0.13496	91.6163
0.0125058	10.1	37.4061	2	-1	0.13499	91.5559
0.0125065	10.1	37.3667	3	-1	0.13499	91.5559
0.0125427	10.1	37.4061	4	-1	0.13501	91.5695
0.0125428	10.1	37.4058	1	-1	0.13502	91.5762
0.0125789	10.1	37.3912	2	-1	0.13505	91.5159
0.0125796	10.1	37.3519	3	-1	0.13505	91.5159
0.0126158	10.1	37.3915	4	-1	0.13507	91.5294
0.0126158	10.1	37.3912	1	-1	0.13508	91.5362
0.012652	10.1	37.3762	2	-1	0.13512	91.4765
0.0126527	10.1	37.3372	3	-1	0.13511	91.4698
0.012689	10.1	37.3766	4	-1	0.13513	91.4833
0.012689	10.1	37.3763	1	-1	0.13514	91.4901
0.0127252	10.1	37.3615	2	-1	0.13518	91.4367
0.0127259	10.1	37.3229	3	-1	0.13517	91.4299
0.0127622	10.1	37.3615	4	-1	0.13519	91.4435
0.0127622	10.1	37.3612	1	-1	0.1352	91.4502
0.0127984	10.1	37.3466	2	-1	0.13524	91.3969
0.0127991	10.1	37.3084	3	-1	0.13523	91.3901
0.0128355	10.1	37.3469	4	-1	0.13526	91.4104
0.0128355	10.1	37.3467	1	-1	0.13527	91.4172
0.0128717	10.1	37.3316	2	-1	0.1353	91.3449
0.0128724	10.1	37.2937	3	-1	0.13529	91.3381
0.0129088	10.1	37.3321	4	-1	0.13532	91.3584
0.0129088	10.1	37.3318	1	-1	0.13533	91.3651
0.0129451	10.1	37.317	2	-1	0.13536	91.3052
0.0129458	10.1	37.2792	3	-1	0.13536	91.3052
0.0129822	10.1	37.317	4	-1	0.13538	91.3187
0.0129822	10.1	37.3168	1	-1	0.13539	91.3255
0.0130186	10.1	37.3022	2	-1	0.13542	91.2657
0.0130192	10.1	37.2645	3	-1	0.13542	91.2657
0.0130557	10.1	37.3025	4	-1	0.13544	91.2791
0.0130557	10.1	37.3022	1	-1	0.13545	91.2859
0.0130921	10.1	37.2872	2	-1	0.13549	91.2268
0.0130928	10.1	37.2499	3	-1	0.13548	91.22
0.0131292	10.1	37.2877	4	-1	0.1355	91.2335
0.0131293	10.1	37.2875	1	-1	0.13551	91.2402
0.0131657	10.1	37.2727	2	-1	0.13555	91.1874
0.0131663	10.1	37.2357	3	-1	0.13554	91.1806
0.0132029	10.1	37.2728	4	-1	0.13556	91.1941
0.0132029	10.1	37.2725	1	-1	0.13557	91.2008
0.0132393	10.1	37.2579	2	-1	0.13561	91.148
0.01324	10.1	37.2213	3	-1	0.1356	91.1413
0.0132765	10.1	37.2584	4	-1	0.13563	91.1614
0.0132765	10.1	37.2581	1	-1	0.13564	91.1682
0.013313	10.1	37.2431	2	-1	0.13567	91.0965
0.0133137	10.1	37.2068	3	-1	0.13566	91.0898
0.0133503	10.1	37.2433	4	-1	0.13569	91.1099
0.0133503	10.1	37.2431	1	-1	0.1357	91.1166
0.0133868	10.1	37.2284	2	-1	0.13573	91.0573
0.0133875	10.1	37.1919	3	-1	0.13573	91.0573
0.0134241	10.1	37.2286	4	-1	0.13575	91.0707
0.0134241	10.1	37.2283	1	-1	0.13576	91.0774
0.0134607	10.1	37.2133	2	-1	0.13579	91.0121
0.0134613	10.1	37.1769	3	-1	0.13579	91.0121
0.013498	10.1	37.2138	4	-1	0.13581	91.0255
0.013498	10.1	37.2136	1	-1	0.13582	91.0322
0.0135346	10.1	37.1988	2	-1	0.13586	90.9797
0.0135352	10.1	37.1628	3	-1	0.13585	90.973
0.0135719	10.1	37.1989	4	-1	0.13587	90.9864
0.0135719	10.1	37.1986	1	-1	0.13588	90.9931
0.0136086	10.1	37.1841	2	-1	0.13592	90.9407
0.0136092	10.1	37.1484	3	-1	0.13591	90.934
0.0136459	10.1	37.1845	4	-1	0.13593	90.9474
0.013646	10.1	37.1842	1	-1	0.13594	90.9541
0.0136826	10.1	37.1692	2	-1	0.13598	90.8957
0.0136833	10.1	37.1339	3	-1	0.13597	90.889
0.01372	10.1	37.1697	4	-1	0.136	90.9091
0.01372	10.1	37.1694	1	-1	0.13601	90.9158
0.0137567	10.1	37.1547	2	-1	0.13604	90.8508
0.0137574	10.1	37.1194	3	-1	0.13603	90.8441
0.0137942	10.1	37.1551	4	-1	0.13606	90.8642
0.0137942	10.1	37.1548	1	-1	0.13607	90.8708
0.0138309	10.1	37.1398	2	-1	0.1361	90.806
0.0138316	10.1	37.1046	3	-1	0.1361	90.806
0.0138684	10.1	37.1404	4	-1	0.13612	90.8193
0.0138684	10.1	37.1402	1	-1	0.13613	90.826
0.0139052	10.1	37.1254	2	-1	0.13616	90.7673
0.0139058	10.1	37.0903	3	-1	0.13616	90.7673
0.0139427	10.1	37.1256	4	-1	0.13618	90.7806
0.0139427	10.1	37.1254	1	-1	0.13619	90.7873
0.0139795	10.1	37.1109	2	-1	0.13623	90.7353
0.0139801	10.1	37.0761	3	-1	0.13622	90.7287
0.014017	10.1	37.1114	4	-1	0.13624	90.742
0.014017	10.1	37.1111	1	-1	0.13625	90.7486
0.0140539	10.1	37.0962	2	-1	0.13629	90.6907
0.0140545	10.1	37.0618	3	-1	0.13628	90.6841
0.0140915	10.1	37.0964	4	-1	0.1363	90.6974
0.0140915	10.1	37.0961	1	-1	0.13631	90.704
0.0141283	10.1	37.0815	2	-1	0.13635	90.6522
0.014129	10.1	37.0474	3	-1	0.13634	90.6456
0.0141659	10.1	37.0821	4	-1	0.13637	90.6655
0.014166	10.1	37.0819	1	-1	0.13638	90.6722
0.0142029	10.1	37.0668	2	-1	0.13641	90.6018
0.0142035	10.1	37.0331	3	-1	0.1364	90.5951
0.0142405	10.1	37.0673	4	-1	0.13643	90.615
0.0142405	10.1	37.067	1	-1	0.13644	90.6217
0.0142775	10.1	37.0524	2	-1	0.13647	90.5634
0.0142781	10.1	37.0184	3	-1	0.13647	90.5634
0.0143151	10.1	37.0528	4	-1	0.13649	90.5767
0.0143151	10.1	37.0526	1	-1	0.1365	90.5833
0.0143521	10.1	37.0377	2	-1	0.13654	90.5258
0.0143527	10.1	37.0041	3	-1	0.13653	90.5191
0.0143898	10.1	37.0384	4	-1	0.13655	90.5324
0.0143898	10.1	37.0381	1	-1	0.13656	90.539
0.0144268	10.1	37.0235	2	-1	0.1366	90.4875
0.0144275	10.1	36.9902	3	-1	0.13659	90.4809
0.0144646	10.1	37.0238	4	-1	0.13661	90.4942
0.0144646	10.1	37.0235	1	-1	0.13662	90.5008
0.0145016	10.1	37.0086	2	-1	0.13666	90.4434
0.0145022	10.1	36.9756	3	-1	0.13665	90.4368
0.0145394	10.1	37.0092	4	-1	0.13667	90.45
0.0145394	10.1	37.009	1	-1	0.13668	90.4567
0.0145765	10.1	36.9943	2	-1	0.13672	90.4053
0.0145771	10.1	36.9617	3	-1	0.13671	90.3987
0.0146143	10.1	36.9947	4	-1	0.13674	90.4186
0.0146143	10.1	36.9944	1	-1	0.13675	90.4252
0.0146514	10.1	36.9795	2	-1	0.13678	90.3554
0.014652	10.1	36.9472	3	-1	0.13677	90.3488
0.0146892	10.1	36.9801	4	-1	0.1368	90.3686
0.0146893	10.1	36.9799	1	-1	0.13681	90.3752
0.0147264	10.1	36.9654	2	-1	0.13684	90.3175
0.014727	10.1	36.9332	3	-1	0.13684	90.3175
0.0147643	10.1	36.9656	4	-1	0.13686	90.3307
0.0147643	10.1	36.9653	1	-1	0.13687	90.3373
0.0148015	10.1	36.9505	2	-1	0.1369	90.2737
0.0148021	10.1	36.9184	3	-1	0.1369	90.2737
0.0148394	10.1	36.9511	4	-1	0.13692	90.2868
0.0148394	10.1	36.9508	1	-1	0.13693	90.2934
0.0148766	10.1	36.9364	2	-1	0.13697	90.2425
0.0148772	10.1	36.9046	3	-1	0.13696	90.2359
0.0149145	10.1	36.9366	4	-1	0.13698	90.249
0.0149145	10.1	36.9363	1	-1	0.13699	90.2556
0.0149518	10.1	36.9216	2	-1	0.13703	90.1988
0.0149524	10.1	36.8902	3	-1	0.13702	90.1922
0.0149898	10.1	36.9222	4	-1	0.13704	90.2054
0.0149898	10.1	36.9219	1	-1	0.13705	90.212
0.0150271	10.1	36.9075	2	-1	0.13709	90.1611
0.0150277	10.1	36.8763	3	-1	0.13708	90.1546
0.0150651	10.1	36.9076	4	-1	0.1371	90.1677
0.0150651	10.1	36.9074	1	-1	0.13711	90.1743
0.0151024	10.1	36.8927	2	-1	0.13715	90.1176
0.015103	10.1	36.8616	3	-1	0.13715	90.1176
0.0151404	10.1	36.8931	4	-1	0.13717	90.1308
0.0151404	10.1	36.8928	1	-1	0.13718	90.1373
0.0151778	10.1	36.8784	2	-1	0.13722	90.0807
0.0151784	10.1	36.8475	3	-1	0.13721	90.0742
0.0152159	10.1	36.8789	4	-1	0.13723	90.0873
0.0152159	10.1	36.8787	1	-1	0.13724	90.0939
0.0152533	10.1	36.8639	2	-1	0.13728	90.0374
0.0152539	10.1	36.8332	3	-1	0.13727	90.0308
0.0152914	10.1	36.8642	4	-1	0.13729	90.0439
0.0152914	10.1	36.8639	1	-1	0.1373	90.0505
0.0153288	10.1	36.8495	2	-1	0.13734	90
0.0153294	10.1	36.8191	3	-1	0.13733	89.9934
0.0153669	10.1	36.8502	4	-1	0.13736	90.0131
0.0153669	10.1	36.85	1	-1	0.13737	90.0197
0.0154044	10.1	36.8352	2	-1	0.1374	89.9509
0.015405	10.1	36.8052	3	-1	0.13739	89.9444
0.0154426	10.1	36.8355	4	-1	0.13742	89.964
0.0154426	10.1	36.8353	1	-1	0.13743	89.9705
0.0154801	10.1	36.8204	2	-1	0.13746	89.9078
0.0154807	10.1	36.7908	3	-1	0.13745	89.9012
0.0155183	10.1	36.821	4	-1	0.13748	89.9209
0.0155183	10.1	36.8208	1	-1	0.13749	89.9274
0.0155558	10.1	36.8065	2	-1	0.13752	89.8706
0.0155564	10.1	36.7769	3	-1	0.13752	89.8706
0.0155941	10.1	36.8066	4	-1	0.13754	89.8837
0.0155941	10.1	36.8064	1	-1	0.13755	89.8902
0.0156317	10.1	36.7918	2	-1	0.13758	89.8276
0.0156322	10.1	36.7623	3	-1	0.13758	89.8276
0.0156699	10.1	36.7924	4	-1	0.1376	89.8407
0.0156699	10.1	36.7921	1	-1	0.13761	89.8472
0.0157075	10.1	36.778	2	-1	0.13765	89.7971
0.0157081	10.1	36.7487	3	-1	0.13764	89.7906
0.0157458	10.1	36.7781	4	-1	0.13766	89.8036
0.0157458	10.1	36.7779	1	-1	0.13767	89.8102
0.0157835	10.1	36.7634	2	-1	0.13771	89.7543
0.015784	10.1	36.7345	3	-1	0.1377	89.7478
0.0158218	10.1	36.7635	4	-1	0.13772	89.7608
0.0158218	10.1	36.7632	1	-1	0.13773	89.7673
0.0158595	10.1	36.749	2	-1	0.13777	89.7174
0.01586	10.1	36.7205	3	-1	0.13776	89.7109
0.0158978	10.1	36.7496	4	-1	0.13779	89.7304
0.0158978	10.1	36.7494	1	-1	0.1378	89.7369
0.0159356	10.1	36.7349	2	-1	0.13783	89.6689
0.0159361	10.1	36.7066	3	-1	0.13782	89.6624
0.015974	10.1	36.7351	4	-1	0.13785	89.6819
0.015974	10.1	36.7348	1	-1	0.13786	89.6884
0.0160117	10.1	36.7203	2	-1	0.13789	89.6263
0.0160123	10.1	36.6921	3	-1	0.13789	89.6263
0.0160501	10.1	36.7205	4	-1	0.13791	89.6393
0.0160501	10.1	36.7202	1	-1	0.13792	89.6458
0.016088	10.1	36.7062	2	-1	0.13796	89.5961
0.0160885	10.1	36.6781	3	-1	0.13795	89.5896
0.0161264	10.1	36.7065	4	-1	0.13797	89.6025
0.0161264	10.1	36.7063	1	-1	0.13798	89.609
0.0161642	10.1	36.6918	2	-1	0.13802	89.5536
0.0161648	10.1	36.664	3	-1	0.13801	89.5471
0.0162027	10.1	36.692	4	-1	0.13803	89.5601
0.0162027	10.1	36.6918	1	-1	0.13804	89.5666
0.0162406	10.1	36.6771	2	-1	0.13808	89.5112
0.0162411	10.1	36.6496	3	-1	0.13807	89.5047
0.0162791	10.1	36.6779	4	-1	0.1381	89.5242
0.0162791	10.1	36.6776	1	-1	0.13811	89.5307
0.016317	10.1	36.6634	2	-1	0.13814	89.4689
0.0163176	10.1	36.6362	3	-1	0.13813	89.4624
0.0163556	10.1	36.6636	4	-1	0.13816	89.4819
0.0163556	10.1	36.6634	1	-1	0.13817	89.4883
0.0163935	10.1	36.6492	2	-1	0.1382	89.4267
0.016394	10.1	36.6223	3	-1	0.13819	89.4202
0.0164321	10.1	36.649	4	-1	0.13822	89.4396
0.0164321	10.1	36.6488	1	-1	0.13823	89.4461
0.0164701	10.1	36.6347	2	-1	0.13827	89.391
0.0164706	10.1	36.6081	3	-1	0.13826	89.3845
0.0165087	10.1	36.6349	4	-1	0.13828	89.3975
0.0165087	10.1	36.6347	1	-1	0.13829	89.4039
0.0165467	10.1	36.6209	2	-1	0.13833	89.3547
0.0165472	10.1	36.5947	3	-1	0.13832	89.3482
0.0165853	10.1	36.6208	4	-1	0.13834	89.3612
0.0165853	10.1	36.6206	1	-1	0.13835	89.3676
0.0166234	10.1	36.6065	2	-1	0.13839	89.3127
0.0166239	10.1	36.5806	3	-1	0.13838	89.3062
0.0166621	10.1	36.6064	4	-1	0.1384	89.3191
0.0166621	10.1	36.6061	1	-1	0.13841	89.3256
0.0167002	10.1	36.5918	2	-1	0.13845	89.2707
0.0167007	10.1	36.5662	3	-1	0.13844	89.2643
0.0167389	10.1	36.5923	4	-1	0.13847	89.2836
0.0167389	10.1	36.5921	1	-1	0.13848	89.2901
0.016777	10.1	36.5782	2	-1	0.13851	89.2289
0.0167775	10.1	36.5529	3	-1	0.1385	89.2224
0.0168157	10.1	36.5782	4	-1	0.13853	89.2418
0.0168157	10.1	36.5779	1	-1	0.13854	89.2482
0.0168539	10.1	36.5641	2	-1	0.13857	89.1871
0.0168544	10.1	36.5388	3	-1	0.13857	89.1871
0.0168927	10.1	36.5638	4	-1	0.13859	89.2
0.0168927	10.1	36.5635	1	-1	0.1386	89.2064
0.0169309	10.1	36.5497	2	-1	0.13864	89.1518
0.0169314	10.1	36.5247	3	-1	0.13863	89.1454
0.0169697	10.1	36.5498	4	-1	0.13865	89.1583
0.0169697	10.1	36.5496	1	-1	0.13866	89.1647
0.0170079	10.1	36.536	2	-1	0.1387	89.1159
0.0170084	10.1	36.5114	3	-1	0.13869	89.1095
0.0170468	10.1	36.5359	4	-1	0.13871	89.1223
0.0170468	10.1	36.5356	1	-1	0.13872	89.1288
0.017085	10.1	36.5218	2	-1	0.13876	89.0743
0.0170855	10.1	36.4975	3	-1	0.13875	89.0679
0.0171239	10.1	36.5215	4	-1	0.13877	89.0808
0.0171239	10.1	36.5213	1	-1	0.13878	89.0872
0.0171622	10.1	36.5073	2	-1	0.13882	89.0328
0.0171627	10.1	36.4833	3	-1	0.13881	89.0264
0.0172011	10.1	36.5071	4	-1	0.13884	89.0457
0.0172011	10.1	36.5068	1	-1	0.13885	89.0521
0.0172395	10.1	36.4935	2	-1	0.13889	88.9978
0.01724	10.1	36.4698	3	-1	0.13888	88.9914
0.0172784	10.1	36.4936	4	-1	0.1389	89.0042
0.0172784	10.1	36.4933	1	-1	0.13891	89.0106
0.0173168	10.1	36.4797	2	-1	0.13895	88.9565
0.0173173	10.1	36.4565	3	-1	0.13893	88.9437
0.0173557	10.1	36.4794	4	-1	0.13896	88.9629
0.0173558	10.1	36.4792	1	-1	0.13897	88.9693
0.0173942	10.1	36.4655	2	-1	0.13901	88.9152
0.0173947	10.1	36.4426	3	-1	0.139	88.9088
0.0174332	10.1	36.465	4	-1	0.13902	88.9216
0.0174332	10.1	36.4648	1	-1	0.13903	88.928
0.0174716	10.1	36.4511	2	-1	0.13907	88.874
0.0174721	10.1	36.4285	3	-1	0.13906	88.8676
0.0175107	10.1	36.4507	4	-1	0.13909	88.8868
0.0175107	10.1	36.4504	1	-1	0.1391	88.8931
0.0175492	10.1	36.4372	2	-1	0.13913	88.8328
0.0175496	10.1	36.4149	3	-1	0.13912	88.8265
0.0175882	10.1	36.4371	4	-1	0.13915	88.8456
0.0175882	10.1	36.4368	1	-1	0.13916	88.852
0.0176268	10.1	36.4234	2	-1	0.13919	88.7918
0.0176272	10.1	36.4014	3	-1	0.13918	88.7854
0.0176658	10.1	36.4229	4	-1	0.13921	88.8045
0.0176658	10.1	36.4227	1	-1	0.13922	88.8109
0.0177044	10.1	36.4093	2	-1	0.13925	88.7508
0.0177049	10.1	36.3874	3	-1	0.13925	88.7508
0.0177435	10.1	36.4087	4	-1	0.13927	88.7635
0.0177435	10.1	36.4084	1	-1	0.13928	88.7699
0.0177822	10.1	36.3951	2	-1	0.13932	88.7163
0.0177826	10.1	36.3734	3	-1	0.13931	88.7099
0.0178213	10.1	36.3943	4	-1	0.13933	88.7226
0.0178213	10.1	36.3941	1	-1	0.13934	88.729
0.01786	10.1	36.3806	2	-1	0.13938	88.6754
0.0178604	10.1	36.3592	3	-1	0.13937	88.669
0.0178991	10.1	36.3806	4	-1	0.1394	88.6881
0.0178991	10.1	36.3803	1	-1	0.13941	88.6945
0.0179378	10.1	36.3673	2	-1	0.13944	88.6346
0.0179383	10.1	36.3462	3	-1	0.13943	88.6283
0.017977	10.1	36.3668	4	-1	0.13946	88.6473
0.017977	10.1	36.3665	1	-1	0.13947	88.6537
0.0180158	10.1	36.3535	2	-1	0.1395	88.5939
0.0180162	10.1	36.3327	3	-1	0.13949	88.5876
0.018055	10.1	36.3526	4	-1	0.13952	88.6066
0.018055	10.1	36.3524	1	-1	0.13953	88.613
0.0180938	10.1	36.3394	2	-1	0.13956	88.5533
0.0180942	10.1	36.3187	3	-1	0.13956	88.5533
0.0181331	10.1	36.3384	4	-1	0.13958	88.566
0.0181331	10.1	36.3382	1	-1	0.13959	88.5723
0.0181719	10.1	36.3252	2	-1	0.13963	88.5191
0.0181723	10.1	36.3048	3	-1	0.13962	88.5127
0.0182112	10.1	36.3242	4	-1	0.13964	88.5254
0.0182112	10.1	36.3239	1	-1	0.13965	88.5318
0.01825	10.1	36.3108	2	-1	0.13969	88.4786
0.0182504	10.1	36.2907	3	-1	0.13968	88.4723
0.0182893	10.1	36.3103	4	-1	0.1397	88.4849
0.0182894	10.1	36.3101	1	-1	0.13971	88.4913
0.0183282	10.1	36.2974	2	-1	0.13975	88.4438
0.0183286	10.1	36.2775	3	-1	0.13974	88.4374
0.0183676	10.1	36.2966	4	-1	0.13976	88.4501
0.0183676	10.1	36.2964	1	-1	0.13977	88.4564
0.0184065	10.1	36.2835	2	-1	0.13981	88.4034
0.0184069	10.1	36.2639	3	-1	0.1398	88.3971
0.0184459	10.1	36.2828	4	-1	0.13983	88.4161
0.0184459	10.1	36.2826	1	-1	0.13984	88.4224
0.0184849	10.1	36.2696	2	-1	0.13987	88.3575
0.0184853	10.1	36.25	3	-1	0.13987	88.3575
0.0185243	10.1	36.2687	4	-1	0.13989	88.3702
0.0185243	10.1	36.2685	1	-1	0.1399	88.3765
0.0185633	10.1	36.2556	2	-1	0.13994	88.3237
0.0185637	10.1	36.2364	3	-1	0.13993	88.3173
0.0186028	10.1	36.2546	4	-1	0.13995	88.33
0.0186028	10.1	36.2543	1	-1	0.13996	88.3363
0.0186418	10.1	36.2414	2	-1	0.14	88.2835
0.0186422	10.1	36.2225	3	-1	0.13999	88.2772
0.0186813	10.1	36.2406	4	-1	0.14002	88.2961
0.0186813	10.1	36.2403	1	-1	0.14003	88.3024
0.0187204	10.1	36.2273	2	-1	0.14006	88.2379
0.0187207	10.1	36.2086	3	-1	0.14005	88.2316
0.0187599	10.1	36.2265	4	-1	0.14008	88.2505
0.0187599	10.1	36.2263	1	-1	0.14009	88.2568
0.018799	10.1	36.2139	2	-1	0.14012	88.2034
0.0187994	10.1	36.195	3	-1	0.14012	88.2034
0.0188386	10.1	36.2131	4	-1	0.14014	88.216
0.0188386	10.1	36.2129	1	-1	0.14015	88.2223
0.0188777	10.1	36.2003	2	-1	0.14018	88.1635
0.0188781	10.1	36.1815	3	-1	0.14018	88.1635
0.0189173	10.1	36.1994	4	-1	0.1402	88.1761
0.0189173	10.1	36.1992	1	-1	0.14021	88.1824
0.0189565	10.1	36.1864	2	-1	0.14024	88.1237
0.0189569	10.1	36.1676	3	-1	0.14024	88.1237
0.0189961	10.1	36.1855	4	-1	0.14026	88.1362
0.0189961	10.1	36.1852	1	-1	0.14027	88.1425
0.0190353	10.1	36.1725	2	-1	0.14031	88.0902
0.0190357	10.1	36.154	3	-1	0.1403	88.0839
0.019075	10.1	36.1715	4	-1	0.14032	88.0964
0.019075	10.1	36.1712	1	-1	0.14033	88.1027
0.0191142	10.1	36.1584	2	-1	0.14037	88.0504
0.0191146	10.1	36.1402	3	-1	0.14036	88.0442
0.0191539	10.1	36.1576	4	-1	0.14039	88.063
0.0191539	10.1	36.1573	1	-1	0.1404	88.0693
0.0191932	10.1	36.1445	2	-1	0.14043	88.0053
0.0191936	10.1	36.1265	3	-1	0.14042	87.999
0.0192329	10.1	36.1434	4	-1	0.14045	88.0178
0.0192329	10.1	36.1432	1	-1	0.14046	88.0241
0.0192723	10.1	36.1307	2	-1	0.1405	87.9719
0.0192726	10.1	36.113	3	-1	0.14049	87.9657
0.019312	10.1	36.1294	4	-1	0.14051	87.9782
0.019312	10.1	36.1292	1	-1	0.14052	87.9845
0.0193514	10.1	36.1167	2	-1	0.14056	87.9324
0.0193517	10.1	36.0993	3	-1	0.14055	87.9262
0.0193912	10.1	36.1154	4	-1	0.14057	87.9387
0.0193912	10.1	36.1152	1	-1	0.14058	87.9449
0.0194306	10.1	36.1026	2	-1	0.14062	87.893
0.0194309	10.1	36.0854	3	-1	0.14061	87.8867
0.0194704	10.1	36.1016	4	-1	0.14064	87.9055
0.0194704	10.1	36.1013	1	-1	0.14065	87.9117
0.0195098	10.1	36.0889	2	-1	0.14069	87.8544
0.0195102	10.1	36.0722	3	-1	0.14067	87.8419
0.0195497	10.1	36.0881	4	-1	0.1407	87.8606
0.0195497	10.1	36.0879	1	-1	0.14071	87.8669
0.0195892	10.1	36.0759	2	-1	0.14074	87.8143
0.0195895	10.1	36.0596	3	-1	0.14073	87.8081
0.0196291	10.1	36.0747	4	-1	0.14076	87.8268
0.0196291	10.1	36.0744	1	-1	0.14077	87.833
0.0196686	10.1	36.0626	2	-1	0.1408	87.7751
0.0196689	10.1	36.0462	3	-1	0.1408	87.7751
0.0197085	10.1	36.0611	4	-1	0.14082	87.7875
0.0197085	10.1	36.0609	1	-1	0.14083	87.7938
0.019748	10.1	36.0489	2	-1	0.14086	87.7359
0.0197484	10.1	36.0326	3	-1	0.14086	87.7359
0.019788	10.1	36.0474	4	-1	0.14088	87.7484
0.019788	10.1	36.0472	1	-1	0.14089	87.7546
0.0198276	10.1	36.0352	2	-1	0.14093	87.703
0.0198279	10.1	36.0191	3	-1	0.14092	87.6968
0.0198676	10.1	36.0336	4	-1	0.14094	87.7093
0.0198676	10.1	36.0334	1	-1	0.14095	87.7155
0.0199072	10.1	36.0213	2	-1	0.14099	87.664
0.0199075	10.1	36.0056	3	-1	0.14098	87.6578
0.0199472	10.1	36.0198	4	-1	0.141	87.6702
0.0199472	10.1	36.0196	1	-1	0.14101	87.6764
0.0199869	10.1	36.0074	2	-1	0.14105	87.625
0.0199872	10.1	35.9919	3	-1	0.14104	87.6188
0.0200269	10.1	36.0061	4	-1	0.14107	87.6374
0.0200269	10.1	36.0059	1	-1	0.14108	87.6437
0.0200666	10.1	35.9939	2	-1	0.14112	87.5869
0.0200669	10.1	35.9789	3	-1	0.1411	87.5745
0.0201067	10.1	35.9923	4	-1	0.14113	87.5931
0.0201067	10.1	35.9921	1	-1	0.14114	87.5993
0.0201464	10.1	35.9803	2	-1	0.14118	87.5481
0.0201468	10.1	35.9656	3	-1	0.14117	87.5419
0.0201866	10.1	35.9785	4	-1	0.14119	87.5543
0.0201866	10.1	35.9783	1	-1	0.1412	87.5605
0.0202263	10.1	35.9665	2	-1	0.14124	87.5093
0.0202267	10.1	35.9521	3	-1	0.14123	87.5031
0.0202665	10.1	35.9648	4	-1	0.14125	87.5155
0.0202665	10.1	35.9646	1	-1	0.14126	87.5217
0.0203063	10.1	35.9527	2	-1	0.1413	87.4706
0.0203066	10.1	35.9385	3	-1	0.14129	87.4644
0.0203465	10.1	35.9512	4	-1	0.14132	87.483
0.0203465	10.1	35.951	1	-1	0.14133	87.4892
0.0203863	10.1	35.9393	2	-1	0.14137	87.4327
0.0203866	10.1	35.9255	3	-1	0.14135	87.4204
0.0204265	10.1	35.9375	4	-1	0.14138	87.4389
0.0204266	10.1	35.9372	1	-1	0.14139	87.4451
0.0204664	10.1	35.9258	2	-1	0.14143	87.3942
0.0204667	10.1	35.9123	3	-1	0.14142	87.388
0.0205067	10.1	35.9238	4	-1	0.14144	87.4004
0.0205067	10.1	35.9236	1	-1	0.14145	87.4065
0.0205466	10.1	35.9121	2	-1	0.14149	87.3557
0.0205469	10.1	35.8989	3	-1	0.14148	87.3495
0.0205869	10.1	35.9102	4	-1	0.1415	87.3619
0.0205869	10.1	35.9099	1	-1	0.14151	87.368
0.0206269	10.1	35.8984	2	-1	0.14155	87.3173
0.0206272	10.1	35.8854	3	-1	0.14154	87.3111
0.0206672	10.1	35.8967	4	-1	0.14157	87.3296
0.0206672	10.1	35.8964	1	-1	0.14158	87.3358
0.0207072	10.1	35.8849	2	-1	0.14161	87.2735
0.0207075	10.1	35.8722	3	-1	0.1416	87.2673
0.0207475	10.1	35.8829	4	-1	0.14163	87.2858
0.0207475	10.1	35.8827	1	-1	0.14164	87.292
0.0207876	10.1	35.8715	2	-1	0.14167	87.2352
0.0207878	10.1	35.859	3	-1	0.14166	87.2291
0.0208279	10.1	35.8692	4	-1	0.14169	87.2475
0.0208279	10.1	35.8689	1	-1	0.1417	87.2537
0.020868	10.1	35.858	2	-1	0.14173	87.197
0.0208683	10.1	35.8455	3	-1	0.14173	87.197
0.0209084	10.1	35.8556	4	-1	0.14175	87.2093
0.0209084	10.1	35.8553	1	-1	0.14176	87.2155
0.0209485	10.1	35.8445	2	-1	0.1418	87.165
0.0209488	10.1	35.8323	3	-1	0.14179	87.1588
0.020989	10.1	35.8421	4	-1	0.14181	87.1711
0.020989	10.1	35.8419	1	-1	0.14182	87.1773
0.0210291	10.1	35.8309	2	-1	0.14186	87.1269
0.0210294	10.1	35.819	3	-1	0.14185	87.1207
0.0210696	10.1	35.8286	4	-1	0.14187	87.133
0.0210696	10.1	35.8284	1	-1	0.14188	87.1392
0.0211098	10.1	35.8168	2	-1	0.14192	87.0835
0.0211101	10.1	35.8051	3	-1	0.14191	87.0774
0.0211503	10.1	35.8142	4	-1	0.14194	87.0958
0.0211503	10.1	35.814	1	-1	0.14195	87.1019
0.0211905	10.1	35.8029	2	-1	0.14199	87.0463
0.0211908	10.1	35.7915	3	-1	0.14198	87.0402
0.0212311	10.1	35.8003	4	-1	0.142	87.0525
0.0212311	10.1	35.8	1	-1	0.14201	87.0586
0.0212714	10.1	35.7892	2	-1	0.14205	87.0085
0.0212716	10.1	35.778	3	-1	0.14204	87.0023
0.0213119	10.1	35.7868	4	-1	0.14207	87.0207
0.0213119	10.1	35.7865	1	-1	0.14208	87.0268
0.0213522	10.1	35.7757	2	-1	0.14211	86.9653
0.0213525	10.1	35.7647	3	-1	0.1421	86.9592
0.0213928	10.1	35.7732	4	-1	0.14213	86.9775
0.0213929	10.1	35.7729	1	-1	0.14214	86.9837
0.0214332	10.1	35.7623	2	-1	0.14217	86.9275
0.0214334	10.1	35.7516	3	-1	0.14216	86.9214
0.0214738	10.1	35.7595	4	-1	0.14219	86.9398
0.0214738	10.1	35.7593	1	-1	0.1422	86.9459
0.0215142	10.1	35.749	2	-1	0.14223	86.8899
0.0215145	10.1	35.7383	3	-1	0.14223	86.8899
0.0215549	10.1	35.7461	4	-1	0.14225	86.9021
0.0215549	10.1	35.7458	1	-1	0.14226	86.9082
0.0215953	10.1	35.7357	2	-1	0.1423	86.8583
0.0215955	10.1	35.7252	3	-1	0.14229	86.8522
0.021636	10.1	35.7328	4	-1	0.14231	86.8644
0.021636	10.1	35.7326	1	-1	0.14232	86.8705
0.0216765	10.1	35.7222	2	-1	0.14236	86.8208
0.0216767	10.1	35.712	3	-1	0.14235	86.8147
0.0217172	10.1	35.7197	4	-1	0.14238	86.833
0.0217172	10.1	35.7195	1	-1	0.14239	86.8391
0.0217577	10.1	35.709	2	-1	0.14242	86.778
0.0217579	10.1	35.6991	3	-1	0.14241	86.7719
0.0217985	10.1	35.7063	4	-1	0.14244	86.7902
0.0217985	10.1	35.7061	1	-1	0.14245	86.7962
0.021839	10.1	35.6959	2	-1	0.14248	86.7405
0.0218392	10.1	35.6862	3	-1	0.14247	86.7344
0.0218798	10.1	35.6925	4	-1	0.1425	86.7527
0.0218798	10.1	35.6923	1	-1	0.14251	86.7588
0.0219204	10.1	35.6819	2	-1	0.14254	86.6979
0.0219206	10.1	35.672	3	-1	0.14254	86.6979
0.0219612	10.1	35.6784	4	-1	0.14256	86.7101
0.0219612	10.1	35.6782	1	-1	0.14257	86.7161
0.0220018	10.1	35.6681	2	-1	0.14261	86.6667
0.0220021	10.1	35.6585	3	-1	0.1426	86.6606
0.0220427	10.1	35.6648	4	-1	0.14262	86.6727
0.0220427	10.1	35.6646	1	-1	0.14263	86.6788
0.0220834	10.1	35.6545	2	-1	0.14267	86.6294
0.0220836	10.1	35.645	3	-1	0.14266	86.6234
0.0221243	10.1	35.6516	4	-1	0.14269	86.6416
0.0221243	10.1	35.6514	1	-1	0.1427	86.6476
0.022165	10.1	35.6412	2	-1	0.14273	86.587
0.0221652	10.1	35.632	3	-1	0.14272	86.5809
0.0222059	10.1	35.6382	4	-1	0.14275	86.5991
0.0222059	10.1	35.638	1	-1	0.14276	86.6052
0.0222466	10.1	35.6281	2	-1	0.14279	86.5499
0.0222468	10.1	35.619	3	-1	0.14279	86.5499
0.0222876	10.1	35.6249	4	-1	0.14281	86.562
0.0222876	10.1	35.6247	1	-1	0.14282	86.5681
0.0223283	10.1	35.6149	2	-1	0.14285	86.5128
0.0223286	10.1	35.6058	3	-1	0.14285	86.5128
0.0223694	10.1	35.6117	4	-1	0.14287	86.525
0.0223694	10.1	35.6115	1	-1	0.14288	86.531
0.0224101	10.1	35.6013	2	-1	0.14292	86.4767
0.0224104	10.1	35.5924	3	-1	0.14291	86.4706
0.0224512	10.1	35.5976	4	-1	0.14293	86.4827
0.0224512	10.1	35.5974	1	-1	0.14294	86.4888
0.022492	10.1	35.5875	2	-1	0.14298	86.4398
0.0224922	10.1	35.5786	3	-1	0.14298	86.4398
0.0225331	10.1	35.5843	4	-1	0.143	86.4518
0.0225331	10.1	35.5841	1	-1	0.14301	86.4579
0.022574	10.1	35.5742	2	-1	0.14305	86.4037
0.0225742	10.1	35.5655	3	-1	0.14304	86.3977
0.0226151	10.1	35.5711	4	-1	0.14306	86.4098
0.0226151	10.1	35.5709	1	-1	0.14307	86.4158
0.022656	10.1	35.561	2	-1	0.14311	86.3669
0.0226562	10.1	35.5526	3	-1	0.1431	86.3609
0.0226971	10.1	35.5579	4	-1	0.14312	86.373
0.0226971	10.1	35.5577	1	-1	0.14313	86.379
0.0227381	10.1	35.5479	2	-1	0.14317	86.3302
0.0227383	10.1	35.5397	3	-1	0.14316	86.3242
0.0227793	10.1	35.5448	4	-1	0.14318	86.3362
0.0227793	10.1	35.5446	1	-1	0.14319	86.3423
0.0228202	10.1	35.5343	2	-1	0.14323	86.2883
0.0228204	10.1	35.5263	3	-1	0.14322	86.2823
0.0228615	10.1	35.5308	4	-1	0.14325	86.3004
0.0228615	10.1	35.5306	1	-1	0.14326	86.3064
0.0229025	10.1	35.521	2	-1	0.1433	86.2526
0.0229027	10.1	35.5134	3	-1	0.14328	86.2405
0.0229437	10.1	35.5173	4	-1	0.14331	86.2586
0.0229437	10.1	35.5171	1	-1	0.14332	86.2646
0.0229848	10.1	35.5078	2	-1	0.14336	86.216
0.022985	10.1	35.5005	3	-1	0.14335	86.21
0.0230261	10.1	35.5041	4	-1	0.14337	86.222
0.0230261	10.1	35.5039	1	-1	0.14338	86.228
0.0230672	10.1	35.4946	2	-1	0.14342	86.1795
0.0230673	10.1	35.4876	3	-1	0.14341	86.1735
0.0231085	10.1	35.4911	4	-1	0.14343	86.1856
0.0231085	10.1	35.4909	1	-1	0.14344	86.1916
0.0231496	10.1	35.4815	2	-1	0.14348	86.1431
0.0231498	10.1	35.4747	3	-1	0.14347	86.1371
0.023191	10.1	35.4778	4	-1	0.1435	86.1551
0.023191	10.1	35.4776	1	-1	0.14351	86.1611
0.0232321	10.1	35.4679	2	-1	0.14355	86.1024
0.0232323	10.1	35.4615	3	-1	0.14353	86.0905
0.0232735	10.1	35.4642	4	-1	0.14356	86.1084
0.0232735	10.1	35.464	1	-1	0.14357	86.1144
0.0233147	10.1	35.4548	2	-1	0.14361	86.0662
0.0233149	10.1	35.4488	3	-1	0.14359	86.0542
0.0233561	10.1	35.451	4	-1	0.14363	86.0781
0.0233562	10.1	35.4508	1	-1	0.14364	86.0841
0.0233974	10.1	35.442	2	-1	0.14367	86.0248
0.0233975	10.1	35.4363	3	-1	0.14366	86.0188
0.0234388	10.1	35.4377	4	-1	0.14368	86.0308
0.0234388	10.1	35.4375	1	-1	0.14369	86.0368
0.0234801	10.1	35.4286	2	-1	0.14373	85.9886
0.0234803	10.1	35.4231	3	-1	0.14372	85.9827
0.0235216	10.1	35.4239	4	-1	0.14375	86.0006
0.0235216	10.1	35.4237	1	-1	0.14376	86.0066
0.023563	10.1	35.4151	2	-1	0.14379	85.9474
0.0235631	10.1	35.4096	3	-1	0.14379	85.9474
0.0236045	10.1	35.4106	4	-1	0.14381	85.9594
0.0236045	10.1	35.4104	1	-1	0.14382	85.9653
0.0236458	10.1	35.402	2	-1	0.14386	85.9173
0.023646	10.1	35.3967	3	-1	0.14385	85.9114
0.0236874	10.1	35.3977	4	-1	0.14387	85.9233
0.0236874	10.1	35.3974	1	-1	0.14388	85.9293
0.0237288	10.1	35.389	2	-1	0.14392	85.8814
0.0237289	10.1	35.3839	3	-1	0.14391	85.8754
0.0237704	10.1	35.3845	4	-1	0.14394	85.8933
0.0237704	10.1	35.3843	1	-1	0.14395	85.8993
0.0238118	10.1	35.3753	2	-1	0.14398	85.8352
0.0238119	10.1	35.3704	3	-1	0.14397	85.8293
0.0238534	10.1	35.371	4	-1	0.144	85.8471
0.0238534	10.1	35.3708	1	-1	0.14401	85.8531
0.0238949	10.1	35.3624	2	-1	0.14405	85.8053
0.023895	10.1	35.358	3	-1	0.14403	85.7934
0.0239365	10.1	35.3577	4	-1	0.14406	85.8113
0.0239366	10.1	35.3575	1	-1	0.14407	85.8173
0.0239781	10.1	35.3495	2	-1	0.1441	85.7636
0.0239782	10.1	35.3451	3	-1	0.1441	85.7636
0.0240197	10.1	35.3444	4	-1	0.14412	85.7755
0.0240198	10.1	35.3442	1	-1	0.14413	85.7815
0.0240613	10.1	35.3359	2	-1	0.14417	85.7287
0.0240614	10.1	35.3314	3	-1	0.14416	85.7228
0.024103	10.1	35.3311	4	-1	0.14419	85.7406
0.024103	10.1	35.3309	1	-1	0.1442	85.7466
0.0241446	10.1	35.3227	2	-1	0.14423	85.688
0.0241447	10.1	35.3185	3	-1	0.14422	85.682
0.0241864	10.1	35.318	4	-1	0.14425	85.6999
0.0241864	10.1	35.3178	1	-1	0.14426	85.7058
0.024228	10.1	35.3099	2	-1	0.14429	85.6524
0.0242281	10.1	35.3059	3	-1	0.14428	85.6464
0.0242698	10.1	35.3044	4	-1	0.14431	85.6643
0.0242698	10.1	35.3042	1	-1	0.14432	85.6702
0.0243115	10.1	35.2962	2	-1	0.14435	85.6118
0.0243116	10.1	35.2922	3	-1	0.14435	85.6118
0.0243533	10.1	35.291	4	-1	0.14437	85.6236
0.0243533	10.1	35.2908	1	-1	0.14438	85.6296
0.024395	10.1	35.2831	2	-1	0.14442	85.5822
0.0243951	10.1	35.2793	3	-1	0.14441	85.5763
0.0244368	10.1	35.2781	4	-1	0.14443	85.5881
0.0244368	10.1	35.2779	1	-1	0.14444	85.5941
0.0244786	10.1	35.2702	2	-1	0.14448	85.5468
0.0244787	10.1	35.2666	3	-1	0.14447	85.5409
0.0245205	10.1	35.2651	4	-1	0.1445	85.5586
0.0245205	10.1	35.2649	1	-1	0.14451	85.5646
0.0245623	10.1	35.2568	2	-1	0.14455	85.5072
0.0245624	10.1	35.2536	3	-1	0.14453	85.4954
0.0246042	10.1	35.2518	4	-1	0.14456	85.5132
0.0246042	10.1	35.2516	1	-1	0.14457	85.5191
0.024646	10.1	35.244	2	-1	0.14461	85.472
0.0246461	10.1	35.241	3	-1	0.1446	85.466
0.024688	10.1	35.2389	4	-1	0.14462	85.4779
0.024688	10.1	35.2387	1	-1	0.14463	85.4838
0.0247298	10.1	35.2308	2	-1	0.14467	85.4317
0.0247299	10.1	35.228	3	-1	0.14466	85.4258
0.0247718	10.1	35.2254	4	-1	0.14469	85.4435
0.0247718	10.1	35.2252	1	-1	0.1447	85.4494
0.0248137	10.1	35.2177	2	-1	0.14473	85.3915
0.0248138	10.1	35.2151	3	-1	0.14472	85.3856
0.0248558	10.1	35.2122	4	-1	0.14475	85.4033
0.0248558	10.1	35.212	1	-1	0.14476	85.4092
0.0248977	10.1	35.205	2	-1	0.14479	85.3564
0.0248978	10.1	35.2024	3	-1	0.14479	85.3564
0.0249397	10.1	35.1989	4	-1	0.14481	85.3682
0.0249398	10.1	35.1987	1	-1	0.14482	85.374
0.0249817	10.1	35.1915	2	-1	0.14486	85.3222
0.0249818	10.1	35.1891	3	-1	0.14485	85.3163
0.0250238	10.1	35.1858	4	-1	0.14487	85.3281
0.0250238	10.1	35.1856	1	-1	0.14488	85.334
0.0250659	10.1	35.1783	2	-1	0.14492	85.2872
0.0250659	10.1	35.1762	3	-1	0.14491	85.2813
0.025108	10.1	35.1732	4	-1	0.14494	85.299
0.025108	10.1	35.173	1	-1	0.14495	85.3048
0.02515	10.1	35.1653	2	-1	0.14498	85.2422
0.0251501	10.1	35.1633	3	-1	0.14497	85.2364
0.0251922	10.1	35.1595	4	-1	0.145	85.254
0.0251922	10.1	35.1593	1	-1	0.14501	85.2599
0.0252343	10.1	35.1524	2	-1	0.14504	85.2074
0.0252343	10.1	35.1505	3	-1	0.14504	85.2074
0.0252765	10.1	35.1463	4	-1	0.14506	85.2191
0.0252765	10.1	35.1461	1	-1	0.14507	85.225
0.0253186	10.1	35.1397	2	-1	0.1451	85.1726
0.0253187	10.1	35.1377	3	-1	0.1451	85.1726
0.0253608	10.1	35.1332	4	-1	0.14512	85.1843
0.0253608	10.1	35.133	1	-1	0.14513	85.1902
0.025403	10.1	35.126	2	-1	0.14517	85.1387
0.0254031	10.1	35.1243	3	-1	0.14516	85.1328
0.0254453	10.1	35.1205	4	-1	0.14519	85.1504
0.0254453	10.1	35.1203	1	-1	0.1452	85.1563
0.0254875	10.1	35.1132	2	-1	0.14523	85.099
0.0254875	10.1	35.1117	3	-1	0.14522	85.0932
0.0255298	10.1	35.1072	4	-1	0.14525	85.1107
0.0255298	10.1	35.107	1	-1	0.14526	85.1166
0.025572	10.1	35.1001	2	-1	0.1453	85.0653
0.0255721	10.1	35.0988	3	-1	0.14529	85.0594
0.0256144	10.1	35.094	4	-1	0.14531	85.0711
0.0256144	10.1	35.0938	1	-1	0.14532	85.077
0.0256567	10.1	35.0873	2	-1	0.14536	85.0307
0.0256567	10.1	35.0862	3	-1	0.14535	85.0249
0.025699	10.1	35.0816	4	-1	0.14538	85.0424
0.025699	10.1	35.0814	1	-1	0.14539	85.0483
0.0257413	10.1	35.0744	2	-1	0.14542	84.9863
0.0257414	10.1	35.0735	3	-1	0.14541	84.9804
0.0257837	10.1	35.0681	4	-1	0.14544	84.998
0.0257837	10.1	35.0679	1	-1	0.14545	85.0038
0.0258261	10.1	35.0617	2	-1	0.14548	84.9518
0.0258261	10.1	35.0607	3	-1	0.14548	84.9518
0.0258685	10.1	35.0551	4	-1	0.1455	84.9635
0.0258685	10.1	35.0549	1	-1	0.14551	84.9693
0.0259109	10.1	35.0486	2	-1	0.14554	84.9125
0.025911	10.1	35.0476	3	-1	0.14554	84.9125
0.0259534	10.1	35.0416	4	-1	0.14556	84.9242
0.0259534	10.1	35.0414	1	-1	0.14557	84.93
0.0259959	10.1	35.0353	2	-1	0.1456	84.8782
0.0259959	10.1	35.0344	3	-1	0.1456	84.8782
0.0260384	10.1	35.0288	4	-1	0.14562	84.8898
0.0260384	10.1	35.0286	1	-1	0.14563	84.8957
0.0260808	10.1	35.0222	2	-1	0.14567	84.8448
0.0260809	10.1	35.0213	3	-1	0.14567	84.8448
0.0261234	10.1	35.0157	4	-1	0.14569	84.8564
0.0261234	10.1	35.0155	1	-1	0.1457	84.8623
0.0261659	10.1	35.0092	2	-1	0.14573	84.8056
0.0261659	10.1	35.0083	3	-1	0.14573	84.8056
0.0262085	10.1	35.003	4	-1	0.14575	84.8173
0.0262085	10.1	35.0028	1	-1	0.14576	84.8231
0.026251	10.1	34.9962	2	-1	0.14579	84.7666
0.026251	10.1	34.9952	3	-1	0.14579	84.7666
0.0262936	10.1	34.9895	4	-1	0.14581	84.7782
0.0262936	10.1	34.9893	1	-1	0.14582	84.784
0.0263362	10.1	34.9834	2	-1	0.14586	84.7383
0.0263362	10.1	34.9825	3	-1	0.14586	84.7383
0.0263789	10.1	34.9768	4	-1	0.14587	84.7441
0.0263789	10.1	34.9766	1	-1	0.14588	84.7499
0.0264215	10.1	34.9701	2	-1	0.14592	84.6993
0.0264215	10.1	34.9692	3	-1	0.14592	84.6993
0.0264642	10.1	34.9639	4	-1	0.14594	84.7109
0.0264642	10.1	34.9637	1	-1	0.14595	84.7167
0.0265068	10.1	34.9573	2	-1	0.14599	84.6662
0.0265069	10.1	34.9566	3	-1	0.14598	84.6604
0.0265496	10.1	34.9514	4	-1	0.146	84.672
0.0265496	10.1	34.9512	1	-1	0.14601	84.6778
0.0265923	10.1	34.9445	2	-1	0.14605	84.6274
0.0265923	10.1	34.9439	3	-1	0.14604	84.6216
0.026635	10.1	34.938	4	-1	0.14606	84.6332
0.026635	10.1	34.9378	1	-1	0.14607	84.639
0.0266778	10.1	34.9317	2	-1	0.14611	84.5936
0.0266778	10.1	34.9313	3	-1	0.1461	84.5878
0.0267205	10.1	34.925	4	-1	0.14613	84.6051
0.0267206	10.1	34.9248	1	-1	0.14614	84.6109
0.0267633	10.1	34.9186	2	-1	0.14618	84.5558
0.0267633	10.1	34.9186	3	-1	0.14616	84.5442
0.0268062	10.1	34.9121	4	-1	0.14619	84.5615
0.0268062	10.1	34.9119	1	-1	0.1462	84.5673
0.026849	10.1	34.9057	3	-1	0.14622	84.5105
0.026849	10.1	34.9055	2	-1	0.14623	84.5162
0.0268918	10.1	34.8988	4	-1	0.14625	84.5278
0.0268918	10.1	34.8986	1	-1	0.14626	84.5336
0.0269347	10.1	34.8923	3	-1	0.14629	84.4777
0.0269347	10.1	34.8922	2	-1	0.1463	84.4835
0.0269776	10.1	34.8861	4	-1	0.14632	84.495
0.0269776	10.1	34.886	1	-1	0.14633	84.5008
0.0270205	10.1	34.8792	3	-1	0.14635	84.4343
0.0270205	10.1	34.879	2	-1	0.14636	84.4401
0.0270634	10.1	34.8727	4	-1	0.14638	84.4516
0.0270634	10.1	34.8725	1	-1	0.14639	84.4574
0.0271063	10.1	34.8666	3	-1	0.14642	84.4065
0.0271064	10.1	34.8664	2	-1	0.14643	84.4123
0.0271493	10.1	34.8602	4	-1	0.14644	84.4181
0.0271493	10.1	34.86	1	-1	0.14645	84.4238
0.0271923	10.1	34.8536	3	-1	0.14648	84.3682
0.0271923	10.1	34.8534	2	-1	0.14649	84.3739
0.0272353	10.1	34.8474	4	-1	0.14651	84.3854
0.0272353	10.1	34.8472	1	-1	0.14652	84.3912
0.0272783	10.1	34.8408	3	-1	0.14654	84.3299
0.0272783	10.1	34.8406	2	-1	0.14655	84.3356
0.0273213	10.1	34.8344	4	-1	0.14657	84.3471
0.0273213	10.1	34.8342	1	-1	0.14658	84.3529
0.0273644	10.1	34.8275	3	-1	0.1466	84.2916
0.0273644	10.1	34.8273	2	-1	0.14661	84.2974
0.0274075	10.1	34.8217	4	-1	0.14664	84.3146
0.0274075	10.1	34.8215	1	-1	0.14665	84.3204
0.0274505	10.1	34.8147	3	-1	0.14666	84.2486
0.0274505	10.1	34.8145	2	-1	0.14667	84.2544
0.0274937	10.1	34.808	4	-1	0.1467	84.2716
0.0274937	10.1	34.8078	1	-1	0.14671	84.2773
0.0275368	10.1	34.8025	3	-1	0.14673	84.2211
0.0275368	10.1	34.8023	2	-1	0.14674	84.2268
0.0275799	10.1	34.7946	4	-1	0.14675	84.2326
0.0275799	10.1	34.7944	1	-1	0.14676	84.2383
0.0276231	10.1	34.7891	2	-1	0.1468	84.1936
0.0276231	10.1	34.7891	3	-1	0.1468	84.1936
0.0276663	10.1	34.7827	4	-1	0.14682	84.2051
0.0276663	10.1	34.7825	1	-1	0.14683	84.2108
0.0277095	10.1	34.776	3	-1	0.14685	84.1499
0.0277095	10.1	34.7759	2	-1	0.14686	84.1556
0.0277527	10.1	34.7703	4	-1	0.14689	84.1728
0.0277527	10.1	34.7701	1	-1	0.1469	84.1786
0.0277959	10.1	34.763	3	-1	0.14691	84.1072
0.0277959	10.1	34.7628	2	-1	0.14692	84.1129
0.0278392	10.1	34.7573	4	-1	0.14695	84.1301
0.0278392	10.1	34.7571	1	-1	0.14696	84.1358
0.0278824	10.1	34.7508	3	-1	0.14698	84.075
0.0278824	10.1	34.7507	2	-1	0.14699	84.0808
0.0279257	10.1	34.7437	4	-1	0.14701	84.0922
0.0279257	10.1	34.7435	1	-1	0.14702	84.0979
0.027969	10.1	34.7387	2	-1	0.14705	84.0478
0.027969	10.1	34.7387	3	-1	0.14705	84.0478
0.0280124	10.1	34.7308	4	-1	0.14706	84.0535
0.0280124	10.1	34.7306	1	-1	0.14707	84.0592
0.0280557	10.1	34.7251	3	-1	0.14711	84.0148
0.0280557	10.1	34.7249	2	-1	0.14712	84.0206
0.0280991	10.1	34.7189	4	-1	0.14713	84.0263
0.0280991	10.1	34.7188	1	-1	0.14714	84.032
0.0281425	10.1	34.7112	3	-1	0.14716	83.9667
0.0281425	10.1	34.711	2	-1	0.14717	83.9724
0.0281859	10.1	34.7064	1	-1	0.14721	83.9952
0.0281859	10.1	34.7064	4	-1	0.14721	83.9952
0.0282293	10.1	34.699	3	-1	0.14722	83.9291
0.0282293	10.1	34.6988	2	-1	0.14723	83.9348
0.0282727	10.1	34.693	4	-1	0.14727	83.9576
0.0282727	10.1	34.6928	1	-1	0.14728	83.9633
0.0283162	10.1	34.6868	3	-1	0.14729	83.8925
0.0283162	10.1	34.6867	2	-1	0.1473	83.8982
0.0283597	10.1	34.6791	4	-1	0.14732	83.9096
0.0283597	10.1	34.6789	1	-1	0.14733	83.9152
0.0284032	10.1	34.6741	2	-1	0.14737	83.8712
0.0284032	10.1	34.6741	3	-1	0.14737	83.8712
0.0284467	10.1	34.6668	4	-1	0.14738	83.8768
0.0284467	10.1	34.6666	1	-1	0.14739	83.8825
0.0284902	10.1	34.6607	3	-1	0.14743	83.8337
0.0284902	10.1	34.6606	2	-1	0.14744	83.8394
0.0285337	10.1	34.6546	4	-1	0.14745	83.8451
0.0285338	10.1	34.6545	1	-1	0.14746	83.8508
0.0285773	10.1	34.6473	3	-1	0.14748	83.7907
0.0285773	10.1	34.6471	2	-1	0.14749	83.7964
0.0286209	10.1	34.6422	1	-1	0.14752	83.8134
0.0286209	10.1	34.6421	4	-1	0.14753	83.8191
0.0286645	10.1	34.6343	3	-1	0.14753	83.7477
0.0286645	10.1	34.6341	2	-1	0.14754	83.7534
0.0287081	10.1	34.6292	1	-1	0.14759	83.7818
0.0287081	10.1	34.629	4	-1	0.14759	83.7818
0.0287518	10.1	34.6226	3	-1	0.1476	83.7114
0.0287518	10.1	34.6225	2	-1	0.14761	83.7171
0.0287954	10.1	34.6154	4	-1	0.14764	83.7341
0.0287955	10.1	34.6152	1	-1	0.14766	83.7455
0.0288391	10.1	34.6112	2	-1	0.14768	83.6856
0.0288391	10.1	34.6112	3	-1	0.14768	83.6856
0.0288828	10.1	34.602	4	-1	0.14768	83.6856
0.0288828	10.1	34.6019	1	-1	0.14769	83.6913
0.0289265	10.1	34.5975	2	-1	0.14774	83.6627
0.0289265	10.1	34.5973	3	-1	0.14775	83.6684
0.0289703	10.1	34.5906	4	-1	0.14776	83.674
0.0289703	10.1	34.5904	1	-1	0.14777	83.6797
0.029014	10.1	34.5833	3	-1	0.1478	83.6162
0.029014	10.1	34.5831	2	-1	0.14782	83.6275
0.0290578	10.1	34.5792	1	-1	0.14783	83.6332
0.0290578	10.1	34.5791	4	-1	0.14784	83.6388
0.0291016	10.1	34.5698	3	-1	0.14784	83.5679
0.0291016	10.1	34.5696	2	-1	0.14785	83.5736
0.0291454	10.1	34.5657	1	-1	0.1479	83.6018
0.0291454	10.1	34.5653	4	-1	0.14791	83.6075
0.0291892	10.1	34.5587	3	-1	0.14791	83.5367
0.0291892	10.1	34.5585	2	-1	0.14792	83.5423
0.0292331	10.1	34.5519	1	-1	0.14798	83.5762
0.0292331	10.1	34.5519	4	-1	0.14796	83.5649
0.0292769	10.1	34.5476	2	-1	0.14799	83.5017
0.0292769	10.1	34.5475	3	-1	0.148	83.5073
0.0293208	10.1	34.5383	4	-1	0.148	83.5073
0.0293208	10.1	34.5382	1	-1	0.14801	83.5129
0.0293647	10.1	34.534	2	-1	0.14806	83.4846
0.0293647	10.1	34.5337	3	-1	0.14807	83.4903
0.0294086	10.1	34.5272	4	-1	0.14807	83.4903
0.0294087	10.1	34.527	1	-1	0.14808	83.4959
0.0294526	10.1	34.52	3	-1	0.14811	83.4376
0.0294526	10.1	34.5198	2	-1	0.14814	83.4545
0.0294966	10.1	34.5159	1	-1	0.14815	83.4601
0.0294966	10.1	34.5157	4	-1	0.14816	83.4657
0.0295405	10.1	34.5062	3	-1	0.14815	83.3849
0.0295405	10.1	34.506	2	-1	0.14816	83.3906
0.0295845	10.1	34.5019	1	-1	0.14821	83.4187
0.0295845	10.1	34.5014	4	-1	0.14823	83.43
0.0296285	10.1	34.4954	3	-1	0.14823	83.3643
0.0296285	10.1	34.4952	2	-1	0.14824	83.3699
0.0296726	10.1	34.4882	1	-1	0.1483	83.4036
0.0296726	10.1	34.4882	4	-1	0.14827	83.3868
0.0297166	10.1	34.4844	2	-1	0.14831	83.3249
0.0297166	10.1	34.4844	3	-1	0.14831	83.3249
0.0297607	10.1	34.4746	4	-1	0.14831	83.3249
0.0297607	10.1	34.4744	1	-1	0.14832	83.3305
0.0298048	10.1	34.4704	2	-1	0.14837	83.3071
0.0298048	10.1	34.47	3	-1	0.14839	83.3184
0.0298489	10.1	34.464	4	-1	0.14839	83.3184
0.0298489	10.1	34.4638	1	-1	0.1484	83.324
0.029893	10.1	34.4563	3	-1	0.14842	83.2557
0.029893	10.1	34.4561	2	-1	0.14845	83.2726
0.0299372	10.1	34.4524	1	-1	0.14846	83.2782
0.0299372	10.1	34.4521	4	-1	0.14848	83.2894
0.0299813	10.1	34.443	3	-1	0.14847	83.2138
0.0299813	10.1	34.4428	2	-1	0.14848	83.2194
0.0300255	10.1	34.4385	1	-1	0.14853	83.2474
0.0300255	10.1	34.438	4	-1	0.14854	83.253
0.0300697	10.1	34.432	3	-1	0.14855	83.184
0.0300697	10.1	34.4318	2	-1	0.14856	83.1896
0.030114	10.1	34.4243	4	-1	0.14858	83.2008
0.030114	10.1	34.4242	1	-1	0.14862	83.2232
0.0301582	10.1	34.4211	2	-1	0.14862	83.1441
0.0301582	10.1	34.4207	3	-1	0.14864	83.1552
0.0302025	10.1	34.4109	4	-1	0.14862	83.1441
0.0302025	10.1	34.4107	1	-1	0.14863	83.1497
0.0302467	10.1	34.4071	2	-1	0.14869	83.1367
0.0302468	10.1	34.4065	3	-1	0.14871	83.1479
0.030291	10.1	34.4005	4	-1	0.1487	83.1423
0.030291	10.1	34.4003	1	-1	0.14871	83.1479
0.0303354	10.1	34.3925	2	-1	0.14878	83.108
0.0303354	10.1	34.3925	3	-1	0.14874	83.0857
0.0303797	10.1	34.3899	1	-1	0.14877	83.1024
0.0303797	10.1	34.3894	4	-1	0.1488	83.1192
0.030424	10.1	34.3781	3	-1	0.14877	83.0329
0.030424	10.1	34.3779	2	-1	0.14878	83.0385
0.0304684	10.1	34.3758	1	-1	0.14883	83.0664
0.0304684	10.1	34.3745	4	-1	0.14888	83.0943
0.0305128	10.1	34.3679	3	-1	0.14884	83.0025
0.0305128	10.1	34.3677	2	-1	0.14885	83.008
0.0305572	10.1	34.3603	1	-1	0.14894	83.0582
0.0305572	10.1	34.3595	4	-1	0.14891	83.0415
0.0306016	10.1	34.3591	2	-1	0.14893	82.9601
0.0306016	10.1	34.3586	3	-1	0.14896	82.9768
0.0306461	10.1	34.3461	4	-1	0.14892	82.9545
0.0306461	10.1	34.346	1	-1	0.14898	82.988
0.0306905	10.1	34.3452	2	-1	0.14897	82.9223
0.0306906	10.1	34.3435	3	-1	0.14905	82.9669
0.030735	10.1	34.3346	4	-1	0.14898	82.9279
0.030735	10.1	34.3344	1	-1	0.14899	82.9335
0.0307795	10.1	34.3287	2	-1	0.14908	82.9374
0.0307796	10.1	34.3267	3	-1	0.14909	82.943
0.0308241	10.1	34.3269	1	-1	0.1491	82.9485
0.0308241	10.1	34.3269	4	-1	0.1491	82.9485
0.0308686	10.1	34.3153	2	-1	0.14919	82.911
0.0308686	10.1	34.315	3	-1	0.14909	82.8554
0.0309131	10.1	34.3154	1	-1	0.14912	82.8721
0.0309132	10.1	34.314	4	-1	0.14921	82.9221
0.0309577	10.1	34.3025	3	-1	0.14913	82.827
0.0309577	10.1	34.3024	2	-1	0.14916	82.8437
0.0310023	10.1	34.2991	1	-1	0.14921	82.8714
0.0310024	10.1	34.2967	4	-1	0.14927	82.9047
0.0310469	10.1	34.294	3	-1	0.14923	82.7998
0.0310469	10.1	34.2938	2	-1	0.14924	82.8053
0.0310916	10.1	34.2834	1	-1	0.14933	82.8552
0.0310916	10.1	34.2819	4	-1	0.14927	82.8219
0.0311362	10.1	34.2841	2	-1	0.14929	82.7366
0.0311363	10.1	34.2831	3	-1	0.14935	82.7699
0.0311809	10.1	34.271	4	-1	0.14929	82.7366
0.0311809	10.1	34.2708	1	-1	0.14939	82.7921
0.0312256	10.1	34.2695	2	-1	0.14936	82.7067
0.0312256	10.1	34.2674	3	-1	0.14943	82.7454
0.0312703	10.1	34.2605	4	-1	0.14937	82.7122
0.0312703	10.1	34.2604	1	-1	0.14938	82.7178
0.031315	10.1	34.2529	2	-1	0.14947	82.7309
0.0313151	10.1	34.2512	3	-1	0.14945	82.7199
0.0313598	10.1	34.2523	1	-1	0.14947	82.7309
0.0313598	10.1	34.252	4	-1	0.14949	82.742
0.0314046	10.1	34.2392	3	-1	0.14945	82.6375
0.0314046	10.1	34.2391	2	-1	0.14957	82.7039
0.0314493	10.1	34.2394	1	-1	0.1495	82.6652
0.0314494	10.1	34.2375	4	-1	0.1496	82.7205
0.0314942	10.1	34.2267	3	-1	0.14951	82.6159
0.0314942	10.1	34.2265	2	-1	0.14952	82.6214
0.031539	10.1	34.2228	1	-1	0.1496	82.6656
0.031539	10.1	34.2201	4	-1	0.14965	82.6933
0.0315838	10.1	34.22	3	-1	0.14962	82.59
0.0315838	10.1	34.2198	2	-1	0.14963	82.5955
0.0316287	10.1	34.2074	1	-1	0.14973	82.6507
0.0316287	10.1	34.2063	4	-1	0.14963	82.5955
0.0316735	10.1	34.2099	2	-1	0.14965	82.5063
0.0316736	10.1	34.2083	3	-1	0.14975	82.5615
0.0317185	10.1	34.1945	4	-1	0.14965	82.5063
0.0317185	10.1	34.1944	1	-1	0.14973	82.5504
0.0317633	10.1	34.1937	2	-1	0.14973	82.5095
0.0317634	10.1	34.1906	3	-1	0.14983	82.5646
0.0318083	10.1	34.186	4	-1	0.14974	82.515
0.0318083	10.1	34.1858	1	-1	0.14975	82.5205
0.0318533	10.1	34.176	2	-1	0.14986	82.5311
0.0318533	10.1	34.1733	3	-1	0.14983	82.5146
0.0318982	10.1	34.1788	1	-1	0.14983	82.5146
0.0318983	10.1	34.1779	4	-1	0.14989	82.5476
0.0319433	10.1	34.1635	3	-1	0.14981	82.4264
0.0319433	10.1	34.1633	2	-1	0.14999	82.5254
0.0319882	10.1	34.1652	1	-1	0.14986	82.4539
0.0319883	10.1	34.1623	4	-1	0.14999	82.5254
0.0320333	10.1	34.1515	3	-1	0.14987	82.405
0.0320333	10.1	34.1514	2	-1	0.14988	82.4105
0.0320783	10.1	34.1465	1	-1	0.14998	82.4655
0.0320784	10.1	34.1428	4	-1	0.15003	82.493
0.0321234	10.1	34.1466	3	-1	0.15001	82.3869
0.0321234	10.1	34.1464	2	-1	0.15002	82.3924
0.0321685	10.1	34.1311	1	-1	0.15014	82.4583
0.0321686	10.1	34.1297	4	-1	0.14999	82.3759
0.0322136	10.1	34.1361	2	-1	0.15001	82.2739
0.0322136	10.1	34.1339	3	-1	0.15015	82.3507
0.0322587	10.1	34.1185	4	-1	0.15	82.2684
0.0322587	10.1	34.1184	1	-1	0.1501	82.3233
0.0323038	10.1	34.118	2	-1	0.1501	82.3007
0.032304	10.1	34.114	3	-1	0.15022	82.3665
0.032349	10.1	34.1119	4	-1	0.15012	82.3117
0.032349	10.1	34.1118	1	-1	0.15013	82.3171
0.0323942	10.1	34.0994	2	-1	0.15026	82.3342
0.0323943	10.1	34.0965	3	-1	0.15019	82.2959
0.0324394	10.1	34.1048	1	-1	0.15019	82.2959
0.0324395	10.1	34.1033	4	-1	0.15029	82.3507
0.0324847	10.1	34.0866	3	-1	0.15017	82.2174
0.0324847	10.1	34.0864	2	-1	0.15037	82.3269
0.0325298	10.1	34.0902	1	-1	0.15023	82.2502
0.03253	10.1	34.0861	4	-1	0.1504	82.3433
0.0325751	10.1	34.0754	2	-1	0.15024	82.1972
0.0326204	10.1	34.0695	1	-1	0.15037	82.2683
0.0326205	10.1	34.0646	4	-1	0.15042	82.2957
0.0326657	10.1	34.0729	2	-1	0.15039	82.1758
0.0326657	10.1	34.0728	3	-1	0.1504	82.1813
0.0327111	10.1	34.0536	1	-1	0.15055	82.2633
0.0327111	10.1	34.0518	4	-1	0.15035	82.154
0.0327563	10.1	34.0627	2	-1	0.15037	82.0439
0.0327564	10.1	34.0597	3	-1	0.15056	82.1475
0.0328018	10.1	34.0421	4	-1	0.15036	82.0384
0.0328018	10.1	34.042	1	-1	0.15049	82.1093
0.0328471	10.1	34.0424	2	-1	0.15047	82.085
0.0328472	10.1	34.0372	3	-1	0.15062	82.1668
0.0328925	10.1	34.0381	4	-1	0.1505	82.1014
0.0328925	10.1	34.0379	1	-1	0.15051	82.1068
0.0329379	10.1	34.0222	2	-1	0.15067	82.1448
0.032938	10.1	34.0187	3	-1	0.15056	82.0848
0.0329833	10.1	34.0327	1	-1	0.15054	82.0739
0.0329834	10.1	34.0303	4	-1	0.1507	82.1612
0.0330288	10.1	34.0091	2	-1	0.15075	82.1347
0.0330742	10.1	34.0159	1	-1	0.15057	82.0366
0.0330744	10.1	34.0098	4	-1	0.15082	82.1728
0.0331197	10.1	33.9999	2	-1	0.15059	81.9894
0.0331652	10.1	33.9914	1	-1	0.15076	82.082
0.0331654	10.1	33.9846	4	-1	0.15081	82.1092
0.0332108	10.1	34.0001	3	-1	0.1508	81.9788
0.0332564	10.1	33.9744	1	-1	0.15099	82.0821
0.0333018	10.1	33.9907	2	-1	0.15068	81.7713
0.0333475	10.1	33.9627	1	-1	0.15082	81.8473
0.0333929	10.1	33.9655	2	-1	0.15082	81.8828
0.0333933	10.1	33.9562	3	-1	0.15107	82.0186
0.0334387	10.1	33.9647	4	-1	0.15085	81.8991
0.0334387	10.1	33.9645	1	-1	0.15086	81.9046
0.0334843	10.1	33.9405	2	-1	0.1511	81.977
0.0334845	10.1	33.9338	3	-1	0.15092	81.8793
0.0335299	10.1	33.9623	1	-1	0.15084	81.8359
0.0336671	10.1	33.921	2	-1	0.15088	81.7778
0.0337126	10.1	33.9116	1	-1	0.15112	81.9079
0.0337131	10.1	33.8991	4	-1	0.15125	81.9783
0.0337586	10.1	33.9297	3	-1	0.15118	81.7852
0.0338043	10.1	33.8903	1	-1	0.15145	81.9313
0.0339415	10.1	33.8914	2	-1	0.15111	81.562
0.0339876	10.1	33.8885	1	-1	0.15117	81.5944
0.0340338	10.1	33.8461	3	-1	0.15132	81.7151
0.0340793	10.1	33.8928	1	-1	0.15118	81.6395
0.0341253	10.1	33.8458	2	-1	0.15177	81.9139
0.034171	10.1	33.8742	1	-1	0.15113	81.5684
0.0342171	10.1	33.8423	2	-1	0.15133	81.6588
0.0342628	10.1	33.8354	1	-1	0.15143	81.7127
0.0343091	10.1	33.8588	3	-1	0.15151	81.5842
0.0345393	10.1	33.808	1	-1	0.15144	81.2054
0.0345858	10.1	33.7638	3	-1	0.1518	81.6129
0.0346314	10.1	33.8214	1	-1	0.15158	81.4946
0.0346776	10.1	33.7616	2	-1	0.1522	81.7269
0.0347235	10.1	33.8074	1	-1	0.1514	81.2973
0.0348158	10.1	33.7656	1	-1	0.15169	81.488
0.0348624	10.1	33.7798	2	-1	0.15178	81.3703
0.0350012	10.1	33.7198	1	-1	0.15253	81.5015
0.035047	10.1	33.757	2	-1	0.1516	80.8318
0.0350937	10.1	33.726	1	-1	0.15187	80.9757
0.0351406	10.1	33.6805	3	-1	0.15231	81.4536
0.0351864	10.1	33.7484	4	-1	0.15219	81.3894
0.0352326	10.1	33.6746	2	-1	0.15264	81.5385
0.0352788	10.1	33.7426	1	-1	0.15166	81.015
0.0354184	10.1	33.6978	2	-1	0.152	81.1576
0.0354654	10.1	33.621	4	-1	0.15231	81.3231
0.0356969	10.1	33.6355	2	-1	0.15227	80.9387
0.035744	10.1	33.6777	1	-1	0.15241	81.0131
0.0359299	10.1	33.6378	1	-1	0.15204	80.9628
0.0360246	10.1	33.5377	4	-1	0.15287	81.3182
0.0363043	10.1	33.5934	1	-1	0.15256	80.5278
0.036491	10.1	33.5818	1	-1	0.15208	80.5978
0.0365847	10.1	33.4999	1	-1	0.15285	81.0488
0.0366325	10.1	33.5764	3	-1	0.15306	80.7875
0.0367735	10.1	33.4602	1	-1	0.15416	80.8942
0.0368196	10.1	33.5182	2	-1	0.15242	79.8178
0.0369156	10.1	33.3853	3	-1	0.15341	80.7804
0.037055	10.1	33.5257	1	-1	0.15223	80.2351
0.0371972	10.1	33.4906	2	-1	0.1531	80.5662
0.0374795	10.1	33.372	2	-1	0.15343	80.1662
0.037528	10.1	33.4698	4	-1	0.15369	80.302
0.0378113	10.1	33.3041	1	-1	0.15414	80.837
0.0378133	10.1	33.2548	4	-1	0.15393	80.7269
0.0380971	10.1	33.3835	1	-1	0.15375	79.6839
0.0382865	10.1	33.3503	1	-1	0.15308	79.9833
0.0385737	10.1	33.2235	1	-1	0.15552	80.2601
0.0386203	10.1	33.2826	2	-1	0.15349	79.0696
0.0390039	10.1	33.2888	2	-1	0.15424	79.9876
0.0396304	10.1	32.8823	4	-1	0.15509	80.583
0.0401087	10.1	33.0987	1	-1	0.15368	79.3515
0.0404007	10.1	32.9831	1	-1	0.1569	79.58
0.0406908	10.1	33.0485	1	-1	0.15424	79.0285
0.04074	10.1	32.9248	2	-1	0.157	80.5293
0.0408389	10.1	32.9844	3	-1	0.15566	79.3293
0.0409838	10.1	32.8948	1	-1	0.15724	79.5186
0.0410309	10.1	32.9701	2	-1	0.15473	78.0479
0.0411326	10.1	32.7643	3	-1	0.15616	79.0044
0.0419606	10.1	32.8975	1	-1	0.1546	78.7129
0.0420589	10.1	32.7139	1	-1	0.15669	79.704
0.0423555	10.1	32.8824	1	-1	0.15538	77.342
0.0427001	10.1	32.9277	2	-1	0.15549	78.9369
0.0439442	10.1	32.3658	4	-1	0.15809	79.0292
0.0441401	10.1	32.4806	1	-1	0.15951	78.391
0.0444392	10.1	32.58	1	-1	0.15629	77.6751
0.0444902	10.1	32.4342	2	-1	0.15965	79.5228
0.0462106	10.1	31.972	3	-1	0.15958	77.2336
0.0468699	10.1	32.2447	4	-1	0.15937	76.4548
0.0471792	10.1	31.8354	4	-1	0.15985	78.3732
0.0476836	10.1	32.1419	1	-1	0.15761	76.5952
0.047737	10.1	32.0623	2	-1	0.16163	78.721
0.0479943	10.1	31.9067	1	-1	0.16254	77.4184
0.0480432	10.1	32.0866	2	-1	0.15775	74.9193
0.0488237	10.1	32.1521	4	-1	0.15997	75.8008
0.0493888	10.1	31.9283	2	-1	0.15789	74.1929
0.0503799	10.1	31.8144	1	-1	0.15791	75.9548
0.0506976	10.1	31.4624	1	-1	0.16464	76.6409
0.0510678	10.1	31.735	2	-1	0.1635	77.9351
0.0527597	10.1	31.5919	2	-1	0.15891	72.9514
0.0528803	10.1	31.1155	3	-1	0.16307	75.4255
0.0531353	10.1	31.3704	1	-1	0.16045	75.6982
0.0539477	10.1	31.6076	3	-1	0.16272	75.5607
0.0548578	10.1	30.7379	1	-1	0.16821	75.685
0.0549137	10.1	31.0953	2	-1	0.16368	73.3662
0.0557351	10.1	31.5336	4	-1	0.16318	73.8371
0.0560123	10.1	30.9146	3	-1	0.16494	74.593
0.0562763	10.1	31.6382	1	-1	0.1598	72.2358
0.0568207	10.1	30.5858	1	-1	0.1682	75.2438
0.0575896	10.1	30.5577	1	-1	0.16772	74.6152
0.0576588	10.1	30.7077	3	-1	0.16656	73.915
0.0579817	10.1	31.3313	2	-1	0.16557	75.7238
0.058158	10.1	30.5148	4	-1	0.16521	74.9558
0.0584914	10.1	30.4588	4	-1	0.16673	73.9051
0.0585356	10.1	31.0485	2	-1	0.16651	73.9551
0.059201	10.1	30.6146	2	-1	0.16492	71.7293
0.0601641	10.1	30.2661	4	-1	0.16884	75.3548
0.0610538	10.1	30.1859	1	-1	0.17025	73.7971
0.061844	10.1	30.055	1	-1	0.16959	73.2349
0.0620696	10.1	30.5074	1	-1	0.16478	71.9438
0.0627038	10.1	30.0758	2	-1	0.16816	71.0976
0.0639146	10.1	30.5149	1	-1	0.17034	72.5654
