0.00151477	2.05	8.12539	2	-1	0.63291	86.6941
0.0016676	2.05	8.16352	4	-1	0.61736	84.5641
0.00181875	2.05	8.18329	2	-1	0.6126	99.0637
0.001971	2.05	8.18167	4	-1	0.61125	98.8454
0.00212231	2.05	8.18636	2	-1	0.61143	99.648
0.00227433	2.05	8.18556	1	-1	0.61136	99.6366
0.00227486	2.05	8.17678	4	-1	0.61189	99.7229
0.00242597	2.05	8.18475	3	-1	0.61131	99.6203
0.00242597	2.05	8.18466	2	-1	0.61132	99.6219
0.00257804	2.05	8.18353	1	-1	0.61127	99.6138
0.00257886	2.05	8.17007	4	-1	0.61185	99.7083
0.00272976	2.05	8.18257	3	-1	0.61128	99.5813
0.00272976	2.05	8.18249	2	-1	0.61129	99.583
0.0028819	2.05	8.18124	1	-1	0.61128	99.5813
0.00288294	2.05	8.16424	4	-1	0.61171	99.6514
0.00303371	2.05	8.18032	3	-1	0.61129	99.5311
0.00303371	2.05	8.18024	2	-1	0.6113	99.5327
0.00318587	2.05	8.17891	1	-1	0.61119	99.5148
0.00318725	2.05	8.15632	4	-1	0.61189	99.6288
0.00333772	2.05	8.17785	2	-1	0.61111	99.4678
0.0034898	2.05	8.17635	1	-1	0.61081	99.4189
0.00364182	2.05	8.17533	2	-1	0.61101	99.4628
0.00379424	2.05	8.17316	1	-1	0.61153	99.5475
0.00394649	2.05	8.17337	2	-1	0.61184	99.4328
0.0040986	2.05	8.17153	1	-1	0.61108	99.3093
0.00425059	2.05	8.16991	2	-1	0.6104	99.2214
0.00440253	2.05	8.16693	1	-1	0.60989	99.1385
0.00455533	2.05	8.16754	2	-1	0.61138	99.5247
0.0050153	2.05	8.16006	1	-1	0.61464	99.3181
0.00547331	2.05	8.12278	2	-1	0.60556	3726.52
0.00577939	2.05	8.13812	2	-1	0.61287	101.455
0.00785338	2.05	7.40946	3	-1	0.12023	54.7246
0.00962101	2.05	6.16934	3	-1	0.08917	58.3192
0.00993903	2.05	7.29806	3	-1	0.03761	4.56776
0.011001	2.05	5.97684	4	-1	0.02665	3.52169
