0.00144797	2.4	9.45956	2	-1	0.54816	85.998
0.00157889	2.4	9.535	4	-1	0.53046	83.2212
0.00170859	2.4	9.56881	2	-1	0.52506	98.7029
0.00183872	2.4	9.57116	4	-1	0.52332	98.3758
0.0019682	2.4	9.57964	2	-1	0.52276	99.5392
0.00209798	2.4	9.57949	1	-1	0.52258	99.5049
0.00209842	2.4	9.57094	4	-1	0.52282	99.5506
0.00222786	2.4	9.57868	3	-1	0.5226	99.6036
0.00222787	2.4	9.57859	2	-1	0.52261	99.6055
0.00235777	2.4	9.57731	1	-1	0.52273	99.6283
0.00235833	2.4	9.56659	4	-1	0.52296	99.6722
0.0024878	2.4	9.57623	3	-1	0.52288	99.5791
0.0024878	2.4	9.57613	2	-1	0.52289	99.581
0.00261783	2.4	9.57464	1	-1	0.52301	99.6039
0.00261844	2.4	9.56289	4	-1	0.52312	99.6248
0.00274798	2.4	9.57358	3	-1	0.52313	99.5244
0.00274799	2.4	9.57348	2	-1	0.52314	99.5263
0.00287813	2.4	9.57194	1	-1	0.52324	99.5453
0.00287883	2.4	9.5586	4	-1	0.52341	99.5776
0.00300841	2.4	9.57087	3	-1	0.52336	99.4754
0.00300842	2.4	9.57078	2	-1	0.52337	99.4773
0.00313868	2.4	9.56919	1	-1	0.52349	99.5001
0.00313942	2.4	9.55501	4	-1	0.52357	99.5153
0.0032691	2.4	9.56819	3	-1	0.52362	99.4266
0.0032691	2.4	9.56809	2	-1	0.52363	99.4285
0.0033995	2.4	9.56638	1	-1	0.52376	99.4531
0.00340029	2.4	9.55128	4	-1	0.52386	99.4721
0.00353005	2.4	9.56551	3	-1	0.52388	99.3759
0.00353005	2.4	9.56542	2	-1	0.52389	99.3778
0.00366057	2.4	9.56365	1	-1	0.524	99.3987
0.00366142	2.4	9.54745	4	-1	0.52412	99.4214
0.00379125	2.4	9.56287	3	-1	0.52412	99.3272
0.00379125	2.4	9.56277	2	-1	0.52413	99.3291
0.00392189	2.4	9.56092	1	-1	0.52425	99.3519
0.00392279	2.4	9.5438	4	-1	0.52435	99.3708
0.00405269	2.4	9.56023	3	-1	0.52437	99.2787
0.0040527	2.4	9.56014	2	-1	0.52438	99.2805
0.00418346	2.4	9.55819	1	-1	0.5245	99.3033
0.00418441	2.4	9.54024	4	-1	0.52459	99.3203
0.0043144	2.4	9.55761	3	-1	0.52462	99.2302
0.0043144	2.4	9.55751	2	-1	0.52463	99.2321
0.00444528	2.4	9.55546	1	-1	0.52474	99.2529
0.00444628	2.4	9.5365	4	-1	0.52485	99.2737
0.00457635	2.4	9.55498	3	-1	0.52486	99.1818
0.00457635	2.4	9.55489	2	-1	0.52487	99.1837
0.00470736	2.4	9.55272	1	-1	0.52499	99.2063
0.0047084	2.4	9.53295	4	-1	0.52508	99.2233
0.00483854	2.4	9.55234	3	-1	0.5251	99.1316
0.00483855	2.4	9.55224	2	-1	0.52511	99.1335
0.00496968	2.4	9.5499	1	-1	0.52524	99.158
0.00497077	2.4	9.5294	4	-1	0.52531	99.1712
0.005101	2.4	9.54968	3	-1	0.52536	99.0834
0.00510101	2.4	9.54958	2	-1	0.52537	99.0853
0.00523226	2.4	9.54714	1	-1	0.52549	99.1079
0.00523338	2.4	9.52602	4	-1	0.52556	99.1211
0.00536371	2.4	9.54708	3	-1	0.5256	99.0334
0.00536371	2.4	9.54698	2	-1	0.52561	99.0353
0.00549509	2.4	9.54439	1	-1	0.52572	99.056
0.00549625	2.4	9.52246	4	-1	0.52581	99.073
0.00562666	2.4	9.54448	3	-1	0.52583	98.9854
0.00562666	2.4	9.54439	2	-1	0.52584	98.9872
0.00575816	2.4	9.54163	1	-1	0.52596	99.0098
0.00575936	2.4	9.51917	4	-1	0.52602	99.0211
0.00588986	2.4	9.54184	3	-1	0.52608	98.9374
0.00588986	2.4	9.54175	2	-1	0.52609	98.9393
0.00602149	2.4	9.53879	1	-1	0.52621	98.9619
0.00602272	2.4	9.51579	4	-1	0.52627	98.9732
0.00615331	2.4	9.53924	3	-1	0.52632	98.8877
0.00615332	2.4	9.53915	2	-1	0.52633	98.8896
0.00628507	2.4	9.53601	1	-1	0.52645	98.9121
0.00628632	2.4	9.51258	4	-1	0.5265	98.9215
0.00641701	2.4	9.53668	3	-1	0.52656	98.84
0.00641702	2.4	9.53659	2	-1	0.52657	98.8418
0.00654889	2.4	9.53317	1	-1	0.52668	98.8625
0.00655017	2.4	9.50913	4	-1	0.52675	98.8756
0.00668096	2.4	9.53403	3	-1	0.52679	98.7904
0.00668097	2.4	9.53394	2	-1	0.5268	98.7923
0.00681296	2.4	9.53035	1	-1	0.52692	98.8148
0.00681427	2.4	9.50597	4	-1	0.52696	98.8223
0.00694516	2.4	9.53148	3	-1	0.52703	98.7428
0.00694516	2.4	9.53139	2	-1	0.52704	98.7447
0.00707728	2.4	9.52755	1	-1	0.52715	98.7653
0.0070786	2.4	9.50292	4	-1	0.52718	98.7709
0.0072096	2.4	9.52889	3	-1	0.52726	98.6935
0.0072096	2.4	9.5288	2	-1	0.52727	98.6953
0.00734185	2.4	9.52466	1	-1	0.52739	98.7178
0.00734317	2.4	9.49996	4	-1	0.5274	98.7197
0.00747429	2.4	9.52635	3	-1	0.5275	98.6461
0.00747429	2.4	9.52626	2	-1	0.52751	98.6479
0.00760666	2.4	9.52184	1	-1	0.52763	98.6704
0.00760799	2.4	9.49708	4	-1	0.52764	98.6723
0.00773922	2.4	9.52379	3	-1	0.52773	98.595
0.00773923	2.4	9.5237	2	-1	0.52774	98.5969
0.00787173	2.4	9.51892	1	-1	0.52787	98.6212
0.00787304	2.4	9.49446	4	-1	0.52784	98.6156
0.00800441	2.4	9.52131	3	-1	0.52798	98.5497
0.00800442	2.4	9.52121	2	-1	0.52799	98.5516
0.00813704	2.4	9.51608	1	-1	0.52811	98.574
0.00813834	2.4	9.49193	4	-1	0.52808	98.5684
0.00826985	2.4	9.5188	3	-1	0.52822	98.5007
0.00826986	2.4	9.51871	2	-1	0.52823	98.5026
0.00840262	2.4	9.51315	1	-1	0.52836	98.5268
0.00840389	2.4	9.4894	4	-1	0.52832	98.5194
0.00853555	2.4	9.51636	3	-1	0.52847	98.4537
0.00853555	2.4	9.51627	2	-1	0.52848	98.4556
0.00866844	2.4	9.5103	1	-1	0.52861	98.4798
0.00866968	2.4	9.48722	4	-1	0.52854	98.4668
0.0088015	2.4	9.51394	3	-1	0.52873	98.4068
0.00880151	2.4	9.51384	2	-1	0.52874	98.4087
0.00893453	2.4	9.50736	1	-1	0.52888	98.4347
0.00893573	2.4	9.48522	4	-1	0.52878	98.4161
0.00906772	2.4	9.51157	3	-1	0.529	98.36
0.00906773	2.4	9.51147	2	-1	0.52901	98.3619
0.00920089	2.4	9.50443	1	-1	0.52916	98.3898
0.00920203	2.4	9.48342	4	-1	0.52903	98.3656
0.00933422	2.4	9.50926	3	-1	0.52928	98.3116
0.00933422	2.4	9.50917	2	-1	0.52929	98.3134
0.00946753	2.4	9.50159	1	-1	0.52945	98.3431
0.00946858	2.4	9.48206	4	-1	0.52929	98.3134
0.00960099	2.4	9.50705	3	-1	0.52958	98.2651
0.00960099	2.4	9.50695	2	-1	0.52959	98.2669
0.00973446	2.4	9.49868	1	-1	0.52978	98.3022
0.0097354	2.4	9.48137	4	-1	0.52954	98.2577
0.00986806	2.4	9.505	3	-1	0.52993	98.2225
0.00986807	2.4	9.5049	2	-1	0.52994	98.2243
0.0100017	2.4	9.49584	1	-1	0.53015	98.2633
0.0100025	2.4	9.4811	4	-1	0.52986	98.2095
0.0101355	2.4	9.50311	3	-1	0.53031	98.1765
0.0101355	2.4	9.50302	2	-1	0.53032	98.1783
0.0102693	2.4	9.49307	1	-1	0.53055	98.2209
0.0102699	2.4	9.48127	4	-1	0.53023	98.1617
0.0104032	2.4	9.50138	3	-1	0.53074	98.1343
0.0104032	2.4	9.50129	2	-1	0.53075	98.1362
0.0105372	2.4	9.49043	1	-1	0.531	98.1824
0.0105377	2.4	9.48229	4	-1	0.5306	98.1085
0.0106711	2.4	9.49968	2	-1	0.5307	97.9965
0.0106713	2.4	9.4949	3	-1	0.53122	98.0925
0.0108055	2.4	9.48761	1	-1	0.53153	98.1498
0.0110736	2.4	9.47952	1	-1	0.53068	97.8483
0.011208	2.4	9.49336	2	-1	0.53088	97.9917
0.0113422	2.4	9.484	1	-1	0.53152	98.1099
0.0117439	2.4	9.47537	2	-1	0.52748	97.6254
0.0120108	2.4	9.46949	2	-1	0.52759	97.9977
0.0121431	2.4	9.45997	1	-1	0.52794	98.0627
0.0122791	2.4	9.47018	2	-1	0.52991	98.1151
0.0124115	2.4	9.46008	1	-1	0.53022	98.1725
0.0125476	2.4	9.46881	2	-1	0.53011	97.6909
0.0128152	2.4	9.45735	2	-1	0.5281	97.5092
0.0130836	2.4	9.45392	2	-1	0.52939	98.2426
0.013481	2.4	9.33216	1	-1	0.51753	94.0707
0.0151496	2.4	8.22436	3	-1	0.19535	356.608
0.0157973	2.4	8.14211	4	-1	0.17576	35.1696
0.016218	2.4	8.97004	3	-1	0.4998	152.746
0.0201199	2.4	40.596	2	-1	0.04354	68.9251
