0.00139796	2.75	10.7636	2	-1	0.48526	85.4286
0.0015128	2.75	10.8893	4	-1	0.46653	82.1312
0.00162637	2.75	10.9437	3	-1	0.46003	98.3012
0.00174004	2.75	10.959	4	-1	0.45757	97.7755
0.00185324	2.75	10.9699	3	-1	0.45669	99.4166
0.00196663	2.75	10.9715	1	-1	0.45639	99.3513
0.00196687	2.75	10.9661	4	-1	0.45649	99.3731
0.00208006	2.75	10.9712	2	-1	0.45638	99.568
0.00219354	2.75	10.9699	1	-1	0.45644	99.5811
0.0021938	2.75	10.9643	4	-1	0.45646	99.5855
0.00230708	2.75	10.9687	2	-1	0.45654	99.5421
0.00230708	2.75	10.9687	3	-1	0.45654	99.5421
0.00242066	2.75	10.967	1	-1	0.45663	99.5617
0.00242093	2.75	10.9611	4	-1	0.45665	99.5661
0.0025343	2.75	10.9655	3	-1	0.45672	99.4903
0.00253431	2.75	10.9654	2	-1	0.45673	99.4924
0.002648	2.75	10.9637	1	-1	0.45684	99.5164
0.00264829	2.75	10.9574	4	-1	0.45688	99.5251
0.00276176	2.75	10.9623	3	-1	0.45696	99.4494
0.00276176	2.75	10.9622	2	-1	0.45697	99.4516
0.00287556	2.75	10.9603	1	-1	0.45708	99.4755
0.00287585	2.75	10.9541	4	-1	0.45708	99.4755
0.00298944	2.75	10.959	3	-1	0.45719	99.3978
0.00298945	2.75	10.9589	2	-1	0.4572	99.3999
0.00310335	2.75	10.957	1	-1	0.4573	99.4217
0.00310365	2.75	10.9506	4	-1	0.45731	99.4239
0.00321735	2.75	10.9557	3	-1	0.45741	99.3484
0.00321736	2.75	10.9556	2	-1	0.45742	99.3506
0.00333137	2.75	10.9538	1	-1	0.45753	99.3745
0.00333167	2.75	10.9473	4	-1	0.45754	99.3766
0.00344548	2.75	10.9524	3	-1	0.45764	99.2992
0.00344549	2.75	10.9523	2	-1	0.45765	99.3013
0.00355962	2.75	10.9504	1	-1	0.45776	99.3252
0.00355991	2.75	10.9441	4	-1	0.45775	99.323
0.00367384	2.75	10.9491	2	-1	0.45787	99.25
0.00367384	2.75	10.9491	3	-1	0.45787	99.25
0.00378809	2.75	10.9472	1	-1	0.45799	99.276
0.00378837	2.75	10.9409	4	-1	0.45798	99.2738
0.00390242	2.75	10.9459	2	-1	0.45809	99.2009
0.00390242	2.75	10.9458	3	-1	0.4581	99.2031
0.00401678	2.75	10.9439	1	-1	0.45821	99.2269
0.00401706	2.75	10.9378	4	-1	0.45819	99.2226
0.00413121	2.75	10.9427	2	-1	0.4583	99.1498
0.00413123	2.75	10.9422	3	-1	0.45833	99.1563
0.0042457	2.75	10.9406	1	-1	0.45844	99.1801
0.00424596	2.75	10.9348	4	-1	0.45841	99.1736
0.00436023	2.75	10.9394	2	-1	0.45852	99.0987
0.00436026	2.75	10.9386	3	-1	0.45855	99.1052
0.00447484	2.75	10.9373	1	-1	0.45867	99.1312
0.00447509	2.75	10.932	4	-1	0.45863	99.1225
0.00458947	2.75	10.9361	2	-1	0.45875	99.05
0.00458952	2.75	10.935	3	-1	0.45878	99.0565
0.00470421	2.75	10.934	1	-1	0.4589	99.0824
0.00470444	2.75	10.9292	4	-1	0.45885	99.0716
0.00481893	2.75	10.9329	2	-1	0.45896	98.997
0.00481901	2.75	10.9313	3	-1	0.45901	99.0078
0.00493381	2.75	10.9308	1	-1	0.45913	99.0337
0.00493401	2.75	10.9266	4	-1	0.45907	99.0207
0.00504862	2.75	10.9296	2	-1	0.45918	98.9463
0.00504872	2.75	10.9274	3	-1	0.45924	98.9592
0.00516364	2.75	10.9275	1	-1	0.45936	98.9851
0.0051638	2.75	10.9241	4	-1	0.45929	98.97
0.00527853	2.75	10.9264	2	-1	0.4594	98.8957
0.00527867	2.75	10.9234	3	-1	0.45947	98.9107
0.0053937	2.75	10.9243	1	-1	0.45959	98.9366
0.00539382	2.75	10.9217	4	-1	0.45951	98.9193
0.00550866	2.75	10.9231	2	-1	0.45962	98.8451
0.00550884	2.75	10.9192	3	-1	0.45971	98.8645
0.00562398	2.75	10.921	1	-1	0.45982	98.8881
0.00562405	2.75	10.9195	4	-1	0.45972	98.8666
0.00573901	2.75	10.9199	2	-1	0.45983	98.7926
0.00573924	2.75	10.9149	3	-1	0.45993	98.8141
0.00585449	2.75	10.9178	1	-1	0.46005	98.8398
0.00585451	2.75	10.9175	4	-1	0.45994	98.8162
0.00596958	2.75	10.9166	2	-1	0.46005	98.7422
0.00596986	2.75	10.9105	3	-1	0.46016	98.7659
0.00608519	2.75	10.9145	4	-1	0.46016	98.7659
0.00608519	2.75	10.9144	1	-1	0.4602	98.7744
0.00620037	2.75	10.9133	2	-1	0.46027	98.709
0.00620072	2.75	10.9058	3	-1	0.4604	98.7368
0.0063161	2.75	10.9113	4	-1	0.46038	98.7325
0.0063161	2.75	10.9112	1	-1	0.46039	98.7347
0.0064314	2.75	10.91	2	-1	0.46051	98.6716
0.0064318	2.75	10.9014	3	-1	0.46061	98.693
0.00654725	2.75	10.9082	4	-1	0.46064	98.6994
0.00654725	2.75	10.9081	1	-1	0.46065	98.7015
0.00666267	2.75	10.9066	2	-1	0.46077	98.6216
0.00666308	2.75	10.8977	3	-1	0.4608	98.628
0.00677863	2.75	10.9049	4	-1	0.46088	98.6451
0.00677864	2.75	10.9048	1	-1	0.46089	98.6473
0.00689416	2.75	10.9034	2	-1	0.46099	98.5695
0.00689459	2.75	10.8941	3	-1	0.46103	98.5781
0.00701024	2.75	10.9017	4	-1	0.46109	98.5909
0.00701025	2.75	10.9016	1	-1	0.4611	98.5931
0.00712587	2.75	10.9002	2	-1	0.4612	98.5217
0.00712633	2.75	10.8903	3	-1	0.46126	98.5346
0.00724207	2.75	10.8985	4	-1	0.46131	98.5452
0.00724207	2.75	10.8984	1	-1	0.46132	98.5474
0.0073578	2.75	10.897	2	-1	0.46143	98.4762
0.00735829	2.75	10.8865	3	-1	0.46148	98.4869
0.00747413	2.75	10.8953	4	-1	0.46155	98.5018
0.00747413	2.75	10.8952	1	-1	0.46156	98.504
0.00758998	2.75	10.8937	2	-1	0.46167	98.4287
0.00759048	2.75	10.883	3	-1	0.46169	98.433
0.00770642	2.75	10.8921	4	-1	0.46178	98.4522
0.00770642	2.75	10.892	1	-1	0.46179	98.4543
0.00782238	2.75	10.8904	2	-1	0.4619	98.3792
0.00782289	2.75	10.8796	3	-1	0.46192	98.3834
0.00793893	2.75	10.8889	4	-1	0.462	98.4005
0.00793894	2.75	10.8887	1	-1	0.46201	98.4026
0.00805501	2.75	10.8872	2	-1	0.46212	98.3318
0.00805553	2.75	10.8761	3	-1	0.46215	98.3382
0.00817167	2.75	10.8857	4	-1	0.46222	98.3531
0.00817168	2.75	10.8856	1	-1	0.46223	98.3552
0.00828786	2.75	10.884	2	-1	0.46234	98.2845
0.00828839	2.75	10.8726	3	-1	0.46237	98.2909
0.00840464	2.75	10.8824	4	-1	0.46245	98.3079
0.00840465	2.75	10.8823	1	-1	0.46246	98.31
0.00852094	2.75	10.8808	2	-1	0.46258	98.2394
0.00852148	2.75	10.8693	3	-1	0.46258	98.2394
0.00863784	2.75	10.8793	4	-1	0.46268	98.2607
0.00863784	2.75	10.8792	1	-1	0.46269	98.2628
0.00875425	2.75	10.8775	2	-1	0.46281	98.1903
0.00875479	2.75	10.8662	3	-1	0.4628	98.1881
0.00887126	2.75	10.8761	4	-1	0.46291	98.2115
0.00887127	2.75	10.876	1	-1	0.46292	98.2136
0.00898779	2.75	10.8744	2	-1	0.46302	98.139
0.00898832	2.75	10.863	3	-1	0.46303	98.1412
0.00910491	2.75	10.8728	4	-1	0.46312	98.1602
0.00910491	2.75	10.8727	1	-1	0.46313	98.1624
0.00922154	2.75	10.8712	2	-1	0.46324	98.0942
0.00922209	2.75	10.8596	3	-1	0.46326	98.0984
0.00933877	2.75	10.8697	4	-1	0.46334	98.1154
0.00933878	2.75	10.8696	1	-1	0.46335	98.1175
0.00945553	2.75	10.8679	2	-1	0.46347	98.0474
0.00945608	2.75	10.8562	3	-1	0.46348	98.0495
0.00957289	2.75	10.8665	1	-1	0.46359	98.0728
0.00957289	2.75	10.8665	4	-1	0.46359	98.0728
0.00968975	2.75	10.8648	2	-1	0.46371	98.0007
0.0096903	2.75	10.8533	3	-1	0.46369	97.9965
0.00980721	2.75	10.8634	1	-1	0.4638	98.0197
0.00980722	2.75	10.8632	4	-1	0.46382	98.024
0.00992421	2.75	10.8616	2	-1	0.46394	97.9562
0.00992474	2.75	10.8504	3	-1	0.46391	97.9498
0.0100418	2.75	10.8602	1	-1	0.46403	97.9752
0.0100418	2.75	10.8599	4	-1	0.46404	97.9773
0.0101589	2.75	10.8584	2	-1	0.46415	97.9054
0.0101594	2.75	10.8474	3	-1	0.46414	97.9033
0.0102765	2.75	10.857	1	-1	0.46426	97.9286
0.0102766	2.75	10.8568	4	-1	0.46425	97.9265
0.0103938	2.75	10.8552	2	-1	0.46437	97.8548
0.0103943	2.75	10.8442	3	-1	0.46437	97.8548
0.0105116	2.75	10.8538	1	-1	0.46449	97.8801
0.0105116	2.75	10.8538	4	-1	0.46447	97.8759
0.0106289	2.75	10.8521	2	-1	0.46459	97.8064
0.0106294	2.75	10.8411	3	-1	0.46459	97.8064
0.0107468	2.75	10.8506	4	-1	0.46469	97.8274
0.0107468	2.75	10.8505	1	-1	0.4647	97.8295
0.0108642	2.75	10.8488	2	-1	0.46482	97.7622
0.0108648	2.75	10.8378	3	-1	0.46482	97.7622
0.0109823	2.75	10.8474	4	-1	0.46492	97.7832
0.0109823	2.75	10.8473	1	-1	0.46493	97.7853
0.0110998	2.75	10.8457	2	-1	0.46504	97.7139
0.0111004	2.75	10.8345	3	-1	0.46505	97.716
0.011218	2.75	10.8443	4	-1	0.46515	97.737
0.011218	2.75	10.8442	1	-1	0.46516	97.7391
0.0113356	2.75	10.8425	2	-1	0.46527	97.6658
0.0113362	2.75	10.8314	3	-1	0.46526	97.6637
0.0114539	2.75	10.8411	4	-1	0.46538	97.6889
0.0114539	2.75	10.841	1	-1	0.46539	97.691
0.0115717	2.75	10.8394	2	-1	0.46549	97.6177
0.0115722	2.75	10.8283	3	-1	0.46549	97.6177
0.01169	2.75	10.838	4	-1	0.46559	97.6387
0.01169	2.75	10.8379	1	-1	0.4656	97.6408
0.0118079	2.75	10.8362	2	-1	0.4657	97.5697
0.0118085	2.75	10.8249	3	-1	0.46573	97.5759
0.0119264	2.75	10.8348	4	-1	0.4658	97.5906
0.0119264	2.75	10.8347	1	-1	0.46581	97.5927
0.0120444	2.75	10.833	2	-1	0.46593	97.5259
0.012045	2.75	10.8213	3	-1	0.46596	97.5322
0.012163	2.75	10.8316	4	-1	0.46604	97.5489
0.012163	2.75	10.8315	1	-1	0.46605	97.551
0.0122811	2.75	10.8298	2	-1	0.46618	97.4823
0.0122817	2.75	10.8184	3	-1	0.46616	97.4781
0.0123998	2.75	10.8287	1	-1	0.46625	97.497
0.0123998	2.75	10.8281	4	-1	0.4663	97.5074
0.0125181	2.75	10.8266	2	-1	0.46645	97.4491
0.0125186	2.75	10.8164	3	-1	0.46633	97.4241
0.0126369	2.75	10.8255	1	-1	0.46644	97.447
0.0126369	2.75	10.8238	4	-1	0.46656	97.4721
0.0127553	2.75	10.8235	2	-1	0.4667	97.4138
0.0127557	2.75	10.815	3	-1	0.46653	97.3784
0.0128741	2.75	10.8223	1	-1	0.46665	97.4034
0.0128743	2.75	10.819	4	-1	0.4668	97.4347
0.0129928	2.75	10.8203	2	-1	0.46693	97.3704
0.0129931	2.75	10.8138	3	-1	0.46675	97.3329
0.0131116	2.75	10.8192	1	-1	0.46687	97.3579
0.0131118	2.75	10.8144	4	-1	0.46702	97.3892
0.0132305	2.75	10.8174	2	-1	0.46714	97.3229
0.0132307	2.75	10.8125	3	-1	0.46697	97.2874
0.0133493	2.75	10.816	1	-1	0.4671	97.3145
0.0133496	2.75	10.8097	4	-1	0.46724	97.3437
0.0134683	2.75	10.8143	2	-1	0.46736	97.2734
0.0134685	2.75	10.8111	3	-1	0.4672	97.2401
0.0135872	2.75	10.8128	1	-1	0.46733	97.2672
0.0135876	2.75	10.8052	4	-1	0.46746	97.2943
0.0137065	2.75	10.8112	2	-1	0.46758	97.2241
0.0137066	2.75	10.8096	3	-1	0.46743	97.1929
0.0138254	2.75	10.8096	1	-1	0.46756	97.22
0.0138258	2.75	10.8008	4	-1	0.46768	97.2449
0.0139448	2.75	10.8082	2	-1	0.46779	97.1728
0.0139448	2.75	10.8079	3	-1	0.46766	97.1458
0.0140638	2.75	10.8063	1	-1	0.4678	97.1749
0.0140643	2.75	10.7966	4	-1	0.46789	97.1936
0.0141834	2.75	10.8051	3	-1	0.46791	97.1009
0.0141834	2.75	10.805	2	-1	0.46795	97.1092
0.0143025	2.75	10.803	1	-1	0.46806	97.1321
0.014303	2.75	10.793	4	-1	0.46809	97.1383
0.0144221	2.75	10.8022	2	-1	0.46818	97.0583
0.0144221	2.75	10.8022	3	-1	0.46818	97.0583
0.0145414	2.75	10.7999	1	-1	0.46834	97.0914
0.0145418	2.75	10.7907	4	-1	0.46825	97.0728
0.0146611	2.75	10.7993	2	-1	0.46832	96.9827
0.0146612	2.75	10.7977	3	-1	0.46847	97.0138
0.0147806	2.75	10.7967	1	-1	0.46865	97.0511
0.0147809	2.75	10.7902	4	-1	0.46838	96.9952
0.0149003	2.75	10.7962	2	-1	0.46846	96.9014
0.0149005	2.75	10.7915	3	-1	0.46878	96.9676
0.01502	2.75	10.7935	1	-1	0.46895	97.0027
0.0150201	2.75	10.7915	4	-1	0.46852	96.9138
0.0151396	2.75	10.7931	2	-1	0.4686	96.8222
0.0151401	2.75	10.7835	3	-1	0.46908	96.9214
0.0152596	2.75	10.7902	4	-1	0.46867	96.8366
0.0152596	2.75	10.7901	1	-1	0.46888	96.88
0.0153792	2.75	10.7895	2	-1	0.46883	96.8357
0.0153799	2.75	10.7746	3	-1	0.46935	96.9431
0.0154993	2.75	10.7878	4	-1	0.46902	96.8749
0.0154993	2.75	10.7877	1	-1	0.46903	96.877
0.0156192	2.75	10.785	2	-1	0.46947	96.8898
0.0156198	2.75	10.7728	3	-1	0.46921	96.8362
0.0157391	2.75	10.7864	1	-1	0.46885	96.7619
0.0160989	2.75	10.7745	2	-1	0.46794	96.6758
0.0163395	2.75	10.7772	3	-1	0.46997	96.921
0.0169405	2.75	10.7658	1	-1	0.47093	97.6122
0.0175602	2.75	10.6713	2	-1	0.47027	428.844
0.0176896	2.75	10.7166	4	-1	0.46533	424.339
0.0184152	2.75	10.3296	1	-1	0.43944	88.3012
0.0210699	2.75	41.0483	1	-1	0.04408	73.3811
