0.00101499	39.15	86.9556	3	-1	0.03029	2999.01
0.00102907	39.15	94.1551	4	-1	0.05771	5713.86
0.00104188	39.15	100.005	3	-1	0.05329	90.7218
0.00105434	39.15	105.128	1	-1	0.05003	85.1719
0.00106597	39.15	109.44	3	-1	0.04762	93.2081
0.00107747	39.15	113.322	4	-1	0.04567	89.3913
0.00108834	39.15	116.65	3	-1	0.04413	94.3957
0.00109921	39.15	119.696	4	-1	0.04283	91.615
0.00110955	39.15	122.337	3	-1	0.04176	95.0603
0.00111996	39.15	124.78	4	-1	0.04083	92.9433
0.00112993	39.15	126.915	3	-1	0.04005	95.448
0.00114	39.15	128.906	4	-1	0.03935	93.7798
0.00114968	39.15	130.655	3	-1	0.03876	95.7037
0.00115949	39.15	132.297	4	-1	0.03822	94.3704
0.00116895	39.15	133.744	3	-1	0.03776	95.8619
0.00117855	39.15	135.113	4	-1	0.03734	94.7956
0.00118783	39.15	136.32	3	-1	0.03697	95.9761
0.00119727	39.15	137.465	4	-1	0.03663	95.0935
0.00120641	39.15	138.474	3	-1	0.03634	96.0613
0.00121571	39.15	139.438	4	-1	0.03606	95.3212
0.00122473	39.15	140.286	3	-1	0.03582	96.0837
0.00123393	39.15	141.099	4	-1	0.03559	95.4667
0.00124287	39.15	141.814	3	-1	0.0354	96.1173
0.00125197	39.15	142.502	4	-1	0.03521	95.6014
0.00126084	39.15	143.105	3	-1	0.03505	96.1064
0.00126987	39.15	143.688	4	-1	0.03489	95.6677
0.00127867	39.15	144.197	3	-1	0.03476	96.1017
0.00128764	39.15	144.694	4	-1	0.03463	95.7423
0.00129639	39.15	145.126	3	-1	0.03451	96.0746
0.00130532	39.15	145.548	4	-1	0.03441	95.7962
0.00131401	39.15	145.913	3	-1	0.03431	96.0526
0.0013229	39.15	146.271	4	-1	0.03422	95.8007
0.00133157	39.15	146.577	3	-1	0.03414	96.0338
0.00134043	39.15	146.881	4	-1	0.03407	95.8368
0.00134906	39.15	147.138	3	-1	0.034	95.991
0.00135789	39.15	147.398	4	-1	0.03394	95.8216
