0.00102883	39.5	94.8786	4	-1	0.05724	5667.33
0.00104155	39.5	100.749	3	-1	0.05288	90.75
0.00105392	39.5	105.894	4	-1	0.04965	85.2068
0.00106547	39.5	110.231	3	-1	0.04727	93.2163
0.00107689	39.5	114.134	4	-1	0.04534	89.4104
0.00108769	39.5	117.487	3	-1	0.04382	94.399
0.00109847	39.5	120.551	4	-1	0.04252	91.5984
0.00110875	39.5	123.216	3	-1	0.04146	95.0481
0.00111908	39.5	125.679	4	-1	0.04054	92.939
0.00112898	39.5	127.837	3	-1	0.03976	95.4393
0.00113898	39.5	129.847	4	-1	0.03907	93.783
0.00114859	39.5	131.618	3	-1	0.03848	95.6976
0.00115832	39.5	133.277	4	-1	0.03794	94.3546
0.00116771	39.5	134.743	3	-1	0.03748	95.8568
0.00117724	39.5	136.124	4	-1	0.03706	94.7826
0.00118645	39.5	137.347	3	-1	0.03669	95.9467
0.00119582	39.5	138.504	4	-1	0.03636	95.0837
0.00120489	39.5	139.529	3	-1	0.03606	96.0064
0.00121413	39.5	140.502	4	-1	0.03579	95.2875
0.00122309	39.5	141.365	3	-1	0.03555	96.0551
0.00123222	39.5	142.186	4	-1	0.03532	95.4337
0.00124108	39.5	142.913	3	-1	0.03513	96.0886
0.00125013	39.5	143.61	4	-1	0.03494	95.5689
0.00125892	39.5	144.224	3	-1	0.03478	96.0773
0.00126789	39.5	144.818	4	-1	0.03462	95.6354
0.00127662	39.5	145.338	3	-1	0.03449	96.0992
0.00128553	39.5	145.843	4	-1	0.03436	95.737
0.0012942	39.5	146.282	3	-1	0.03424	96.0449
0.00130306	39.5	146.711	1	-1	0.03414	95.7644
0.00131169	39.5	147.081	3	-1	0.03404	96.0226
0.00132052	39.5	147.447	4	-1	0.03395	95.7687
