0.00135893	3.1	12.0391	2	-1	0.43659	85.0108
0.00146136	3.1	12.2245	4	-1	0.41722	81.2392
0.00156254	3.1	12.3069	3	-1	0.40997	97.915
0.00166352	3.1	12.3393	4	-1	0.40693	97.1889
0.00176413	3.1	12.3556	3	-1	0.40569	99.2805
0.00186482	3.1	12.3609	1	-1	0.40521	99.1631
0.00186495	3.1	12.3577	4	-1	0.40526	99.1753
0.00196552	3.1	12.362	3	-1	0.40507	99.5062
0.00206626	3.1	12.3614	1	-1	0.40507	99.5062
0.00206638	3.1	12.3585	4	-1	0.40505	99.5013
0.00216702	3.1	12.3602	2	-1	0.40511	99.5014
0.00216702	3.1	12.3601	3	-1	0.40511	99.5014
0.00226785	3.1	12.3584	1	-1	0.40518	99.5186
0.00226797	3.1	12.3553	4	-1	0.40519	99.521
0.0023687	3.1	12.3567	2	-1	0.40528	99.4674
0.0023687	3.1	12.3567	3	-1	0.40527	99.465
0.00246963	3.1	12.3546	1	-1	0.40537	99.4895
0.00246975	3.1	12.3516	4	-1	0.40537	99.4895
0.00257059	3.1	12.3527	2	-1	0.40547	99.4165
0.00257059	3.1	12.3527	3	-1	0.40547	99.4165
0.00267162	3.1	12.3506	1	-1	0.40558	99.4434
0.00267174	3.1	12.3477	4	-1	0.40557	99.441
0.00277267	3.1	12.3488	2	-1	0.40567	99.3656
0.00277267	3.1	12.3488	3	-1	0.40567	99.3656
0.0028738	3.1	12.3467	1	-1	0.40577	99.3901
0.00287392	3.1	12.3438	4	-1	0.40577	99.3901
0.00297495	3.1	12.3449	2	-1	0.40587	99.3197
0.00297495	3.1	12.3449	3	-1	0.40587	99.3197
0.00307619	3.1	12.3428	1	-1	0.40598	99.3466
0.0030763	3.1	12.3401	4	-1	0.40596	99.3417
0.00317743	3.1	12.341	2	-1	0.40606	99.2666
0.00317744	3.1	12.3408	3	-1	0.40608	99.2715
0.00327877	3.1	12.3389	1	-1	0.40617	99.2935
0.00327887	3.1	12.3363	4	-1	0.40616	99.2911
0.0033801	3.1	12.3371	2	-1	0.40626	99.2185
0.00338012	3.1	12.3366	3	-1	0.40628	99.2234
0.00348155	3.1	12.3349	1	-1	0.40638	99.2478
0.00348165	3.1	12.3326	4	-1	0.40636	99.2429
0.00358297	3.1	12.3331	2	-1	0.40646	99.168
0.003583	3.1	12.3324	3	-1	0.40648	99.1729
0.00368454	3.1	12.331	1	-1	0.40658	99.1973
0.00368462	3.1	12.329	4	-1	0.40655	99.19
0.00378604	3.1	12.3293	2	-1	0.40665	99.1177
0.00378609	3.1	12.3282	3	-1	0.40668	99.125
0.00388772	3.1	12.3271	1	-1	0.40678	99.1493
0.00388779	3.1	12.3255	4	-1	0.40675	99.142
0.00398931	3.1	12.3254	2	-1	0.40685	99.0698
0.00398937	3.1	12.324	3	-1	0.40688	99.0771
0.0040911	3.1	12.3232	1	-1	0.40698	99.1015
0.00409115	3.1	12.3221	4	-1	0.40694	99.0917
0.00419278	3.1	12.3214	2	-1	0.40705	99.0197
0.00419285	3.1	12.3196	3	-1	0.40708	99.027
0.00429469	3.1	12.3193	1	-1	0.40718	99.0513
0.00429471	3.1	12.3187	4	-1	0.40714	99.0415
0.00439644	3.1	12.3175	2	-1	0.40724	98.9696
0.00439654	3.1	12.3152	3	-1	0.40728	98.9793
0.00449847	3.1	12.3154	1	-1	0.40738	99.0036
0.00449847	3.1	12.3153	4	-1	0.40734	98.9939
0.0046003	3.1	12.3136	2	-1	0.40744	98.9196
0.00460042	3.1	12.3107	3	-1	0.40749	98.9318
0.00470244	3.1	12.3114	4	-1	0.40754	98.9439
0.00470244	3.1	12.3113	1	-1	0.40756	98.9487
0.00480437	3.1	12.3097	2	-1	0.40764	98.8769
0.00480451	3.1	12.3062	3	-1	0.40769	98.8891
0.0049066	3.1	12.3076	4	-1	0.40774	98.9012
0.00490661	3.1	12.3075	1	-1	0.40775	98.9036
0.00500863	3.1	12.3058	2	-1	0.40784	98.832
0.0050088	3.1	12.3017	3	-1	0.40789	98.8441
0.00511097	3.1	12.3037	4	-1	0.40794	98.8562
0.00511097	3.1	12.3036	1	-1	0.40795	98.8586
0.00521309	3.1	12.3018	2	-1	0.40804	98.7823
0.00521329	3.1	12.2971	3	-1	0.40809	98.7944
0.00531554	3.1	12.2998	4	-1	0.40814	98.8065
0.00531554	3.1	12.2997	1	-1	0.40815	98.8089
0.00541776	3.1	12.298	2	-1	0.40824	98.7351
0.00541797	3.1	12.2928	3	-1	0.40828	98.7448
0.00552031	3.1	12.2959	4	-1	0.40834	98.7593
0.00552031	3.1	12.2958	1	-1	0.40835	98.7617
0.00562263	3.1	12.294	2	-1	0.40845	98.688
0.00562285	3.1	12.2885	3	-1	0.40848	98.6953
0.00572527	3.1	12.2921	4	-1	0.40854	98.7098
0.00572528	3.1	12.292	1	-1	0.40855	98.7122
0.0058277	3.1	12.2902	2	-1	0.40865	98.641
0.00582793	3.1	12.2844	3	-1	0.40867	98.6458
0.00593044	3.1	12.2882	4	-1	0.40874	98.6627
0.00593045	3.1	12.2881	1	-1	0.40875	98.6652
0.00603297	3.1	12.2862	2	-1	0.40885	98.5917
0.00603321	3.1	12.2803	3	-1	0.40887	98.5965
0.00613582	3.1	12.2844	4	-1	0.40895	98.6158
0.00613582	3.1	12.2842	1	-1	0.40896	98.6182
0.00623844	3.1	12.2824	2	-1	0.40905	98.5425
0.00623869	3.1	12.2762	3	-1	0.40907	98.5473
0.00634139	3.1	12.2805	4	-1	0.40914	98.5642
0.00634139	3.1	12.2804	1	-1	0.40915	98.5666
0.00644411	3.1	12.2785	2	-1	0.40925	98.4958
0.00644438	3.1	12.2721	3	-1	0.40927	98.5006
0.00654716	3.1	12.2767	4	-1	0.40935	98.5199
0.00654717	3.1	12.2766	1	-1	0.40936	98.5223
0.00664998	3.1	12.2746	2	-1	0.40945	98.4444
0.00665025	3.1	12.2681	3	-1	0.40946	98.4468
0.00675314	3.1	12.2728	4	-1	0.40955	98.4685
0.00675315	3.1	12.2727	1	-1	0.40956	98.4709
0.00685605	3.1	12.2708	2	-1	0.40964	98.3955
0.00685634	3.1	12.2639	3	-1	0.40967	98.4027
0.00695931	3.1	12.269	4	-1	0.40974	98.4195
0.00695932	3.1	12.2689	1	-1	0.40975	98.4219
0.00706231	3.1	12.2669	2	-1	0.40984	98.349
0.00706262	3.1	12.2597	3	-1	0.40987	98.3562
0.00716569	3.1	12.2651	4	-1	0.40994	98.373
0.0071657	3.1	12.265	1	-1	0.40995	98.3754
0.00726878	3.1	12.2631	2	-1	0.41004	98.3026
0.0072691	3.1	12.2556	3	-1	0.41007	98.3098
0.00737226	3.1	12.2613	4	-1	0.41014	98.3266
0.00737227	3.1	12.2612	1	-1	0.41015	98.329
0.00747546	3.1	12.2592	2	-1	0.41024	98.254
0.00747578	3.1	12.2514	3	-1	0.41026	98.2588
0.00757904	3.1	12.2575	4	-1	0.41034	98.278
0.00757904	3.1	12.2574	1	-1	0.41035	98.2804
0.00768233	3.1	12.2554	2	-1	0.41044	98.2055
0.00768266	3.1	12.2473	3	-1	0.41046	98.2103
0.00778602	3.1	12.2536	4	-1	0.41054	98.2294
0.00778602	3.1	12.2535	1	-1	0.41055	98.2318
0.0078894	3.1	12.2516	2	-1	0.41064	98.1594
0.00788975	3.1	12.2434	3	-1	0.41066	98.1642
0.00799319	3.1	12.2498	4	-1	0.41073	98.1809
0.0079932	3.1	12.2497	1	-1	0.41074	98.1833
0.00809668	3.1	12.2477	2	-1	0.41084	98.1134
0.00809703	3.1	12.2392	3	-1	0.41086	98.1182
0.00820057	3.1	12.246	4	-1	0.41094	98.1373
0.00820058	3.1	12.2458	1	-1	0.41095	98.1397
0.00830416	3.1	12.2438	2	-1	0.41105	98.0652
0.00830452	3.1	12.2353	3	-1	0.41105	98.0652
0.00840816	3.1	12.2422	4	-1	0.41114	98.0866
0.00840816	3.1	12.2421	1	-1	0.41115	98.089
0.00851184	3.1	12.24	2	-1	0.41125	98.017
0.0085122	3.1	12.2316	3	-1	0.41125	98.017
0.00861594	3.1	12.2383	4	-1	0.41134	98.0385
0.00861595	3.1	12.2382	1	-1	0.41135	98.0409
0.00871972	3.1	12.2362	2	-1	0.41144	97.9666
0.00872009	3.1	12.2275	3	-1	0.41146	97.9713
0.00882393	3.1	12.2345	4	-1	0.41153	97.988
0.00882393	3.1	12.2344	1	-1	0.41154	97.9904
0.00892781	3.1	12.2324	2	-1	0.41164	97.9233
0.00892818	3.1	12.2235	3	-1	0.41166	97.928
0.00903211	3.1	12.2307	4	-1	0.41174	97.947
0.00903212	3.1	12.2306	1	-1	0.41175	97.9494
0.0091361	3.1	12.2286	2	-1	0.41185	97.8754
0.00913647	3.1	12.2198	3	-1	0.41184	97.873
0.0092405	3.1	12.2269	4	-1	0.41194	97.8968
0.00924051	3.1	12.2268	1	-1	0.41195	97.8992
0.00934459	3.1	12.2247	2	-1	0.41205	97.8276
0.00934496	3.1	12.2161	3	-1	0.41204	97.8253
0.0094491	3.1	12.2232	4	-1	0.41214	97.849
0.0094491	3.1	12.2231	1	-1	0.41215	97.8514
0.00955328	3.1	12.221	2	-1	0.41224	97.7776
0.00955365	3.1	12.2122	3	-1	0.41225	97.7799
0.00965789	3.1	12.2194	4	-1	0.41233	97.7989
0.00965789	3.1	12.2192	1	-1	0.41234	97.8013
0.00976216	3.1	12.2172	2	-1	0.41243	97.7299
0.00976254	3.1	12.2082	3	-1	0.41245	97.7347
0.00986688	3.1	12.2155	4	-1	0.41252	97.7512
0.00986688	3.1	12.2154	1	-1	0.41253	97.7536
0.00997125	3.1	12.2133	2	-1	0.41263	97.6847
0.00997164	3.1	12.2041	3	-1	0.41265	97.6894
0.0100761	3.1	12.2118	4	-1	0.41273	97.7084
0.0100761	3.1	12.2116	1	-1	0.41274	97.7108
0.0101805	3.1	12.2095	2	-1	0.41284	97.6373
0.0101809	3.1	12.2002	3	-1	0.41285	97.6397
0.0102855	3.1	12.208	4	-1	0.41293	97.6586
0.0102855	3.1	12.2079	1	-1	0.41294	97.661
0.01039	3.1	12.2057	2	-1	0.41303	97.5877
0.0103904	3.1	12.1962	3	-1	0.41305	97.5924
0.0104951	3.1	12.2042	4	-1	0.41312	97.6089
0.0104951	3.1	12.204	1	-1	0.41313	97.6113
0.0105997	3.1	12.2019	2	-1	0.41323	97.5427
0.0106002	3.1	12.1922	3	-1	0.41325	97.5474
0.0107049	3.1	12.2004	4	-1	0.41332	97.564
0.0107049	3.1	12.2003	1	-1	0.41333	97.5663
0.0108096	3.1	12.1981	2	-1	0.41344	97.4979
0.0108101	3.1	12.1884	3	-1	0.41344	97.4979
0.0109149	3.1	12.1967	4	-1	0.41353	97.5192
0.0109149	3.1	12.1965	1	-1	0.41354	97.5215
0.0110198	3.1	12.1944	2	-1	0.41364	97.4486
0.0110202	3.1	12.1846	3	-1	0.41364	97.4486
0.0111251	3.1	12.1929	4	-1	0.41373	97.4698
0.0111251	3.1	12.1928	1	-1	0.41374	97.4721
0.0112301	3.1	12.1906	2	-1	0.41383	97.3993
0.0112305	3.1	12.1808	3	-1	0.41384	97.4016
0.0113355	3.1	12.1891	4	-1	0.41392	97.4204
0.0113355	3.1	12.189	1	-1	0.41393	97.4228
0.0114406	3.1	12.1869	2	-1	0.41402	97.3523
0.011441	3.1	12.1767	3	-1	0.41405	97.3594
0.0115461	3.1	12.1853	4	-1	0.41411	97.3735
0.0115461	3.1	12.1852	1	-1	0.41412	97.3758
0.0116513	3.1	12.1831	2	-1	0.41422	97.3078
0.0116517	3.1	12.1726	3	-1	0.41425	97.3149
0.0117569	3.1	12.1817	4	-1	0.41432	97.3313
0.0117569	3.1	12.1815	1	-1	0.41433	97.3337
0.0118622	3.1	12.1793	2	-1	0.41443	97.2612
0.0118626	3.1	12.1688	3	-1	0.41443	97.2612
0.0119679	3.1	12.1779	4	-1	0.41452	97.2823
0.0119679	3.1	12.1778	1	-1	0.41453	97.2847
0.0120733	3.1	12.1756	2	-1	0.41463	97.2146
0.0120737	3.1	12.1651	3	-1	0.41463	97.2146
0.0121792	3.1	12.1742	4	-1	0.41471	97.2334
0.0121792	3.1	12.1741	1	-1	0.41472	97.2357
0.0122846	3.1	12.1719	2	-1	0.41482	97.168
0.0122851	3.1	12.1612	3	-1	0.41484	97.1727
0.0123906	3.1	12.1704	4	-1	0.41491	97.1891
0.0123906	3.1	12.1702	1	-1	0.41492	97.1914
0.0124961	3.1	12.168	2	-1	0.41503	97.1239
0.0124966	3.1	12.1574	3	-1	0.41503	97.1239
0.0126022	3.1	12.1667	1	-1	0.41512	97.145
0.0126022	3.1	12.1666	4	-1	0.41513	97.1473
0.0127079	3.1	12.1643	2	-1	0.41525	97.0823
0.0127083	3.1	12.1542	3	-1	0.4152	97.0706
0.012814	3.1	12.1631	1	-1	0.4153	97.094
0.0128141	3.1	12.1624	4	-1	0.41535	97.1057
0.0129198	3.1	12.1605	2	-1	0.41546	97.0406
0.0129202	3.1	12.1513	3	-1	0.41539	97.0243
0.013026	3.1	12.1593	1	-1	0.4155	97.05
0.0130261	3.1	12.1581	4	-1	0.41555	97.0616
0.013132	3.1	12.1569	2	-1	0.41565	96.9921
0.0131324	3.1	12.1483	3	-1	0.41559	96.9781
0.0132383	3.1	12.1555	1	-1	0.41571	97.0061
0.0132383	3.1	12.1541	4	-1	0.41573	97.0108
0.0133443	3.1	12.1533	2	-1	0.41583	96.9391
0.0133447	3.1	12.145	3	-1	0.41581	96.9344
0.0134507	3.1	12.1517	1	-1	0.41592	96.9601
0.0134508	3.1	12.1504	4	-1	0.41591	96.9578
0.0135569	3.1	12.1496	2	-1	0.41603	96.8909
0.0135572	3.1	12.1415	3	-1	0.41601	96.8862
0.0136634	3.1	12.1481	1	-1	0.41611	96.9095
0.0136634	3.1	12.1466	4	-1	0.41612	96.9118
0.0137696	3.1	12.1457	2	-1	0.41625	96.8496
0.01377	3.1	12.1383	3	-1	0.41619	96.8357
0.0138762	3.1	12.1444	1	-1	0.41629	96.8589
0.0138763	3.1	12.1424	4	-1	0.41634	96.8706
0.0139826	3.1	12.1421	2	-1	0.41646	96.8106
0.0139829	3.1	12.1356	3	-1	0.41638	96.792
0.0140892	3.1	12.1407	1	-1	0.41649	96.8176
0.0140893	3.1	12.1381	4	-1	0.41654	96.8292
0.0141958	3.1	12.1385	2	-1	0.41665	96.7626
0.014196	3.1	12.1328	3	-1	0.41658	96.7463
0.0143025	3.1	12.1369	1	-1	0.4167	96.7742
0.0143026	3.1	12.134	4	-1	0.41673	96.7812
0.0144091	3.1	12.1348	2	-1	0.41684	96.7124
0.0144094	3.1	12.1297	3	-1	0.41679	96.7008
0.0145159	3.1	12.1333	1	-1	0.41689	96.724
0.0145161	3.1	12.1299	4	-1	0.41693	96.7333
0.0146227	3.1	12.1311	2	-1	0.41705	96.6691
0.0146229	3.1	12.1268	3	-1	0.41698	96.6529
0.0147296	3.1	12.1295	1	-1	0.41708	96.6761
0.0147297	3.1	12.1255	4	-1	0.41714	96.69
0.0148365	3.1	12.1274	2	-1	0.41725	96.6259
0.0148366	3.1	12.1239	3	-1	0.41717	96.6074
0.0149434	3.1	12.1258	1	-1	0.41727	96.6305
0.0149436	3.1	12.121	4	-1	0.41734	96.6468
0.0150505	3.1	12.1237	2	-1	0.41746	96.5828
0.0150506	3.1	12.1213	3	-1	0.41736	96.5597
0.0151575	3.1	12.1221	1	-1	0.41747	96.5852
0.0151577	3.1	12.1164	4	-1	0.41755	96.6037
0.0152647	3.1	12.1202	2	-1	0.41766	96.5375
0.0152647	3.1	12.119	3	-1	0.41755	96.5121
0.0153717	3.1	12.1183	1	-1	0.41767	96.5398
0.015372	3.1	12.1118	4	-1	0.41774	96.556
0.0154791	3.1	12.1166	2	-1	0.41785	96.49
0.0154791	3.1	12.1165	3	-1	0.41776	96.4692
0.0155862	3.1	12.1146	1	-1	0.41788	96.4969
0.0155865	3.1	12.1076	4	-1	0.41793	96.5085
0.0156936	3.1	12.1129	3	-1	0.41797	96.422
0.0156937	3.1	12.1128	2	-1	0.41799	96.4266
0.0158009	3.1	12.1108	1	-1	0.41809	96.4497
0.0158012	3.1	12.1032	4	-1	0.41813	96.4589
0.0159084	3.1	12.1093	3	-1	0.41818	96.377
0.0159084	3.1	12.1092	2	-1	0.41819	96.3794
0.0160158	3.1	12.107	1	-1	0.41832	96.4093
0.0160161	3.1	12.0997	4	-1	0.4183	96.4047
0.0161234	3.1	12.1058	2	-1	0.41837	96.3209
0.0161234	3.1	12.1051	3	-1	0.41843	96.3348
0.0162309	3.1	12.1032	1	-1	0.41858	96.3693
0.0162311	3.1	12.0975	4	-1	0.41844	96.3371
0.0163386	3.1	12.1023	2	-1	0.41852	96.2513
0.0163387	3.1	12.0998	3	-1	0.41868	96.2881
0.0164462	3.1	12.0996	1	-1	0.41881	96.318
0.0164464	3.1	12.0963	4	-1	0.41859	96.2674
0.0165539	3.1	12.0985	2	-1	0.41869	96.1909
0.0165541	3.1	12.0937	3	-1	0.4189	96.2391
0.0166618	3.1	12.096	1	-1	0.41901	96.2644
0.0166618	3.1	12.0954	4	-1	0.41878	96.2115
0.0167695	3.1	12.0946	2	-1	0.4189	96.1463
0.0167698	3.1	12.0876	3	-1	0.4191	96.1922
0.0168775	3.1	12.0925	4	-1	0.419	96.1693
0.0168775	3.1	12.0924	1	-1	0.41907	96.1854
0.0169853	3.1	12.0906	2	-1	0.41915	96.1441
0.0169856	3.1	12.0824	3	-1	0.41926	96.1694
0.0170934	3.1	12.0893	4	-1	0.41927	96.1717
0.0170934	3.1	12.0892	1	-1	0.41928	96.174
0.0172013	3.1	12.0864	2	-1	0.41949	96.1273
0.0172016	3.1	12.08	3	-1	0.41933	96.0907
0.0173094	3.1	12.0861	1	-1	0.41933	96.0907
0.0173096	3.1	12.0827	4	-1	0.41964	96.1617
0.0174177	3.1	12.0825	2	-1	0.41986	96.1548
0.0174177	3.1	12.0816	3	-1	0.41935	96.038
0.0175256	3.1	12.0828	1	-1	0.41936	96.0403
0.0175261	3.1	12.0722	4	-1	0.42	96.1869
0.0176339	3.1	12.078	2	-1	0.41949	96.0151
0.017742	3.1	12.0777	1	-1	0.41959	96.038
0.0178505	3.1	12.0765	2	-1	0.41987	96.0032
0.018283	3.1	12.0708	2	-1	0.41854	95.5854
0.018392	3.1	12.0621	1	-1	0.419	95.6905
0.0185032	3.1	11.9937	3	-1	0.42091	96.2278
0.018934	3.1	11.9897	2	-1	0.41616	94.2455
0.019257	3.1	11.8054	1	-1	0.40771	92.4135
0.0193603	3.1	11.895	2	-1	0.39444	92.379
0.0194757	3.1	11.9412	1	-1	0.42259	98.9718
0.0197959	3.1	11.7119	2	-1	0.39866	337.076
0.0199122	3.1	11.6072	4	-1	0.38533	325.805
