0.00101512	38.8	86.25	3	-1	0.03055	3024.75
0.00104221	38.8	99.2603	3	-1	0.0537	90.6788
0.00105476	38.8	104.36	4	-1	0.0504	85.1064
0.00106647	38.8	108.653	3	-1	0.04797	93.218
0.00107806	38.8	112.508	4	-1	0.046	89.3898
0.00108901	38.8	115.817	3	-1	0.04445	94.4138
0.00109995	38.8	118.838	4	-1	0.04314	91.6313
0.00111037	38.8	121.459	3	-1	0.04206	95.0508
0.00112085	38.8	123.878	1	-1	0.04113	92.9492
0.00113089	38.8	125.995	3	-1	0.04034	95.4567
0.00114104	38.8	127.966	4	-1	0.03964	93.8003
0.00115078	38.8	129.699	3	-1	0.03904	95.7097
0.00116067	38.8	131.322	1	-1	0.03851	94.4104
0.00117018	38.8	132.754	3	-1	0.03804	95.8669
0.00117987	38.8	134.103	4	-1	0.03762	94.8085
0.0011892	38.8	135.295	3	-1	0.03725	95.9804
0.00119873	38.8	136.425	4	-1	0.03691	95.1044
0.00120791	38.8	137.424	3	-1	0.03661	96.064
0.00121731	38.8	138.373	4	-1	0.03634	95.3555
0.00122638	38.8	139.211	3	-1	0.0361	96.1129
0.00123567	38.8	140.012	4	-1	0.03587	95.5005
0.00124465	38.8	140.717	3	-1	0.03567	96.1196
0.00125385	38.8	141.394	4	-1	0.03549	95.6346
0.00126275	38.8	141.988	3	-1	0.03532	96.1088
0.00127188	38.8	142.56	4	-1	0.03517	95.7007
0.00128072	38.8	143.062	3	-1	0.03503	96.1043
0.0012898	38.8	143.545	1	-1	0.03491	95.775
0.00129858	38.8	143.968	3	-1	0.03479	96.0784
0.00130761	38.8	144.381	1	-1	0.03469	95.8023
0.00131634	38.8	144.739	3	-1	0.03459	96.0833
0.00132534	38.8	145.09	4	-1	0.0345	95.8333
0.00133404	38.8	145.392	3	-1	0.03442	96.0648
0.001343	38.8	145.689	4	-1	0.03435	95.8694
0.00135167	38.8	145.942	3	-1	0.03428	96.0224
0.00136061	38.8	146.193	4	-1	0.03422	95.8543
0.00136925	38.8	146.405	2	-1	0.03416	95.982
0.00136925	38.8	146.404	3	-1	0.03416	95.982
0.00137817	38.8	146.618	1	-1	0.03411	95.8415
0.00137817	38.8	146.618	4	-1	0.03411	95.8415
0.00138678	38.8	146.798	2	-1	0.03406	95.9707
0.00138679	38.8	146.797	3	-1	0.03406	95.9707
0.00139569	38.8	146.977	1	-1	0.03402	95.858
0.00139569	38.8	146.977	4	-1	0.03402	95.858
0.00140429	38.8	147.125	2	-1	0.03398	95.9345
0.0014043	38.8	147.124	3	-1	0.03398	95.9345
0.00141319	38.8	147.275	1	-1	0.03394	95.8216
0.00141319	38.8	147.275	4	-1	0.03394	95.8216
0.00142177	38.8	147.397	2	-1	0.03391	95.8993
0.00142178	38.8	147.396	3	-1	0.03391	95.8993
0.00143066	38.8	147.521	1	-1	0.03388	95.8145
0.00143066	38.8	147.521	4	-1	0.03388	95.8145
