0.0010286	39.85	95.5998	4	-1	0.05677	5620.79
0.00104122	39.85	101.49	3	-1	0.05247	90.7785
0.00105351	39.85	106.659	4	-1	0.04929	85.2768
0.00106497	39.85	111.017	3	-1	0.04693	93.2075
0.00107632	39.85	114.944	4	-1	0.04502	89.4141
0.00108704	39.85	118.318	3	-1	0.04351	94.3818
0.00109775	39.85	121.405	4	-1	0.04222	91.5835
0.00110796	39.85	124.09	3	-1	0.04117	95.0369
0.00111822	39.85	126.574	4	-1	0.04025	92.9132
0.00112805	39.85	128.75	3	-1	0.03948	95.4315
0.00113798	39.85	130.78	4	-1	0.03879	93.7636
0.00114752	39.85	132.567	3	-1	0.0382	95.6674
0.00115719	39.85	134.244	4	-1	0.03767	94.3401
0.00116651	39.85	135.726	3	-1	0.03721	95.828
0.00117597	39.85	137.123	4	-1	0.03679	94.7463
0.00118512	39.85	138.36	3	-1	0.03643	95.9442
0.00119442	39.85	139.531	4	-1	0.03609	95.0487
0.00120343	39.85	140.569	3	-1	0.0358	96.0043
0.0012126	39.85	141.556	4	-1	0.03552	95.2534
0.00122149	39.85	142.43	3	-1	0.03528	96.0261
0.00123056	39.85	143.265	4	-1	0.03506	95.4273
0.00123936	39.85	144.002	3	-1	0.03486	96.0331
0.00124833	39.85	144.712	4	-1	0.03467	95.5096
0.00125705	39.85	145.339	3	-1	0.03451	96.0746
0.00126596	39.85	145.942	4	-1	0.03436	95.657
0.00127462	39.85	146.472	3	-1	0.03422	96.0427
0.00128346	39.85	146.985	4	-1	0.03409	95.6778
0.00129207	39.85	147.433	3	-1	0.03398	96.043
0.00130087	39.85	147.869	4	-1	0.03387	95.7321
