0.00130173	3.8	14.5074	2	-1	0.36602	84.5
0.00138645	3.8	14.8292	4	-1	0.3464	79.9704
0.00146975	3.8	14.9894	3	-1	0.33811	97.2055
0.00155256	3.8	15.068	4	-1	0.33419	96.0785
0.00163497	3.8	15.1082	3	-1	0.3323	98.9724
0.00171737	3.8	15.1259	4	-1	0.3314	98.7044
0.00179961	3.8	15.1353	3	-1	0.33098	99.3576
0.00188193	3.8	15.1385	1	-1	0.33081	99.3066
0.00188197	3.8	15.1375	4	-1	0.33079	99.3006
0.00196422	3.8	15.1388	2	-1	0.33075	99.4139
0.00196423	3.8	15.1384	3	-1	0.33075	99.4139
0.00204659	3.8	15.1376	1	-1	0.33076	99.4169
0.00204663	3.8	15.1364	4	-1	0.33077	99.4199
0.00212894	3.8	15.1359	2	-1	0.33081	99.3991
0.00212896	3.8	15.1355	3	-1	0.33081	99.3991
0.00221139	3.8	15.1336	1	-1	0.33088	99.4201
0.00221143	3.8	15.1325	4	-1	0.33087	99.4171
0.00229381	3.8	15.1312	2	-1	0.33094	99.3515
0.00229384	3.8	15.1304	3	-1	0.33095	99.3545
0.00237635	3.8	15.1286	1	-1	0.33103	99.3786
0.00237638	3.8	15.1277	4	-1	0.33102	99.3756
0.00245884	3.8	15.1262	2	-1	0.3311	99.3072
0.00245887	3.8	15.1254	3	-1	0.3311	99.3072
0.00254147	3.8	15.1234	1	-1	0.33119	99.3342
0.00254149	3.8	15.1226	4	-1	0.33118	99.3312
0.00262404	3.8	15.1209	2	-1	0.33126	99.2569
0.00262407	3.8	15.12	3	-1	0.33127	99.2599
0.00270675	3.8	15.1182	1	-1	0.33135	99.2839
0.00270677	3.8	15.1176	4	-1	0.33134	99.2809
0.0027894	3.8	15.1157	2	-1	0.33142	99.2097
0.00278943	3.8	15.1147	3	-1	0.33143	99.2127
0.00287219	3.8	15.113	1	-1	0.33151	99.2367
0.0028722	3.8	15.1125	4	-1	0.3315	99.2337
0.00295491	3.8	15.1104	2	-1	0.33158	99.1597
0.00295495	3.8	15.1093	3	-1	0.33159	99.1627
0.0030378	3.8	15.1078	1	-1	0.33168	99.1896
0.0030378	3.8	15.1076	4	-1	0.33166	99.1836
0.00312059	3.8	15.1053	2	-1	0.33174	99.1097
0.00312064	3.8	15.1039	3	-1	0.33176	99.1157
0.00320356	3.8	15.1026	4	-1	0.33182	99.1336
0.00320356	3.8	15.1024	1	-1	0.33184	99.1396
0.00328643	3.8	15.1	2	-1	0.33191	99.0628
0.00328649	3.8	15.0984	3	-1	0.33192	99.0658
0.00336949	3.8	15.0974	4	-1	0.33199	99.0867
0.00336949	3.8	15.0972	1	-1	0.332	99.0897
0.00345244	3.8	15.0947	2	-1	0.33207	99.0131
0.0034525	3.8	15.093	3	-1	0.33208	99.016
0.00353558	3.8	15.0921	4	-1	0.33215	99.0369
0.00353558	3.8	15.0919	1	-1	0.33216	99.0399
0.0036186	3.8	15.0896	2	-1	0.33223	98.9663
0.00361867	3.8	15.0875	3	-1	0.33225	98.9723
0.00370183	3.8	15.0868	4	-1	0.33231	98.9902
0.00370183	3.8	15.0867	1	-1	0.33232	98.9931
0.00378494	3.8	15.0843	2	-1	0.3324	98.9197
0.00378501	3.8	15.0821	3	-1	0.33241	98.9227
0.00386825	3.8	15.0817	4	-1	0.33248	98.9435
0.00386825	3.8	15.0816	1	-1	0.33249	98.9465
0.00395143	3.8	15.0791	2	-1	0.33256	98.8673
0.00395152	3.8	15.0766	3	-1	0.33258	98.8733
0.00403483	3.8	15.0764	4	-1	0.33264	98.8911
0.00403484	3.8	15.0763	1	-1	0.33265	98.8941
0.00411809	3.8	15.074	2	-1	0.33272	98.8209
0.00411818	3.8	15.0712	3	-1	0.33274	98.8268
0.00420157	3.8	15.0712	4	-1	0.3328	98.8446
0.00420158	3.8	15.0711	1	-1	0.33281	98.8476
0.00428491	3.8	15.0687	2	-1	0.33288	98.7716
0.00428501	3.8	15.0656	3	-1	0.3329	98.7775
0.00436847	3.8	15.0661	4	-1	0.33296	98.7953
0.00436848	3.8	15.066	1	-1	0.33297	98.7983
0.00445189	3.8	15.0635	2	-1	0.33304	98.7224
0.00445201	3.8	15.06	3	-1	0.33307	98.7313
0.00453554	3.8	15.0609	4	-1	0.33312	98.7461
0.00453555	3.8	15.0608	1	-1	0.33313	98.7491
0.00461903	3.8	15.0584	2	-1	0.3332	98.6762
0.00461916	3.8	15.0545	3	-1	0.33323	98.6851
0.00470277	3.8	15.0557	4	-1	0.33328	98.6999
0.00470277	3.8	15.0556	1	-1	0.33329	98.7029
0.00478634	3.8	15.0532	2	-1	0.33337	98.6302
0.00478648	3.8	15.049	3	-1	0.33339	98.6361
0.00487016	3.8	15.0507	4	-1	0.33345	98.6538
0.00487017	3.8	15.0505	1	-1	0.33346	98.6568
0.00495381	3.8	15.0481	2	-1	0.33353	98.5784
0.00495396	3.8	15.0435	3	-1	0.33355	98.5843
0.00503772	3.8	15.0455	4	-1	0.33361	98.602
0.00503772	3.8	15.0453	1	-1	0.33362	98.605
0.00512144	3.8	15.0428	2	-1	0.33369	98.5295
0.00512161	3.8	15.0379	3	-1	0.33372	98.5384
0.00520544	3.8	15.0403	4	-1	0.33377	98.5532
0.00520545	3.8	15.0401	1	-1	0.33378	98.5561
0.00528923	3.8	15.0378	2	-1	0.33385	98.4837
0.00528942	3.8	15.0324	3	-1	0.33388	98.4926
0.00537332	3.8	15.0351	4	-1	0.33393	98.5073
0.00537332	3.8	15.035	1	-1	0.33394	98.5103
0.0054572	3.8	15.0326	2	-1	0.33402	98.4381
0.00545739	3.8	15.0269	3	-1	0.33404	98.4439
0.00554137	3.8	15.03	4	-1	0.3341	98.4616
0.00554137	3.8	15.0299	1	-1	0.33411	98.4646
0.00562532	3.8	15.0274	2	-1	0.33418	98.3866
0.00562553	3.8	15.0213	3	-1	0.3342	98.3925
0.00570958	3.8	15.025	4	-1	0.33426	98.4102
0.00570958	3.8	15.0248	1	-1	0.33427	98.4131
0.0057936	3.8	15.0223	2	-1	0.33434	98.3382
0.00579383	3.8	15.0158	3	-1	0.33437	98.347
0.00587795	3.8	15.0198	4	-1	0.33442	98.3617
0.00587796	3.8	15.0196	1	-1	0.33443	98.3647
0.00596205	3.8	15.0171	2	-1	0.3345	98.2898
0.00596229	3.8	15.0101	3	-1	0.33453	98.2987
0.00604649	3.8	15.0146	4	-1	0.33458	98.3134
0.0060465	3.8	15.0145	1	-1	0.33459	98.3163
0.00613067	3.8	15.0121	2	-1	0.33467	98.2474
0.00613092	3.8	15.0048	3	-1	0.33469	98.2533
0.00621519	3.8	15.0096	4	-1	0.33475	98.2709
0.0062152	3.8	15.0094	1	-1	0.33476	98.2738
0.00629945	3.8	15.0069	2	-1	0.33483	98.1964
0.00629971	3.8	14.9994	3	-1	0.33485	98.2022
0.00638406	3.8	15.0044	4	-1	0.33491	98.2198
0.00638406	3.8	15.0043	1	-1	0.33492	98.2228
0.00646839	3.8	15.0018	2	-1	0.33499	98.1483
0.00646866	3.8	14.994	3	-1	0.33501	98.1542
0.00655308	3.8	14.9993	4	-1	0.33507	98.1718
0.00655309	3.8	14.9991	1	-1	0.33508	98.1747
0.00663751	3.8	14.9966	2	-1	0.33516	98.1033
0.00663778	3.8	14.9886	3	-1	0.33518	98.1091
0.00672228	3.8	14.9942	4	-1	0.33524	98.1267
0.00672228	3.8	14.994	1	-1	0.33525	98.1296
0.00680678	3.8	14.9915	2	-1	0.33532	98.0525
0.00680707	3.8	14.9831	3	-1	0.33534	98.0584
0.00689164	3.8	14.9891	4	-1	0.3354	98.0759
0.00689164	3.8	14.9889	1	-1	0.33541	98.0788
0.00697622	3.8	14.9863	2	-1	0.33549	98.0077
0.00697652	3.8	14.9779	3	-1	0.3355	98.0106
0.00706116	3.8	14.9841	4	-1	0.33556	98.0281
0.00706117	3.8	14.984	1	-1	0.33557	98.031
0.00714583	3.8	14.9813	2	-1	0.33565	97.96
0.00714612	3.8	14.9727	3	-1	0.33566	97.9629
0.00723085	3.8	14.9791	4	-1	0.33573	97.9833
0.00723086	3.8	14.9789	1	-1	0.33574	97.9862
0.00731559	3.8	14.9762	2	-1	0.33581	97.9095
0.00731589	3.8	14.9675	3	-1	0.33582	97.9124
0.00740071	3.8	14.974	4	-1	0.33589	97.9328
0.00740071	3.8	14.9738	1	-1	0.3359	97.9357
0.00748552	3.8	14.9712	2	-1	0.33597	97.862
0.00748583	3.8	14.9622	3	-1	0.33599	97.8678
0.00757072	3.8	14.9689	4	-1	0.33604	97.8824
0.00757072	3.8	14.9687	1	-1	0.33605	97.8853
0.00765561	3.8	14.9661	2	-1	0.33613	97.8174
0.00765593	3.8	14.9568	3	-1	0.33615	97.8232
0.0077409	3.8	14.9638	4	-1	0.33621	97.8407
0.00774091	3.8	14.9637	1	-1	0.33622	97.8436
0.00782587	3.8	14.961	2	-1	0.33629	97.7672
0.0078262	3.8	14.9514	3	-1	0.33631	97.7731
0.00791124	3.8	14.9587	4	-1	0.33637	97.7905
0.00791125	3.8	14.9585	1	-1	0.33638	97.7934
0.00799629	3.8	14.9559	2	-1	0.33646	97.7229
0.00799664	3.8	14.9459	3	-1	0.33648	97.7287
0.00808175	3.8	14.9535	4	-1	0.33653	97.7432
0.00808176	3.8	14.9534	1	-1	0.33654	97.7462
0.00816689	3.8	14.9507	2	-1	0.33663	97.6787
0.00816724	3.8	14.9407	3	-1	0.33664	97.6816
0.00825243	3.8	14.9485	4	-1	0.33671	97.7019
0.00825244	3.8	14.9484	1	-1	0.33672	97.7048
0.00833765	3.8	14.9457	2	-1	0.33679	97.6259
0.008338	3.8	14.9356	3	-1	0.33679	97.6259
0.00842328	3.8	14.9435	4	-1	0.33687	97.6491
0.00842328	3.8	14.9433	1	-1	0.33688	97.652
0.00850857	3.8	14.9407	2	-1	0.33695	97.579
0.00850893	3.8	14.9305	3	-1	0.33696	97.5819
0.00859428	3.8	14.9384	4	-1	0.33702	97.5993
0.00859429	3.8	14.9383	1	-1	0.33703	97.6022
0.00867966	3.8	14.9356	2	-1	0.33711	97.5349
0.00868002	3.8	14.9253	3	-1	0.33712	97.5378
0.00876545	3.8	14.9335	4	-1	0.33719	97.5581
0.00876546	3.8	14.9333	1	-1	0.3372	97.561
0.00885091	3.8	14.9306	2	-1	0.33728	97.4882
0.00885127	3.8	14.9203	3	-1	0.33728	97.4882
0.00893679	3.8	14.9285	4	-1	0.33735	97.5085
0.00893679	3.8	14.9283	1	-1	0.33736	97.5113
0.00902233	3.8	14.9255	2	-1	0.33744	97.4387
0.00902269	3.8	14.9152	3	-1	0.33744	97.4387
0.00910829	3.8	14.9234	4	-1	0.33752	97.4618
0.0091083	3.8	14.9233	1	-1	0.33753	97.4647
0.00919391	3.8	14.9205	2	-1	0.3376	97.3893
0.00919428	3.8	14.9101	3	-1	0.33761	97.3922
0.00927996	3.8	14.9184	4	-1	0.33767	97.4095
0.00927996	3.8	14.9182	1	-1	0.33768	97.4124
0.00936566	3.8	14.9155	2	-1	0.33776	97.3456
0.00936603	3.8	14.9049	3	-1	0.33777	97.3485
0.00945179	3.8	14.9133	4	-1	0.33784	97.3686
0.0094518	3.8	14.9131	1	-1	0.33785	97.3715
0.00953758	3.8	14.9104	2	-1	0.33793	97.2992
0.00953795	3.8	14.8999	3	-1	0.33793	97.2992
0.00962379	3.8	14.9083	4	-1	0.338	97.3194
0.0096238	3.8	14.9081	1	-1	0.33801	97.3223
0.00970966	3.8	14.9054	2	-1	0.33809	97.2529
0.00971003	3.8	14.8949	3	-1	0.33809	97.2529
0.00979595	3.8	14.9033	4	-1	0.33816	97.273
0.00979596	3.8	14.9032	1	-1	0.33817	97.2759
0.0098819	3.8	14.9003	2	-1	0.33825	97.2039
0.00988228	3.8	14.8897	3	-1	0.33826	97.2067
0.00996829	3.8	14.8983	4	-1	0.33833	97.2269
0.00996829	3.8	14.8982	1	-1	0.33834	97.2297
0.0100543	3.8	14.8954	2	-1	0.33841	97.1549
0.0100547	3.8	14.8846	3	-1	0.33842	97.1578
0.0101408	3.8	14.8933	4	-1	0.33848	97.175
0.0101408	3.8	14.8932	1	-1	0.33849	97.1779
0.0102269	3.8	14.8904	2	-1	0.33857	97.1116
0.0102273	3.8	14.8796	3	-1	0.33858	97.1145
0.0103134	3.8	14.8883	4	-1	0.33865	97.1346
0.0103134	3.8	14.8881	1	-1	0.33866	97.1374
0.0103996	3.8	14.8854	2	-1	0.33874	97.0657
0.0104	3.8	14.8744	3	-1	0.33875	97.0686
0.0104863	3.8	14.8834	4	-1	0.33881	97.0858
0.0104863	3.8	14.8832	1	-1	0.33882	97.0887
0.0105725	3.8	14.8803	2	-1	0.3389	97.0171
0.0105729	3.8	14.8693	3	-1	0.3389	97.0171
0.0106593	3.8	14.8784	4	-1	0.33898	97.04
0.0106593	3.8	14.8782	1	-1	0.33899	97.0428
0.0107456	3.8	14.8754	2	-1	0.33906	96.9685
0.010746	3.8	14.8643	3	-1	0.33907	96.9713
0.0108324	3.8	14.8733	4	-1	0.33913	96.9885
0.0108324	3.8	14.8731	1	-1	0.33914	96.9914
0.0109188	3.8	14.8704	2	-1	0.33922	96.9255
0.0109193	3.8	14.8591	3	-1	0.33924	96.9313
0.0110057	3.8	14.8684	4	-1	0.3393	96.9484
0.0110057	3.8	14.8683	1	-1	0.33931	96.9513
0.0110923	3.8	14.8653	2	-1	0.33939	96.8772
0.0110927	3.8	14.854	3	-1	0.33939	96.8772
0.0111792	3.8	14.8635	4	-1	0.33947	96.9001
0.0111792	3.8	14.8633	1	-1	0.33948	96.9029
0.0112658	3.8	14.8605	2	-1	0.33955	96.8289
0.0112662	3.8	14.8492	3	-1	0.33955	96.8289
0.0113529	3.8	14.8584	4	-1	0.33962	96.8489
0.0113529	3.8	14.8582	1	-1	0.33963	96.8517
0.0114396	3.8	14.8555	2	-1	0.3397	96.7834
0.01144	3.8	14.8438	3	-1	0.33973	96.7919
0.0115267	3.8	14.8535	4	-1	0.33978	96.8062
0.0115267	3.8	14.8534	1	-1	0.33979	96.809
0.0116135	3.8	14.8505	2	-1	0.33988	96.741
0.0116139	3.8	14.8388	3	-1	0.33988	96.741
0.0117007	3.8	14.8487	4	-1	0.33995	96.7609
0.0117007	3.8	14.8485	1	-1	0.33996	96.7637
0.0117875	3.8	14.8456	2	-1	0.34004	96.6929
0.011788	3.8	14.8339	3	-1	0.34004	96.6929
0.0118749	3.8	14.8436	4	-1	0.34011	96.7128
0.0118749	3.8	14.8435	1	-1	0.34012	96.7157
0.0119618	3.8	14.8406	2	-1	0.3402	96.645
0.0119622	3.8	14.8287	3	-1	0.34021	96.6478
0.0120492	3.8	14.8387	4	-1	0.34027	96.6649
0.0120492	3.8	14.8386	1	-1	0.34028	96.6677
0.0121362	3.8	14.8357	2	-1	0.34036	96.5999
0.0121366	3.8	14.8237	3	-1	0.34037	96.6027
0.0122237	3.8	14.8337	4	-1	0.34043	96.6197
0.0122237	3.8	14.8336	1	-1	0.34044	96.6226
0.0123108	3.8	14.8307	2	-1	0.34053	96.5577
0.0123112	3.8	14.8188	3	-1	0.34053	96.5577
0.0123983	3.8	14.8289	4	-1	0.3406	96.5775
0.0123983	3.8	14.8288	1	-1	0.34061	96.5804
0.0124855	3.8	14.8257	2	-1	0.3407	96.5101
0.0124859	3.8	14.8141	3	-1	0.34068	96.5044
0.0125732	3.8	14.8239	1	-1	0.34077	96.5299
0.0125732	3.8	14.8239	4	-1	0.34077	96.5299
0.0126604	3.8	14.8209	2	-1	0.34086	96.4653
0.0126608	3.8	14.8096	3	-1	0.34084	96.4596
0.0127481	3.8	14.8191	4	-1	0.34092	96.4822
0.0127481	3.8	14.819	1	-1	0.34093	96.4851
0.0128355	3.8	14.8159	2	-1	0.34102	96.4178
0.0128359	3.8	14.8049	3	-1	0.341	96.4121
0.0129233	3.8	14.8141	4	-1	0.34109	96.4376
0.0129233	3.8	14.814	1	-1	0.3411	96.4404
0.0130107	3.8	14.8111	2	-1	0.34118	96.3704
0.0130111	3.8	14.8002	3	-1	0.34117	96.3675
0.0130986	3.8	14.8093	4	-1	0.34125	96.3901
0.0130986	3.8	14.8091	1	-1	0.34126	96.393
0.0131862	3.8	14.8062	2	-1	0.34134	96.3231
0.0131865	3.8	14.7954	3	-1	0.34133	96.3202
0.0132741	3.8	14.8043	4	-1	0.34141	96.3428
0.0132741	3.8	14.8041	1	-1	0.34142	96.3456
0.0133617	3.8	14.8012	2	-1	0.3415	96.2758
0.0133621	3.8	14.7904	3	-1	0.3415	96.2758
0.0134498	3.8	14.7994	4	-1	0.34157	96.2956
0.0134498	3.8	14.7992	1	-1	0.34158	96.2984
0.0135375	3.8	14.7964	2	-1	0.34166	96.2314
0.0135379	3.8	14.7855	3	-1	0.34167	96.2342
0.0136256	3.8	14.7945	4	-1	0.34173	96.2511
0.0136256	3.8	14.7943	1	-1	0.34174	96.2539
0.0137134	3.8	14.7914	2	-1	0.34183	96.1872
0.0137138	3.8	14.7806	3	-1	0.34183	96.1872
0.0138016	3.8	14.7895	4	-1	0.3419	96.2069
0.0138016	3.8	14.7894	1	-1	0.34191	96.2097
0.0138895	3.8	14.7865	2	-1	0.342	96.143
0.0138899	3.8	14.776	3	-1	0.34198	96.1374
0.0139778	3.8	14.7848	1	-1	0.34207	96.1627
0.0139778	3.8	14.7848	4	-1	0.34207	96.1627
0.0140657	3.8	14.7817	2	-1	0.34216	96.0962
0.0140661	3.8	14.7714	3	-1	0.34214	96.0905
0.0141541	3.8	14.7799	1	-1	0.34223	96.1158
0.0141541	3.8	14.7799	4	-1	0.34223	96.1158
0.0142421	3.8	14.7768	2	-1	0.34232	96.0494
0.0142425	3.8	14.7668	3	-1	0.3423	96.0438
0.0143306	3.8	14.7751	4	-1	0.34239	96.069
0.0143306	3.8	14.7749	1	-1	0.3424	96.0718
0.0144187	3.8	14.772	2	-1	0.34247	95.9999
0.0144191	3.8	14.7621	3	-1	0.34247	95.9999
0.0145073	3.8	14.7701	4	-1	0.34254	96.0195
0.0145073	3.8	14.77	1	-1	0.34255	96.0223
0.0145955	3.8	14.7671	2	-1	0.34263	95.956
0.0145958	3.8	14.757	3	-1	0.34264	95.9588
0.0146841	3.8	14.7651	4	-1	0.3427	95.9756
0.0146841	3.8	14.765	1	-1	0.34271	95.9784
0.0147724	3.8	14.7621	2	-1	0.3428	95.9123
0.0147727	3.8	14.7521	3	-1	0.3428	95.9123
0.0148611	3.8	14.7603	4	-1	0.34287	95.9318
0.0148611	3.8	14.7602	1	-1	0.34288	95.9346
0.0149495	3.8	14.7573	2	-1	0.34297	95.8686
0.0149498	3.8	14.7473	3	-1	0.34296	95.8658
0.0150383	3.8	14.7556	1	-1	0.34304	95.8882
0.0150383	3.8	14.7556	4	-1	0.34304	95.8882
0.0151267	3.8	14.7525	2	-1	0.34313	95.8223
0.0151271	3.8	14.7428	3	-1	0.34311	95.8167
0.0152156	3.8	14.7508	1	-1	0.3432	95.8418
0.0152156	3.8	14.7508	4	-1	0.3432	95.8418
0.0153041	3.8	14.7476	2	-1	0.34329	95.776
0.0153045	3.8	14.7382	3	-1	0.34327	95.7704
0.0153931	3.8	14.7459	4	-1	0.34336	95.7956
0.0153931	3.8	14.7457	1	-1	0.34337	95.7983
0.0154817	3.8	14.7427	2	-1	0.34346	95.73
0.0154821	3.8	14.7335	3	-1	0.34344	95.7244
0.0155708	3.8	14.741	4	-1	0.34352	95.7467
0.0155708	3.8	14.7409	1	-1	0.34353	95.7495
0.0156595	3.8	14.7381	2	-1	0.34361	95.6838
0.0156598	3.8	14.7289	3	-1	0.34361	95.6838
0.0157486	3.8	14.7362	4	-1	0.34367	95.7005
0.0157486	3.8	14.736	1	-1	0.34368	95.7033
0.0158374	3.8	14.7332	2	-1	0.34377	95.6404
0.0158378	3.8	14.724	3	-1	0.34377	95.6404
0.0159266	3.8	14.7314	4	-1	0.34384	95.6599
0.0159266	3.8	14.7313	1	-1	0.34385	95.6627
0.0160155	3.8	14.7283	2	-1	0.34395	95.5974
0.0160158	3.8	14.7195	3	-1	0.34392	95.5891
0.0161048	3.8	14.7266	1	-1	0.34401	95.6141
0.0161048	3.8	14.7265	4	-1	0.34402	95.6169
0.0161938	3.8	14.7235	2	-1	0.34411	95.5516
0.0161941	3.8	14.7151	3	-1	0.34408	95.5433
0.0162831	3.8	14.7217	1	-1	0.34417	95.5683
0.0162831	3.8	14.7215	4	-1	0.34418	95.571
0.0163722	3.8	14.7187	2	-1	0.34427	95.5059
0.0163725	3.8	14.7106	3	-1	0.34425	95.5003
0.0164616	3.8	14.7169	1	-1	0.34434	95.5253
0.0164617	3.8	14.7166	4	-1	0.34434	95.5253
0.0165508	3.8	14.714	2	-1	0.34443	95.4602
0.0165511	3.8	14.7062	3	-1	0.34441	95.4547
0.0166403	3.8	14.7123	1	-1	0.34449	95.4768
0.0166403	3.8	14.7119	4	-1	0.3445	95.4796
0.0167296	3.8	14.7092	2	-1	0.3446	95.4201
0.0167299	3.8	14.7019	3	-1	0.34456	95.409
0.0168192	3.8	14.7075	1	-1	0.34465	95.4339
0.0168192	3.8	14.7069	4	-1	0.34467	95.4394
0.0169085	3.8	14.7044	2	-1	0.34477	95.3773
0.0169088	3.8	14.6978	3	-1	0.34472	95.3635
0.0169982	3.8	14.7027	1	-1	0.34481	95.3884
0.0169982	3.8	14.7018	4	-1	0.34483	95.3939
0.0170877	3.8	14.6997	2	-1	0.34493	95.3319
0.0170879	3.8	14.6937	3	-1	0.34488	95.3181
0.0171774	3.8	14.6979	1	-1	0.34497	95.343
0.0171774	3.8	14.6965	4	-1	0.345	95.3513
0.0172669	3.8	14.6949	2	-1	0.34509	95.2866
0.0172671	3.8	14.6896	3	-1	0.34504	95.2728
0.0173567	3.8	14.693	1	-1	0.34513	95.2977
0.0173568	3.8	14.6913	4	-1	0.34516	95.3059
0.0174464	3.8	14.6901	2	-1	0.34525	95.2414
0.0174466	3.8	14.6855	3	-1	0.3452	95.2276
0.0175362	3.8	14.6882	1	-1	0.3453	95.2552
0.0175363	3.8	14.6862	4	-1	0.34532	95.2607
0.017626	3.8	14.6854	2	-1	0.34541	95.1936
0.0176262	3.8	14.6813	3	-1	0.34537	95.1826
0.0177159	3.8	14.6833	1	-1	0.34547	95.2101
0.017716	3.8	14.6812	4	-1	0.34548	95.2129
0.0178058	3.8	14.6807	2	-1	0.34557	95.1459
0.0178059	3.8	14.677	3	-1	0.34554	95.1377
0.0178958	3.8	14.6785	1	-1	0.34563	95.1624
0.0178959	3.8	14.6763	4	-1	0.34564	95.1652
0.0179858	3.8	14.676	2	-1	0.34573	95.101
0.0179859	3.8	14.6726	3	-1	0.34571	95.0955
0.0180758	3.8	14.6738	1	-1	0.3458	95.1202
0.0180759	3.8	14.6715	4	-1	0.3458	95.1202
0.0181659	3.8	14.6712	2	-1	0.34589	95.0535
0.018166	3.8	14.6682	3	-1	0.34586	95.0452
0.018256	3.8	14.669	1	-1	0.34595	95.0699
0.0182561	3.8	14.6666	4	-1	0.34596	95.0727
0.0183462	3.8	14.6665	2	-1	0.34606	95.014
0.0183463	3.8	14.6639	3	-1	0.34603	95.0058
0.0184364	3.8	14.6643	1	-1	0.34612	95.0305
0.0184365	3.8	14.6618	4	-1	0.34613	95.0332
0.0185267	3.8	14.6618	2	-1	0.34622	94.9667
0.0185267	3.8	14.6597	3	-1	0.34618	94.9557
0.0186169	3.8	14.6595	1	-1	0.34628	94.9831
0.018617	3.8	14.6569	4	-1	0.34629	94.9859
0.0187073	3.8	14.6571	2	-1	0.34638	94.922
0.0187074	3.8	14.6554	3	-1	0.34635	94.9138
0.0187976	3.8	14.6547	1	-1	0.34644	94.9385
0.0187977	3.8	14.652	4	-1	0.34645	94.9412
0.0188881	3.8	14.6524	2	-1	0.34653	94.8747
0.0188882	3.8	14.6508	3	-1	0.34652	94.872
0.0189785	3.8	14.65	1	-1	0.34661	94.8966
0.0189786	3.8	14.6474	4	-1	0.3466	94.8939
0.0190691	3.8	14.6477	2	-1	0.34669	94.8277
0.0190691	3.8	14.6463	3	-1	0.34668	94.8249
0.0191596	3.8	14.6453	1	-1	0.34677	94.8496
0.0191597	3.8	14.6427	4	-1	0.34677	94.8496
0.0192502	3.8	14.643	2	-1	0.34686	94.786
0.0192502	3.8	14.6418	3	-1	0.34684	94.7806
0.0193408	3.8	14.6406	1	-1	0.34693	94.8052
0.0193409	3.8	14.638	4	-1	0.34693	94.8052
0.0194315	3.8	14.6382	2	-1	0.34702	94.7391
0.0194315	3.8	14.6373	3	-1	0.347	94.7337
0.0195222	3.8	14.6356	1	-1	0.3471	94.761
0.0195223	3.8	14.6331	4	-1	0.34709	94.7583
0.019613	3.8	14.6335	2	-1	0.34717	94.6896
0.019613	3.8	14.6324	3	-1	0.34718	94.6923
0.0197038	3.8	14.6309	1	-1	0.34728	94.7196
0.0197038	3.8	14.6289	4	-1	0.34724	94.7087
0.0197946	3.8	14.6288	2	-1	0.34733	94.6403
0.0197947	3.8	14.6275	3	-1	0.34735	94.6458
0.0198855	3.8	14.6262	1	-1	0.34744	94.6703
0.0198856	3.8	14.6248	4	-1	0.3474	94.6594
0.0199764	3.8	14.6241	2	-1	0.34749	94.5963
0.0199765	3.8	14.6225	3	-1	0.34751	94.6017
0.0200674	3.8	14.6216	1	-1	0.3476	94.6262
0.0200675	3.8	14.6207	4	-1	0.34756	94.6153
0.0201584	3.8	14.6194	2	-1	0.34766	94.555
0.0201585	3.8	14.6178	3	-1	0.34766	94.555
0.0202495	3.8	14.617	1	-1	0.34775	94.5795
0.0202495	3.8	14.6164	4	-1	0.34773	94.5741
0.0203406	3.8	14.6147	2	-1	0.34782	94.5137
0.0203406	3.8	14.6131	3	-1	0.34782	94.5137
0.0204317	3.8	14.6123	1	-1	0.34791	94.5382
0.0204318	3.8	14.6118	4	-1	0.3479	94.5355
0.0205229	3.8	14.6098	2	-1	0.348	94.4728
0.020523	3.8	14.6085	3	-1	0.34798	94.4674
0.0206142	3.8	14.6076	1	-1	0.34807	94.4918
0.0206142	3.8	14.6071	4	-1	0.34807	94.4918
0.0207054	3.8	14.6051	2	-1	0.34816	94.4291
0.0207055	3.8	14.6041	3	-1	0.34814	94.4237
0.0207967	3.8	14.603	1	-1	0.34822	94.4453
0.0207968	3.8	14.6022	4	-1	0.34824	94.4508
0.0208881	3.8	14.6005	2	-1	0.34832	94.388
0.0208881	3.8	14.5997	3	-1	0.3483	94.3826
0.0209795	3.8	14.5983	1	-1	0.34839	94.407
0.0209795	3.8	14.5975	4	-1	0.34839	94.407
0.0210709	3.8	14.5959	2	-1	0.34848	94.3419
0.021071	3.8	14.5954	3	-1	0.34846	94.3365
0.0211624	3.8	14.5935	1	-1	0.34855	94.3608
0.0211625	3.8	14.5928	4	-1	0.34855	94.3608
0.021254	3.8	14.5911	2	-1	0.34865	94.2985
0.021254	3.8	14.5909	3	-1	0.34863	94.2931
0.0213455	3.8	14.5889	1	-1	0.34871	94.3148
0.0213456	3.8	14.588	4	-1	0.34872	94.3175
0.0214371	3.8	14.5863	3	-1	0.34877	94.2443
0.0214372	3.8	14.5862	2	-1	0.3488	94.2524
0.0215288	3.8	14.5843	1	-1	0.34886	94.2687
0.0215288	3.8	14.5829	4	-1	0.3489	94.2795
0.0216205	3.8	14.5817	3	-1	0.34893	94.2036
0.0216205	3.8	14.5815	2	-1	0.34894	94.2063
0.0217122	3.8	14.5793	1	-1	0.34903	94.2306
0.0217123	3.8	14.5775	4	-1	0.34906	94.2387
0.021804	3.8	14.5772	3	-1	0.34912	94.1633
0.021804	3.8	14.5771	2	-1	0.34913	94.166
0.0218958	3.8	14.5744	1	-1	0.34924	94.1957
0.0218959	3.8	14.5734	4	-1	0.34918	94.1795
0.0219877	3.8	14.5728	2	-1	0.34924	94.0967
0.0219877	3.8	14.5718	3	-1	0.34932	94.1183
0.0220796	3.8	14.5697	4	-1	0.3493	94.1129
0.0220796	3.8	14.5696	1	-1	0.34939	94.1371
0.0221715	3.8	14.568	2	-1	0.34939	94.051
0.0221716	3.8	14.5654	3	-1	0.34951	94.0833
0.0222636	3.8	14.565	4	-1	0.34947	94.0725
0.0222636	3.8	14.5648	1	-1	0.34948	94.0752
0.0223556	3.8	14.5627	2	-1	0.34961	94.0419
0.0223557	3.8	14.5598	3	-1	0.34964	94.0499
0.0224477	3.8	14.5614	1	-1	0.34965	94.0526
0.0224477	3.8	14.5605	4	-1	0.34972	94.0714
0.0225398	3.8	14.5572	3	-1	0.34965	93.9642
0.0225399	3.8	14.5571	2	-1	0.34989	94.0286
0.0226319	3.8	14.5574	1	-1	0.34963	93.9588
0.0226321	3.8	14.5513	4	-1	0.35005	94.0716
0.0227241	3.8	14.5506	2	-1	0.34966	93.9239
0.0228162	3.8	14.551	1	-1	0.3498	93.9615
0.0228167	3.8	14.5385	4	-1	0.35031	94.0985
0.0229086	3.8	14.5496	2	-1	0.35001	93.9296
0.0231854	3.8	14.5288	1	-1	0.34949	93.5466
0.0232772	3.8	14.5409	2	-1	0.34913	93.6784
0.02337	3.8	14.5333	1	-1	0.34963	93.8126
0.0238307	3.8	14.4917	2	-1	0.3467	93.5258
0.0242927	3.8	14.4982	1	-1	0.3515	94.7312
0.024569	3.8	14.0393	2	-1	0.32885	591.563
0.0247593	3.8	14.1714	2	-1	0.35974	110.39
0.0259052	3.8	14.0496	2	-1	0.36915	100.781
0.0264244	3.8	42.1883	1	-1	0.0488	72.2642
0.0264609	3.8	45.4322	1	-1	0.0472	62.7326
0.0264967	3.8	48.2252	1	-1	0.04598	62.405
0.0265322	3.8	50.6241	1	-1	0.04506	62.1603
0.0265672	3.8	52.6753	1	-1	0.04433	61.9048
