0.001554	39	82.5256	2	-1	0.03108	194.007
0.0026685	39	85.4663	3	-1	0.05337	333.146
0.003756	39	87.9972	1	-1	0.0591	368.914
0.0044555	39	89.5755	4	-1	0.05803	362.235
0.0055235	39	91.0744	2	-1	0.05642	72.4262
0.0064745	39	92.9737	3	-1	0.05437	69.7946
0.007405	39	94.5169	1	-1	0.05418	69.5507
0.008195	39	95.8939	4	-1	0.05343	68.5879
0.0091625	39	96.9952	2	-1	0.05248	71.694
0.009996	39	98.2856	3	-1	0.05182	70.7923
0.0109125	39	99.2214	1	-1	0.05113	69.8497
0.0116945	39	100.3	4	-1	0.05064	69.1803
0.0126325	39	101.045	2	-1	0.05003	71.5021
0.013396	39	101.991	3	-1	0.04967	70.9876
0.0143145	39	102.533	1	-1	0.0492	70.3158
0.0150765	39	103.388	4	-1	0.04888	69.8585
0.0159995	39	103.862	2	-1	0.04848	71.4202
0.0167275	39	104.605	3	-1	0.04826	71.0961
0.017645	39	104.896	1	-1	0.04793	70.6099
0.018385	39	105.592	4	-1	0.04771	70.2858
0.0193005	39	105.858	2	-1	0.04744	71.3705
0.0200095	39	106.473	3	-1	0.04729	71.1449
0.020925	39	106.599	1	-1	0.04706	70.7989
0.0216465	39	107.182	4	-1	0.04692	70.5882
0.022557	39	107.296	2	-1	0.04672	71.3609
0.023256	39	107.824	3	-1	0.04662	71.2082
0.024168	39	107.838	1	-1	0.04645	70.9485
0.0248745	39	108.342	4	-1	0.04635	70.7958
0.025783	39	108.341	2	-1	0.04621	71.3448
0.026475	39	108.808	3	-1	0.04614	71.2367
0.0273845	39	108.74	1	-1	0.04601	71.036
0.0280805	39	109.187	4	-1	0.04595	70.9433
0.0289875	39	109.104	2	-1	0.04584	71.3241
0.0296745	39	109.526	3	-1	0.0458	71.2619
0.0305825	39	109.399	1	-1	0.0457	71.1063
0.0312705	39	109.806	4	-1	0.04566	71.044
0.032177	39	109.662	2	-1	0.04558	71.319
0.03286	39	110.052	3	-1	0.04555	71.2721
0.033767	39	109.88	1	-1	0.04548	71.1626
0.0344495	39	110.258	4	-1	0.04545	71.1156
0.0353555	39	110.071	2	-1	0.04539	71.3119
0.0360355	39	110.438	3	-1	0.04537	71.2804
