0.00132756	3.45	13.2867	2	-1	0.39776	84.7091
0.0014202	3.45	13.5379	4	-1	0.37814	80.5307
0.00151151	3.45	13.6561	3	-1	0.37029	97.5448
0.00160246	3.45	13.7094	4	-1	0.36678	96.6202
0.00169303	3.45	13.7356	3	-1	0.3652	99.1314
0.0017837	3.45	13.7446	4	-1	0.36453	98.9495
0.00187417	3.45	13.75	3	-1	0.36424	99.4376
0.00196477	3.45	13.7511	1	-1	0.36415	99.413
0.00196483	3.45	13.7495	4	-1	0.36413	99.4076
0.00205534	3.45	13.7503	2	-1	0.36414	99.4592
0.00205536	3.45	13.7497	3	-1	0.36415	99.4619
0.00214602	3.45	13.7487	1	-1	0.36419	99.4729
0.00214608	3.45	13.747	4	-1	0.36419	99.4729
0.00223666	3.45	13.7468	2	-1	0.36426	99.4322
0.00223669	3.45	13.7461	3	-1	0.36426	99.4322
0.00232744	3.45	13.7446	1	-1	0.36435	99.4568
0.00232749	3.45	13.7432	4	-1	0.36433	99.4513
0.00241816	3.45	13.7425	2	-1	0.36442	99.3837
0.00241819	3.45	13.7417	3	-1	0.36443	99.3864
0.00250903	3.45	13.7401	1	-1	0.36452	99.4109
0.00250907	3.45	13.7389	4	-1	0.36451	99.4082
0.00259984	3.45	13.7379	2	-1	0.3646	99.3352
0.00259986	3.45	13.7371	3	-1	0.3646	99.3352
0.0026908	3.45	13.7354	1	-1	0.3647	99.3625
0.00269084	3.45	13.7343	4	-1	0.36469	99.3597
0.00278169	3.45	13.7333	2	-1	0.36478	99.2869
0.00278173	3.45	13.7323	3	-1	0.36479	99.2896
0.00287275	3.45	13.7308	1	-1	0.36488	99.3141
0.00287278	3.45	13.73	4	-1	0.36486	99.3087
0.00296372	3.45	13.7287	2	-1	0.36495	99.2359
0.00296377	3.45	13.7275	3	-1	0.36497	99.2414
0.00305488	3.45	13.7263	1	-1	0.36506	99.2658
0.0030549	3.45	13.7258	4	-1	0.36504	99.2604
0.00314593	3.45	13.7242	2	-1	0.36513	99.1878
0.00314599	3.45	13.7227	3	-1	0.36515	99.1932
0.00323719	3.45	13.7218	1	-1	0.36524	99.2176
0.0032372	3.45	13.7215	4	-1	0.36522	99.2122
0.00332832	3.45	13.7197	2	-1	0.3653	99.137
0.00332839	3.45	13.7178	3	-1	0.36533	99.1451
0.00341967	3.45	13.7172	4	-1	0.36539	99.1614
0.00341968	3.45	13.7171	1	-1	0.36542	99.1696
0.00351088	3.45	13.715	2	-1	0.36549	99.0891
0.00351097	3.45	13.7127	3	-1	0.36551	99.0945
0.00360234	3.45	13.7126	4	-1	0.36558	99.1135
0.00360234	3.45	13.7124	1	-1	0.36559	99.1162
0.00369363	3.45	13.7104	2	-1	0.36567	99.0439
0.00369373	3.45	13.7078	3	-1	0.36569	99.0493
0.00378518	3.45	13.708	4	-1	0.36575	99.0655
0.00378518	3.45	13.7079	1	-1	0.36576	99.0683
0.00387655	3.45	13.7059	2	-1	0.36584	98.9961
0.00387666	3.45	13.7029	3	-1	0.36587	99.0042
0.00396819	3.45	13.7035	4	-1	0.36593	99.0204
0.0039682	3.45	13.7034	1	-1	0.36594	99.0231
0.00405965	3.45	13.7013	2	-1	0.36602	98.9457
0.00405978	3.45	13.6979	3	-1	0.36605	98.9538
0.00415139	3.45	13.6989	4	-1	0.36611	98.97
0.0041514	3.45	13.6987	1	-1	0.36612	98.9728
0.00424294	3.45	13.6967	2	-1	0.3662	98.8981
0.00424308	3.45	13.693	3	-1	0.36623	98.9062
0.00433477	3.45	13.6944	4	-1	0.36629	98.9224
0.00433478	3.45	13.6942	1	-1	0.3663	98.9251
0.0044264	3.45	13.6922	2	-1	0.36638	98.8506
0.00442655	3.45	13.6881	3	-1	0.36641	98.8587
0.00451833	3.45	13.6899	4	-1	0.36647	98.8749
0.00451833	3.45	13.6898	1	-1	0.36648	98.8776
0.00461004	3.45	13.6876	2	-1	0.36656	98.8006
0.00461021	3.45	13.6831	3	-1	0.36659	98.8087
0.00470207	3.45	13.6853	4	-1	0.36665	98.8248
0.00470207	3.45	13.6851	1	-1	0.36666	98.8275
0.00479386	3.45	13.6831	2	-1	0.36674	98.7533
0.00479405	3.45	13.6782	3	-1	0.36677	98.7613
0.00488598	3.45	13.6808	4	-1	0.36682	98.7748
0.00488598	3.45	13.6807	1	-1	0.36683	98.7775
0.00497786	3.45	13.6786	2	-1	0.36691	98.706
0.00497806	3.45	13.6732	3	-1	0.36695	98.7168
0.00507007	3.45	13.6763	4	-1	0.367	98.7302
0.00507007	3.45	13.6761	1	-1	0.36701	98.7329
0.00516204	3.45	13.674	2	-1	0.3671	98.6589
0.00516226	3.45	13.6681	3	-1	0.36713	98.667
0.00525435	3.45	13.6718	4	-1	0.36719	98.6831
0.00525435	3.45	13.6716	1	-1	0.3672	98.6858
0.00534641	3.45	13.6695	2	-1	0.36728	98.6092
0.00534663	3.45	13.6634	3	-1	0.3673	98.6146
0.0054388	3.45	13.6673	4	-1	0.36736	98.6307
0.0054388	3.45	13.6672	1	-1	0.36737	98.6334
0.00553094	3.45	13.665	2	-1	0.36745	98.5596
0.00553119	3.45	13.6585	3	-1	0.36748	98.5677
0.00562343	3.45	13.6627	4	-1	0.36754	98.5838
0.00562344	3.45	13.6626	1	-1	0.36755	98.5864
0.00571566	3.45	13.6605	2	-1	0.36763	98.5128
0.00571592	3.45	13.6536	3	-1	0.36766	98.5208
0.00580825	3.45	13.6583	4	-1	0.36772	98.5369
0.00580825	3.45	13.6582	1	-1	0.36773	98.5396
0.00590056	3.45	13.6559	2	-1	0.36781	98.4634
0.00590083	3.45	13.6487	3	-1	0.36784	98.4714
0.00599324	3.45	13.6537	4	-1	0.3679	98.4875
0.00599325	3.45	13.6536	1	-1	0.36791	98.4902
0.00608564	3.45	13.6514	2	-1	0.36799	98.4167
0.00608593	3.45	13.6438	3	-1	0.36802	98.4248
0.00617842	3.45	13.6493	4	-1	0.36808	98.4408
0.00617842	3.45	13.6492	1	-1	0.36809	98.4435
0.0062709	3.45	13.6469	2	-1	0.36817	98.3675
0.0062712	3.45	13.6389	3	-1	0.3682	98.3755
0.00636378	3.45	13.6448	4	-1	0.36826	98.3916
0.00636378	3.45	13.6446	1	-1	0.36827	98.3943
0.00645634	3.45	13.6425	2	-1	0.36835	98.3211
0.00645666	3.45	13.634	3	-1	0.36838	98.3291
0.00654931	3.45	13.6404	4	-1	0.36844	98.3451
0.00654932	3.45	13.6403	1	-1	0.36845	98.3477
0.00664196	3.45	13.638	2	-1	0.36853	98.272
0.00664229	3.45	13.6292	3	-1	0.36856	98.28
0.00673503	3.45	13.6359	4	-1	0.36862	98.296
0.00673504	3.45	13.6357	1	-1	0.36863	98.2987
0.00682776	3.45	13.6335	2	-1	0.36871	98.2258
0.00682811	3.45	13.6245	3	-1	0.36873	98.2311
0.00692092	3.45	13.6314	4	-1	0.36879	98.2471
0.00692093	3.45	13.6312	1	-1	0.3688	98.2497
0.00701375	3.45	13.6289	2	-1	0.36889	98.1795
0.0070141	3.45	13.6196	3	-1	0.36891	98.1849
0.007107	3.45	13.627	4	-1	0.36898	98.2035
0.00710701	3.45	13.6268	1	-1	0.36899	98.2062
0.00719991	3.45	13.6244	2	-1	0.36907	98.1282
0.00720028	3.45	13.6149	3	-1	0.36909	98.1335
0.00729327	3.45	13.6224	4	-1	0.36916	98.1521
0.00729327	3.45	13.6223	1	-1	0.36917	98.1548
0.00738626	3.45	13.62	2	-1	0.36925	98.0822
0.00738663	3.45	13.6102	3	-1	0.36927	98.0875
0.0074797	3.45	13.618	4	-1	0.36933	98.1034
0.00747971	3.45	13.6179	1	-1	0.36934	98.1061
0.00757279	3.45	13.6155	2	-1	0.36943	98.0362
0.00757317	3.45	13.6053	3	-1	0.36945	98.0416
0.00766633	3.45	13.6136	4	-1	0.36952	98.0601
0.00766633	3.45	13.6135	1	-1	0.36953	98.0628
0.0077595	3.45	13.611	2	-1	0.36961	97.9852
0.00775989	3.45	13.6007	3	-1	0.36962	97.9879
0.00785313	3.45	13.6091	4	-1	0.36969	98.0064
0.00785314	3.45	13.6089	1	-1	0.3697	98.0091
0.00794639	3.45	13.6066	2	-1	0.36979	97.942
0.00794679	3.45	13.5961	3	-1	0.36981	97.9473
0.00804011	3.45	13.6046	4	-1	0.36987	97.9632
0.00804012	3.45	13.6045	1	-1	0.36988	97.9659
0.00813346	3.45	13.6021	2	-1	0.36997	97.8938
0.00813387	3.45	13.5914	3	-1	0.36998	97.8964
0.00822728	3.45	13.6003	4	-1	0.37006	97.9176
0.00822729	3.45	13.6001	1	-1	0.37007	97.9202
0.00832072	3.45	13.5977	2	-1	0.37015	97.843
0.00832113	3.45	13.5869	3	-1	0.37016	97.8457
0.00841463	3.45	13.5958	4	-1	0.37023	97.8642
0.00841463	3.45	13.5956	1	-1	0.37024	97.8668
0.00850815	3.45	13.5933	2	-1	0.37032	97.7975
0.00850857	3.45	13.5823	3	-1	0.37034	97.8028
0.00860216	3.45	13.5914	4	-1	0.37041	97.8213
0.00860216	3.45	13.5912	1	-1	0.37042	97.8239
0.00869577	3.45	13.5888	2	-1	0.37051	97.7522
0.0086962	3.45	13.5777	3	-1	0.37052	97.7548
0.00878986	3.45	13.5869	4	-1	0.37059	97.7733
0.00878987	3.45	13.5868	1	-1	0.3706	97.7759
0.00888357	3.45	13.5843	2	-1	0.37069	97.7043
0.008884	3.45	13.5732	3	-1	0.37069	97.7043
0.00897776	3.45	13.5826	4	-1	0.37078	97.728
0.00897777	3.45	13.5825	1	-1	0.37079	97.7306
0.00907155	3.45	13.5799	2	-1	0.37087	97.6539
0.00907198	3.45	13.5688	3	-1	0.37087	97.6539
0.00916584	3.45	13.5781	4	-1	0.37095	97.675
0.00916584	3.45	13.578	1	-1	0.37096	97.6776
0.00925971	3.45	13.5755	2	-1	0.37104	97.6061
0.00926015	3.45	13.5642	3	-1	0.37106	97.6114
0.00935409	3.45	13.5736	4	-1	0.37112	97.6272
0.0093541	3.45	13.5735	1	-1	0.37113	97.6298
0.00944806	3.45	13.5711	2	-1	0.37122	97.5637
0.0094485	3.45	13.5596	3	-1	0.37124	97.5689
0.00954252	3.45	13.5693	4	-1	0.3713	97.5847
0.00954253	3.45	13.5692	1	-1	0.37131	97.5873
0.00963659	3.45	13.5667	2	-1	0.37141	97.5188
0.00963703	3.45	13.5552	3	-1	0.3714	97.5161
0.00973114	3.45	13.5649	4	-1	0.37149	97.5398
0.00973115	3.45	13.5648	1	-1	0.3715	97.5424
0.0098253	3.45	13.5622	2	-1	0.37159	97.4688
0.00982574	3.45	13.551	3	-1	0.37158	97.4662
0.00991994	3.45	13.5605	4	-1	0.37167	97.4898
0.00991995	3.45	13.5604	1	-1	0.37168	97.4924
0.0100142	3.45	13.5578	2	-1	0.37177	97.4215
0.0100146	3.45	13.5467	3	-1	0.37176	97.4188
0.0101089	3.45	13.5562	4	-1	0.37185	97.4424
0.0101089	3.45	13.5561	1	-1	0.37186	97.445
0.0102033	3.45	13.5535	2	-1	0.37194	97.3716
0.0102037	3.45	13.5424	3	-1	0.37194	97.3716
0.0102981	3.45	13.5518	4	-1	0.37202	97.3925
0.0102981	3.45	13.5516	1	-1	0.37203	97.3952
0.0103925	3.45	13.5491	2	-1	0.37211	97.3244
0.010393	3.45	13.5378	3	-1	0.37213	97.3296
0.0104874	3.45	13.5473	4	-1	0.37219	97.3453
0.0104874	3.45	13.5472	1	-1	0.3722	97.3479
0.0105819	3.45	13.5447	2	-1	0.37229	97.2799
0.0105824	3.45	13.5331	3	-1	0.37231	97.2851
0.010677	3.45	13.543	4	-1	0.37237	97.3008
0.010677	3.45	13.5429	1	-1	0.37238	97.3034
0.0107716	3.45	13.5403	2	-1	0.37248	97.2355
0.010772	3.45	13.5287	3	-1	0.37248	97.2355
0.0108667	3.45	13.5386	4	-1	0.37256	97.2564
0.0108667	3.45	13.5385	1	-1	0.37257	97.259
0.0109614	3.45	13.5359	2	-1	0.37266	97.1861
0.0109618	3.45	13.5243	3	-1	0.37266	97.1861
0.0110566	3.45	13.5342	4	-1	0.37274	97.2069
0.0110566	3.45	13.5341	1	-1	0.37275	97.2095
0.0111514	3.45	13.5316	2	-1	0.37283	97.1367
0.0111518	3.45	13.5199	3	-1	0.37284	97.1393
0.0112466	3.45	13.5298	4	-1	0.37291	97.1575
0.0112467	3.45	13.5297	1	-1	0.37292	97.1601
0.0113415	3.45	13.5272	2	-1	0.37301	97.0925
0.011342	3.45	13.5153	3	-1	0.37303	97.0977
0.0114369	3.45	13.5255	4	-1	0.37308	97.1107
0.0114369	3.45	13.5254	1	-1	0.37309	97.1133
0.0115319	3.45	13.5228	2	-1	0.37319	97.0484
0.0115323	3.45	13.5107	3	-1	0.3732	97.051
0.0116273	3.45	13.5212	4	-1	0.37327	97.0692
0.0116273	3.45	13.5211	1	-1	0.37328	97.0718
0.0117224	3.45	13.5184	2	-1	0.37338	97.002
0.0117229	3.45	13.5065	3	-1	0.37337	96.9994
0.011818	3.45	13.5169	4	-1	0.37346	97.0228
0.011818	3.45	13.5168	1	-1	0.37347	97.0254
0.0119131	3.45	13.5141	2	-1	0.37355	96.9504
0.0119136	3.45	13.5022	3	-1	0.37355	96.9504
0.0120088	3.45	13.5125	4	-1	0.37362	96.9686
0.0120088	3.45	13.5124	1	-1	0.37363	96.9712
0.012104	3.45	13.5098	2	-1	0.37372	96.9065
0.0121045	3.45	13.4977	3	-1	0.37374	96.9117
0.0121998	3.45	13.5081	4	-1	0.3738	96.9273
0.0121998	3.45	13.508	1	-1	0.37381	96.9299
0.0122951	3.45	13.5054	2	-1	0.37391	96.8629
0.0122956	3.45	13.4932	3	-1	0.37391	96.8629
0.0123909	3.45	13.5038	4	-1	0.37399	96.8836
0.0123909	3.45	13.5037	1	-1	0.374	96.8862
0.0124864	3.45	13.501	2	-1	0.3741	96.8168
0.0124868	3.45	13.489	3	-1	0.37408	96.8116
0.0125823	3.45	13.4995	1	-1	0.37417	96.8349
0.0125823	3.45	13.4994	4	-1	0.37418	96.8375
0.0126778	3.45	13.4968	2	-1	0.37428	96.7732
0.0126783	3.45	13.4852	3	-1	0.37425	96.7654
0.0127738	3.45	13.4953	1	-1	0.37435	96.7913
0.0127738	3.45	13.495	4	-1	0.37436	96.7939
0.0128695	3.45	13.4924	2	-1	0.37446	96.7247
0.0128699	3.45	13.4812	3	-1	0.37443	96.7169
0.0129656	3.45	13.4909	1	-1	0.37453	96.7428
0.0129656	3.45	13.4905	4	-1	0.37454	96.7454
0.0130613	3.45	13.4881	2	-1	0.37463	96.6762
0.0130617	3.45	13.4772	3	-1	0.37461	96.6711
0.0131575	3.45	13.4866	1	-1	0.37471	96.6969
0.0131575	3.45	13.4862	4	-1	0.37471	96.6969
0.0132533	3.45	13.4839	2	-1	0.3748	96.6278
0.0132537	3.45	13.473	3	-1	0.3748	96.6278
0.0133496	3.45	13.4822	1	-1	0.3749	96.6536
0.0133496	3.45	13.4821	4	-1	0.37488	96.6484
0.0134454	3.45	13.4796	2	-1	0.37498	96.5796
0.0134459	3.45	13.4686	3	-1	0.37498	96.5796
0.0135418	3.45	13.4779	4	-1	0.37506	96.6002
0.0135418	3.45	13.4778	1	-1	0.37508	96.6054
0.0136378	3.45	13.4752	2	-1	0.37516	96.534
0.0136382	3.45	13.4643	3	-1	0.37515	96.5314
0.0137343	3.45	13.4736	4	-1	0.37524	96.5546
0.0137343	3.45	13.4735	1	-1	0.37525	96.5571
0.0138304	3.45	13.4708	2	-1	0.37534	96.4884
0.0138308	3.45	13.4601	3	-1	0.37533	96.4859
0.0139269	3.45	13.4693	4	-1	0.37542	96.509
0.0139269	3.45	13.4691	1	-1	0.37543	96.5116
0.0140231	3.45	13.4666	2	-1	0.37551	96.4404
0.0140235	3.45	13.4558	3	-1	0.37552	96.443
0.0141197	3.45	13.4648	4	-1	0.37558	96.4584
0.0141197	3.45	13.4647	1	-1	0.37559	96.4609
0.014216	3.45	13.4623	2	-1	0.37568	96.3974
0.0142164	3.45	13.4511	3	-1	0.37571	96.4051
0.0143127	3.45	13.4607	4	-1	0.37577	96.4205
0.0143128	3.45	13.4606	1	-1	0.37578	96.4231
0.0144091	3.45	13.4579	2	-1	0.37589	96.3573
0.0144095	3.45	13.4471	3	-1	0.37586	96.3497
0.0145059	3.45	13.4566	1	-1	0.37595	96.3727
0.0145059	3.45	13.4563	4	-1	0.37597	96.3779
0.0146024	3.45	13.4536	2	-1	0.37608	96.3147
0.0146028	3.45	13.4436	3	-1	0.37602	96.2993
0.0146993	3.45	13.4522	1	-1	0.37612	96.3249
0.0146993	3.45	13.4515	4	-1	0.37616	96.3352
0.0147959	3.45	13.4494	2	-1	0.37625	96.2695
0.0147963	3.45	13.4398	3	-1	0.37621	96.2592
0.0148929	3.45	13.4479	1	-1	0.37631	96.2848
0.0148929	3.45	13.447	4	-1	0.37632	96.2874
0.0149895	3.45	13.4451	2	-1	0.37643	96.2195
0.0149899	3.45	13.436	3	-1	0.37639	96.2093
0.0150866	3.45	13.4437	1	-1	0.37649	96.2349
0.0150866	3.45	13.4427	4	-1	0.3765	96.2374
0.0151834	3.45	13.4409	2	-1	0.37661	96.1746
0.0151837	3.45	13.4323	3	-1	0.37657	96.1644
0.0152805	3.45	13.4394	1	-1	0.37666	96.1873
0.0152806	3.45	13.438	4	-1	0.37669	96.195
0.0153774	3.45	13.4367	2	-1	0.37679	96.1322
0.0153778	3.45	13.4287	3	-1	0.37674	96.1194
0.0154746	3.45	13.4352	1	-1	0.37683	96.1424
0.0154747	3.45	13.4333	4	-1	0.37687	96.1526
0.0155717	3.45	13.4324	2	-1	0.37698	96.0899
0.0155719	3.45	13.4252	3	-1	0.37691	96.0721
0.0156689	3.45	13.4309	1	-1	0.37701	96.0976
0.015669	3.45	13.4285	4	-1	0.37706	96.1103
0.0157661	3.45	13.4283	2	-1	0.37715	96.0427
0.0157663	3.45	13.422	3	-1	0.37708	96.0249
0.0158634	3.45	13.4265	1	-1	0.37719	96.0529
0.0158635	3.45	13.4236	4	-1	0.37723	96.0631
0.0159606	3.45	13.4241	2	-1	0.37732	95.9931
0.0159609	3.45	13.4183	3	-1	0.37728	95.9829
0.016058	3.45	13.4222	1	-1	0.37739	96.0109
0.0160582	3.45	13.4193	4	-1	0.37739	96.0109
0.0161554	3.45	13.42	2	-1	0.37748	95.9386
0.0161556	3.45	13.4143	3	-1	0.37747	95.9361
0.0162529	3.45	13.4179	1	-1	0.37758	95.964
0.016253	3.45	13.4152	4	-1	0.37756	95.9589
0.0163503	3.45	13.4157	2	-1	0.37766	95.8893
0.0163506	3.45	13.41	3	-1	0.37766	95.8893
0.016448	3.45	13.4137	1	-1	0.37776	95.9147
0.016448	3.45	13.4114	4	-1	0.37773	95.9071
0.0165455	3.45	13.4115	2	-1	0.37783	95.8424
0.0165457	3.45	13.4057	3	-1	0.37784	95.845
0.0166432	3.45	13.4095	1	-1	0.37794	95.8703
0.0166433	3.45	13.4075	4	-1	0.37791	95.8627
0.0167408	3.45	13.4072	2	-1	0.37801	95.7957
0.016741	3.45	13.4013	3	-1	0.37802	95.7983
0.0168386	3.45	13.4053	1	-1	0.37812	95.8236
0.0168387	3.45	13.4037	4	-1	0.37809	95.816
0.0169363	3.45	13.403	2	-1	0.37819	95.7516
0.0169365	3.45	13.3972	3	-1	0.37819	95.7516
0.0170342	3.45	13.4011	1	-1	0.3783	95.7794
0.0170342	3.45	13.4	4	-1	0.37826	95.7693
0.017132	3.45	13.3988	2	-1	0.37836	95.7025
0.0171322	3.45	13.3927	3	-1	0.37838	95.7076
0.01723	3.45	13.3968	1	-1	0.37849	95.7354
0.01723	3.45	13.3963	4	-1	0.37844	95.7228
0.0173278	3.45	13.3946	2	-1	0.37854	95.6561
0.0173281	3.45	13.3882	3	-1	0.37856	95.6612
0.017426	3.45	13.3927	1	-1	0.37866	95.6865
0.017426	3.45	13.3927	4	-1	0.37862	95.6763
0.0175239	3.45	13.3903	2	-1	0.37872	95.6122
0.0175241	3.45	13.3839	3	-1	0.37873	95.6147
0.0176221	3.45	13.3884	4	-1	0.3788	95.6324
0.0176221	3.45	13.3883	1	-1	0.37881	95.6349
0.0177201	3.45	13.3859	2	-1	0.37891	95.5757
0.0177204	3.45	13.3795	3	-1	0.37891	95.5757
0.0178184	3.45	13.3843	4	-1	0.37898	95.5934
0.0178184	3.45	13.3842	1	-1	0.37899	95.5959
0.0179165	3.45	13.3818	2	-1	0.37909	95.532
0.0179168	3.45	13.3753	3	-1	0.37909	95.532
0.0180149	3.45	13.3802	4	-1	0.37917	95.5521
0.018015	3.45	13.3801	1	-1	0.37918	95.5547
0.0181132	3.45	13.3775	2	-1	0.37928	95.486
0.0181134	3.45	13.3714	3	-1	0.37925	95.4785
0.0182116	3.45	13.3759	1	-1	0.37934	95.5011
0.0182117	3.45	13.3757	4	-1	0.37936	95.5062
0.01831	3.45	13.3733	2	-1	0.37947	95.4473
0.0183102	3.45	13.3678	3	-1	0.37942	95.4348
0.0184085	3.45	13.3718	1	-1	0.37952	95.4599
0.0184086	3.45	13.3713	4	-1	0.37954	95.4649
0.018507	3.45	13.3693	2	-1	0.37964	95.4013
0.0185072	3.45	13.3643	3	-1	0.3796	95.3913
0.0186056	3.45	13.3676	1	-1	0.3797	95.4164
0.0186056	3.45	13.367	4	-1	0.37971	95.4189
0.0187041	3.45	13.3651	2	-1	0.37981	95.353
0.0187043	3.45	13.3604	3	-1	0.37979	95.348
0.0188029	3.45	13.3634	1	-1	0.37988	95.3706
0.0188029	3.45	13.3626	4	-1	0.37989	95.3731
0.0189015	3.45	13.3609	2	-1	0.38	95.3098
0.0189017	3.45	13.3566	3	-1	0.37996	95.2997
0.0190003	3.45	13.3592	1	-1	0.38005	95.3223
0.0190003	3.45	13.3581	4	-1	0.38008	95.3298
0.0190991	3.45	13.3567	2	-1	0.38019	95.2714
0.0190992	3.45	13.3533	3	-1	0.38012	95.2538
0.0191979	3.45	13.3552	1	-1	0.38021	95.2764
0.019198	3.45	13.3534	4	-1	0.38027	95.2914
0.0192968	3.45	13.3525	2	-1	0.38039	95.2356
0.0192969	3.45	13.3505	3	-1	0.38028	95.2081
0.0193957	3.45	13.351	1	-1	0.38037	95.2306
0.0193958	3.45	13.348	4	-1	0.38047	95.2556
0.0194948	3.45	13.3484	2	-1	0.38058	95.1974
0.0194948	3.45	13.3479	3	-1	0.38045	95.1648
0.0195937	3.45	13.3467	1	-1	0.38055	95.1899
0.0195939	3.45	13.3424	4	-1	0.38066	95.2174
0.0196928	3.45	13.3442	3	-1	0.38062	95.117
0.0196928	3.45	13.3441	2	-1	0.38067	95.1294
0.0197919	3.45	13.3421	1	-1	0.38075	95.1494
0.0197921	3.45	13.3369	4	-1	0.38083	95.1694
0.0198911	3.45	13.3405	3	-1	0.38086	95.0819
0.0198911	3.45	13.3404	2	-1	0.38087	95.0844
0.0199903	3.45	13.3374	1	-1	0.38104	95.1268
0.0199904	3.45	13.3337	4	-1	0.38091	95.0944
0.0200895	3.45	13.3368	2	-1	0.38093	94.9832
0.0200897	3.45	13.3341	3	-1	0.38116	95.0405
0.0201889	3.45	13.333	4	-1	0.38096	94.9906
0.0201889	3.45	13.3328	1	-1	0.38128	95.0704
0.0202884	3.45	13.325	3	-1	0.38144	95.0085
0.0203876	3.45	13.3283	4	-1	0.38107	94.9163
0.0203876	3.45	13.3282	1	-1	0.38108	94.9188
0.0204869	3.45	13.3271	2	-1	0.38128	94.9686
0.0204874	3.45	13.3154	3	-1	0.3816	95.0483
0.0205865	3.45	13.327	1	-1	0.38141	95.001
0.0205865	3.45	13.3257	4	-1	0.38152	95.0284
0.0206861	3.45	13.3201	2	-1	0.38205	95.0349
0.0207852	3.45	13.3257	1	-1	0.38082	94.729
0.0208849	3.45	13.3103	2	-1	0.38079	94.8135
0.0209839	3.45	13.3172	1	-1	0.38076	94.806
0.021084	3.45	13.3143	2	-1	0.38134	94.9174
0.0215809	3.45	13.2934	1	-1	0.37892	94.3221
0.021983	3.45	13.2264	4	-1	0.38055	92.7831
0.0223811	3.45	12.9394	1	-1	0.3629	86.5284
0.0225855	3.45	13.0227	1	-1	0.39046	101.339
0.0259519	3.45	44.52	2	-1	0.04712	69.8488
0.0259875	3.45	47.1247	2	-1	0.04594	63.9922
0.0260227	3.45	49.4661	2	-1	0.045	63.4697
0.0260574	3.45	51.5711	2	-1	0.04421	62.9952
