0.00102612	44.05	104.251	4	-1	0.05176	5124.75
0.00103771	44.05	110.355	3	-1	0.04809	91.0968
0.00104906	44.05	115.788	4	-1	0.04531	85.8306
0.00105962	44.05	120.391	3	-1	0.04322	93.2269
0.00107012	44.05	124.584	4	-1	0.0415	89.5168
0.00108002	44.05	128.199	3	-1	0.04013	94.2461
0.00108994	44.05	131.543	4	-1	0.03896	91.4984
0.00109936	44.05	134.457	3	-1	0.03799	94.8328
0.00110887	44.05	137.184	4	-1	0.03714	92.7109
0.00111793	44.05	139.576	3	-1	0.03642	95.2157
0.00112713	44.05	141.831	4	-1	0.03577	93.5163
0.00113592	44.05	143.818	3	-1	0.03522	95.4472
0.00114487	44.05	145.701	4	-1	0.03471	94.065
0.00115345	44.05	147.368	3	-1	0.03428	95.594
0.00116221	44.05	148.955	4	-1	0.03388	94.4785
