0.00102522	45.8	107.845	4	-1	0.04993	4943.56
0.00103643	45.8	114.027	3	-1	0.04648	91.2088
0.00104743	45.8	119.561	4	-1	0.04384	86.0283
0.00105766	45.8	124.256	3	-1	0.04185	93.2279
0.00106784	45.8	128.556	4	-1	0.0402	89.5522
0.00107743	45.8	132.267	3	-1	0.03889	94.2331
0.00108707	45.8	135.713	1	-1	0.03776	91.495
0.00109619	45.8	138.718	3	-1	0.03682	94.7748
0.00110542	45.8	141.539	4	-1	0.03599	92.6384
0.00111421	45.8	144.015	3	-1	0.0353	95.1482
0.00112313	45.8	146.358	1	-1	0.03467	93.4501
0.00113166	45.8	148.423	3	-1	0.03413	95.3352
