0.0010132	44.75	98.2326	3	-1	0.02667	2640.59
0.00102575	44.75	105.689	4	-1	0.05101	5050.5
0.00103719	44.75	111.827	3	-1	0.04744	91.1606
0.00104839	44.75	117.299	4	-1	0.04471	85.9147
0.00105882	44.75	121.942	3	-1	0.04266	93.2255
0.00106919	44.75	126.177	4	-1	0.04097	89.5323
0.00107896	44.75	129.833	3	-1	0.03962	94.2436
0.00108876	44.75	133.218	1	-1	0.03847	91.5081
0.00109806	44.75	136.17	3	-1	0.03751	94.818
0.00110745	44.75	138.934	4	-1	0.03667	92.6946
0.0011164	44.75	141.362	3	-1	0.03596	95.1826
0.00112549	44.75	143.65	4	-1	0.03532	93.4886
0.00113417	44.75	145.67	3	-1	0.03477	95.3909
0.00114301	44.75	147.586	4	-1	0.03427	94.0192
