0.00102539	45.45	107.125	4	-1	0.05028	4978.22
0.00103668	45.45	113.295	3	-1	0.0468	91.2103
0.00104774	45.45	118.807	4	-1	0.04413	86.0066
0.00105804	45.45	123.487	3	-1	0.04212	93.2271
0.00106829	45.45	127.764	1	-1	0.04046	89.5529
0.00107794	45.45	131.456	3	-1	0.03913	94.221
0.00108762	45.45	134.883	4	-1	0.03799	91.476
0.00109681	45.45	137.872	3	-1	0.03705	94.8055
0.00110609	45.45	140.673	4	-1	0.03621	92.6561
0.00111493	45.45	143.134	3	-1	0.03551	95.1501
0.0011239	45.45	145.458	4	-1	0.03488	93.462
0.00113249	45.45	147.509	3	-1	0.03434	95.3624
