0.00109772	4.85	14.9786	3	-1	0.19742	19546.5
0.00124568	4.85	18.0235	2	-1	0.2978	84.2266
0.00131362	4.85	18.5764	4	-1	0.27893	78.8896
0.00137995	4.85	18.8882	3	-1	0.27	96.3322
0.00144558	4.85	19.0664	4	-1	0.26527	94.6446
0.00151065	4.85	19.1699	3	-1	0.26265	98.4777
0.00157559	4.85	19.2281	4	-1	0.26119	97.9303
0.00164028	4.85	19.2619	3	-1	0.26037	99.0867
0.00170502	4.85	19.2797	4	-1	0.2599	98.9078
0.00176963	4.85	19.2892	3	-1	0.25966	99.2508
0.00183433	4.85	19.2934	1	-1	0.25955	99.2088
0.00183434	4.85	19.2929	4	-1	0.25955	99.2088
0.00189895	4.85	19.2944	2	-1	0.2595	99.2769
0.00189897	4.85	19.2939	3	-1	0.25951	99.2808
0.0019637	4.85	19.2935	1	-1	0.25951	99.2808
0.00196371	4.85	19.2932	4	-1	0.2595	99.2769
0.00202836	4.85	19.2915	2	-1	0.25953	99.2542
0.00202838	4.85	19.291	3	-1	0.25953	99.2542
0.00209316	4.85	19.2889	1	-1	0.25957	99.2695
0.00209317	4.85	19.2885	4	-1	0.25957	99.2695
0.00215788	4.85	19.2858	2	-1	0.25962	99.2166
0.00215789	4.85	19.2853	3	-1	0.25962	99.2166
0.00222274	4.85	19.2825	1	-1	0.25968	99.2395
0.00222274	4.85	19.2823	4	-1	0.25967	99.2357
0.00228751	4.85	19.2791	2	-1	0.25973	99.1677
0.00228753	4.85	19.2784	3	-1	0.25974	99.1715
0.00235244	4.85	19.2756	1	-1	0.2598	99.1944
0.00235244	4.85	19.2756	4	-1	0.25979	99.1906
0.00241727	4.85	19.2721	2	-1	0.25985	99.1189
0.0024173	4.85	19.2711	3	-1	0.25986	99.1227
0.00248227	4.85	19.2685	4	-1	0.25992	99.1456
0.00248228	4.85	19.2683	1	-1	0.25993	99.1494
0.00254716	4.85	19.2648	2	-1	0.25998	99.0702
0.00254719	4.85	19.2637	3	-1	0.25999	99.074
0.00261223	4.85	19.2612	4	-1	0.26004	99.0931
0.00261223	4.85	19.261	1	-1	0.26005	99.0969
0.00267718	4.85	19.2576	2	-1	0.26011	99.0254
0.00267721	4.85	19.2563	3	-1	0.26012	99.0292
0.00274232	4.85	19.254	4	-1	0.26017	99.0482
0.00274232	4.85	19.2538	1	-1	0.26018	99.052
0.00280732	4.85	19.2504	2	-1	0.26024	98.9769
0.00280736	4.85	19.2489	3	-1	0.26025	98.9807
0.00287253	4.85	19.2468	4	-1	0.2603	98.9997
0.00287254	4.85	19.2466	1	-1	0.26031	99.0035
0.00293759	4.85	19.2432	2	-1	0.26036	98.9247
0.00293764	4.85	19.2414	3	-1	0.26038	98.9323
0.00300287	4.85	19.2396	4	-1	0.26042	98.9475
0.00300287	4.85	19.2395	1	-1	0.26043	98.9513
0.00306799	4.85	19.2361	2	-1	0.26049	98.8802
0.00306805	4.85	19.234	3	-1	0.2605	98.884
0.00313334	4.85	19.2325	4	-1	0.26055	98.903
0.00313334	4.85	19.2323	1	-1	0.26056	98.9068
0.00319851	4.85	19.2289	2	-1	0.26061	98.8282
0.00319858	4.85	19.2265	3	-1	0.26063	98.8358
0.00326393	4.85	19.2251	4	-1	0.26068	98.8548
0.00326394	4.85	19.2249	1	-1	0.26069	98.8586
0.00332917	4.85	19.2217	2	-1	0.26074	98.7801
0.00332924	4.85	19.2189	3	-1	0.26076	98.7877
0.00339466	4.85	19.2179	4	-1	0.26081	98.8066
0.00339466	4.85	19.2177	1	-1	0.26082	98.8104
0.00345995	4.85	19.2145	2	-1	0.26087	98.7321
0.00346004	4.85	19.2113	3	-1	0.26089	98.7397
0.00352551	4.85	19.2108	4	-1	0.26094	98.7586
0.00352551	4.85	19.2106	1	-1	0.26095	98.7624
0.00359086	4.85	19.2074	2	-1	0.261	98.6842
0.00359096	4.85	19.2039	3	-1	0.26102	98.6918
0.00365649	4.85	19.2037	4	-1	0.26106	98.7069
0.00365649	4.85	19.2035	1	-1	0.26107	98.7107
0.00372191	4.85	19.2003	2	-1	0.26113	98.6401
0.00372201	4.85	19.1964	3	-1	0.26115	98.6477
0.00378759	4.85	19.1966	4	-1	0.26119	98.6628
0.0037876	4.85	19.1964	1	-1	0.2612	98.6666
0.00385307	4.85	19.1932	2	-1	0.26125	98.5886
0.00385318	4.85	19.1889	3	-1	0.26127	98.5962
0.00391883	4.85	19.1895	4	-1	0.26132	98.615
0.00391883	4.85	19.1894	1	-1	0.26133	98.6188
0.00398436	4.85	19.1859	2	-1	0.26138	98.5373
0.00398449	4.85	19.1813	3	-1	0.2614	98.5448
0.00405019	4.85	19.1823	4	-1	0.26144	98.5599
0.00405019	4.85	19.1822	1	-1	0.26145	98.5637
0.00411579	4.85	19.1788	2	-1	0.26151	98.4935
0.00411592	4.85	19.1738	3	-1	0.26153	98.501
0.00418168	4.85	19.1753	4	-1	0.26157	98.5161
0.00418169	4.85	19.1751	1	-1	0.26158	98.5198
0.00424733	4.85	19.1717	2	-1	0.26163	98.4423
0.00424748	4.85	19.1662	3	-1	0.26166	98.4536
0.0043133	4.85	19.1682	4	-1	0.2617	98.4686
0.00431331	4.85	19.168	1	-1	0.26171	98.4724
0.00437901	4.85	19.1647	2	-1	0.26176	98.3949
0.00437917	4.85	19.1588	3	-1	0.26178	98.4024
0.00444505	4.85	19.161	4	-1	0.26182	98.4175
0.00444505	4.85	19.1608	1	-1	0.26183	98.4212
0.00451082	4.85	19.1575	2	-1	0.26189	98.3514
0.00451099	4.85	19.1513	3	-1	0.26191	98.3589
0.00457692	4.85	19.1539	4	-1	0.26195	98.3739
0.00457692	4.85	19.1537	1	-1	0.26196	98.3776
0.00464275	4.85	19.1505	2	-1	0.26202	98.3042
0.00464293	4.85	19.1439	3	-1	0.26204	98.3117
0.00470892	4.85	19.1469	4	-1	0.26208	98.3267
0.00470893	4.85	19.1467	1	-1	0.26209	98.3305
0.00477482	4.85	19.1432	2	-1	0.26214	98.2497
0.00477501	4.85	19.1361	3	-1	0.26217	98.2609
0.00484106	4.85	19.1398	4	-1	0.26221	98.2759
0.00484106	4.85	19.1396	1	-1	0.26222	98.2797
0.00490701	4.85	19.1362	2	-1	0.26227	98.2027
0.00490721	4.85	19.1287	3	-1	0.26229	98.2102
0.00497332	4.85	19.1328	4	-1	0.26233	98.2252
0.00497332	4.85	19.1326	1	-1	0.26234	98.2289
0.00503932	4.85	19.1292	2	-1	0.2624	98.1595
0.00503954	4.85	19.1213	3	-1	0.26242	98.167
0.0051057	4.85	19.1256	4	-1	0.26246	98.182
0.00510571	4.85	19.1254	1	-1	0.26247	98.1857
0.00517178	4.85	19.1221	2	-1	0.26253	98.1127
0.005172	4.85	19.1139	3	-1	0.26255	98.1202
0.00523822	4.85	19.1186	4	-1	0.26259	98.1351
0.00523822	4.85	19.1184	1	-1	0.2626	98.1389
0.00530435	4.85	19.1149	2	-1	0.26265	98.0586
0.00530459	4.85	19.1062	3	-1	0.26268	98.0698
0.00537087	4.85	19.1115	4	-1	0.26272	98.0847
0.00537087	4.85	19.1114	1	-1	0.26273	98.0885
0.00543706	4.85	19.1079	2	-1	0.26278	98.012
0.0054373	4.85	19.0988	3	-1	0.2628	98.0195
0.00550364	4.85	19.1046	4	-1	0.26284	98.0344
0.00550365	4.85	19.1044	1	-1	0.26285	98.0381
0.00556989	4.85	19.101	2	-1	0.26291	97.9691
0.00557015	4.85	19.0915	3	-1	0.26293	97.9766
0.00563655	4.85	19.0975	4	-1	0.26297	97.9915
0.00563655	4.85	19.0973	1	-1	0.26298	97.9952
0.00570285	4.85	19.0939	2	-1	0.26303	97.919
0.00570312	4.85	19.0839	3	-1	0.26306	97.9302
0.00576958	4.85	19.0905	4	-1	0.2631	97.9451
0.00576958	4.85	19.0903	1	-1	0.26311	97.9488
0.00583594	4.85	19.0868	2	-1	0.26316	97.869
0.00583623	4.85	19.0763	3	-1	0.26319	97.8802
0.00590274	4.85	19.0835	4	-1	0.26322	97.8913
0.00590274	4.85	19.0833	1	-1	0.26323	97.8951
0.00596916	4.85	19.0798	2	-1	0.26329	97.8264
0.00596946	4.85	19.0689	3	-1	0.26331	97.8338
0.00603603	4.85	19.0764	4	-1	0.26335	97.8487
0.00603603	4.85	19.0762	1	-1	0.26336	97.8524
0.00610251	4.85	19.0728	2	-1	0.26342	97.7803
0.00610282	4.85	19.0616	3	-1	0.26344	97.7877
0.00616944	4.85	19.0695	4	-1	0.26348	97.8025
0.00616945	4.85	19.0693	1	-1	0.26349	97.8062
0.006236	4.85	19.0657	2	-1	0.26355	97.7306
0.00623631	4.85	19.0541	3	-1	0.26357	97.738
0.00630299	4.85	19.0625	4	-1	0.26361	97.7528
0.006303	4.85	19.0623	1	-1	0.26362	97.7565
0.0063696	4.85	19.0587	2	-1	0.26367	97.6809
0.00636993	4.85	19.0469	3	-1	0.26369	97.6883
0.00643667	4.85	19.0554	4	-1	0.26373	97.7031
0.00643667	4.85	19.0552	1	-1	0.26374	97.7068
0.00650334	4.85	19.0517	2	-1	0.2638	97.6386
0.00650368	4.85	19.0395	3	-1	0.26382	97.646
0.00657047	4.85	19.0485	4	-1	0.26386	97.6608
0.00657048	4.85	19.0483	1	-1	0.26387	97.6645
0.00663721	4.85	19.0447	2	-1	0.26393	97.5892
0.00663755	4.85	19.0321	3	-1	0.26395	97.5966
0.00670441	4.85	19.0414	4	-1	0.26399	97.6114
0.00670441	4.85	19.0412	1	-1	0.264	97.6151
0.00677121	4.85	19.0376	2	-1	0.26406	97.5435
0.00677157	4.85	19.0247	3	-1	0.26408	97.5509
0.00683848	4.85	19.0345	4	-1	0.26412	97.5657
0.00683848	4.85	19.0343	1	-1	0.26413	97.5694
0.00690534	4.85	19.0306	2	-1	0.26419	97.4943
0.0069057	4.85	19.0175	3	-1	0.2642	97.498
0.00697267	4.85	19.0276	4	-1	0.26425	97.5164
0.00697268	4.85	19.0274	1	-1	0.26426	97.5201
0.00703959	4.85	19.0237	2	-1	0.26431	97.4451
0.00703997	4.85	19.0103	3	-1	0.26433	97.4524
0.007107	4.85	19.0205	4	-1	0.26437	97.4672
0.007107	4.85	19.0204	1	-1	0.26438	97.4709
0.00717398	4.85	19.0166	2	-1	0.26444	97.3996
0.00717436	4.85	19.0029	3	-1	0.26446	97.407
0.00724145	4.85	19.0136	4	-1	0.2645	97.4217
0.00724146	4.85	19.0134	1	-1	0.26451	97.4254
0.0073085	4.85	19.0097	2	-1	0.26457	97.3543
0.00730888	4.85	18.9958	3	-1	0.26458	97.358
0.00737604	4.85	19.0066	4	-1	0.26463	97.3764
0.00737605	4.85	19.0064	1	-1	0.26464	97.38
0.00744315	4.85	19.0028	2	-1	0.2647	97.309
0.00744354	4.85	18.9888	3	-1	0.26471	97.3127
0.00751075	4.85	18.9998	4	-1	0.26475	97.3274
0.00751075	4.85	18.9996	1	-1	0.26476	97.3311
0.00757792	4.85	18.9958	2	-1	0.26482	97.2602
0.00757832	4.85	18.9814	3	-1	0.26484	97.2675
0.00764559	4.85	18.9928	4	-1	0.26488	97.2822
0.0076456	4.85	18.9926	1	-1	0.26489	97.2859
0.00771283	4.85	18.9889	2	-1	0.26495	97.2151
0.00771324	4.85	18.9742	3	-1	0.26497	97.2224
0.00778056	4.85	18.986	4	-1	0.26501	97.2371
0.00778057	4.85	18.9858	1	-1	0.26502	97.2408
0.00784786	4.85	18.9819	2	-1	0.26508	97.1665
0.00784828	4.85	18.967	3	-1	0.26509	97.1702
0.00791567	4.85	18.9789	4	-1	0.26514	97.1885
0.00791567	4.85	18.9788	1	-1	0.26515	97.1922
0.00798303	4.85	18.975	2	-1	0.26521	97.1216
0.00798346	4.85	18.96	3	-1	0.26522	97.1253
0.0080509	4.85	18.9722	4	-1	0.26527	97.1436
0.00805091	4.85	18.972	1	-1	0.26528	97.1473
0.00811833	4.85	18.9681	2	-1	0.26534	97.0732
0.00811875	4.85	18.9531	3	-1	0.26534	97.0732
0.00818627	4.85	18.9652	4	-1	0.26539	97.0915
0.00818627	4.85	18.965	1	-1	0.2654	97.0952
0.00825376	4.85	18.961	2	-1	0.26547	97.0285
0.00825419	4.85	18.946	3	-1	0.26547	97.0285
0.00832176	4.85	18.9583	4	-1	0.26552	97.0468
0.00832177	4.85	18.9581	1	-1	0.26553	97.0504
0.00838932	4.85	18.9542	2	-1	0.26559	96.9802
0.00838975	4.85	18.9391	3	-1	0.2656	96.9839
0.00845739	4.85	18.9514	4	-1	0.26565	97.0021
0.00845739	4.85	18.9512	1	-1	0.26566	97.0058
0.00852501	4.85	18.9472	2	-1	0.26572	96.9321
0.00852544	4.85	18.932	3	-1	0.26573	96.9358
0.00859315	4.85	18.9446	4	-1	0.26578	96.954
0.00859315	4.85	18.9444	1	-1	0.26579	96.9576
0.00866082	4.85	18.9405	2	-1	0.26584	96.884
0.00866126	4.85	18.9249	3	-1	0.26586	96.8913
0.00872903	4.85	18.9377	4	-1	0.2659	96.9059
0.00872903	4.85	18.9375	1	-1	0.26591	96.9095
0.00879677	4.85	18.9335	2	-1	0.26597	96.8396
0.00879722	4.85	18.9178	3	-1	0.26598	96.8433
0.00886505	4.85	18.9307	4	-1	0.26603	96.8615
0.00886505	4.85	18.9305	1	-1	0.26604	96.8651
0.00893285	4.85	18.9267	2	-1	0.2661	96.7953
0.0089333	4.85	18.9108	3	-1	0.26611	96.799
0.00900119	4.85	18.924	4	-1	0.26616	96.8171
0.00900119	4.85	18.9238	1	-1	0.26617	96.8208
0.00906906	4.85	18.9198	2	-1	0.26623	96.7476
0.00906951	4.85	18.9038	3	-1	0.26624	96.7512
0.00913746	4.85	18.9171	4	-1	0.26628	96.7658
0.00913747	4.85	18.9169	1	-1	0.26629	96.7694
0.0092054	4.85	18.9128	2	-1	0.26636	96.7035
0.00920586	4.85	18.8966	3	-1	0.26637	96.7071
0.00927387	4.85	18.9102	4	-1	0.26641	96.7216
0.00927388	4.85	18.91	1	-1	0.26642	96.7252
0.00934187	4.85	18.9061	2	-1	0.26649	96.6594
0.00934234	4.85	18.8897	3	-1	0.26649	96.6594
0.00941041	4.85	18.9035	4	-1	0.26654	96.6775
0.00941041	4.85	18.9033	1	-1	0.26655	96.6812
0.00947847	4.85	18.8992	2	-1	0.26661	96.6083
0.00947894	4.85	18.8828	3	-1	0.26661	96.6083
0.00954708	4.85	18.8966	4	-1	0.26667	96.6301
0.00954708	4.85	18.8964	1	-1	0.26668	96.6337
0.00961521	4.85	18.8922	2	-1	0.26674	96.561
0.00961568	4.85	18.8758	3	-1	0.26675	96.5646
0.00968388	4.85	18.8897	4	-1	0.2668	96.5827
0.00968388	4.85	18.8895	1	-1	0.26681	96.5863
0.00975207	4.85	18.8855	2	-1	0.26687	96.5172
0.00975255	4.85	18.8689	3	-1	0.26687	96.5172
0.00982081	4.85	18.883	4	-1	0.26692	96.5353
0.00982081	4.85	18.8828	1	-1	0.26693	96.5389
0.00988906	4.85	18.8787	2	-1	0.26699	96.4699
0.00988954	4.85	18.8619	3	-1	0.267	96.4735
0.00995787	4.85	18.8761	4	-1	0.26705	96.4915
0.00995787	4.85	18.8759	1	-1	0.26706	96.4952
0.0100262	4.85	18.8718	2	-1	0.26712	96.4228
0.0100267	4.85	18.8549	3	-1	0.26713	96.4264
0.0100951	4.85	18.8692	4	-1	0.26718	96.4444
0.0100951	4.85	18.869	1	-1	0.26719	96.448
0.0101634	4.85	18.8648	2	-1	0.26725	96.3758
0.0101639	4.85	18.8478	3	-1	0.26726	96.3794
0.0102324	4.85	18.8625	4	-1	0.26731	96.3974
0.0102324	4.85	18.8623	1	-1	0.26732	96.401
0.0103008	4.85	18.8583	2	-1	0.26738	96.3323
0.0103013	4.85	18.8412	3	-1	0.26738	96.3323
0.0103698	4.85	18.8557	4	-1	0.26743	96.3503
0.0103698	4.85	18.8556	1	-1	0.26744	96.3539
0.0104383	4.85	18.8514	2	-1	0.2675	96.2854
0.0104388	4.85	18.8342	3	-1	0.26751	96.289
0.0105074	4.85	18.8489	4	-1	0.26756	96.307
0.0105074	4.85	18.8487	1	-1	0.26757	96.3106
0.010576	4.85	18.8445	2	-1	0.26763	96.2386
0.0105765	4.85	18.8272	3	-1	0.26764	96.2422
0.0106451	4.85	18.842	4	-1	0.26769	96.2602
0.0106451	4.85	18.8419	1	-1	0.2677	96.2638
0.0107138	4.85	18.8376	2	-1	0.26776	96.192
0.0107143	4.85	18.8202	3	-1	0.26777	96.1956
0.010783	4.85	18.8353	4	-1	0.26781	96.2099
0.010783	4.85	18.8352	1	-1	0.26782	96.2135
0.0108517	4.85	18.8311	2	-1	0.26788	96.1487
0.0108522	4.85	18.8135	3	-1	0.26789	96.1523
0.010921	4.85	18.8287	4	-1	0.26794	96.1703
0.010921	4.85	18.8285	1	-1	0.26795	96.1739
0.0109897	4.85	18.8243	2	-1	0.26801	96.1023
0.0109902	4.85	18.8065	3	-1	0.26802	96.1059
0.0110591	4.85	18.8219	4	-1	0.26807	96.1238
0.0110591	4.85	18.8217	1	-1	0.26808	96.1274
0.0111279	4.85	18.8175	2	-1	0.26814	96.0559
0.0111284	4.85	18.7996	3	-1	0.26815	96.0595
0.0111973	4.85	18.815	4	-1	0.26819	96.0738
0.0111973	4.85	18.8149	1	-1	0.2682	96.0774
0.0112662	4.85	18.8106	2	-1	0.26827	96.013
0.0112667	4.85	18.7927	3	-1	0.26827	96.013
0.0113357	4.85	18.8082	4	-1	0.26832	96.0309
0.0113357	4.85	18.8081	1	-1	0.26833	96.0345
0.0114047	4.85	18.8037	2	-1	0.2684	95.9668
0.0114052	4.85	18.7859	3	-1	0.2684	95.9668
0.0114742	4.85	18.8015	4	-1	0.26846	95.9883
0.0114742	4.85	18.8013	1	-1	0.26847	95.9918
0.0115432	4.85	18.7971	2	-1	0.26853	95.9207
0.0115437	4.85	18.7793	3	-1	0.26853	95.9207
0.0116128	4.85	18.795	4	-1	0.26858	95.9386
0.0116128	4.85	18.7948	1	-1	0.26859	95.9421
0.0116819	4.85	18.7905	2	-1	0.26865	95.8745
0.0116824	4.85	18.7727	3	-1	0.26865	95.8745
0.0117516	4.85	18.7883	4	-1	0.2687	95.8924
0.0117516	4.85	18.7881	1	-1	0.26871	95.8959
0.0118208	4.85	18.7838	2	-1	0.26878	95.832
0.0118213	4.85	18.766	3	-1	0.26878	95.832
0.0118905	4.85	18.7816	4	-1	0.26883	95.8498
0.0118905	4.85	18.7814	1	-1	0.26884	95.8534
0.0119597	4.85	18.777	2	-1	0.26891	95.7861
0.0119602	4.85	18.7594	3	-1	0.2689	95.7826
0.0120295	4.85	18.7748	4	-1	0.26896	95.8039
0.0120295	4.85	18.7747	1	-1	0.26897	95.8075
0.0120988	4.85	18.7703	2	-1	0.26904	95.7404
0.0120993	4.85	18.7529	3	-1	0.26903	95.7368
0.0121687	4.85	18.7681	4	-1	0.26909	95.7582
0.0121687	4.85	18.7679	1	-1	0.2691	95.7617
0.0122381	4.85	18.7635	2	-1	0.26916	95.6911
0.0122386	4.85	18.7462	3	-1	0.26916	95.6911
0.012308	4.85	18.7613	4	-1	0.26922	95.7125
0.012308	4.85	18.7612	1	-1	0.26923	95.716
0.0123774	4.85	18.7568	2	-1	0.26929	95.6455
0.0123779	4.85	18.7395	3	-1	0.26929	95.6455
0.0124474	4.85	18.7546	4	-1	0.26934	95.6633
0.0124474	4.85	18.7544	1	-1	0.26935	95.6668
0.0125169	4.85	18.7501	2	-1	0.26942	95.6034
0.0125174	4.85	18.7328	3	-1	0.26942	95.6034
0.012587	4.85	18.7479	4	-1	0.26947	95.6212
0.012587	4.85	18.7477	1	-1	0.26948	95.6247
0.0126565	4.85	18.7433	2	-1	0.26955	95.558
0.012657	4.85	18.7263	3	-1	0.26954	95.5545
0.0127267	4.85	18.7412	4	-1	0.2696	95.5757
0.0127267	4.85	18.741	1	-1	0.26961	95.5793
0.0127963	4.85	18.7367	2	-1	0.26968	95.5127
0.0127968	4.85	18.7198	3	-1	0.26967	95.5091
0.0128665	4.85	18.7345	4	-1	0.26973	95.5304
0.0128665	4.85	18.7344	1	-1	0.26974	95.5339
0.0129362	4.85	18.73	2	-1	0.2698	95.4639
0.0129367	4.85	18.7131	3	-1	0.2698	95.4639
0.0130065	4.85	18.7278	4	-1	0.26985	95.4816
0.0130065	4.85	18.7277	1	-1	0.26986	95.4851
0.0130762	4.85	18.7233	2	-1	0.26993	95.4221
0.0130767	4.85	18.7065	3	-1	0.26993	95.4221
0.0131465	4.85	18.7212	4	-1	0.26998	95.4398
0.0131465	4.85	18.721	1	-1	0.26999	95.4433
0.0132164	4.85	18.7166	2	-1	0.27006	95.377
0.0132169	4.85	18.7	3	-1	0.27005	95.3735
0.0132868	4.85	18.7146	4	-1	0.27011	95.3947
0.0132868	4.85	18.7144	1	-1	0.27012	95.3982
0.0133567	4.85	18.71	2	-1	0.27019	95.332
0.0133572	4.85	18.6935	3	-1	0.27018	95.3285
0.0134271	4.85	18.7079	4	-1	0.27024	95.3497
0.0134271	4.85	18.7078	1	-1	0.27025	95.3532
0.0134971	4.85	18.7034	2	-1	0.27031	95.2836
0.0134976	4.85	18.687	3	-1	0.27031	95.2836
0.0135676	4.85	18.7013	4	-1	0.27036	95.3012
0.0135676	4.85	18.7011	1	-1	0.27037	95.3047
0.0136377	4.85	18.6967	2	-1	0.27044	95.2421
0.0136381	4.85	18.6803	3	-1	0.27044	95.2421
0.0137082	4.85	18.6947	4	-1	0.27049	95.2597
0.0137082	4.85	18.6945	1	-1	0.2705	95.2633
0.0137783	4.85	18.6901	2	-1	0.27057	95.1974
0.0137788	4.85	18.6739	3	-1	0.27056	95.1939
0.013849	4.85	18.6881	4	-1	0.27062	95.215
0.013849	4.85	18.688	1	-1	0.27063	95.2185
0.0139192	4.85	18.6835	2	-1	0.2707	95.1527
0.0139196	4.85	18.6677	3	-1	0.27068	95.1457
0.0139899	4.85	18.6815	4	-1	0.27075	95.1703
0.0139899	4.85	18.6814	1	-1	0.27076	95.1738
0.0140601	4.85	18.677	2	-1	0.27082	95.1046
0.0140606	4.85	18.6614	3	-1	0.27081	95.1011
0.0141309	4.85	18.6749	4	-1	0.27087	95.1222
0.0141309	4.85	18.6748	1	-1	0.27088	95.1257
0.0142012	4.85	18.6705	2	-1	0.27094	95.06
0.0142017	4.85	18.6548	3	-1	0.27094	95.06
0.014272	4.85	18.6683	4	-1	0.27099	95.0775
0.014272	4.85	18.6682	1	-1	0.271	95.081
0.0143424	4.85	18.6639	2	-1	0.27107	95.0189
0.0143429	4.85	18.6483	3	-1	0.27107	95.0189
0.0144133	4.85	18.6618	4	-1	0.27112	95.0365
0.0144133	4.85	18.6617	1	-1	0.27113	95.04
0.0144838	4.85	18.6571	2	-1	0.2712	94.9713
0.0144842	4.85	18.6415	3	-1	0.2712	94.9713
0.0145547	4.85	18.655	4	-1	0.27125	94.9888
0.0145547	4.85	18.6548	1	-1	0.27126	94.9923
0.0146252	4.85	18.6504	2	-1	0.27133	94.9271
0.0146257	4.85	18.6348	3	-1	0.27133	94.9271
0.0146963	4.85	18.6484	4	-1	0.27138	94.9445
0.0146963	4.85	18.6482	1	-1	0.27139	94.948
0.0147669	4.85	18.6438	2	-1	0.27146	94.8829
0.0147673	4.85	18.6284	3	-1	0.27145	94.8794
0.014838	4.85	18.6419	4	-1	0.27151	94.9004
0.014838	4.85	18.6417	1	-1	0.27152	94.9039
0.0149086	4.85	18.6373	2	-1	0.27159	94.8388
0.0149091	4.85	18.6221	3	-1	0.27158	94.8354
0.0149798	4.85	18.6354	4	-1	0.27164	94.8563
0.0149798	4.85	18.6352	1	-1	0.27165	94.8598
0.0150505	4.85	18.6308	2	-1	0.27171	94.7914
0.015051	4.85	18.6158	3	-1	0.2717	94.7879
0.0151217	4.85	18.6288	4	-1	0.27176	94.8088
0.0151217	4.85	18.6287	1	-1	0.27177	94.8123
0.0151925	4.85	18.6244	2	-1	0.27184	94.7508
0.015193	4.85	18.6096	3	-1	0.27183	94.7473
0.0152638	4.85	18.6222	4	-1	0.27189	94.7682
0.0152638	4.85	18.622	1	-1	0.2719	94.7717
0.0153347	4.85	18.6175	2	-1	0.27197	94.7037
0.0153351	4.85	18.6029	3	-1	0.27196	94.7002
0.015406	4.85	18.6156	4	-1	0.27202	94.7211
0.015406	4.85	18.6154	1	-1	0.27203	94.7246
0.015477	4.85	18.611	2	-1	0.2721	94.6599
0.0154774	4.85	18.5966	3	-1	0.27209	94.6565
0.0155484	4.85	18.6091	4	-1	0.27215	94.6773
0.0155484	4.85	18.6089	1	-1	0.27216	94.6808
0.0156194	4.85	18.6045	2	-1	0.27222	94.6128
0.0156198	4.85	18.5901	3	-1	0.27222	94.6128
0.0156909	4.85	18.6026	4	-1	0.27227	94.6302
0.0156909	4.85	18.6024	1	-1	0.27228	94.6337
0.0157619	4.85	18.5981	2	-1	0.27235	94.5725
0.0157624	4.85	18.5839	3	-1	0.27234	94.5691
0.0158335	4.85	18.5961	4	-1	0.2724	94.5899
0.0158335	4.85	18.5959	1	-1	0.27241	94.5934
0.0159046	4.85	18.5914	2	-1	0.27248	94.5258
0.015905	4.85	18.5772	3	-1	0.27247	94.5223
0.0159762	4.85	18.5894	4	-1	0.27253	94.5431
0.0159762	4.85	18.5893	1	-1	0.27254	94.5466
0.0160474	4.85	18.5849	2	-1	0.27261	94.4824
0.0160479	4.85	18.5709	3	-1	0.2726	94.4789
0.0161191	4.85	18.5829	4	-1	0.27265	94.4962
0.0161191	4.85	18.5828	1	-1	0.27266	94.4997
0.0161904	4.85	18.5784	2	-1	0.27273	94.4389
0.0161908	4.85	18.5646	3	-1	0.27272	94.4354
0.0162621	4.85	18.5766	4	-1	0.27278	94.4562
0.0162621	4.85	18.5764	1	-1	0.27279	94.4596
0.0163335	4.85	18.5718	2	-1	0.27286	94.3924
0.0163339	4.85	18.5582	3	-1	0.27285	94.3889
0.0164053	4.85	18.5698	4	-1	0.27291	94.4097
0.0164053	4.85	18.5697	1	-1	0.27292	94.4131
0.0164767	4.85	18.5653	2	-1	0.27299	94.3492
0.0164771	4.85	18.5519	3	-1	0.27298	94.3458
0.0165486	4.85	18.5634	4	-1	0.27304	94.3665
0.0165486	4.85	18.5632	1	-1	0.27305	94.3699
0.01662	4.85	18.5589	2	-1	0.27311	94.3027
0.0166205	4.85	18.5455	3	-1	0.27311	94.3027
0.016692	4.85	18.557	4	-1	0.27316	94.3199
0.016692	4.85	18.5568	1	-1	0.27317	94.3234
0.0167635	4.85	18.5524	2	-1	0.27324	94.2597
0.0167639	4.85	18.5391	3	-1	0.27323	94.2562
0.0168355	4.85	18.5503	4	-1	0.27329	94.2769
0.0168355	4.85	18.5501	1	-1	0.2733	94.2804
0.0169071	4.85	18.5459	2	-1	0.27337	94.2168
0.0169076	4.85	18.5326	3	-1	0.27337	94.2168
0.0169792	4.85	18.5439	4	-1	0.27342	94.234
0.0169792	4.85	18.5437	1	-1	0.27343	94.2375
0.0170509	4.85	18.5395	2	-1	0.2735	94.174
0.0170513	4.85	18.5264	3	-1	0.27349	94.1705
0.017123	4.85	18.5376	4	-1	0.27354	94.1877
0.017123	4.85	18.5374	1	-1	0.27355	94.1912
0.0171948	4.85	18.5329	2	-1	0.27363	94.1312
0.0171952	4.85	18.5202	3	-1	0.27361	94.1243
0.017267	4.85	18.531	4	-1	0.27368	94.1484
0.017267	4.85	18.5309	1	-1	0.27369	94.1518
0.0173388	4.85	18.5265	2	-1	0.27375	94.0819
0.0173392	4.85	18.514	3	-1	0.27374	94.0784
0.0174111	4.85	18.5245	4	-1	0.2738	94.099
0.0174111	4.85	18.5244	1	-1	0.27381	94.1025
0.017483	4.85	18.5202	2	-1	0.27387	94.0391
0.0174834	4.85	18.5077	3	-1	0.27387	94.0391
0.0175553	4.85	18.518	4	-1	0.27392	94.0562
0.0175553	4.85	18.5178	1	-1	0.27393	94.0597
0.0176273	4.85	18.5135	2	-1	0.274	93.9966
0.0176277	4.85	18.501	3	-1	0.274	93.9966
0.0176997	4.85	18.5117	4	-1	0.27406	94.0172
0.0176997	4.85	18.5115	1	-1	0.27407	94.0206
0.0177717	4.85	18.5072	2	-1	0.27414	93.9543
0.0177721	4.85	18.495	3	-1	0.27412	93.9475
0.0178442	4.85	18.5051	4	-1	0.27418	93.9681
0.0178442	4.85	18.505	1	-1	0.27419	93.9715
0.0179163	4.85	18.5006	2	-1	0.27427	93.912
0.0179166	4.85	18.4888	3	-1	0.27425	93.9052
0.0179888	4.85	18.4987	4	-1	0.27431	93.9257
0.0179888	4.85	18.4986	1	-1	0.27432	93.9291
0.018061	4.85	18.4943	2	-1	0.27439	93.8663
0.0180613	4.85	18.4826	3	-1	0.27438	93.8629
0.0181335	4.85	18.4924	4	-1	0.27444	93.8834
0.0181336	4.85	18.4922	1	-1	0.27445	93.8868
0.0182058	4.85	18.4877	2	-1	0.27452	93.8209
0.0182062	4.85	18.4763	3	-1	0.2745	93.8141
0.0182785	4.85	18.4859	4	-1	0.27457	93.838
0.0182785	4.85	18.4857	1	-1	0.27458	93.8414
0.0183508	4.85	18.4815	2	-1	0.27465	93.7788
0.0183511	4.85	18.4704	3	-1	0.27463	93.772
0.0184235	4.85	18.4794	4	-1	0.27469	93.7925
0.0184235	4.85	18.4793	1	-1	0.2747	93.7959
0.0184959	4.85	18.475	2	-1	0.27477	93.7334
0.0184962	4.85	18.4639	3	-1	0.27476	93.73
0.0185686	4.85	18.473	4	-1	0.27482	93.7504
0.0185687	4.85	18.4728	1	-1	0.27483	93.7538
0.0186411	4.85	18.4687	2	-1	0.2749	93.6914
0.0186415	4.85	18.4577	3	-1	0.27489	93.688
0.018714	4.85	18.4666	4	-1	0.27495	93.7085
0.018714	4.85	18.4664	1	-1	0.27496	93.7119
0.0187865	4.85	18.4621	2	-1	0.27503	93.6464
0.0187868	4.85	18.4515	3	-1	0.27501	93.6396
0.0188594	4.85	18.4602	4	-1	0.27508	93.6634
0.0188594	4.85	18.4601	1	-1	0.27509	93.6668
0.018932	4.85	18.456	2	-1	0.27516	93.6046
0.0189323	4.85	18.4457	3	-1	0.27514	93.5978
0.019005	4.85	18.4538	4	-1	0.2752	93.6182
0.019005	4.85	18.4536	1	-1	0.27521	93.6216
0.0190776	4.85	18.4494	2	-1	0.27528	93.5595
0.019078	4.85	18.4393	3	-1	0.27527	93.5561
0.0191507	4.85	18.4475	4	-1	0.27533	93.5765
0.0191507	4.85	18.4473	1	-1	0.27534	93.5799
0.0192234	4.85	18.443	2	-1	0.27541	93.5147
0.0192237	4.85	18.433	3	-1	0.2754	93.5113
0.0192965	4.85	18.4409	4	-1	0.27546	93.5316
0.0192965	4.85	18.4408	1	-1	0.27547	93.535
0.0193693	4.85	18.4368	2	-1	0.27554	93.4731
0.0193696	4.85	18.427	3	-1	0.27553	93.4697
0.0194425	4.85	18.4347	4	-1	0.27558	93.4867
0.0194425	4.85	18.4345	1	-1	0.27559	93.4901
0.0195154	4.85	18.4304	2	-1	0.27566	93.4282
0.0195157	4.85	18.4207	3	-1	0.27565	93.4248
0.0195886	4.85	18.4282	4	-1	0.27571	93.4452
0.0195886	4.85	18.4281	1	-1	0.27572	93.4486
0.0196616	4.85	18.4241	2	-1	0.27579	93.3868
0.0196619	4.85	18.4146	3	-1	0.27578	93.3834
0.0197349	4.85	18.4219	4	-1	0.27584	93.4038
0.0197349	4.85	18.4217	1	-1	0.27585	93.4072
0.0198079	4.85	18.4176	2	-1	0.27592	93.3424
0.0198082	4.85	18.4083	3	-1	0.27591	93.339
0.0198812	4.85	18.4156	4	-1	0.27597	93.3593
0.0198812	4.85	18.4155	1	-1	0.27598	93.3627
0.0199543	4.85	18.4112	2	-1	0.27605	93.298
0.0199546	4.85	18.4023	3	-1	0.27603	93.2912
0.0200278	4.85	18.4091	4	-1	0.27609	93.3115
0.0200278	4.85	18.4089	1	-1	0.2761	93.3149
0.0201009	4.85	18.405	2	-1	0.27617	93.2566
0.0201012	4.85	18.3961	3	-1	0.27617	93.2566
0.0201744	4.85	18.4027	4	-1	0.27622	93.2735
0.0201744	4.85	18.4026	1	-1	0.27623	93.2768
0.0202477	4.85	18.3985	2	-1	0.2763	93.2123
0.0202479	4.85	18.3897	3	-1	0.27629	93.209
0.0203212	4.85	18.3966	4	-1	0.27635	93.2292
0.0203212	4.85	18.3965	1	-1	0.27636	93.2326
0.0203945	4.85	18.3921	2	-1	0.27644	93.1716
0.0203948	4.85	18.3839	3	-1	0.27641	93.1614
0.0204681	4.85	18.3902	4	-1	0.27648	93.185
0.0204681	4.85	18.39	1	-1	0.27649	93.1884
0.0205415	4.85	18.3861	2	-1	0.27656	93.1273
0.0205418	4.85	18.3781	3	-1	0.27654	93.1205
0.0206152	4.85	18.3837	4	-1	0.2766	93.1407
0.0206152	4.85	18.3836	1	-1	0.27661	93.1441
0.0206887	4.85	18.3797	2	-1	0.27668	93.083
0.0206889	4.85	18.3717	3	-1	0.27668	93.083
0.0207624	4.85	18.3776	4	-1	0.27673	93.0999
0.0207624	4.85	18.3775	1	-1	0.27674	93.1032
0.0208359	4.85	18.3733	2	-1	0.27682	93.0425
0.0208362	4.85	18.3658	3	-1	0.27679	93.0324
0.0209097	4.85	18.3713	1	-1	0.27687	93.0593
0.0209097	4.85	18.3713	4	-1	0.27687	93.0593
0.0209833	4.85	18.3671	2	-1	0.27694	92.9953
0.0209836	4.85	18.3599	3	-1	0.27692	92.9886
0.0210572	4.85	18.3648	4	-1	0.27699	93.0121
0.0210572	4.85	18.3646	1	-1	0.277	93.0154
0.0211309	4.85	18.361	2	-1	0.27706	92.9513
0.0211311	4.85	18.3538	3	-1	0.27706	92.9513
0.0212048	4.85	18.3583	4	-1	0.2771	92.9647
0.0212048	4.85	18.3581	1	-1	0.27711	92.9681
0.0212786	4.85	18.3545	2	-1	0.27719	92.9139
0.0212788	4.85	18.3473	3	-1	0.27719	92.9139
0.0213525	4.85	18.3524	4	-1	0.27724	92.9306
0.0213526	4.85	18.3522	1	-1	0.27725	92.934
0.0214264	4.85	18.348	2	-1	0.27734	92.8739
0.0214266	4.85	18.3415	3	-1	0.2773	92.8605
0.0215004	4.85	18.3462	1	-1	0.27736	92.8806
0.0215004	4.85	18.3458	4	-1	0.27739	92.8906
0.0215743	4.85	18.3419	2	-1	0.27747	92.8366
0.0215745	4.85	18.3361	3	-1	0.27742	92.8199
0.0216484	4.85	18.3398	1	-1	0.2775	92.8466
0.0216485	4.85	18.3392	4	-1	0.27751	92.85
0.0217224	4.85	18.3359	2	-1	0.27758	92.7865
0.0217226	4.85	18.3306	3	-1	0.27755	92.7764
0.0217966	4.85	18.3335	1	-1	0.27763	92.8032
0.0217966	4.85	18.3329	4	-1	0.27763	92.8032
0.0218707	4.85	18.3296	2	-1	0.27771	92.7431
0.0218708	4.85	18.3248	3	-1	0.27768	92.7331
0.0219449	4.85	18.3272	1	-1	0.27775	92.7565
0.0219449	4.85	18.3264	4	-1	0.27776	92.7598
0.022019	4.85	18.3233	2	-1	0.27785	92.7063
0.0220192	4.85	18.3192	3	-1	0.2778	92.6896
0.0220933	4.85	18.321	1	-1	0.27787	92.713
0.0220933	4.85	18.3198	4	-1	0.2779	92.723
0.0221675	4.85	18.317	2	-1	0.27798	92.6662
0.0221676	4.85	18.3137	3	-1	0.27792	92.6462
0.0222418	4.85	18.3147	1	-1	0.27799	92.6695
0.0222419	4.85	18.3129	4	-1	0.27803	92.6828
0.0223162	4.85	18.3109	2	-1	0.27811	92.6261
0.0223162	4.85	18.3085	3	-1	0.27805	92.6062
0.0223905	4.85	18.3083	1	-1	0.27813	92.6328
0.0223906	4.85	18.3062	4	-1	0.27815	92.6395
0.0224649	4.85	18.3048	2	-1	0.27822	92.5734
0.022465	4.85	18.303	3	-1	0.27818	92.5601
0.0225394	4.85	18.3019	1	-1	0.27827	92.59
0.0225394	4.85	18.2998	4	-1	0.27827	92.59
0.0226138	4.85	18.2987	2	-1	0.27834	92.524
0.0226139	4.85	18.2972	3	-1	0.27832	92.5174
0.0226883	4.85	18.2955	1	-1	0.27841	92.5473
0.0226884	4.85	18.2937	4	-1	0.27839	92.5406
0.0227629	4.85	18.2928	2	-1	0.27846	92.4778
0.0227629	4.85	18.2913	3	-1	0.27846	92.4778
0.0228375	4.85	18.2893	1	-1	0.27854	92.5044
0.0228375	4.85	18.2881	4	-1	0.2785	92.4911
0.0229121	4.85	18.2865	2	-1	0.27859	92.4351
0.0229121	4.85	18.285	3	-1	0.27859	92.4351
0.0229867	4.85	18.2833	1	-1	0.27865	92.455
0.0229867	4.85	18.2823	4	-1	0.27864	92.4516
0.0230614	4.85	18.2799	2	-1	0.27874	92.4051
0.0230614	4.85	18.2791	3	-1	0.2787	92.3918
0.0231361	4.85	18.2774	1	-1	0.27875	92.4084
0.0231361	4.85	18.2756	4	-1	0.2788	92.425
0.0232109	4.85	18.2734	3	-1	0.2788	92.3485
0.0232109	4.85	18.2733	2	-1	0.27887	92.3716
0.0232856	4.85	18.271	1	-1	0.27887	92.3716
0.0232857	4.85	18.2681	4	-1	0.27895	92.3981
0.0233604	4.85	18.267	3	-1	0.27892	92.3057
0.0233604	4.85	18.2668	2	-1	0.27893	92.309
0.0234352	4.85	18.2641	1	-1	0.27901	92.3354
0.0234353	4.85	18.2602	4	-1	0.27907	92.3553
0.0235101	4.85	18.2616	3	-1	0.27908	92.2701
0.0235101	4.85	18.2615	2	-1	0.27909	92.2734
0.023585	4.85	18.2572	1	-1	0.27921	92.313
0.0235851	4.85	18.2545	4	-1	0.27913	92.2866
0.02366	4.85	18.256	2	-1	0.27918	92.1964
0.02366	4.85	18.2546	3	-1	0.27927	92.2261
0.023735	4.85	18.2512	1	-1	0.27936	92.2559
0.023735	4.85	18.2506	4	-1	0.27922	92.2096
0.02381	4.85	18.2494	2	-1	0.27931	92.1481
0.0238101	4.85	18.2466	3	-1	0.27941	92.1811
0.0238851	4.85	18.2456	4	-1	0.27937	92.1679
0.0238851	4.85	18.2455	1	-1	0.27942	92.1844
0.0239601	4.85	18.2422	2	-1	0.27949	92.1436
0.0239602	4.85	18.2395	3	-1	0.27948	92.1403
0.0240353	4.85	18.2403	1	-1	0.27952	92.1535
0.0240353	4.85	18.2395	4	-1	0.27957	92.17
0.0241104	4.85	18.2357	2	-1	0.27968	92.1303
0.0241105	4.85	18.235	3	-1	0.27955	92.0875
0.0241856	4.85	18.2343	1	-1	0.27961	92.1073
0.0241857	4.85	18.2316	4	-1	0.27974	92.1501
0.0242608	4.85	18.2294	3	-1	0.27966	92.051
0.0242608	4.85	18.2293	2	-1	0.27972	92.0707
0.024336	4.85	18.2271	1	-1	0.27976	92.0839
0.0243362	4.85	18.2231	4	-1	0.27985	92.1135
0.0244114	4.85	18.2244	3	-1	0.27984	92.0193
0.0244114	4.85	18.2242	2	-1	0.27985	92.0226
0.0244867	4.85	18.2199	1	-1	0.27998	92.0654
0.0244868	4.85	18.2171	4	-1	0.2799	92.0391
0.024562	4.85	18.2191	2	-1	0.27992	91.9338
0.0245621	4.85	18.2172	3	-1	0.28005	91.9765
0.0246375	4.85	18.2137	4	-1	0.27996	91.9469
0.0246375	4.85	18.2135	1	-1	0.28016	92.0126
0.0247128	4.85	18.2126	2	-1	0.28003	91.8703
0.024713	4.85	18.2081	3	-1	0.28021	91.9294
0.0247883	4.85	18.2076	4	-1	0.28009	91.89
0.0247883	4.85	18.2074	1	-1	0.2801	91.8933
0.0248638	4.85	18.2046	2	-1	0.28023	91.9058
0.024864	4.85	18.1991	3	-1	0.2803	91.9288
0.0249393	4.85	18.2035	1	-1	0.28028	91.9222
0.0249394	4.85	18.2029	4	-1	0.28032	91.9353
0.0250149	4.85	18.197	2	-1	0.28051	91.8982
0.025015	4.85	18.1949	3	-1	0.28027	91.8196
0.0250904	4.85	18.1985	1	-1	0.28026	91.8163
0.0250906	4.85	18.193	4	-1	0.2806	91.9277
0.0251661	4.85	18.1898	3	-1	0.28028	91.7837
0.0251661	4.85	18.1896	2	-1	0.28043	91.8329
0.0252417	4.85	18.1899	1	-1	0.28043	91.8329
0.025242	4.85	18.1795	4	-1	0.28076	91.9409
0.0253175	4.85	18.1873	2	-1	0.28056	91.7793
0.0253932	4.85	18.1792	1	-1	0.28088	91.8839
0.0253934	4.85	18.1733	4	-1	0.28058	91.7858
0.0255448	4.85	18.1694	1	-1	0.28078	91.6713
0.0256203	4.85	18.1759	2	-1	0.28046	91.5519
0.0256963	4.85	18.1685	1	-1	0.28063	91.6074
0.0257728	4.85	18.1404	3	-1	0.281	91.7281
0.0260757	4.85	18.1397	2	-1	0.28007	91.5501
0.0266078	4.85	18.1441	1	-1	0.28101	92.0861
0.0269895	4.85	18.1073	2	-1	0.28019	91.8144
0.0280633	4.85	18.0879	2	-1	0.28253	91.1446
0.0282899	4.85	18.0216	1	-1	0.28347	91.0191
0.0283713	4.85	18.0629	2	-1	0.28324	90.8461
0.0283715	4.85	18.0578	3	-1	0.28307	90.7916
0.0284441	4.85	18.0237	1	-1	0.28317	90.8237
0.0284521	4.85	17.8061	4	-1	0.28322	90.8397
0.0285255	4.85	18.0566	3	-1	0.28278	90.7422
0.0285255	4.85	18.0565	2	-1	0.28315	90.861
0.0285983	4.85	18.0197	1	-1	0.28306	90.8321
0.0286065	4.85	17.7964	4	-1	0.28351	90.9765
0.0286797	4.85	18.0519	2	-1	0.28291	90.7694
0.028761	4.85	17.7843	4	-1	0.28344	90.9394
0.0288343	4.85	18.0443	3	-1	0.28359	90.804
0.029063	4.85	17.9858	1	-1	0.28467	90.8821
0.0291432	4.85	18.0269	2	-1	0.28342	90.3331
0.0292183	4.85	17.987	1	-1	0.28464	90.7219
0.0292981	4.85	18.0184	2	-1	0.28376	90.404
0.0293736	4.85	17.9878	1	-1	0.28451	90.6429
0.0294532	4.85	18.012	2	-1	0.284	90.4747
0.0294547	4.85	17.9716	3	-1	0.28417	90.5288
0.029529	4.85	17.9856	1	-1	0.28451	90.6371
0.0296085	4.85	18.0067	2	-1	0.28412	90.4668
0.02961	4.85	17.9648	3	-1	0.28424	90.505
0.0296845	4.85	17.9807	1	-1	0.28468	90.6451
0.0297638	4.85	18.0013	2	-1	0.28414	90.3811
0.0297654	4.85	17.9551	3	-1	0.28446	90.4829
0.0298403	4.85	17.9751	1	-1	0.28493	90.6324
0.0299192	4.85	17.9952	2	-1	0.28414	90.2634
0.0299962	4.85	17.9706	1	-1	0.28518	90.5937
0.0300746	4.85	17.9883	2	-1	0.28417	90.1555
0.0301523	4.85	17.9679	1	-1	0.28536	90.533
0.0302302	4.85	17.981	2	-1	0.28426	90.0897
0.0303086	4.85	17.9666	1	-1	0.28546	90.47
0.030386	4.85	17.9734	2	-1	0.28439	90.0567
0.0304649	4.85	17.9656	1	-1	0.2855	90.4082
0.0305419	4.85	17.9657	2	-1	0.28457	90.0595
0.0306213	4.85	17.9644	1	-1	0.28553	90.3633
0.030698	4.85	17.9581	2	-1	0.28476	90.0655
0.0307778	4.85	17.9625	1	-1	0.28556	90.3185
0.0308543	4.85	17.9506	2	-1	0.28495	90.0714
0.0308583	4.85	17.8403	3	-1	0.28539	90.2105
0.0309345	4.85	17.9596	1	-1	0.28561	90.2801
0.0310107	4.85	17.9436	2	-1	0.28512	90.0682
0.0310149	4.85	17.8287	3	-1	0.28548	90.182
0.0310912	4.85	17.956	1	-1	0.28569	90.2483
0.0311672	4.85	17.9368	2	-1	0.28527	90.0473
0.0311717	4.85	17.8178	3	-1	0.28559	90.1484
0.031248	4.85	17.9524	1	-1	0.28577	90.2052
0.031324	4.85	17.9297	2	-1	0.28545	90.036
0.0313285	4.85	17.8079	3	-1	0.28568	90.1085
0.0314048	4.85	17.9463	4	-1	0.28529	89.9855
0.0314048	4.85	17.9461	1	-1	0.28543	90.0296
0.0314809	4.85	17.9197	2	-1	0.28574	90.1786
0.0314855	4.85	17.798	3	-1	0.28575	90.1818
0.0315618	4.85	17.9445	4	-1	0.28569	90.1628
0.0315618	4.85	17.9444	1	-1	0.2857	90.166
0.0316383	4.85	17.9079	2	-1	0.28633	90.2452
0.0317187	4.85	17.9403	1	-1	0.28537	89.9426
0.0318756	4.85	17.932	1	-1	0.28522	89.9436
0.0319538	4.85	17.8984	2	-1	0.28717	90.5556
0.0320327	4.85	17.9205	1	-1	0.28543	90.0069
0.0321117	4.85	17.904	2	-1	0.28696	90.3868
0.0322709	4.85	17.87	3	-1	0.2862	89.918
0.0327417	4.85	17.881	2	-1	0.28587	89.5807
0.0328224	4.85	17.9019	1	-1	0.28643	89.7562
0.0332155	4.85	17.7993	2	-1	0.28137	89.106
0.0336084	4.85	17.5899	1	-1	0.28052	87.0045
0.0339858	4.85	17.6918	2	-1	0.27589	128.963
0.0342185	4.85	16.6167	3	-1	0.06144	18.2591
0.0351817	4.85	16.3858	3	-1	0.07489	42.3682
0.0353411	4.85	18.2703	3	-1	0.28675	82.7132
0.0353411	4.85	18.2703	4	-1	0.28676	82.716
0.035689	4.85	16.5468	2	-1	0.31421	100.612
0.0361036	4.85	15.9674	3	-1	0.03138	8.84542
0.036268	4.85	18.0473	4	-1	0.29595	82.149
0.036524	4.85	17.175	1	-1	0.28331	156.976
0.0366277	4.85	17.711	4	-1	0.17296	54.0737
0.0368944	4.85	16.9655	1	-1	0.31459	167.808
0.037682	4.85	16.9409	1	-1	0.28726	176.33
0.0377911	4.85	17.6578	4	-1	0.18261	56.1929
