0.0010247	46.85	109.997	4	-1	0.04889	4840.59
0.0010357	46.85	116.226	3	-1	0.04557	91.2861
0.0010465	46.85	121.817	4	-1	0.04301	86.1579
0.00105654	46.85	126.566	3	-1	0.04107	93.2138
0.00106656	46.85	130.926	1	-1	0.03947	89.5824
0.00107597	46.85	134.689	3	-1	0.03818	94.1786
0.00108544	46.85	138.197	4	-1	0.03707	91.4406
0.0010944	46.85	141.255	3	-1	0.03616	94.7589
0.00110347	46.85	144.132	4	-1	0.03534	92.6101
0.0011121	46.85	146.659	3	-1	0.03466	95.0892
0.00112087	46.85	149.053	4	-1	0.03404	93.3882
