0.00101382	42.65	94.0067	3	-1	0.02792	2764.36
0.0010269	42.65	101.373	4	-1	0.05333	5280.2
0.00103881	42.65	107.41	3	-1	0.04947	91.0044
0.00105046	42.65	112.759	4	-1	0.04656	85.6512
0.0010613	42.65	117.281	3	-1	0.04439	93.2171
0.00107207	42.65	121.388	4	-1	0.0426	89.4582
0.00108222	42.65	124.925	3	-1	0.04119	94.2995
0.00109239	42.65	128.186	4	-1	0.03998	91.5293
0.00110206	42.65	131.026	3	-1	0.03899	94.9124
0.0011118	42.65	133.671	4	-1	0.03811	92.7702
0.00112111	42.65	135.993	3	-1	0.03738	95.2842
0.00113053	42.65	138.172	4	-1	0.03672	93.6018
0.00113957	42.65	140.093	3	-1	0.03615	95.4834
0.00114874	42.65	141.907	4	-1	0.03564	94.1363
0.00115756	42.65	143.515	3	-1	0.0352	95.6782
0.00116653	42.65	145.04	4	-1	0.03479	94.5637
0.00117518	42.65	146.393	3	-1	0.03443	95.7453
0.00118399	42.65	147.681	4	-1	0.0341	94.8276
