0.00102816	40.55	97.0455	4	-1	0.05587	5531.68
0.00104059	40.55	102.974	3	-1	0.05169	90.8436
0.00105271	40.55	108.188	1	-1	0.04858	85.3779
0.00106401	40.55	112.587	3	-1	0.04626	93.191
0.00107521	40.55	116.562	4	-1	0.04439	89.4239
0.00108578	40.55	119.976	3	-1	0.0429	94.3479
0.00109636	40.55	123.11	4	-1	0.04164	91.5769
0.00110642	40.55	125.832	3	-1	0.0406	94.993
0.00111655	40.55	128.359	4	-1	0.03969	92.8638
0.00112623	40.55	130.571	3	-1	0.03893	95.3933
0.00113604	40.55	132.64	4	-1	0.03825	93.727
0.00114544	40.55	134.459	3	-1	0.03767	95.6334
0.00115498	40.55	136.173	4	-1	0.03714	94.2879
0.00116417	40.55	137.683	3	-1	0.03668	95.7702
0.00117351	40.55	139.116	4	-1	0.03627	94.6997
0.00118252	40.55	140.378	3	-1	0.0359	95.8611
0.0011917	40.55	141.582	4	-1	0.03557	94.98
0.00120057	40.55	142.643	3	-1	0.03528	95.9478
0.00120962	40.55	143.658	4	-1	0.035	95.1863
0.00121837	40.55	144.554	3	-1	0.03476	95.9691
0.00122732	40.55	145.417	4	-1	0.03454	95.3617
0.00123598	40.55	146.177	3	-1	0.03434	96.0022
0.00124484	40.55	146.911	4	-1	0.03416	95.499
0.00125342	40.55	147.554	3	-1	0.03399	95.9898
