0.00102772	41.25	98.4903	4	-1	0.055	5445.54
0.00103999	41.25	104.454	3	-1	0.05093	90.8977
0.00105194	41.25	109.714	4	-1	0.04788	85.4542
0.00106309	41.25	114.157	3	-1	0.04562	93.2162
0.00107413	41.25	118.174	1	-1	0.04378	89.4565
0.00108456	41.25	121.629	3	-1	0.04231	94.3156
0.001095	41.25	124.807	4	-1	0.04107	91.5515
0.00110493	41.25	127.569	3	-1	0.04005	94.9727
0.00111492	41.25	130.136	4	-1	0.03915	92.8385
0.00112448	41.25	132.385	3	-1	0.0384	95.3563
0.00113415	41.25	134.491	4	-1	0.03772	93.6677
0.00114343	41.25	136.344	3	-1	0.03714	95.5739
0.00115284	41.25	138.092	4	-1	0.03662	94.2357
0.0011619	41.25	139.634	3	-1	0.03617	95.7385
0.00117111	41.25	141.097	4	-1	0.03576	94.6533
0.00118	41.25	142.389	3	-1	0.0354	95.8311
0.00118906	41.25	143.62	4	-1	0.03507	94.9377
0.0011978	41.25	144.711	3	-1	0.03477	95.8908
0.00120672	41.25	145.755	4	-1	0.0345	95.1462
0.00121535	41.25	146.677	3	-1	0.03426	95.9395
0.00122417	41.25	147.563	4	-1	0.03404	95.3234
