0.0010133	44.4	97.5284	3	-1	0.02687	2660.4
0.00102593	44.4	104.97	4	-1	0.05138	5087.13
0.00103745	44.4	111.09	3	-1	0.04776	91.1276
0.00104872	44.4	116.544	4	-1	0.04501	85.8806
0.00105922	44.4	121.167	3	-1	0.04294	93.2262
0.00106965	44.4	125.382	4	-1	0.04123	89.5137
0.00107948	44.4	129.017	3	-1	0.03988	94.2567
0.00108935	44.4	132.38	4	-1	0.03871	91.4914
0.00109871	44.4	135.317	3	-1	0.03775	94.8492
0.00110815	44.4	138.059	4	-1	0.0369	92.7136
0.00111717	44.4	140.472	3	-1	0.03619	95.2118
0.00112629	44.4	142.74	4	-1	0.03554	93.5017
0.00113504	44.4	144.747	3	-1	0.03499	95.4186
0.00114393	44.4	146.644	4	-1	0.03449	94.0551
0.00115246	44.4	148.328	3	-1	0.03406	95.5668
