0.0010273	41.95	99.9318	4	-1	0.05415	5361.39
0.00103939	41.95	105.934	3	-1	0.05019	90.9569
0.00105118	41.95	111.239	4	-1	0.04721	85.5564
0.00106218	41.95	115.721	3	-1	0.04499	93.2049
0.00107308	41.95	119.785	4	-1	0.04318	89.4551
0.00108337	41.95	123.281	3	-1	0.04175	94.329
0.00109367	41.95	126.501	4	-1	0.04052	91.5499
0.00110347	41.95	129.301	3	-1	0.03951	94.9303
0.00111334	41.95	131.908	4	-1	0.03862	92.7919
0.00112277	41.95	134.193	3	-1	0.03788	95.3196
0.00113231	41.95	136.336	4	-1	0.03721	93.6336
0.00114147	41.95	138.223	3	-1	0.03664	95.5411
0.00115075	41.95	140.004	4	-1	0.03612	94.1851
0.0011597	41.95	141.578	3	-1	0.03568	95.7082
0.00116879	41.95	143.071	4	-1	0.03527	94.6084
0.00117756	41.95	144.395	3	-1	0.03491	95.8013
0.00118648	41.95	145.656	4	-1	0.03458	94.8957
0.00119511	41.95	146.774	3	-1	0.03429	95.8625
0.00120391	41.95	147.842	4	-1	0.03402	95.1076
