0.0010135	43.7	96.1199	3	-1	0.02728	2700.99
0.00102631	43.7	103.534	4	-1	0.05215	5163.37
0.00103798	43.7	109.62	3	-1	0.04843	91.0681
0.0010494	43.7	115.032	4	-1	0.04561	85.7653
0.00106003	43.7	119.615	3	-1	0.0435	93.2276
0.0010706	43.7	123.787	4	-1	0.04177	89.5199
0.00108055	43.7	127.383	3	-1	0.04039	94.259
0.00109054	43.7	130.706	4	-1	0.03921	91.5053
0.00110002	43.7	133.601	3	-1	0.03824	94.8648
0.00110959	43.7	136.307	4	-1	0.03738	92.7313
0.00111871	43.7	138.679	3	-1	0.03665	95.1948
0.00112796	43.7	140.917	4	-1	0.036	93.5065
0.00113681	43.7	142.887	3	-1	0.03545	95.4754
0.00114582	43.7	144.755	4	-1	0.03494	94.1018
0.00115445	43.7	146.406	3	-1	0.0345	95.5943
0.00116327	43.7	147.979	4	-1	0.0341	94.486
