0.012956	4	10.5528	2	-1	0.25912	182.801
0.022038	4	11.2967	3	-1	0.44076	310.942
0.0302345	4	11.5896	1	-1	0.46294	326.589
0.034906	4	11.7117	4	-1	0.439	309.7
0.0446	4	11.1516	2	-1	0.4462	74.3778
0.050106	4	11.3897	3	-1	0.39743	66.2483
0.055157	4	10.8312	1	-1	0.36148	60.2557
0.069273	4	11.1518	4	-1	0.49346	82.2557
0.073753	4	10.5216	2	-1	0.46859	65.8067
0.0790575	4	10.8473	3	-1	0.47801	67.1296
0.082334	4	16.0459	1	-1	0.19295	27.0971
0.085488	4	14.8855	4	-1	0.2347	32.9602
0.0879355	4	14.0178	2	-1	0.11204	42.9585
0.0881975	4	13.9274	4	-1	0.00524	2.00913
0.0898055	4	13.1613	1	-1	0.08157	31.2756
0.094612	4	16.2844	2	-1	0.12829	72.1947
0.094612	4	16.2844	3	-1	0.24556	138.188
