0.00101361	43.35	95.4156	3	-1	0.02749	2721.78
0.0010265	43.35	102.812	4	-1	0.05253	5200.99
0.00103825	43.35	108.883	3	-1	0.04877	91.0568
0.00104975	43.35	114.273	1	-1	0.04593	85.7543
0.00106044	43.35	118.834	3	-1	0.04379	93.19
0.00107109	43.35	122.986	1	-1	0.04205	89.4871
0.0010811	43.35	126.561	3	-1	0.04066	94.2731
0.00109115	43.35	129.865	4	-1	0.03946	91.4908
0.00110069	43.35	132.741	3	-1	0.03848	94.8718
0.00111032	43.35	135.428	4	-1	0.03762	92.7515
0.0011195	43.35	137.783	3	-1	0.03689	95.2246
0.00112881	43.35	140	4	-1	0.03624	93.5467
0.00113772	43.35	141.956	3	-1	0.03568	95.4777
0.00114678	43.35	143.807	4	-1	0.03517	94.1129
0.00115547	43.35	145.444	3	-1	0.03473	95.6222
0.00116434	43.35	147.001	4	-1	0.03433	94.5209
0.00117286	43.35	148.38	3	-1	0.03397	95.6901
