0.0010267	43	102.094	4	-1	0.05293	5240.59
0.00103854	43	108.147	3	-1	0.04912	91.0304
0.0010501	43	113.517	4	-1	0.04624	85.6931
0.00106088	43	118.06	3	-1	0.04409	93.2135
0.00107157	43	122.189	4	-1	0.04232	89.4715
0.00108166	43	125.746	3	-1	0.04092	94.2857
0.00109177	43	129.027	4	-1	0.03972	91.5207
0.00110137	43	131.886	3	-1	0.03873	94.88
0.00111105	43	134.551	4	-1	0.03786	92.7487
0.0011203	43	136.889	3	-1	0.03713	95.254
0.00112967	43	139.087	4	-1	0.03648	93.5865
0.00113864	43	141.023	3	-1	0.03592	95.4811
0.00114775	43	142.859	4	-1	0.0354	94.0989
0.00115651	43	144.479	3	-1	0.03496	95.6498
0.00116543	43	146.021	1	-1	0.03456	94.5554
0.00117401	43	147.384	3	-1	0.0342	95.7179
0.00118277	43	148.689	4	-1	0.03387	94.7943
