0.00102838	40.2	96.3238	4	-1	0.05632	5576.24
0.00104091	40.2	102.232	3	-1	0.05208	90.8108
0.00105311	40.2	107.425	4	-1	0.04893	85.3182
0.00106449	40.2	111.803	3	-1	0.04659	93.1986
0.00107576	40.2	115.754	4	-1	0.0447	89.4179
0.0010864	40.2	119.147	3	-1	0.0432	94.3644
0.00109705	40.2	122.259	4	-1	0.04193	91.5902
0.00110718	40.2	124.961	3	-1	0.04088	95.0035
0.00111738	40.2	127.468	4	-1	0.03997	92.8887
0.00112713	40.2	129.661	3	-1	0.0392	95.4003
0.001137	40.2	131.71	1	-1	0.03852	93.7454
0.00114647	40.2	133.512	3	-1	0.03793	95.6379
0.00115608	40.2	135.209	4	-1	0.0374	94.3016
0.00116533	40.2	136.703	3	-1	0.03695	95.8247
0.00117474	40.2	138.12	4	-1	0.03653	94.7355
0.0011838	40.2	139.368	3	-1	0.03616	95.8897
0.00119305	40.2	140.557	4	-1	0.03583	95.0146
0.00120198	40.2	141.605	3	-1	0.03553	95.9492
0.0012111	40.2	142.608	4	-1	0.03526	95.2201
0.00121991	40.2	143.492	3	-1	0.03502	95.9978
0.00122893	40.2	144.341	4	-1	0.0348	95.3947
0.00123765	40.2	145.09	3	-1	0.0346	96.0311
0.00124657	40.2	145.813	4	-1	0.03441	95.5037
0.00125522	40.2	146.447	3	-1	0.03425	96.046
0.00126407	40.2	147.06	1	-1	0.0341	95.6254
0.00127265	40.2	147.598	3	-1	0.03396	96.0136
