0.00126162	4.5	16.8743	2	-1	0.3171	84.2701
0.00133426	4.5	17.3479	4	-1	0.2979	79.1677
0.00140535	4.5	17.6056	3	-1	0.2891	96.6017
0.00147578	4.5	17.7475	4	-1	0.28457	95.088
0.00154572	4.5	17.8263	3	-1	0.28216	98.6401
0.00161555	4.5	17.8688	4	-1	0.28087	98.1891
0.00168517	4.5	17.892	3	-1	0.28018	99.1823
0.00175484	4.5	17.904	1	-1	0.27981	99.0513
0.00175486	4.5	17.9033	4	-1	0.27981	99.0513
0.00182443	4.5	17.9085	3	-1	0.27964	99.3146
0.00189409	4.5	17.9106	1	-1	0.27957	99.2897
0.00189411	4.5	17.9101	4	-1	0.27956	99.2861
0.0019637	4.5	17.9101	2	-1	0.27955	99.3179
0.00196372	4.5	17.9092	3	-1	0.27956	99.3214
0.00203343	4.5	17.9082	1	-1	0.27958	99.3285
0.00203344	4.5	17.9077	4	-1	0.27958	99.3285
0.00210308	4.5	17.9059	2	-1	0.27962	99.2898
0.00210311	4.5	17.9048	3	-1	0.27963	99.2934
0.00217288	4.5	17.903	1	-1	0.27968	99.3111
0.00217289	4.5	17.9025	4	-1	0.27968	99.3111
0.0022426	4.5	17.9001	2	-1	0.27974	99.2479
0.00224263	4.5	17.899	3	-1	0.27974	99.2479
0.00231246	4.5	17.8969	1	-1	0.27981	99.2727
0.00231247	4.5	17.8965	4	-1	0.2798	99.2691
0.00238225	4.5	17.8938	2	-1	0.27987	99.199
0.00238228	4.5	17.8927	3	-1	0.27987	99.199
0.00245218	4.5	17.8905	1	-1	0.27994	99.2238
0.00245219	4.5	17.8903	4	-1	0.27993	99.2202
0.00252203	4.5	17.8873	2	-1	0.28	99.1501
0.00252207	4.5	17.8861	3	-1	0.28001	99.1537
0.00259204	4.5	17.884	1	-1	0.28008	99.1785
0.00259204	4.5	17.884	4	-1	0.28007	99.1749
0.00266195	4.5	17.8808	2	-1	0.28014	99.1015
0.00266199	4.5	17.8794	3	-1	0.28015	99.105
0.00273203	4.5	17.8774	4	-1	0.28021	99.1262
0.00273203	4.5	17.8772	1	-1	0.28022	99.1298
0.00280201	4.5	17.8741	2	-1	0.28027	99.0493
0.00280206	4.5	17.8724	3	-1	0.28029	99.0564
0.00287216	4.5	17.8708	4	-1	0.28034	99.0741
0.00287216	4.5	17.8707	1	-1	0.28035	99.0776
0.0029422	4.5	17.8676	2	-1	0.28041	99.0043
0.00294226	4.5	17.8657	3	-1	0.28042	99.0079
0.00301243	4.5	17.8643	4	-1	0.28048	99.0291
0.00301243	4.5	17.8641	1	-1	0.28049	99.0326
0.00308253	4.5	17.8611	2	-1	0.28055	98.9559
0.00308259	4.5	17.859	3	-1	0.28056	98.9595
0.00315283	4.5	17.8578	4	-1	0.28062	98.9806
0.00315284	4.5	17.8576	1	-1	0.28063	98.9842
0.00322301	4.5	17.8546	2	-1	0.28069	98.9076
0.00322307	4.5	17.8523	3	-1	0.2807	98.9112
0.00329337	4.5	17.8513	4	-1	0.28075	98.9288
0.00329338	4.5	17.8511	1	-1	0.28076	98.9323
0.00336361	4.5	17.8481	2	-1	0.28082	98.8594
0.00336368	4.5	17.8455	3	-1	0.28084	98.8664
0.00343405	4.5	17.8448	4	-1	0.28089	98.884
0.00343406	4.5	17.8446	1	-1	0.2809	98.8876
0.00350435	4.5	17.8416	2	-1	0.28096	98.8113
0.00350443	4.5	17.8388	3	-1	0.28097	98.8148
0.00357487	4.5	17.8383	4	-1	0.28103	98.8359
0.00357488	4.5	17.8382	1	-1	0.28104	98.8394
0.00364523	4.5	17.8352	2	-1	0.28109	98.7597
0.00364532	4.5	17.832	3	-1	0.28111	98.7668
0.00371582	4.5	17.8319	4	-1	0.28116	98.7843
0.00371583	4.5	17.8317	1	-1	0.28117	98.7879
0.00378625	4.5	17.8287	2	-1	0.28123	98.7153
0.00378635	4.5	17.8252	3	-1	0.28125	98.7223
0.00385691	4.5	17.8254	4	-1	0.2813	98.7399
0.00385692	4.5	17.8253	1	-1	0.28131	98.7434
0.0039274	4.5	17.8223	2	-1	0.28137	98.6675
0.00392751	4.5	17.8185	3	-1	0.28139	98.6745
0.00399814	4.5	17.819	4	-1	0.28143	98.6885
0.00399814	4.5	17.8188	1	-1	0.28144	98.692
0.00406869	4.5	17.8156	2	-1	0.2815	98.6162
0.00406881	4.5	17.8115	3	-1	0.28152	98.6232
0.00413951	4.5	17.8123	4	-1	0.28158	98.6442
0.00413951	4.5	17.8121	1	-1	0.28159	98.6477
0.00421012	4.5	17.8091	2	-1	0.28165	98.5686
0.00421025	4.5	17.8046	3	-1	0.28167	98.5756
0.00428101	4.5	17.8058	4	-1	0.28171	98.5896
0.00428102	4.5	17.8056	1	-1	0.28172	98.5931
0.00435169	4.5	17.8026	2	-1	0.28178	98.521
0.00435183	4.5	17.7978	3	-1	0.2818	98.528
0.00442266	4.5	17.7993	4	-1	0.28185	98.5455
0.00442266	4.5	17.7992	1	-1	0.28186	98.549
0.0044934	4.5	17.7962	2	-1	0.28192	98.4736
0.00449355	4.5	17.791	3	-1	0.28194	98.4806
0.00456444	4.5	17.793	4	-1	0.28199	98.498
0.00456445	4.5	17.7928	1	-1	0.282	98.5015
0.00463525	4.5	17.7898	2	-1	0.28205	98.4227
0.00463541	4.5	17.7841	3	-1	0.28208	98.4332
0.00470636	4.5	17.7866	4	-1	0.28212	98.4472
0.00470636	4.5	17.7864	1	-1	0.28213	98.4506
0.00477723	4.5	17.7834	2	-1	0.28219	98.3789
0.0047774	4.5	17.7774	3	-1	0.28221	98.3859
0.00484841	4.5	17.7802	4	-1	0.28226	98.4033
0.00484842	4.5	17.7801	1	-1	0.28227	98.4068
0.00491935	4.5	17.7769	2	-1	0.28233	98.3283
0.00491953	4.5	17.7706	3	-1	0.28235	98.3352
0.00499061	4.5	17.7736	4	-1	0.2824	98.3527
0.00499062	4.5	17.7734	1	-1	0.28241	98.3561
0.00506161	4.5	17.7704	2	-1	0.28247	98.2812
0.0050618	4.5	17.7637	3	-1	0.28249	98.2882
0.00513294	4.5	17.7672	4	-1	0.28253	98.3021
0.00513295	4.5	17.767	1	-1	0.28254	98.3056
0.00520401	4.5	17.764	2	-1	0.2826	98.2341
0.00520421	4.5	17.7568	3	-1	0.28263	98.2446
0.00527541	4.5	17.7608	4	-1	0.28267	98.2585
0.00527542	4.5	17.7607	1	-1	0.28268	98.262
0.00534654	4.5	17.7576	2	-1	0.28274	98.1872
0.00534676	4.5	17.7501	3	-1	0.28276	98.1942
0.00541802	4.5	17.7545	4	-1	0.28281	98.2116
0.00541803	4.5	17.7544	1	-1	0.28282	98.215
0.00548921	4.5	17.7511	2	-1	0.28288	98.137
0.00548944	4.5	17.7433	3	-1	0.2829	98.144
0.00556077	4.5	17.7479	4	-1	0.28294	98.1578
0.00556078	4.5	17.7477	1	-1	0.28295	98.1613
0.00563203	4.5	17.7447	2	-1	0.28302	98.0937
0.00563227	4.5	17.7365	3	-1	0.28304	98.1007
0.00570366	4.5	17.7416	4	-1	0.28308	98.1145
0.00570366	4.5	17.7414	1	-1	0.28309	98.118
0.00577498	4.5	17.7383	2	-1	0.28315	98.0436
0.00577524	4.5	17.7297	3	-1	0.28318	98.054
0.00584668	4.5	17.7353	4	-1	0.28322	98.0679
0.00584669	4.5	17.7351	1	-1	0.28323	98.0713
0.00591807	4.5	17.732	2	-1	0.28329	97.9971
0.00591833	4.5	17.7231	3	-1	0.28331	98.004
0.00598985	4.5	17.7288	4	-1	0.28336	98.0213
0.00598985	4.5	17.7287	1	-1	0.28337	98.0248
0.00606131	4.5	17.7254	2	-1	0.28343	97.9473
0.00606158	4.5	17.7162	3	-1	0.28345	97.9542
0.00613315	4.5	17.7224	4	-1	0.2835	97.9715
0.00613316	4.5	17.7222	1	-1	0.28351	97.9749
0.00620468	4.5	17.7191	2	-1	0.28357	97.9009
0.00620496	4.5	17.7095	3	-1	0.28359	97.9078
0.0062766	4.5	17.7161	4	-1	0.28363	97.9216
0.0062766	4.5	17.716	1	-1	0.28364	97.9251
0.00634818	4.5	17.7128	2	-1	0.2837	97.8546
0.00634847	4.5	17.7029	3	-1	0.28372	97.8615
0.00642018	4.5	17.7097	4	-1	0.28377	97.8787
0.00642018	4.5	17.7095	1	-1	0.28378	97.8822
0.00649183	4.5	17.7063	2	-1	0.28384	97.805
0.00649213	4.5	17.696	3	-1	0.28386	97.8119
0.0065639	4.5	17.7033	4	-1	0.28391	97.8292
0.0065639	4.5	17.7032	1	-1	0.28392	97.8326
0.00663562	4.5	17.7	2	-1	0.28398	97.759
0.00663593	4.5	17.6894	3	-1	0.284	97.7658
0.00670776	4.5	17.6971	4	-1	0.28404	97.7796
0.00670776	4.5	17.6969	1	-1	0.28405	97.7831
0.00677955	4.5	17.6936	2	-1	0.28412	97.713
0.00677986	4.5	17.6828	3	-1	0.28413	97.7164
0.00685176	4.5	17.6906	4	-1	0.28418	97.7336
0.00685176	4.5	17.6904	1	-1	0.28419	97.737
0.00692362	4.5	17.6872	2	-1	0.28426	97.6671
0.00692394	4.5	17.6763	3	-1	0.28427	97.6705
0.0069959	4.5	17.6843	4	-1	0.28432	97.6877
0.0069959	4.5	17.6842	1	-1	0.28433	97.6911
0.00706782	4.5	17.681	2	-1	0.28439	97.6178
0.00706815	4.5	17.6698	3	-1	0.28441	97.6247
0.00714017	4.5	17.678	4	-1	0.28446	97.6418
0.00714018	4.5	17.6778	1	-1	0.28447	97.6453
0.00721217	4.5	17.6745	2	-1	0.28453	97.5688
0.00721251	4.5	17.663	3	-1	0.28455	97.5756
0.00728459	4.5	17.6717	4	-1	0.2846	97.5928
0.0072846	4.5	17.6715	1	-1	0.28461	97.5962
0.00735665	4.5	17.6682	2	-1	0.28467	97.5231
0.007357	4.5	17.6566	3	-1	0.28468	97.5266
0.00742915	4.5	17.6653	4	-1	0.28473	97.5437
0.00742915	4.5	17.6651	1	-1	0.28474	97.5471
0.00750128	4.5	17.6617	2	-1	0.28481	97.4776
0.00750163	4.5	17.6499	3	-1	0.28482	97.481
0.00757385	4.5	17.659	4	-1	0.28487	97.4981
0.00757385	4.5	17.6588	1	-1	0.28488	97.5015
0.00764604	4.5	17.6555	2	-1	0.28494	97.4287
0.0076464	4.5	17.6434	3	-1	0.28496	97.4355
0.00771868	4.5	17.6527	4	-1	0.28501	97.4526
0.00771869	4.5	17.6526	1	-1	0.28502	97.4561
0.00779094	4.5	17.6491	2	-1	0.28508	97.38
0.00779132	4.5	17.6367	3	-1	0.28509	97.3834
0.00786366	4.5	17.6464	4	-1	0.28514	97.4005
0.00786367	4.5	17.6462	1	-1	0.28515	97.4039
0.00793599	4.5	17.6429	2	-1	0.28522	97.3381
0.00793637	4.5	17.6303	3	-1	0.28523	97.3415
0.00800877	4.5	17.6401	4	-1	0.28528	97.3585
0.00800878	4.5	17.64	1	-1	0.28529	97.362
0.00808117	4.5	17.6365	2	-1	0.28536	97.2896
0.00808156	4.5	17.6236	3	-1	0.28537	97.293
0.00815403	4.5	17.6338	4	-1	0.28542	97.31
0.00815404	4.5	17.6337	1	-1	0.28543	97.3134
0.0082265	4.5	17.6303	2	-1	0.28549	97.2411
0.00822689	4.5	17.6172	3	-1	0.2855	97.2445
0.00829943	4.5	17.6275	4	-1	0.28556	97.2649
0.00829943	4.5	17.6273	1	-1	0.28557	97.2683
0.00837196	4.5	17.6239	2	-1	0.28563	97.1927
0.00837236	4.5	17.6107	3	-1	0.28564	97.1961
0.00844497	4.5	17.6213	4	-1	0.2857	97.2166
0.00844497	4.5	17.6211	1	-1	0.28571	97.22
0.00851756	4.5	17.6177	2	-1	0.28577	97.1478
0.00851797	4.5	17.6044	3	-1	0.28578	97.1512
0.00859064	4.5	17.615	4	-1	0.28583	97.1682
0.00859065	4.5	17.6148	1	-1	0.28584	97.1716
0.00866331	4.5	17.6113	2	-1	0.28591	97.103
0.00866372	4.5	17.5979	3	-1	0.28592	97.1064
0.00873646	4.5	17.6088	4	-1	0.28597	97.1234
0.00873646	4.5	17.6086	1	-1	0.28598	97.1267
0.00880919	4.5	17.605	2	-1	0.28604	97.0515
0.00880961	4.5	17.5914	3	-1	0.28605	97.0549
0.00888242	4.5	17.6024	4	-1	0.28611	97.0753
0.00888242	4.5	17.6023	1	-1	0.28612	97.0787
0.00895522	4.5	17.5988	2	-1	0.28618	97.0069
0.00895564	4.5	17.5851	3	-1	0.28619	97.0103
0.00902851	4.5	17.5962	4	-1	0.28624	97.0272
0.00902852	4.5	17.596	1	-1	0.28625	97.0306
0.00910138	4.5	17.5925	2	-1	0.28632	96.9623
0.00910181	4.5	17.5784	3	-1	0.28633	96.9657
0.00917475	4.5	17.59	4	-1	0.28638	96.9826
0.00917476	4.5	17.5898	1	-1	0.28639	96.986
0.00924769	4.5	17.5863	2	-1	0.28646	96.9178
0.00924812	4.5	17.5723	3	-1	0.28646	96.9178
0.00932113	4.5	17.5838	4	-1	0.28652	96.9381
0.00932113	4.5	17.5836	1	-1	0.28653	96.9415
0.00939414	4.5	17.58	2	-1	0.28659	96.8668
0.00939457	4.5	17.5658	3	-1	0.2866	96.8701
0.00946764	4.5	17.5776	4	-1	0.28665	96.887
0.00946765	4.5	17.5774	1	-1	0.28666	96.8904
0.00954072	4.5	17.5738	2	-1	0.28673	96.8224
0.00954116	4.5	17.5595	3	-1	0.28674	96.8258
0.0096143	4.5	17.5713	4	-1	0.28679	96.8427
0.00961431	4.5	17.5711	1	-1	0.2868	96.8461
0.00968745	4.5	17.5676	2	-1	0.28687	96.7782
0.00968789	4.5	17.5532	3	-1	0.28688	96.7816
0.0097611	4.5	17.5651	4	-1	0.28693	96.7985
0.0097611	4.5	17.5649	1	-1	0.28694	96.8018
0.00983432	4.5	17.5613	2	-1	0.28701	96.7308
0.00983476	4.5	17.5469	3	-1	0.28701	96.7308
0.00990804	4.5	17.559	4	-1	0.28707	96.751
0.00990804	4.5	17.5588	1	-1	0.28708	96.7544
0.00998132	4.5	17.5551	2	-1	0.28714	96.6801
0.00998177	4.5	17.5405	3	-1	0.28715	96.6835
0.0100551	4.5	17.5527	4	-1	0.2872	96.7003
0.0100551	4.5	17.5525	1	-1	0.28721	96.7037
0.0101285	4.5	17.5488	2	-1	0.28728	96.6362
0.0101289	4.5	17.5341	3	-1	0.28729	96.6395
0.0102023	4.5	17.5464	4	-1	0.28734	96.6564
0.0102023	4.5	17.5462	1	-1	0.28735	96.6597
0.0102758	4.5	17.5426	2	-1	0.28742	96.5923
0.0102762	4.5	17.5279	3	-1	0.28742	96.5923
0.0103497	4.5	17.5402	4	-1	0.28748	96.6124
0.0103497	4.5	17.54	1	-1	0.28749	96.6158
0.0104232	4.5	17.5364	2	-1	0.28756	96.5452
0.0104237	4.5	17.5217	3	-1	0.28756	96.5452
0.0104972	4.5	17.5341	4	-1	0.28762	96.5654
0.0104972	4.5	17.534	1	-1	0.28763	96.5687
0.0105708	4.5	17.5302	2	-1	0.28769	96.4949
0.0105712	4.5	17.5154	3	-1	0.2877	96.4983
0.0106449	4.5	17.5279	4	-1	0.28775	96.5151
0.0106449	4.5	17.5277	1	-1	0.28776	96.5184
0.0107185	4.5	17.524	2	-1	0.28783	96.4513
0.0107189	4.5	17.509	3	-1	0.28784	96.4547
0.0107926	4.5	17.5216	4	-1	0.28789	96.4714
0.0107926	4.5	17.5215	1	-1	0.2879	96.4748
0.0108663	4.5	17.5179	2	-1	0.28797	96.4078
0.0108668	4.5	17.5029	3	-1	0.28797	96.4078
0.0109406	4.5	17.5155	4	-1	0.28803	96.4279
0.0109406	4.5	17.5153	1	-1	0.28804	96.4312
0.0110143	4.5	17.5117	2	-1	0.28811	96.3611
0.0110148	4.5	17.4968	3	-1	0.28811	96.3611
0.0110886	4.5	17.5094	4	-1	0.28817	96.3811
0.0110886	4.5	17.5092	1	-1	0.28818	96.3845
0.0111625	4.5	17.5055	2	-1	0.28824	96.3111
0.0111629	4.5	17.4903	3	-1	0.28825	96.3145
0.0112368	4.5	17.5033	4	-1	0.2883	96.3312
0.0112368	4.5	17.5031	1	-1	0.28831	96.3345
0.0113108	4.5	17.4993	2	-1	0.28838	96.2679
0.0113112	4.5	17.4841	3	-1	0.28838	96.2679
0.0113852	4.5	17.4971	4	-1	0.28844	96.2879
0.0113852	4.5	17.4969	1	-1	0.28845	96.2912
0.0114592	4.5	17.4931	2	-1	0.28852	96.2214
0.0114596	4.5	17.478	3	-1	0.28852	96.2214
0.0115337	4.5	17.4908	4	-1	0.28857	96.2381
0.0115337	4.5	17.4907	1	-1	0.28858	96.2415
0.0116077	4.5	17.4871	2	-1	0.28865	96.1782
0.0116082	4.5	17.4718	3	-1	0.28866	96.1815
0.0116823	4.5	17.4848	4	-1	0.28871	96.1982
0.0116823	4.5	17.4846	1	-1	0.28872	96.2015
0.0117564	4.5	17.4809	2	-1	0.28879	96.132
0.0117569	4.5	17.4656	3	-1	0.28879	96.132
0.0118311	4.5	17.4787	4	-1	0.28885	96.1519
0.0118311	4.5	17.4785	1	-1	0.28886	96.1553
0.0119053	4.5	17.4747	2	-1	0.28893	96.0858
0.0119058	4.5	17.4594	3	-1	0.28893	96.0858
0.01198	4.5	17.4725	4	-1	0.28899	96.1058
0.01198	4.5	17.4724	1	-1	0.289	96.1091
0.0120543	4.5	17.4685	2	-1	0.28907	96.0397
0.0120547	4.5	17.4535	3	-1	0.28906	96.0364
0.0121291	4.5	17.4664	4	-1	0.28913	96.0597
0.0121291	4.5	17.4662	1	-1	0.28914	96.063
0.0122034	4.5	17.4624	2	-1	0.28921	95.9938
0.0122039	4.5	17.4475	3	-1	0.2892	95.9904
0.0122783	4.5	17.4604	4	-1	0.28927	96.0137
0.0122783	4.5	17.4602	1	-1	0.28928	96.017
0.0123527	4.5	17.4564	2	-1	0.28934	95.9446
0.0123531	4.5	17.4415	3	-1	0.28934	95.9446
0.0124276	4.5	17.4542	4	-1	0.2894	95.9645
0.0124276	4.5	17.4541	1	-1	0.28941	95.9678
0.0125021	4.5	17.4503	2	-1	0.28947	95.8986
0.0125025	4.5	17.4353	3	-1	0.28948	95.9019
0.0125771	4.5	17.4481	4	-1	0.28953	95.9185
0.0125771	4.5	17.4479	1	-1	0.28954	95.9218
0.0126516	4.5	17.4442	2	-1	0.28961	95.8561
0.0126521	4.5	17.429	3	-1	0.28962	95.8594
0.0127267	4.5	17.442	4	-1	0.28967	95.8759
0.0127267	4.5	17.4418	1	-1	0.28968	95.8793
0.0128013	4.5	17.438	2	-1	0.28975	95.8105
0.0128018	4.5	17.4228	3	-1	0.28976	95.8138
0.0128765	4.5	17.4359	4	-1	0.28981	95.8303
0.0128765	4.5	17.4358	1	-1	0.28982	95.8336
0.0129512	4.5	17.4319	2	-1	0.28989	95.7649
0.0129516	4.5	17.4167	3	-1	0.28989	95.7649
0.0130264	4.5	17.4298	4	-1	0.28994	95.7814
0.0130264	4.5	17.4296	1	-1	0.28995	95.7847
0.0131011	4.5	17.4258	2	-1	0.29002	95.7193
0.0131016	4.5	17.4104	3	-1	0.29003	95.7226
0.0131764	4.5	17.4237	4	-1	0.29008	95.7391
0.0131764	4.5	17.4236	1	-1	0.29009	95.7424
0.0132512	4.5	17.4197	2	-1	0.29016	95.674
0.0132517	4.5	17.4042	3	-1	0.29017	95.6773
0.0133266	4.5	17.4177	4	-1	0.29022	95.6937
0.0133266	4.5	17.4175	1	-1	0.29023	95.697
0.0134015	4.5	17.4136	2	-1	0.2903	95.6287
0.013402	4.5	17.398	3	-1	0.29031	95.632
0.013477	4.5	17.4116	4	-1	0.29035	95.6452
0.013477	4.5	17.4114	1	-1	0.29036	95.6485
0.0135519	4.5	17.4075	2	-1	0.29044	95.5866
0.0135524	4.5	17.3919	3	-1	0.29044	95.5866
0.0136274	4.5	17.4056	4	-1	0.29049	95.6031
0.0136274	4.5	17.4054	1	-1	0.2905	95.6064
0.0137025	4.5	17.4014	2	-1	0.29058	95.5415
0.013703	4.5	17.386	3	-1	0.29057	95.5382
0.013778	4.5	17.3996	4	-1	0.29063	95.558
0.0137781	4.5	17.3994	1	-1	0.29064	95.5613
0.0138532	4.5	17.3954	2	-1	0.29071	95.4932
0.0138536	4.5	17.38	3	-1	0.29071	95.4932
0.0139288	4.5	17.3934	4	-1	0.29077	95.5129
0.0139288	4.5	17.3932	1	-1	0.29078	95.5162
0.014004	4.5	17.3893	2	-1	0.29085	95.4483
0.0140045	4.5	17.3739	3	-1	0.29085	95.4483
0.0140797	4.5	17.3873	4	-1	0.29091	95.468
0.0140797	4.5	17.3872	1	-1	0.29092	95.4713
0.014155	4.5	17.3832	2	-1	0.29099	95.4034
0.0141555	4.5	17.3679	3	-1	0.29099	95.4034
0.0142308	4.5	17.3814	4	-1	0.29105	95.4231
0.0142308	4.5	17.3812	1	-1	0.29106	95.4264
0.0143061	4.5	17.3772	2	-1	0.29113	95.3587
0.0143066	4.5	17.3621	3	-1	0.29112	95.3554
0.014382	4.5	17.3754	4	-1	0.29119	95.3783
0.014382	4.5	17.3752	1	-1	0.2912	95.3816
0.0144574	4.5	17.3713	2	-1	0.29127	95.314
0.0144578	4.5	17.3563	3	-1	0.29126	95.3107
0.0145333	4.5	17.3694	4	-1	0.29132	95.3303
0.0145333	4.5	17.3692	1	-1	0.29133	95.3336
0.0146088	4.5	17.3651	2	-1	0.29141	95.2694
0.0146092	4.5	17.3505	3	-1	0.29139	95.2628
0.0146848	4.5	17.3633	4	-1	0.29146	95.2857
0.0146848	4.5	17.3632	1	-1	0.29147	95.289
0.0147603	4.5	17.3591	2	-1	0.29154	95.2216
0.0147608	4.5	17.3447	3	-1	0.29153	95.2183
0.0148364	4.5	17.3573	4	-1	0.29159	95.2379
0.0148364	4.5	17.3571	1	-1	0.2916	95.2412
0.014912	4.5	17.3532	2	-1	0.29167	95.177
0.0149125	4.5	17.3387	3	-1	0.29167	95.177
0.0149882	4.5	17.3513	4	-1	0.29173	95.1966
0.0149882	4.5	17.3511	1	-1	0.29174	95.1999
0.0150638	4.5	17.3473	2	-1	0.29181	95.1327
0.0150643	4.5	17.3328	3	-1	0.29181	95.1327
0.0151401	4.5	17.3452	4	-1	0.29186	95.149
0.0151401	4.5	17.345	1	-1	0.29187	95.1522
0.0152158	4.5	17.3412	2	-1	0.29195	95.0915
0.0152163	4.5	17.3268	3	-1	0.29195	95.0915
0.0152921	4.5	17.3393	4	-1	0.29201	95.1111
0.0152921	4.5	17.3392	1	-1	0.29202	95.1143
0.0153679	4.5	17.3352	2	-1	0.2921	95.0475
0.0153684	4.5	17.3213	3	-1	0.29207	95.0377
0.0154443	4.5	17.3335	1	-1	0.29215	95.0638
0.0154443	4.5	17.3335	4	-1	0.29215	95.0638
0.0155202	4.5	17.3292	2	-1	0.29223	95.0002
0.0155207	4.5	17.3156	3	-1	0.29221	94.9937
0.0155966	4.5	17.3274	4	-1	0.29228	95.0164
0.0155966	4.5	17.3273	1	-1	0.29229	95.0197
0.0156726	4.5	17.3233	2	-1	0.29236	94.9529
0.0156731	4.5	17.3098	3	-1	0.29235	94.9497
0.0157491	4.5	17.3213	4	-1	0.29242	94.9724
0.0157491	4.5	17.3211	1	-1	0.29243	94.9756
0.0158252	4.5	17.3173	2	-1	0.2925	94.909
0.0158256	4.5	17.3039	3	-1	0.2925	94.909
0.0159017	4.5	17.3154	4	-1	0.29255	94.9252
0.0159017	4.5	17.3152	1	-1	0.29256	94.9285
0.0159779	4.5	17.3113	2	-1	0.29264	94.8682
0.0159783	4.5	17.2981	3	-1	0.29263	94.865
0.0160545	4.5	17.3096	1	-1	0.2927	94.8877
0.0160545	4.5	17.3096	4	-1	0.2927	94.8877
0.0161307	4.5	17.3053	2	-1	0.29279	94.8246
0.0161311	4.5	17.2927	3	-1	0.29275	94.8117
0.0162074	4.5	17.3037	1	-1	0.29283	94.8376
0.0162074	4.5	17.3035	4	-1	0.29284	94.8408
0.0162837	4.5	17.2995	2	-1	0.29292	94.7808
0.0162841	4.5	17.2874	3	-1	0.29289	94.7711
0.0163604	4.5	17.2976	1	-1	0.29298	94.8002
0.0163604	4.5	17.2976	4	-1	0.29297	94.797
0.0164368	4.5	17.2936	2	-1	0.29305	94.7309
0.0164372	4.5	17.2818	3	-1	0.29303	94.7244
0.0165136	4.5	17.2918	1	-1	0.29311	94.7503
0.0165136	4.5	17.2918	4	-1	0.29311	94.7503
0.0165901	4.5	17.2876	2	-1	0.29319	94.6874
0.0165905	4.5	17.2761	3	-1	0.29317	94.6809
0.016667	4.5	17.2858	1	-1	0.29325	94.7068
0.016667	4.5	17.2858	4	-1	0.29325	94.7068
0.0167435	4.5	17.2818	2	-1	0.29333	94.644
0.0167439	4.5	17.2706	3	-1	0.29331	94.6375
0.0168205	4.5	17.2798	4	-1	0.29338	94.6601
0.0168205	4.5	17.2796	1	-1	0.29339	94.6633
0.0168971	4.5	17.2758	2	-1	0.29346	94.5974
0.0168974	4.5	17.2648	3	-1	0.29345	94.5942
0.0169741	4.5	17.2739	4	-1	0.29352	94.6167
0.0169741	4.5	17.2738	1	-1	0.29353	94.6199
0.0170508	4.5	17.2698	2	-1	0.2936	94.5511
0.0170511	4.5	17.2591	3	-1	0.29358	94.5446
0.0171279	4.5	17.2679	4	-1	0.29366	94.5704
0.0171279	4.5	17.2678	1	-1	0.29367	94.5736
0.0172046	4.5	17.2641	2	-1	0.29373	94.5047
0.017205	4.5	17.2534	3	-1	0.29373	94.5047
0.0172818	4.5	17.2618	4	-1	0.29378	94.5208
0.0172818	4.5	17.2616	1	-1	0.29379	94.524
0.0173586	4.5	17.258	2	-1	0.29386	94.4614
0.017359	4.5	17.2471	3	-1	0.29388	94.4678
0.0174358	4.5	17.2559	4	-1	0.29392	94.4807
0.0174358	4.5	17.2558	1	-1	0.29393	94.4839
0.0175127	4.5	17.252	2	-1	0.29401	94.4216
0.0175131	4.5	17.2411	3	-1	0.29401	94.4216
0.01759	4.5	17.2501	4	-1	0.29407	94.4409
0.01759	4.5	17.25	1	-1	0.29408	94.4441
0.017667	4.5	17.2462	2	-1	0.29416	94.3789
0.0176674	4.5	17.2357	3	-1	0.29413	94.3692
0.0177444	4.5	17.2444	1	-1	0.29421	94.3949
0.0177444	4.5	17.2444	4	-1	0.29421	94.3949
0.0178215	4.5	17.2403	2	-1	0.29429	94.3328
0.0178218	4.5	17.2302	3	-1	0.29427	94.3264
0.0178989	4.5	17.2383	4	-1	0.29434	94.3488
0.0178989	4.5	17.2382	1	-1	0.29435	94.352
0.017976	4.5	17.2344	2	-1	0.29443	94.29
0.0179764	4.5	17.2246	3	-1	0.29441	94.2836
0.0180535	4.5	17.2326	1	-1	0.29448	94.306
0.0180535	4.5	17.2326	4	-1	0.29448	94.306
0.0181307	4.5	17.2285	2	-1	0.29457	94.2473
0.0181311	4.5	17.2191	3	-1	0.29454	94.2377
0.0182083	4.5	17.2267	1	-1	0.29462	94.2633
0.0182083	4.5	17.2267	4	-1	0.29462	94.2633
0.0182856	4.5	17.2227	2	-1	0.29471	94.2047
0.0182859	4.5	17.2138	3	-1	0.29467	94.1919
0.0183632	4.5	17.2209	1	-1	0.29475	94.2175
0.0183632	4.5	17.2208	4	-1	0.29476	94.2207
0.0184406	4.5	17.2168	2	-1	0.29485	94.1622
0.0184409	4.5	17.2085	3	-1	0.29481	94.1494
0.0185183	4.5	17.215	1	-1	0.29489	94.1749
0.0185183	4.5	17.2147	4	-1	0.2949	94.1781
0.0185958	4.5	17.2111	2	-1	0.29498	94.1165
0.018596	4.5	17.2032	3	-1	0.29494	94.1038
0.0186735	4.5	17.2091	1	-1	0.29502	94.1293
0.0186735	4.5	17.2085	4	-1	0.29504	94.1357
0.0187511	4.5	17.2052	2	-1	0.29512	94.0741
0.0187513	4.5	17.198	3	-1	0.29508	94.0614
0.0188289	4.5	17.2031	1	-1	0.29516	94.0869
0.0188289	4.5	17.2022	4	-1	0.29518	94.0933
0.0189065	4.5	17.1995	2	-1	0.29526	94.0318
0.0189067	4.5	17.1928	3	-1	0.29522	94.0191
0.0189844	4.5	17.1974	1	-1	0.2953	94.0446
0.0189844	4.5	17.1964	4	-1	0.29531	94.0478
0.0190621	4.5	17.1936	2	-1	0.2954	93.9866
0.0190623	4.5	17.1877	3	-1	0.29535	93.9707
0.01914	4.5	17.1915	1	-1	0.29543	93.9962
0.01914	4.5	17.19	4	-1	0.29546	94.0057
0.0192178	4.5	17.1879	2	-1	0.29554	93.9475
0.019218	4.5	17.1827	3	-1	0.29549	93.9316
0.0192958	4.5	17.1857	1	-1	0.29556	93.9538
0.0192958	4.5	17.1838	4	-1	0.29559	93.9634
0.0193737	4.5	17.1821	2	-1	0.29568	93.9054
0.0193739	4.5	17.1778	3	-1	0.29562	93.8864
0.0194517	4.5	17.1798	1	-1	0.2957	93.9118
0.0194518	4.5	17.1775	4	-1	0.29573	93.9213
0.0195297	4.5	17.1762	2	-1	0.29582	93.8605
0.0195298	4.5	17.1728	3	-1	0.29576	93.8414
0.0196078	4.5	17.174	1	-1	0.29583	93.8636
0.0196079	4.5	17.1709	4	-1	0.29588	93.8795
0.0196859	4.5	17.1706	2	-1	0.29595	93.8184
0.019686	4.5	17.1681	3	-1	0.29589	93.7993
0.019764	4.5	17.168	1	-1	0.29597	93.8247
0.0197641	4.5	17.1643	4	-1	0.29601	93.8374
0.0198422	4.5	17.1649	2	-1	0.29608	93.7704
0.0198423	4.5	17.163	3	-1	0.29604	93.7577
0.0199204	4.5	17.162	1	-1	0.29612	93.7831
0.0199205	4.5	17.1581	4	-1	0.29614	93.7894
0.0199987	4.5	17.1591	2	-1	0.29622	93.7227
0.0199987	4.5	17.1577	3	-1	0.29618	93.7101
0.0200769	4.5	17.1562	1	-1	0.29626	93.7354
0.020077	4.5	17.152	4	-1	0.29628	93.7417
0.0201553	4.5	17.1535	2	-1	0.29635	93.6779
0.0201553	4.5	17.1526	3	-1	0.29632	93.6684
0.0202336	4.5	17.1504	1	-1	0.2964	93.6937
0.0202337	4.5	17.146	4	-1	0.29641	93.6969
0.020312	4.5	17.1477	2	-1	0.29648	93.6302
0.020312	4.5	17.1471	3	-1	0.29646	93.6239
0.0203904	4.5	17.1444	1	-1	0.29654	93.6491
0.0203905	4.5	17.14	4	-1	0.29654	93.6491
0.0204689	4.5	17.1418	2	-1	0.29662	93.5857
0.0204689	4.5	17.1416	3	-1	0.2966	93.5794
0.0205473	4.5	17.1387	1	-1	0.29668	93.6047
0.0205475	4.5	17.1343	4	-1	0.29668	93.6047
0.0206259	4.5	17.1363	2	-1	0.29675	93.5412
0.0206259	4.5	17.1361	3	-1	0.29674	93.538
0.0207044	4.5	17.1329	1	-1	0.29682	93.5632
0.0207046	4.5	17.1287	4	-1	0.29681	93.5601
0.0207831	4.5	17.1305	2	-1	0.29689	93.4969
0.0207831	4.5	17.1305	3	-1	0.29688	93.4937
0.0208617	4.5	17.1271	1	-1	0.29696	93.5189
0.0208618	4.5	17.123	4	-1	0.29695	93.5158
0.0209404	4.5	17.1246	3	-1	0.29702	93.4495
0.0209404	4.5	17.1245	2	-1	0.29703	93.4527
0.0210191	4.5	17.1212	1	-1	0.2971	93.4747
0.0210192	4.5	17.1173	4	-1	0.29709	93.4716
0.0210979	4.5	17.1187	3	-1	0.29715	93.4052
0.0210979	4.5	17.1186	2	-1	0.29716	93.4084
0.0211766	4.5	17.1157	1	-1	0.29722	93.4272
0.0211768	4.5	17.1115	4	-1	0.29724	93.4335
0.0212555	4.5	17.1129	3	-1	0.29727	93.3608
0.0212555	4.5	17.1127	2	-1	0.29728	93.3639
0.0213343	4.5	17.1097	1	-1	0.29736	93.389
0.0213344	4.5	17.1052	4	-1	0.29738	93.3953
0.0214133	4.5	17.1073	3	-1	0.29742	93.3199
0.0214133	4.5	17.1072	2	-1	0.29743	93.3231
0.0214921	4.5	17.1036	1	-1	0.29753	93.3545
0.0214923	4.5	17.0997	4	-1	0.29749	93.3419
0.0215712	4.5	17.1018	2	-1	0.29755	93.2642
0.0215712	4.5	17.1012	3	-1	0.29759	93.2767
0.0216501	4.5	17.0978	1	-1	0.29769	93.308
0.0216502	4.5	17.0953	4	-1	0.2976	93.2798
0.0217292	4.5	17.0959	2	-1	0.29768	93.2114
0.0217292	4.5	17.0945	3	-1	0.29774	93.2302
0.0218083	4.5	17.0923	1	-1	0.29782	93.2553
0.0218083	4.5	17.0909	4	-1	0.29774	93.2302
0.0218874	4.5	17.0901	2	-1	0.29782	93.1736
0.0218875	4.5	17.0878	3	-1	0.29787	93.1892
0.0219666	4.5	17.087	1	-1	0.29794	93.2111
0.0219666	4.5	17.0864	4	-1	0.29788	93.1923
0.0220457	4.5	17.0842	2	-1	0.29797	93.1389
0.0220458	4.5	17.0816	3	-1	0.29799	93.1452
0.022125	4.5	17.0814	1	-1	0.29806	93.167
0.022125	4.5	17.0813	4	-1	0.29803	93.1577
0.0222042	4.5	17.0783	2	-1	0.29812	93.1043
0.0222043	4.5	17.0758	3	-1	0.29812	93.1043
0.0222836	4.5	17.0757	1	-1	0.29819	93.1262
0.0222836	4.5	17.0757	4	-1	0.29818	93.123
0.0223628	4.5	17.0725	2	-1	0.29826	93.0637
0.0223629	4.5	17.0701	3	-1	0.29825	93.0606
0.0224423	4.5	17.07	4	-1	0.29832	93.0825
0.0224423	4.5	17.0698	1	-1	0.29833	93.0856
0.0225216	4.5	17.0667	2	-1	0.2984	93.0204
0.0225217	4.5	17.0644	3	-1	0.29839	93.0172
0.0226011	4.5	17.0641	4	-1	0.29846	93.0391
0.0226011	4.5	17.0639	1	-1	0.29847	93.0422
0.0226806	4.5	17.0611	2	-1	0.29853	92.9739
0.0226806	4.5	17.0586	3	-1	0.29854	92.977
0.0227601	4.5	17.0581	4	-1	0.29858	92.9895
0.0227601	4.5	17.0579	1	-1	0.29859	92.9926
0.0228396	4.5	17.0552	2	-1	0.29866	92.9334
0.0228397	4.5	17.0524	3	-1	0.29869	92.9427
0.0229193	4.5	17.0525	4	-1	0.29872	92.952
0.0229193	4.5	17.0523	1	-1	0.29873	92.9552
0.0229989	4.5	17.0492	2	-1	0.29882	92.8964
0.022999	4.5	17.0465	3	-1	0.29881	92.8933
0.0230786	4.5	17.0472	1	-1	0.29886	92.9089
0.0230786	4.5	17.0467	4	-1	0.29889	92.9182
0.0231583	4.5	17.0434	2	-1	0.299	92.8716
0.0231583	4.5	17.0421	3	-1	0.2989	92.8405
0.023238	4.5	17.0418	1	-1	0.29896	92.8591
0.023238	4.5	17.0398	4	-1	0.29906	92.8902
0.0233178	4.5	17.0379	3	-1	0.29902	92.8028
0.0233178	4.5	17.0378	2	-1	0.29912	92.8339
0.0233975	4.5	17.0358	1	-1	0.29911	92.8308
0.0233977	4.5	17.0327	4	-1	0.29919	92.8556
0.0234774	4.5	17.0325	3	-1	0.29917	92.7601
0.0234774	4.5	17.0323	2	-1	0.29918	92.7632
0.0235573	4.5	17.0294	1	-1	0.29929	92.7973
0.0235574	4.5	17.0261	4	-1	0.2993	92.8004
0.0236372	4.5	17.0277	2	-1	0.29933	92.712
0.0236373	4.5	17.0272	3	-1	0.29937	92.7244
0.0237172	4.5	17.0232	1	-1	0.29951	92.7678
0.0237172	4.5	17.0222	4	-1	0.29935	92.7182
0.0237971	4.5	17.0224	2	-1	0.29939	92.6216
0.0237973	4.5	17.0192	3	-1	0.29958	92.6804
0.0238772	4.5	17.0171	4	-1	0.29944	92.637
0.0238772	4.5	17.017	1	-1	0.29952	92.6618
0.0239572	4.5	17.0156	2	-1	0.29955	92.6224
0.0239574	4.5	17.0099	3	-1	0.29973	92.678
0.0240374	4.5	17.013	4	-1	0.29965	92.6533
0.0240374	4.5	17.0129	1	-1	0.29966	92.6564
0.0241175	4.5	17.0081	2	-1	0.29986	92.6323
0.0241176	4.5	17.0044	3	-1	0.29971	92.586
0.0241976	4.5	17.0092	1	-1	0.29966	92.5705
0.0241978	4.5	17.0047	4	-1	0.29998	92.6694
0.0242779	4.5	17.0008	3	-1	0.29965	92.5217
0.0242779	4.5	17.0006	2	-1	0.29992	92.6051
0.024358	4.5	17.0025	1	-1	0.29973	92.5464
0.0244383	4.5	16.9964	2	-1	0.29984	92.5118
0.0245186	4.5	16.9918	1	-1	0.30019	92.6198
0.024519	4.5	16.9808	4	-1	0.30015	92.6074
0.02484	4.5	16.9737	1	-1	0.2996	92.1308
0.0252422	4.5	16.935	2	-1	0.29832	92.2335
0.0253213	4.5	16.9587	1	-1	0.29877	92.3726
0.0254033	4.5	16.9695	2	-1	0.30023	92.6321
0.025807	4.5	16.9373	1	-1	0.29975	91.5463
0.0259651	4.5	16.9882	1	-1	0.29358	90.1742
0.0261335	4.5	16.8159	4	-1	0.30034	90.1056
0.0264558	4.5	16.5385	1	-1	0.28731	85.1289
0.0266196	4.5	16.7932	1	-1	0.30443	97.0202
0.0268576	4.5	16.514	2	-1	0.27768	431.046
0.0270226	4.5	16.5518	2	-1	0.30645	106.181
0.027612	4.5	16.6162	3	-1	0.31617	94.3538
0.0299891	4.5	16.124	2	-1	0.30139	382.087
0.0303387	4.5	16.3077	2	-1	0.30988	114.728
0.0307335	4.5	15.5889	3	-1	0.03421	11.3492
0.0312203	4.5	18.3346	3	-1	0.22412	89.8853
0.0319361	4.5	32.0273	1	-1	0.13326	91.7832
0.0335509	4.5	30.0419	4	-1	0.06653	198.419
0.0337331	4.5	50.2321	2	-1	0.05209	64.8935
