0.00102751	41.6	99.2108	4	-1	0.05457	5402.97
0.00103968	41.6	105.194	3	-1	0.05055	90.9173
0.00105156	41.6	110.475	1	-1	0.04755	85.5216
0.00106263	41.6	114.937	3	-1	0.0453	93.1907
0.00107361	41.6	118.978	1	-1	0.04348	89.4466
0.00108396	41.6	122.454	3	-1	0.04203	94.3223
0.00109433	41.6	125.652	4	-1	0.04079	91.5395
0.00110419	41.6	128.435	3	-1	0.03978	94.963
0.00111413	41.6	131.021	1	-1	0.03889	92.8384
0.00112362	41.6	133.288	3	-1	0.03814	95.3262
0.00113322	41.6	135.412	4	-1	0.03746	93.6266
0.00114244	41.6	137.283	3	-1	0.03689	95.5699
0.00115179	41.6	139.047	4	-1	0.03637	94.2228
0.00116079	41.6	140.606	3	-1	0.03592	95.7101
0.00116994	41.6	142.083	4	-1	0.03551	94.6176
0.00117877	41.6	143.391	3	-1	0.03515	95.8027
0.00118776	41.6	144.638	4	-1	0.03482	94.9032
0.00119645	41.6	145.743	3	-1	0.03453	95.89
0.00120531	41.6	146.799	4	-1	0.03426	95.1402
0.00121388	41.6	147.734	3	-1	0.03402	95.912
