0.00102794	40.9	97.7677	4	-1	0.05543	5488.12
0.00104028	40.9	103.713	3	-1	0.0513	90.8608
0.00105232	40.9	108.952	4	-1	0.04823	85.4233
0.00106354	40.9	113.373	3	-1	0.04594	93.2035
0.00107467	40.9	117.37	4	-1	0.04408	89.4299
0.00108516	40.9	120.805	3	-1	0.04261	94.3534
0.00109567	40.9	123.96	4	-1	0.04135	91.5633
0.00110566	40.9	126.703	3	-1	0.04032	94.9823
0.00111573	40.9	129.249	4	-1	0.03942	92.8622
0.00112535	40.9	131.48	3	-1	0.03866	95.3626
0.00113508	40.9	133.567	4	-1	0.03798	93.6852
0.00114442	40.9	135.404	3	-1	0.0374	95.6033
0.0011539	40.9	137.134	4	-1	0.03688	94.274
0.00116302	40.9	138.66	3	-1	0.03643	95.7676
0.0011723	40.9	140.107	4	-1	0.03601	94.6635
0.00118125	40.9	141.385	3	-1	0.03565	95.8591
0.00119037	40.9	142.601	1	-1	0.03532	94.9718
0.00119917	40.9	143.676	3	-1	0.03502	95.8927
0.00120816	40.9	144.707	4	-1	0.03475	95.1533
0.00121685	40.9	145.617	3	-1	0.03451	95.9677
0.00122573	40.9	146.492	4	-1	0.03429	95.356
0.00123433	40.9	147.263	3	-1	0.03409	95.9741
0.00124312	40.9	148.006	4	-1	0.0339	95.4392
