0.00102504	46.15	108.563	4	-1	0.04958	4908.91
0.00103618	46.15	114.759	3	-1	0.04617	91.227
0.00104711	46.15	120.314	4	-1	0.04356	86.0699
0.00105728	46.15	125.027	3	-1	0.04159	93.2302
0.00106741	46.15	129.347	4	-1	0.03995	89.5539
0.00107694	46.15	133.076	3	-1	0.03865	94.2223
0.00108652	46.15	136.542	1	-1	0.03753	91.492
0.00109559	46.15	139.565	3	-1	0.0366	94.7695
0.00110476	46.15	142.405	4	-1	0.03577	92.6204
0.0011135	46.15	144.899	3	-1	0.03508	95.1193
0.00112236	46.15	147.258	4	-1	0.03445	93.4111
0.00113084	46.15	149.341	3	-1	0.03392	95.3345
