0.00128008	4.15	15.7028	2	-1	0.33955	84.3602
0.00135823	4.15	16.099	4	-1	0.32008	79.523
0.0014349	4.15	16.3063	3	-1	0.31148	96.8894
0.00151098	4.15	16.4145	4	-1	0.30723	95.5674
0.00158661	4.15	16.4725	3	-1	0.30506	98.8049
0.00166219	4.15	16.501	4	-1	0.30396	98.4486
0.00173758	4.15	16.5164	3	-1	0.3034	99.2704
0.00181304	4.15	16.5231	1	-1	0.30313	99.182
0.00181306	4.15	16.5223	4	-1	0.30312	99.1787
0.00188844	4.15	16.5252	3	-1	0.30302	99.3671
0.00196392	4.15	16.5252	1	-1	0.30299	99.3573
0.00196394	4.15	16.5244	4	-1	0.30299	99.3573
0.00203936	4.15	16.5238	2	-1	0.30301	99.3606
0.00203937	4.15	16.5236	3	-1	0.30301	99.3606
0.00211491	4.15	16.5215	1	-1	0.30306	99.377
0.00211493	4.15	16.5208	4	-1	0.30305	99.3737
0.00219042	4.15	16.5191	2	-1	0.30311	99.3217
0.00219043	4.15	16.5187	3	-1	0.30312	99.325
0.00226604	4.15	16.5162	1	-1	0.30319	99.3479
0.00226605	4.15	16.5157	4	-1	0.30318	99.3446
0.00234161	4.15	16.5136	2	-1	0.30325	99.2765
0.00234163	4.15	16.5131	3	-1	0.30326	99.2798
0.00241731	4.15	16.5106	1	-1	0.30333	99.3027
0.00241732	4.15	16.5102	4	-1	0.30332	99.2994
0.00249295	4.15	16.5078	2	-1	0.30339	99.2281
0.00249297	4.15	16.5072	3	-1	0.3034	99.2314
0.00256873	4.15	16.5048	1	-1	0.30348	99.2576
0.00256873	4.15	16.5046	4	-1	0.30347	99.2543
0.00264444	4.15	16.5018	2	-1	0.30354	99.1766
0.00264447	4.15	16.501	3	-1	0.30355	99.1799
0.0027203	4.15	16.4989	1	-1	0.30363	99.206
0.0027203	4.15	16.4989	4	-1	0.30362	99.2028
0.00279608	4.15	16.496	2	-1	0.30369	99.1285
0.00279611	4.15	16.495	3	-1	0.3037	99.1317
0.00287202	4.15	16.493	4	-1	0.30376	99.1513
0.00287202	4.15	16.4929	1	-1	0.30377	99.1546
0.00294787	4.15	16.4901	2	-1	0.30384	99.0836
0.0029479	4.15	16.4889	3	-1	0.30385	99.0869
0.00302388	4.15	16.4872	4	-1	0.30391	99.1065
0.00302389	4.15	16.487	1	-1	0.30392	99.1097
0.0030998	4.15	16.4842	2	-1	0.30399	99.0357
0.00309984	4.15	16.483	3	-1	0.304	99.0389
0.0031759	4.15	16.4812	4	-1	0.30406	99.0585
0.0031759	4.15	16.481	1	-1	0.30407	99.0617
0.00325189	4.15	16.4784	2	-1	0.30414	98.9878
0.00325194	4.15	16.4769	3	-1	0.30415	98.991
0.00332806	4.15	16.4753	4	-1	0.30421	99.0106
0.00332806	4.15	16.4752	1	-1	0.30422	99.0138
0.00340413	4.15	16.4725	2	-1	0.30428	98.9368
0.00340418	4.15	16.4708	3	-1	0.3043	98.9433
0.00348037	4.15	16.4696	4	-1	0.30436	98.9628
0.00348038	4.15	16.4694	1	-1	0.30437	98.966
0.00355651	4.15	16.4666	2	-1	0.30443	98.8859
0.00355657	4.15	16.4645	3	-1	0.30445	98.8924
0.00363284	4.15	16.4637	4	-1	0.30451	98.9118
0.00363284	4.15	16.4635	1	-1	0.30452	98.9151
0.00370904	4.15	16.4608	2	-1	0.30458	98.8383
0.00370911	4.15	16.4584	3	-1	0.3046	98.8448
0.00378544	4.15	16.4577	4	-1	0.30465	98.861
0.00378545	4.15	16.4576	1	-1	0.30466	98.8642
0.00386172	4.15	16.4549	2	-1	0.30473	98.794
0.0038618	4.15	16.4522	3	-1	0.30475	98.8005
0.0039382	4.15	16.4519	4	-1	0.3048	98.8167
0.00393821	4.15	16.4518	1	-1	0.30481	98.8199
0.00401455	4.15	16.449	2	-1	0.30488	98.7434
0.00401464	4.15	16.4459	3	-1	0.3049	98.7498
0.00409111	4.15	16.4461	4	-1	0.30495	98.766
0.00409112	4.15	16.4459	1	-1	0.30496	98.7693
0.00416753	4.15	16.4432	2	-1	0.30503	98.696
0.00416763	4.15	16.4398	3	-1	0.30505	98.7025
0.00424417	4.15	16.4404	4	-1	0.3051	98.7187
0.00424418	4.15	16.4402	1	-1	0.30511	98.7219
0.00432065	4.15	16.4375	2	-1	0.30517	98.6456
0.00432077	4.15	16.4338	3	-1	0.30519	98.6521
0.00439738	4.15	16.4345	4	-1	0.30525	98.6715
0.00439738	4.15	16.4343	1	-1	0.30526	98.6747
0.00447393	4.15	16.4317	2	-1	0.30532	98.5985
0.00447405	4.15	16.4277	3	-1	0.30534	98.6049
0.00455073	4.15	16.4287	4	-1	0.3054	98.6243
0.00455074	4.15	16.4286	1	-1	0.30541	98.6275
0.00462736	4.15	16.4258	2	-1	0.30547	98.5482
0.00462749	4.15	16.4215	3	-1	0.30549	98.5547
0.00470424	4.15	16.4229	4	-1	0.30554	98.5708
0.00470424	4.15	16.4228	1	-1	0.30555	98.5741
0.00478093	4.15	16.42	2	-1	0.30562	98.5045
0.00478107	4.15	16.4154	3	-1	0.30564	98.5109
0.00485789	4.15	16.4171	4	-1	0.30569	98.527
0.0048579	4.15	16.4169	1	-1	0.3057	98.5303
0.00493466	4.15	16.4141	2	-1	0.30577	98.4545
0.00493481	4.15	16.4092	3	-1	0.30579	98.4609
0.0050117	4.15	16.4112	4	-1	0.30584	98.477
0.0050117	4.15	16.4111	1	-1	0.30585	98.4802
0.00508853	4.15	16.4083	2	-1	0.30592	98.4077
0.0050887	4.15	16.4031	3	-1	0.30594	98.4141
0.00516565	4.15	16.4054	4	-1	0.30599	98.4302
0.00516566	4.15	16.4052	1	-1	0.306	98.4334
0.00524256	4.15	16.4026	2	-1	0.30607	98.361
0.00524273	4.15	16.397	3	-1	0.30609	98.3675
0.00531976	4.15	16.3997	4	-1	0.30614	98.3835
0.00531976	4.15	16.3995	1	-1	0.30615	98.3867
0.00539674	4.15	16.3967	2	-1	0.30622	98.3113
0.00539692	4.15	16.3909	3	-1	0.30624	98.3177
0.00547401	4.15	16.394	4	-1	0.30629	98.3338
0.00547402	4.15	16.3938	1	-1	0.3063	98.337
0.00555106	4.15	16.391	2	-1	0.30636	98.2616
0.00555126	4.15	16.3847	3	-1	0.30639	98.2712
0.00562842	4.15	16.3882	4	-1	0.30644	98.2873
0.00562842	4.15	16.388	1	-1	0.30645	98.2905
0.00570554	4.15	16.3852	2	-1	0.30652	98.2153
0.00570575	4.15	16.3785	3	-1	0.30654	98.2217
0.00578298	4.15	16.3824	4	-1	0.30659	98.2377
0.00578298	4.15	16.3823	1	-1	0.3066	98.2409
0.00586016	4.15	16.3795	2	-1	0.30666	98.1658
0.00586039	4.15	16.3724	3	-1	0.30669	98.1754
0.00593768	4.15	16.3766	4	-1	0.30674	98.1914
0.00593769	4.15	16.3765	1	-1	0.30675	98.1946
0.00601494	4.15	16.3736	2	-1	0.30681	98.1164
0.00601518	4.15	16.3661	3	-1	0.30684	98.126
0.00609254	4.15	16.3709	4	-1	0.30688	98.1388
0.00609255	4.15	16.3707	1	-1	0.30689	98.142
0.00616986	4.15	16.3679	2	-1	0.30696	98.0734
0.00617011	4.15	16.3601	3	-1	0.30698	98.0798
0.00624754	4.15	16.3651	4	-1	0.30703	98.0958
0.00624755	4.15	16.3649	1	-1	0.30704	98.099
0.00632494	4.15	16.362	2	-1	0.30711	98.0243
0.0063252	4.15	16.3539	3	-1	0.30713	98.0306
0.0064027	4.15	16.3594	4	-1	0.30718	98.0466
0.00640271	4.15	16.3592	1	-1	0.30719	98.0498
0.00648017	4.15	16.3564	2	-1	0.30726	97.9783
0.00648044	4.15	16.348	3	-1	0.30728	97.9847
0.00655801	4.15	16.3536	4	-1	0.30733	98.0006
0.00655801	4.15	16.3535	1	-1	0.30734	98.0038
0.00663555	4.15	16.3506	2	-1	0.30741	97.9293
0.00663583	4.15	16.3418	3	-1	0.30743	97.9357
0.00671347	4.15	16.3479	4	-1	0.30748	97.9516
0.00671347	4.15	16.3478	1	-1	0.30749	97.9548
0.00679108	4.15	16.3449	2	-1	0.30756	97.8836
0.00679137	4.15	16.3359	3	-1	0.30758	97.8899
0.00686908	4.15	16.3422	4	-1	0.30763	97.9059
0.00686908	4.15	16.3421	1	-1	0.30764	97.909
0.00694676	4.15	16.3391	2	-1	0.30771	97.8348
0.00694706	4.15	16.3298	3	-1	0.30773	97.8412
0.00702484	4.15	16.3364	4	-1	0.30778	97.8571
0.00702484	4.15	16.3362	1	-1	0.30779	97.8602
0.0071026	4.15	16.3334	2	-1	0.30786	97.7892
0.0071029	4.15	16.3238	3	-1	0.30788	97.7956
0.00718075	4.15	16.3308	4	-1	0.30793	97.8114
0.00718075	4.15	16.3307	1	-1	0.30794	97.8146
0.00725858	4.15	16.3277	2	-1	0.30801	97.7406
0.00725889	4.15	16.3179	3	-1	0.30802	97.7438
0.00733681	4.15	16.325	4	-1	0.30808	97.7628
0.00733682	4.15	16.3249	1	-1	0.30809	97.766
0.00741472	4.15	16.3219	2	-1	0.30816	97.6921
0.00741504	4.15	16.312	3	-1	0.30817	97.6953
0.00749303	4.15	16.3194	4	-1	0.30823	97.7143
0.00749303	4.15	16.3192	1	-1	0.30824	97.7175
0.007571	4.15	16.3163	2	-1	0.3083	97.6436
0.00757133	4.15	16.3061	3	-1	0.30832	97.65
0.00764939	4.15	16.3137	4	-1	0.30837	97.6658
0.00764939	4.15	16.3135	1	-1	0.30838	97.669
0.00772744	4.15	16.3105	2	-1	0.30845	97.5984
0.00772777	4.15	16.3	3	-1	0.30847	97.6047
0.0078059	4.15	16.3079	4	-1	0.30852	97.6206
0.00780591	4.15	16.3078	1	-1	0.30853	97.6237
0.00788402	4.15	16.3049	2	-1	0.3086	97.5533
0.00788437	4.15	16.2941	3	-1	0.30862	97.5596
0.00796257	4.15	16.3024	4	-1	0.30867	97.5754
0.00796257	4.15	16.3023	1	-1	0.30868	97.5786
0.00804076	4.15	16.2992	2	-1	0.30875	97.5051
0.00804111	4.15	16.2883	3	-1	0.30876	97.5083
0.00811938	4.15	16.2967	4	-1	0.30882	97.5272
0.00811939	4.15	16.2965	1	-1	0.30883	97.5304
0.00819765	4.15	16.2934	2	-1	0.3089	97.4571
0.00819801	4.15	16.2824	3	-1	0.30891	97.4602
0.00827635	4.15	16.2909	4	-1	0.30897	97.4792
0.00827636	4.15	16.2908	1	-1	0.30898	97.4823
0.0083547	4.15	16.2877	2	-1	0.30905	97.4091
0.00835506	4.15	16.2763	3	-1	0.30907	97.4155
0.00843347	4.15	16.2853	4	-1	0.30912	97.4312
0.00843348	4.15	16.2852	1	-1	0.30913	97.4344
0.00851189	4.15	16.2821	2	-1	0.3092	97.3644
0.00851226	4.15	16.2707	3	-1	0.30921	97.3675
0.00859075	4.15	16.2797	4	-1	0.30927	97.3864
0.00859075	4.15	16.2796	1	-1	0.30928	97.3896
0.00866923	4.15	16.2765	2	-1	0.30935	97.3166
0.00866961	4.15	16.2648	3	-1	0.30936	97.3197
0.00874817	4.15	16.274	4	-1	0.30942	97.3386
0.00874818	4.15	16.2739	1	-1	0.30943	97.3418
0.00882673	4.15	16.2707	2	-1	0.3095	97.2689
0.00882711	4.15	16.259	3	-1	0.30951	97.2721
0.00890575	4.15	16.2683	4	-1	0.30957	97.2909
0.00890575	4.15	16.2681	1	-1	0.30958	97.2941
0.00898438	4.15	16.265	2	-1	0.30965	97.2214
0.00898477	4.15	16.2531	3	-1	0.30966	97.2245
0.00906348	4.15	16.2627	4	-1	0.30972	97.2433
0.00906349	4.15	16.2626	1	-1	0.30973	97.2465
0.00914218	4.15	16.2595	2	-1	0.30979	97.1738
0.00914258	4.15	16.2474	3	-1	0.30981	97.1801
0.00922136	4.15	16.2571	4	-1	0.30986	97.1957
0.00922136	4.15	16.257	1	-1	0.30987	97.1989
0.00930013	4.15	16.2539	2	-1	0.30994	97.1294
0.00930054	4.15	16.2414	3	-1	0.30996	97.1357
0.00937938	4.15	16.2515	4	-1	0.31001	97.1514
0.00937939	4.15	16.2513	1	-1	0.31002	97.1545
0.00945823	4.15	16.2481	2	-1	0.31009	97.0821
0.00945864	4.15	16.2356	3	-1	0.3101	97.0853
0.00953757	4.15	16.2458	4	-1	0.31016	97.104
0.00953757	4.15	16.2456	1	-1	0.31017	97.1072
0.00961649	4.15	16.2424	2	-1	0.31024	97.0349
0.00961691	4.15	16.2297	3	-1	0.31025	97.038
0.0096959	4.15	16.2401	4	-1	0.31031	97.0568
0.00969591	4.15	16.2399	1	-1	0.31032	97.0599
0.0097749	4.15	16.2368	2	-1	0.31039	96.9878
0.00977533	4.15	16.2238	3	-1	0.31041	96.994
0.00985439	4.15	16.2345	4	-1	0.31046	97.0097
0.0098544	4.15	16.2344	1	-1	0.31047	97.0128
0.00993346	4.15	16.2313	2	-1	0.31054	96.9438
0.00993389	4.15	16.218	3	-1	0.31055	96.9469
0.010013	4.15	16.2291	4	-1	0.31061	96.9656
0.010013	4.15	16.2289	1	-1	0.31062	96.9688
0.0100922	4.15	16.2257	2	-1	0.31069	96.8968
0.0100926	4.15	16.2125	3	-1	0.31069	96.8968
0.0101718	4.15	16.2235	4	-1	0.31075	96.9155
0.0101718	4.15	16.2233	1	-1	0.31076	96.9187
0.010251	4.15	16.2201	2	-1	0.31084	96.853
0.0102515	4.15	16.2067	3	-1	0.31085	96.8561
0.0103308	4.15	16.2179	4	-1	0.3109	96.8717
0.0103308	4.15	16.2177	1	-1	0.31091	96.8748
0.0104101	4.15	16.2144	2	-1	0.31099	96.8062
0.0104105	4.15	16.2011	3	-1	0.31099	96.8062
0.0104899	4.15	16.2123	4	-1	0.31106	96.828
0.0104899	4.15	16.2121	1	-1	0.31107	96.8311
0.0105692	4.15	16.2088	2	-1	0.31114	96.7565
0.0105697	4.15	16.1955	3	-1	0.31114	96.7565
0.0106491	4.15	16.2066	4	-1	0.3112	96.7752
0.0106491	4.15	16.2065	1	-1	0.31121	96.7783
0.0107286	4.15	16.2032	2	-1	0.31129	96.713
0.010729	4.15	16.1899	3	-1	0.31129	96.713
0.0108085	4.15	16.2011	4	-1	0.31135	96.7316
0.0108085	4.15	16.2009	1	-1	0.31136	96.7347
0.010888	4.15	16.1976	2	-1	0.31144	96.6665
0.0108885	4.15	16.1843	3	-1	0.31144	96.6665
0.0109681	4.15	16.1955	4	-1	0.31151	96.6882
0.0109681	4.15	16.1954	1	-1	0.31152	96.6913
0.0110477	4.15	16.192	2	-1	0.31159	96.6171
0.0110481	4.15	16.1789	3	-1	0.31158	96.614
0.0111278	4.15	16.1899	4	-1	0.31165	96.6357
0.0111278	4.15	16.1897	1	-1	0.31166	96.6388
0.0112074	4.15	16.1864	2	-1	0.31173	96.5706
0.0112079	4.15	16.1732	3	-1	0.31174	96.5737
0.0112876	4.15	16.1843	4	-1	0.3118	96.5923
0.0112876	4.15	16.1841	1	-1	0.31181	96.5954
0.0113674	4.15	16.1809	2	-1	0.31188	96.5244
0.0113678	4.15	16.1674	3	-1	0.31189	96.5275
0.0114476	4.15	16.1788	4	-1	0.31195	96.5461
0.0114476	4.15	16.1786	1	-1	0.31196	96.5492
0.0115275	4.15	16.1753	2	-1	0.31203	96.4783
0.0115279	4.15	16.1619	3	-1	0.31203	96.4783
0.0116078	4.15	16.1732	4	-1	0.3121	96.4999
0.0116078	4.15	16.173	1	-1	0.31211	96.503
0.0116877	4.15	16.1698	2	-1	0.31218	96.4322
0.0116882	4.15	16.1563	3	-1	0.31219	96.4353
0.0117681	4.15	16.1676	4	-1	0.31224	96.4507
0.0117681	4.15	16.1675	1	-1	0.31225	96.4538
0.0118481	4.15	16.1642	2	-1	0.31233	96.3892
0.0118486	4.15	16.1506	3	-1	0.31234	96.3923
0.0119286	4.15	16.1622	4	-1	0.31239	96.4077
0.0119286	4.15	16.162	1	-1	0.3124	96.4108
0.0120087	4.15	16.1586	2	-1	0.31248	96.3433
0.0120091	4.15	16.145	3	-1	0.31248	96.3433
0.0120892	4.15	16.1567	4	-1	0.31255	96.3649
0.0120892	4.15	16.1565	1	-1	0.31256	96.368
0.0121694	4.15	16.1531	2	-1	0.31263	96.2946
0.0121698	4.15	16.1397	3	-1	0.31262	96.2915
0.01225	4.15	16.1511	4	-1	0.31269	96.3131
0.01225	4.15	16.151	1	-1	0.3127	96.3161
0.0123302	4.15	16.1477	2	-1	0.31277	96.2488
0.0123307	4.15	16.1341	3	-1	0.31278	96.2518
0.0124109	4.15	16.1456	4	-1	0.31284	96.2703
0.0124109	4.15	16.1455	1	-1	0.31285	96.2734
0.0124912	4.15	16.1421	2	-1	0.31292	96.2032
0.0124917	4.15	16.1286	3	-1	0.31292	96.2032
0.012572	4.15	16.1402	4	-1	0.31299	96.2247
0.012572	4.15	16.14	1	-1	0.313	96.2277
0.0126524	4.15	16.1367	2	-1	0.31307	96.1576
0.0126528	4.15	16.1231	3	-1	0.31307	96.1576
0.0127332	4.15	16.1347	4	-1	0.31313	96.1761
0.0127332	4.15	16.1345	1	-1	0.31314	96.1791
0.0128137	4.15	16.1312	2	-1	0.31321	96.1121
0.0128141	4.15	16.1175	3	-1	0.31322	96.1151
0.0128946	4.15	16.129	4	-1	0.31328	96.1335
0.0128946	4.15	16.1289	1	-1	0.31329	96.1366
0.0129751	4.15	16.1254	2	-1	0.31337	96.0668
0.0129756	4.15	16.1118	3	-1	0.31337	96.0668
0.0130562	4.15	16.1235	4	-1	0.31344	96.0883
0.0130562	4.15	16.1234	1	-1	0.31345	96.0914
0.0131368	4.15	16.1199	2	-1	0.31352	96.0186
0.0131372	4.15	16.1063	3	-1	0.31352	96.0186
0.0132179	4.15	16.118	4	-1	0.31358	96.037
0.0132179	4.15	16.1179	1	-1	0.31359	96.0401
0.0132985	4.15	16.1145	2	-1	0.31367	95.9764
0.013299	4.15	16.1009	3	-1	0.31367	95.9764
0.0133797	4.15	16.1126	4	-1	0.31373	95.9947
0.0133797	4.15	16.1124	1	-1	0.31374	95.9978
0.0134605	4.15	16.109	2	-1	0.31382	95.9313
0.0134609	4.15	16.0954	3	-1	0.31382	95.9313
0.0135417	4.15	16.1072	4	-1	0.31388	95.9496
0.0135417	4.15	16.1071	1	-1	0.31389	95.9527
0.0136225	4.15	16.1036	2	-1	0.31397	95.8863
0.013623	4.15	16.0902	3	-1	0.31396	95.8832
0.0137039	4.15	16.1018	4	-1	0.31403	95.9046
0.0137039	4.15	16.1017	1	-1	0.31404	95.9076
0.0137848	4.15	16.0981	2	-1	0.31412	95.8384
0.0137852	4.15	16.0848	3	-1	0.31411	95.8354
0.0138662	4.15	16.0961	4	-1	0.31418	95.8567
0.0138662	4.15	16.096	1	-1	0.31419	95.8598
0.0139472	4.15	16.0926	2	-1	0.31426	95.7905
0.0139476	4.15	16.0793	3	-1	0.31426	95.7905
0.0140287	4.15	16.0907	4	-1	0.31433	95.8119
0.0140287	4.15	16.0905	1	-1	0.31434	95.8149
0.0141097	4.15	16.0871	2	-1	0.31441	95.7458
0.0141102	4.15	16.0739	3	-1	0.31441	95.7458
0.0141913	4.15	16.0852	4	-1	0.31447	95.7641
0.0141913	4.15	16.0851	1	-1	0.31448	95.7671
0.0142724	4.15	16.0818	2	-1	0.31456	95.704
0.0142729	4.15	16.0686	3	-1	0.31456	95.704
0.0143541	4.15	16.0799	4	-1	0.31462	95.7223
0.0143541	4.15	16.0798	1	-1	0.31463	95.7253
0.0144353	4.15	16.0762	2	-1	0.31471	95.6565
0.0144357	4.15	16.063	3	-1	0.31471	95.6565
0.014517	4.15	16.0743	4	-1	0.31477	95.6748
0.014517	4.15	16.0742	1	-1	0.31478	95.6778
0.0145983	4.15	16.0707	2	-1	0.31486	95.612
0.0145987	4.15	16.0576	3	-1	0.31486	95.612
0.0146801	4.15	16.0689	4	-1	0.31492	95.6303
0.0146801	4.15	16.0688	1	-1	0.31493	95.6333
0.0147614	4.15	16.0653	2	-1	0.31501	95.5676
0.0147619	4.15	16.0523	3	-1	0.315	95.5646
0.0148433	4.15	16.0636	4	-1	0.31507	95.5858
0.0148433	4.15	16.0635	1	-1	0.31508	95.5889
0.0149248	4.15	16.0598	2	-1	0.31516	95.5204
0.0149252	4.15	16.047	3	-1	0.31515	95.5174
0.0150067	4.15	16.058	4	-1	0.31522	95.5386
0.0150067	4.15	16.0578	1	-1	0.31523	95.5416
0.0150882	4.15	16.0544	2	-1	0.31531	95.4762
0.0150887	4.15	16.0418	3	-1	0.3153	95.4731
0.0151702	4.15	16.0526	4	-1	0.31536	95.4913
0.0151702	4.15	16.0524	1	-1	0.31537	95.4943
0.0152518	4.15	16.049	2	-1	0.31545	95.4319
0.0152523	4.15	16.0364	3	-1	0.31545	95.4319
0.0153339	4.15	16.0474	4	-1	0.31552	95.453
0.0153339	4.15	16.0472	1	-1	0.31553	95.4561
0.0154156	4.15	16.0436	2	-1	0.31561	95.385
0.0154161	4.15	16.0313	3	-1	0.31559	95.379
0.0154978	4.15	16.0418	4	-1	0.31567	95.4032
0.0154978	4.15	16.0416	1	-1	0.31568	95.4062
0.0155796	4.15	16.0383	2	-1	0.31575	95.338
0.01558	4.15	16.0259	3	-1	0.31575	95.338
0.0156618	4.15	16.0363	4	-1	0.3158	95.3531
0.0156618	4.15	16.0362	1	-1	0.31581	95.3561
0.0157436	4.15	16.0329	2	-1	0.31589	95.2969
0.0157441	4.15	16.0204	3	-1	0.3159	95.2999
0.015826	4.15	16.031	4	-1	0.31596	95.318
0.015826	4.15	16.0309	1	-1	0.31597	95.321
0.0159079	4.15	16.0273	2	-1	0.31606	95.2533
0.0159083	4.15	16.0151	3	-1	0.31604	95.2473
0.0159903	4.15	16.0257	1	-1	0.31612	95.2714
0.0159903	4.15	16.0257	4	-1	0.31612	95.2714
0.0160723	4.15	16.022	2	-1	0.31621	95.2096
0.0160727	4.15	16.0103	3	-1	0.31618	95.2005
0.0161548	4.15	16.0203	1	-1	0.31626	95.2246
0.0161548	4.15	16.0201	4	-1	0.31627	95.2276
0.0162369	4.15	16.0166	2	-1	0.31636	95.1659
0.0162373	4.15	16.0053	3	-1	0.31633	95.1569
0.0163194	4.15	16.0149	1	-1	0.31641	95.1809
0.0163194	4.15	16.0147	4	-1	0.31642	95.1839
0.0164016	4.15	16.0113	2	-1	0.31651	95.1223
0.0164019	4.15	16.0006	3	-1	0.31647	95.1103
0.0164842	4.15	16.0096	1	-1	0.31655	95.1343
0.0164842	4.15	16.009	4	-1	0.31657	95.1403
0.0165664	4.15	16.0058	2	-1	0.31666	95.0788
0.0165668	4.15	15.9956	3	-1	0.31662	95.0668
0.0166491	4.15	16.0042	1	-1	0.3167	95.0908
0.0166491	4.15	16.0033	4	-1	0.31672	95.0968
0.0167315	4.15	16.0006	2	-1	0.31681	95.0354
0.0167318	4.15	15.9909	3	-1	0.31677	95.0234
0.0168142	4.15	15.9988	1	-1	0.31685	95.0474
0.0168142	4.15	15.9977	4	-1	0.31687	95.0534
0.0168967	4.15	15.9951	2	-1	0.31696	94.9892
0.016897	4.15	15.9861	3	-1	0.31691	94.9742
0.0169794	4.15	15.9934	1	-1	0.317	95.0012
0.0169795	4.15	15.992	4	-1	0.31702	95.0072
0.017062	4.15	15.9899	2	-1	0.31711	94.946
0.0170623	4.15	15.9816	3	-1	0.31706	94.931
0.0171448	4.15	15.988	1	-1	0.31714	94.9549
0.0171449	4.15	15.9862	4	-1	0.31717	94.9639
0.0172275	4.15	15.9845	2	-1	0.31726	94.9028
0.0172278	4.15	15.9769	3	-1	0.31721	94.8878
0.0173104	4.15	15.9827	1	-1	0.31729	94.9118
0.0173105	4.15	15.9804	4	-1	0.31732	94.9207
0.0173931	4.15	15.9793	2	-1	0.31741	94.8597
0.0173934	4.15	15.9725	3	-1	0.31735	94.8418
0.0174761	4.15	15.9773	1	-1	0.31743	94.8657
0.0174762	4.15	15.9743	4	-1	0.31748	94.8806
0.017559	4.15	15.9739	2	-1	0.31757	94.8197
0.0175592	4.15	15.9683	3	-1	0.31749	94.7958
0.0176419	4.15	15.972	1	-1	0.31758	94.8226
0.0176421	4.15	15.9683	4	-1	0.31763	94.8376
0.0177249	4.15	15.9687	2	-1	0.31771	94.7709
0.0177251	4.15	15.964	3	-1	0.31764	94.75
0.017808	4.15	15.9664	1	-1	0.31774	94.7799
0.0178081	4.15	15.9623	4	-1	0.31777	94.7888
0.017891	4.15	15.9636	2	-1	0.31785	94.7223
0.0178912	4.15	15.9595	3	-1	0.31781	94.7103
0.0179741	4.15	15.961	1	-1	0.3179	94.7372
0.0179743	4.15	15.9568	4	-1	0.31791	94.7401
0.0180573	4.15	15.9583	2	-1	0.31799	94.6709
0.0180574	4.15	15.9545	3	-1	0.31796	94.6619
0.0181405	4.15	15.9557	1	-1	0.31805	94.6887
0.0181406	4.15	15.9515	4	-1	0.31805	94.6887
0.0182237	4.15	15.9531	2	-1	0.31814	94.6282
0.0182239	4.15	15.9497	3	-1	0.31811	94.6193
0.018307	4.15	15.9504	1	-1	0.31819	94.6431
0.0183071	4.15	15.9461	4	-1	0.3182	94.646
0.0183903	4.15	15.9477	2	-1	0.3183	94.5886
0.0183904	4.15	15.945	3	-1	0.31825	94.5737
0.0184736	4.15	15.9452	1	-1	0.31833	94.5975
0.0184738	4.15	15.9405	4	-1	0.31836	94.6064
0.0185571	4.15	15.9424	2	-1	0.31845	94.546
0.0185571	4.15	15.9406	3	-1	0.31839	94.5282
0.0186404	4.15	15.9398	1	-1	0.31848	94.555
0.0186406	4.15	15.9346	4	-1	0.31851	94.5639
0.018724	4.15	15.9373	2	-1	0.31859	94.5006
0.018724	4.15	15.9361	3	-1	0.31854	94.4858
0.0188074	4.15	15.9344	1	-1	0.31863	94.5125
0.0188076	4.15	15.9289	4	-1	0.31865	94.5184
0.018891	4.15	15.932	2	-1	0.31874	94.4555
0.018891	4.15	15.9314	3	-1	0.3187	94.4436
0.0189745	4.15	15.929	1	-1	0.31878	94.4673
0.0189747	4.15	15.9233	4	-1	0.3188	94.4733
0.0190582	4.15	15.9265	3	-1	0.31884	94.3956
0.0190582	4.15	15.9264	2	-1	0.31889	94.4104
0.0191417	4.15	15.9238	1	-1	0.31892	94.4193
0.019142	4.15	15.9174	4	-1	0.31897	94.4341
0.0192256	4.15	15.921	3	-1	0.31898	94.3504
0.0192256	4.15	15.9209	2	-1	0.31899	94.3534
0.0193092	4.15	15.9182	1	-1	0.31908	94.38
0.0193094	4.15	15.9113	4	-1	0.31912	94.3919
0.0193931	4.15	15.9163	3	-1	0.31915	94.3115
0.0193931	4.15	15.9161	2	-1	0.31916	94.3144
0.0194768	4.15	15.9125	1	-1	0.31927	94.3469
0.019477	4.15	15.9063	4	-1	0.31922	94.3322
0.0195607	4.15	15.9112	2	-1	0.31928	94.2496
0.0195608	4.15	15.9102	3	-1	0.31935	94.2703
0.0196445	4.15	15.9074	1	-1	0.31944	94.2968
0.0196447	4.15	15.9025	4	-1	0.31934	94.2673
0.0197285	4.15	15.9057	2	-1	0.31944	94.2023
0.0197286	4.15	15.904	3	-1	0.31949	94.217
0.0198125	4.15	15.9025	1	-1	0.31956	94.2377
0.0198126	4.15	15.8984	4	-1	0.31951	94.2229
0.0198965	4.15	15.9002	2	-1	0.31961	94.1719
0.0198966	4.15	15.8985	3	-1	0.31961	94.1719
0.0199805	4.15	15.8974	1	-1	0.31969	94.1955
0.0199807	4.15	15.8934	4	-1	0.31968	94.1925
0.0200647	4.15	15.8949	2	-1	0.31977	94.1358
0.0200647	4.15	15.8935	3	-1	0.31975	94.1299
0.0201487	4.15	15.892	1	-1	0.31985	94.1594
0.0201489	4.15	15.8883	4	-1	0.31983	94.1535
0.0202329	4.15	15.8899	2	-1	0.3199	94.0855
0.020233	4.15	15.8884	3	-1	0.31991	94.0884
0.0203171	4.15	15.8867	1	-1	0.32001	94.1178
0.0203172	4.15	15.8837	4	-1	0.31996	94.1031
0.0204014	4.15	15.8847	2	-1	0.32004	94.0354
0.0204015	4.15	15.8827	3	-1	0.32007	94.0442
0.0204857	4.15	15.8815	1	-1	0.32016	94.0706
0.0204857	4.15	15.8793	4	-1	0.3201	94.053
0.02057	4.15	15.8792	2	-1	0.3202	93.994
0.0205701	4.15	15.877	3	-1	0.32022	93.9999
0.0206544	4.15	15.8765	1	-1	0.32029	94.0204
0.0206544	4.15	15.8745	4	-1	0.32027	94.0146
0.0207388	4.15	15.8738	2	-1	0.32037	93.9612
0.0207388	4.15	15.8719	3	-1	0.32035	93.9553
0.0208232	4.15	15.8715	1	-1	0.32042	93.9758
0.0208233	4.15	15.8693	4	-1	0.32044	93.9817
0.0209077	4.15	15.8686	2	-1	0.32053	93.9255
0.0209077	4.15	15.8675	3	-1	0.32047	93.9079
0.0209922	4.15	15.8662	1	-1	0.32056	93.9342
0.0209923	4.15	15.8636	4	-1	0.32059	93.943
0.0210768	4.15	15.8635	2	-1	0.32066	93.8783
0.0210768	4.15	15.8628	3	-1	0.32063	93.8695
0.0211614	4.15	15.8607	1	-1	0.32074	93.9017
0.0211614	4.15	15.8584	4	-1	0.32072	93.8958
0.021246	4.15	15.8585	2	-1	0.32078	93.8173
0.021246	4.15	15.8574	3	-1	0.32081	93.826
0.0213307	4.15	15.8553	1	-1	0.32092	93.8582
0.0213307	4.15	15.854	4	-1	0.32084	93.8348
0.0214154	4.15	15.8534	2	-1	0.3209	93.7564
0.0214155	4.15	15.8511	3	-1	0.32099	93.7827
0.0215002	4.15	15.8499	4	-1	0.32096	93.7739
0.0215002	4.15	15.8498	1	-1	0.32106	93.8031
0.0215849	4.15	15.8479	2	-1	0.32104	93.7124
0.021585	4.15	15.844	3	-1	0.32116	93.7474
0.0216698	4.15	15.8446	4	-1	0.32111	93.7329
0.0216698	4.15	15.8444	1	-1	0.32112	93.7358
0.0217546	4.15	15.8421	2	-1	0.32123	93.705
0.0217548	4.15	15.8373	3	-1	0.32129	93.7225
0.0218396	4.15	15.8403	1	-1	0.32132	93.7312
0.0218396	4.15	15.8403	4	-1	0.32132	93.7312
0.0219245	4.15	15.8362	2	-1	0.32147	93.6739
0.0219246	4.15	15.8332	3	-1	0.32134	93.636
0.0220095	4.15	15.8357	1	-1	0.32137	93.6447
0.0220096	4.15	15.833	4	-1	0.32157	93.703
0.0220946	4.15	15.8309	3	-1	0.32141	93.5964
0.0220946	4.15	15.8308	2	-1	0.32164	93.6634
0.0221795	4.15	15.8299	1	-1	0.32152	93.6284
0.0221797	4.15	15.8243	4	-1	0.32173	93.6896
0.0222647	4.15	15.8263	3	-1	0.32161	93.5674
0.0222647	4.15	15.8262	2	-1	0.32162	93.5703
0.0223498	4.15	15.8232	1	-1	0.32179	93.6198
0.02235	4.15	15.8176	4	-1	0.32179	93.6198
0.022435	4.15	15.8229	2	-1	0.32174	93.4856
0.0224351	4.15	15.8205	3	-1	0.32192	93.5379
0.0225203	4.15	15.8168	4	-1	0.32172	93.4798
0.0225204	4.15	15.8166	1	-1	0.32214	93.6018
0.0226908	4.15	15.8097	1	-1	0.32173	93.3417
0.0227759	4.15	15.8101	2	-1	0.32193	93.4648
0.0228615	4.15	15.8101	4	-1	0.32215	93.5286
0.0228615	4.15	15.81	1	-1	0.32216	93.5315
0.022947	4.15	15.7997	2	-1	0.32273	93.5341
0.023032	4.15	15.8097	1	-1	0.32158	93.2008
0.0232026	4.15	15.7985	1	-1	0.32163	93.3262
0.0232886	4.15	15.7939	2	-1	0.32207	93.3942
0.0237158	4.15	15.7686	1	-1	0.32065	92.6199
0.0238053	4.15	15.6275	3	-1	0.32355	93.9514
0.0245726	4.15	15.6525	1	-1	0.31913	92.2981
0.0248255	4.15	15.2021	2	-1	0.30245	811.075
0.0250015	4.15	15.4147	2	-1	0.33067	107.858
0.0259291	4.15	42.2538	1	-1	0.04832	72.4329
0.0259651	4.15	45.2111	1	-1	0.04687	63.1076
0.0260007	4.15	47.6712	1	-1	0.04579	62.8552
0.0260358	4.15	49.7058	1	-1	0.045	62.6654
0.0260707	4.15	51.3826	1	-1	0.0444	62.4912
