0.00102557	45.1	106.409	4	-1	0.05065	5014.85
0.00103693	45.1	112.56	3	-1	0.04711	91.1571
0.00104807	45.1	118.054	1	-1	0.04442	85.952
0.00105843	45.1	122.712	3	-1	0.04239	93.2263
0.00106874	45.1	126.972	4	-1	0.04071	89.5316
0.00107845	45.1	130.645	3	-1	0.03938	94.2556
0.00108819	45.1	134.051	1	-1	0.03823	91.5031
0.00109744	45.1	137.021	3	-1	0.03728	94.8118
0.00110677	45.1	139.805	4	-1	0.03644	92.6755
0.00111567	45.1	142.247	3	-1	0.03573	95.1531
0.0011247	45.1	144.555	4	-1	0.0351	93.4754
0.00113332	45.1	146.589	3	-1	0.03455	95.363
0.00114211	45.1	148.522	1	-1	0.03406	94.0105
