0.00101393	42.3	93.3021	3	-1	0.02814	2786.14
0.0010271	42.3	100.654	4	-1	0.05374	5320.79
0.0010391	42.3	106.671	3	-1	0.04983	90.9805
0.00105082	42.3	111.999	4	-1	0.04688	85.5943
0.00106174	42.3	116.502	3	-1	0.04469	93.2207
0.00107257	42.3	120.588	4	-1	0.04289	89.466
0.00108279	42.3	124.105	3	-1	0.04147	94.3143
0.00109303	42.3	127.345	4	-1	0.04025	91.5397
0.00110276	42.3	130.166	3	-1	0.03925	94.9214
0.00111257	42.3	132.792	4	-1	0.03837	92.7932
0.00112194	42.3	135.095	3	-1	0.03763	95.2899
0.00113142	42.3	137.256	4	-1	0.03696	93.5933
0.00114052	42.3	139.159	3	-1	0.0364	95.5381
0.00114974	42.3	140.958	4	-1	0.03588	94.1732
0.00115862	42.3	142.546	3	-1	0.03543	95.6533
0.00116766	42.3	144.057	1	-1	0.03503	94.5734
0.00117636	42.3	145.393	3	-1	0.03467	95.7735
0.00118523	42.3	146.67	4	-1	0.03434	94.8619
0.0011938	42.3	147.799	3	-1	0.03405	95.8345
