0.001516	40	84.534	2	-1	0.03032	193.986
0.0026045	40	87.4918	3	-1	0.05209	333.269
0.0036675	40	90.0442	1	-1	0.05772	369.29
0.0043505	40	91.637	4	-1	0.05669	362.7
0.005395	40	93.1603	2	-1	0.05514	72.4668
0.0063245	40	95.0838	3	-1	0.05314	69.8383
0.0072345	40	96.6507	1	-1	0.05297	69.6149
0.008007	40	98.05	4	-1	0.05224	68.6555
0.0089535	40	99.175	2	-1	0.05132	71.686
0.0097685	40	100.489	3	-1	0.05068	70.792
0.0106655	40	101.448	1	-1	0.05	69.8422
0.0114295	40	102.548	4	-1	0.04952	69.1717
0.012348	40	103.315	2	-1	0.04893	71.4828
0.0130945	40	104.282	3	-1	0.04858	70.9715
0.013994	40	104.844	1	-1	0.04812	70.2995
0.014738	40	105.72	4	-1	0.0478	69.832
0.0156425	40	106.211	2	-1	0.04741	71.3791
0.0163535	40	106.973	3	-1	0.04719	71.0479
0.017252	40	107.281	1	-1	0.04686	70.551
0.017975	40	107.996	4	-1	0.04665	70.2349
0.0188715	40	108.278	2	-1	0.04638	71.3319
0.0195635	40	108.91	3	-1	0.04623	71.1012
0.02046	40	109.048	1	-1	0.046	70.7475
0.0211645	40	109.648	4	-1	0.04586	70.5321
0.0220565	40	109.773	2	-1	0.04566	71.2881
0.0227385	40	110.316	3	-1	0.04557	71.1475
