0.00101273	46.5	101.751	3	-1	0.02571	2545.54
0.00102487	46.5	109.279	4	-1	0.04923	4874.26
0.00103594	46.5	115.494	3	-1	0.04587	91.2654
0.0010468	46.5	121.064	4	-1	0.04328	86.1122
0.00105691	46.5	125.799	3	-1	0.04133	93.2326
0.00106698	46.5	130.137	4	-1	0.03971	89.5782
0.00107645	46.5	133.885	3	-1	0.03842	94.2128
0.00108597	46.5	137.371	4	-1	0.0373	91.4664
0.001095	46.5	140.412	3	-1	0.03638	94.7643
0.00110411	46.5	143.271	4	-1	0.03556	92.6283
0.0011128	46.5	145.781	3	-1	0.03487	95.0914
0.00112161	46.5	148.158	4	-1	0.03424	93.3733
