0.00121949	5.55	20.2609	3	-1	0.26623	84.2233
0.00127982	5.55	20.9754	4	-1	0.24815	78.5036
0.00133848	5.55	21.4018	3	-1	0.23915	95.8632
0.00139635	5.55	21.6626	4	-1	0.23412	93.847
0.00145358	5.55	21.8222	3	-1	0.2312	98.1658
0.00151062	5.55	21.9207	4	-1	0.22944	97.4185
0.00156736	5.55	21.9803	3	-1	0.22839	98.8873
0.0016241	5.55	22.0173	4	-1	0.22774	98.6058
0.00168068	5.55	22.0379	3	-1	0.22737	99.1237
0.00173735	5.55	22.0502	4	-1	0.22715	99.0278
0.00173735	5.55	22.05	1	-1	0.22716	99.0322
0.00179391	5.55	22.0555	3	-1	0.22704	99.1874
0.00185057	5.55	22.0582	4	-1	0.22698	99.1612
0.00185057	5.55	22.058	1	-1	0.22699	99.1656
0.00190713	5.55	22.0578	2	-1	0.22697	99.1785
0.00190715	5.55	22.057	3	-1	0.22698	99.1829
0.00196385	5.55	22.0562	4	-1	0.22698	99.1829
0.00196385	5.55	22.056	1	-1	0.22699	99.1872
0.00202045	5.55	22.0535	2	-1	0.22701	99.1483
0.00202047	5.55	22.0524	3	-1	0.22702	99.1527
0.00207722	5.55	22.0501	4	-1	0.22705	99.1658
0.00207722	5.55	22.0499	1	-1	0.22706	99.1702
0.00213387	5.55	22.0466	2	-1	0.2271	99.1097
0.00213389	5.55	22.0455	3	-1	0.2271	99.1097
0.00219069	5.55	22.0427	4	-1	0.22714	99.1272
0.00219069	5.55	22.0425	1	-1	0.22715	99.1315
0.00224739	5.55	22.0386	2	-1	0.2272	99.0626
0.00224742	5.55	22.0373	3	-1	0.22721	99.0669
0.00230427	5.55	22.0346	4	-1	0.22725	99.0844
0.00230428	5.55	22.0344	1	-1	0.22726	99.0887
0.00236102	5.55	22.0305	2	-1	0.2273	99.0112
0.00236105	5.55	22.029	3	-1	0.22731	99.0156
0.00241796	5.55	22.0261	4	-1	0.22736	99.0373
0.00241797	5.55	22.0259	1	-1	0.22737	99.0417
0.00247476	5.55	22.0221	2	-1	0.22741	98.9643
0.0024748	5.55	22.0204	3	-1	0.22742	98.9686
0.00253176	5.55	22.0178	4	-1	0.22747	98.9904
0.00253177	5.55	22.0176	1	-1	0.22748	98.9947
0.00258861	5.55	22.0135	2	-1	0.22752	98.9131
0.00258865	5.55	22.0116	3	-1	0.22753	98.9175
0.00264568	5.55	22.0094	4	-1	0.22758	98.9392
0.00264568	5.55	22.0091	1	-1	0.22759	98.9436
0.00270257	5.55	22.0052	2	-1	0.22763	98.8664
0.00270262	5.55	22.0031	3	-1	0.22764	98.8707
0.0027597	5.55	22.0008	4	-1	0.22769	98.8925
0.00275971	5.55	22.0006	1	-1	0.2277	98.8968
0.00281664	5.55	21.9965	2	-1	0.22774	98.8155
0.0028167	5.55	21.9939	3	-1	0.22776	98.8241
0.00287384	5.55	21.9923	4	-1	0.2278	98.8415
0.00287384	5.55	21.9921	1	-1	0.22781	98.8458
0.00293082	5.55	21.9881	2	-1	0.22785	98.7689
0.00293089	5.55	21.9851	3	-1	0.22787	98.7776
0.00298808	5.55	21.9837	4	-1	0.22791	98.7949
0.00298809	5.55	21.9835	1	-1	0.22792	98.7993
0.00304512	5.55	21.9797	2	-1	0.22796	98.7224
0.0030452	5.55	21.9763	3	-1	0.22798	98.7311
0.00310244	5.55	21.9754	4	-1	0.22802	98.7484
0.00310244	5.55	21.9751	1	-1	0.22803	98.7528
0.00315953	5.55	21.9712	2	-1	0.22808	98.6761
0.00315961	5.55	21.9676	3	-1	0.22809	98.6805
0.00321691	5.55	21.9667	4	-1	0.22813	98.6978
0.00321691	5.55	21.9665	1	-1	0.22814	98.7021
0.00327405	5.55	21.9627	2	-1	0.22819	98.6298
0.00327414	5.55	21.9587	3	-1	0.22821	98.6385
0.00333148	5.55	21.9584	4	-1	0.22824	98.6515
0.00333149	5.55	21.9582	1	-1	0.22825	98.6558
0.00338868	5.55	21.9542	2	-1	0.2283	98.5794
0.00338879	5.55	21.9497	3	-1	0.22832	98.588
0.00344618	5.55	21.9497	4	-1	0.22836	98.6053
0.00344619	5.55	21.9495	1	-1	0.22837	98.6096
0.00350343	5.55	21.9457	2	-1	0.22841	98.529
0.00350354	5.55	21.9409	3	-1	0.22843	98.5377
0.00356099	5.55	21.9414	4	-1	0.22847	98.5549
0.00356099	5.55	21.9412	1	-1	0.22848	98.5592
0.00361828	5.55	21.9372	2	-1	0.22852	98.4788
0.00361841	5.55	21.932	3	-1	0.22854	98.4874
0.00367591	5.55	21.9328	4	-1	0.22858	98.5046
0.00367591	5.55	21.9326	1	-1	0.22859	98.5089
0.00373325	5.55	21.9288	2	-1	0.22863	98.4329
0.00373339	5.55	21.9231	3	-1	0.22865	98.4415
0.00379093	5.55	21.9246	4	-1	0.22869	98.4587
0.00379094	5.55	21.9243	1	-1	0.2287	98.463
0.00384833	5.55	21.9204	2	-1	0.22874	98.3828
0.00384847	5.55	21.9142	3	-1	0.22876	98.3914
0.00390608	5.55	21.916	4	-1	0.2288	98.4086
0.00390608	5.55	21.9158	1	-1	0.22881	98.4129
0.00396353	5.55	21.912	2	-1	0.22886	98.3414
0.00396368	5.55	21.9055	3	-1	0.22888	98.3499
0.00402133	5.55	21.9077	4	-1	0.22891	98.3628
0.00402133	5.55	21.9075	1	-1	0.22892	98.3671
0.00407883	5.55	21.9035	2	-1	0.22897	98.2915
0.00407899	5.55	21.8966	3	-1	0.22899	98.3001
0.00413669	5.55	21.8992	4	-1	0.22902	98.3129
0.0041367	5.55	21.899	1	-1	0.22903	98.3172
0.00419425	5.55	21.8952	2	-1	0.22908	98.2459
0.00419442	5.55	21.8878	3	-1	0.2291	98.2545
0.00425216	5.55	21.891	4	-1	0.22913	98.2674
0.00425217	5.55	21.8908	1	-1	0.22914	98.2716
0.00430978	5.55	21.8868	2	-1	0.22919	98.1962
0.00430996	5.55	21.879	3	-1	0.22921	98.2048
0.00436775	5.55	21.8825	4	-1	0.22924	98.2177
0.00436776	5.55	21.8823	1	-1	0.22925	98.2219
0.00442542	5.55	21.8784	2	-1	0.2293	98.1508
0.00442561	5.55	21.8703	3	-1	0.22932	98.1594
0.00448345	5.55	21.8743	4	-1	0.22935	98.1722
0.00448345	5.55	21.8741	1	-1	0.22936	98.1765
0.00454117	5.55	21.87	2	-1	0.22941	98.1013
0.00454137	5.55	21.8615	3	-1	0.22943	98.1099
0.00459926	5.55	21.8659	4	-1	0.22947	98.127
0.00459927	5.55	21.8656	1	-1	0.22948	98.1313
0.00465704	5.55	21.8615	2	-1	0.22952	98.0478
0.00465725	5.55	21.8525	3	-1	0.22954	98.0563
0.00471519	5.55	21.8575	4	-1	0.22958	98.0734
0.0047152	5.55	21.8573	1	-1	0.22959	98.0777
0.00477301	5.55	21.8533	2	-1	0.22963	98.0026
0.00477323	5.55	21.844	3	-1	0.22965	98.0112
0.00483123	5.55	21.8492	4	-1	0.22969	98.0283
0.00483124	5.55	21.849	1	-1	0.2297	98.0325
0.0048891	5.55	21.8449	2	-1	0.22974	97.9534
0.00488933	5.55	21.8349	3	-1	0.22977	97.9662
0.00494738	5.55	21.8407	4	-1	0.2298	97.979
0.00494739	5.55	21.8405	1	-1	0.22981	97.9833
0.0050053	5.55	21.8366	2	-1	0.22986	97.9128
0.00500555	5.55	21.8262	3	-1	0.22988	97.9213
0.00506364	5.55	21.8326	4	-1	0.22991	97.9341
0.00506365	5.55	21.8324	1	-1	0.22992	97.9383
0.00512162	5.55	21.8283	2	-1	0.22997	97.8637
0.00512187	5.55	21.8175	3	-1	0.22999	97.8722
0.00518002	5.55	21.8242	4	-1	0.23002	97.885
0.00518002	5.55	21.824	1	-1	0.23003	97.8893
0.00523805	5.55	21.8198	2	-1	0.23008	97.8148
0.00523831	5.55	21.8086	3	-1	0.2301	97.8233
0.00529651	5.55	21.8157	4	-1	0.23014	97.8403
0.00529652	5.55	21.8155	1	-1	0.23015	97.8446
0.00535459	5.55	21.8115	2	-1	0.23019	97.766
0.00535487	5.55	21.7999	3	-1	0.23021	97.7745
0.00541311	5.55	21.8076	4	-1	0.23024	97.7872
0.00541311	5.55	21.8074	1	-1	0.23025	97.7915
0.00547124	5.55	21.8032	2	-1	0.2303	97.7214
0.00547153	5.55	21.7913	3	-1	0.23032	97.7299
0.00552982	5.55	21.7992	4	-1	0.23036	97.7468
0.00552983	5.55	21.799	1	-1	0.23037	97.7511
0.00558801	5.55	21.7948	2	-1	0.23041	97.6686
0.0055883	5.55	21.7824	3	-1	0.23043	97.6771
0.00564665	5.55	21.7907	4	-1	0.23047	97.694
0.00564666	5.55	21.7905	1	-1	0.23048	97.6983
0.00570489	5.55	21.7865	2	-1	0.23053	97.6284
0.0057052	5.55	21.7738	3	-1	0.23055	97.6369
0.00576359	5.55	21.7827	4	-1	0.23058	97.6496
0.0057636	5.55	21.7825	1	-1	0.23059	97.6538
0.00582188	5.55	21.7783	2	-1	0.23064	97.58
0.0058222	5.55	21.7652	3	-1	0.23066	97.5884
0.00588065	5.55	21.7744	4	-1	0.23069	97.6011
0.00588065	5.55	21.7742	1	-1	0.2307	97.6053
0.00593899	5.55	21.7699	2	-1	0.23075	97.5316
0.00593932	5.55	21.7564	3	-1	0.23077	97.54
0.00599781	5.55	21.766	4	-1	0.2308	97.5527
0.00599782	5.55	21.7658	1	-1	0.23081	97.557
0.00605621	5.55	21.7614	2	-1	0.23086	97.4833
0.00605655	5.55	21.7475	3	-1	0.23088	97.4918
0.00611509	5.55	21.7578	4	-1	0.23091	97.5044
0.0061151	5.55	21.7576	1	-1	0.23092	97.5087
0.00617354	5.55	21.7534	2	-1	0.23097	97.4393
0.00617389	5.55	21.7391	3	-1	0.23099	97.4477
0.00623248	5.55	21.7496	4	-1	0.23102	97.4603
0.00623249	5.55	21.7494	1	-1	0.23103	97.4646
0.00629099	5.55	21.7451	2	-1	0.23108	97.3912
0.00629134	5.55	21.7305	3	-1	0.2311	97.3996
0.00634999	5.55	21.7413	4	-1	0.23114	97.4164
0.00634999	5.55	21.7411	1	-1	0.23115	97.4207
0.00640855	5.55	21.7368	2	-1	0.2312	97.3433
0.00640891	5.55	21.7219	3	-1	0.23121	97.3475
0.00646761	5.55	21.733	4	-1	0.23125	97.3643
0.00646762	5.55	21.7328	1	-1	0.23126	97.3685
0.00652622	5.55	21.7284	2	-1	0.23131	97.2954
0.0065266	5.55	21.7132	3	-1	0.23133	97.3038
0.00658535	5.55	21.7249	4	-1	0.23136	97.3164
0.00658535	5.55	21.7247	1	-1	0.23137	97.3206
0.00664401	5.55	21.7204	2	-1	0.23142	97.2516
0.00664439	5.55	21.7048	3	-1	0.23144	97.26
0.00670319	5.55	21.7168	4	-1	0.23147	97.2727
0.0067032	5.55	21.7166	1	-1	0.23148	97.2769
0.00676191	5.55	21.7122	2	-1	0.23153	97.2039
0.0067623	5.55	21.6962	3	-1	0.23155	97.2123
0.00682115	5.55	21.7085	4	-1	0.23158	97.2249
0.00682116	5.55	21.7083	1	-1	0.23159	97.2291
0.00687992	5.55	21.7038	2	-1	0.23164	97.1563
0.00688032	5.55	21.6875	3	-1	0.23166	97.1647
0.00693922	5.55	21.7002	4	-1	0.23169	97.1773
0.00693923	5.55	21.7	1	-1	0.2317	97.1814
0.00699805	5.55	21.6955	2	-1	0.23175	97.1087
0.00699846	5.55	21.6787	3	-1	0.23177	97.1171
0.00705741	5.55	21.6919	4	-1	0.23181	97.1339
0.00705742	5.55	21.6917	1	-1	0.23182	97.1381
0.00711629	5.55	21.6872	2	-1	0.23187	97.0614
0.00711671	5.55	21.6703	3	-1	0.23188	97.0656
0.00717572	5.55	21.6837	4	-1	0.23192	97.0823
0.00717572	5.55	21.6835	1	-1	0.23193	97.0865
0.00723465	5.55	21.6792	2	-1	0.23198	97.0181
0.00723507	5.55	21.6619	3	-1	0.23199	97.0223
0.00729413	5.55	21.6758	4	-1	0.23203	97.039
0.00729414	5.55	21.6756	1	-1	0.23204	97.0432
0.00735312	5.55	21.6711	2	-1	0.23209	96.9708
0.00735355	5.55	21.6536	3	-1	0.2321	96.975
0.00741266	5.55	21.6676	4	-1	0.23214	96.9917
0.00741267	5.55	21.6674	1	-1	0.23215	96.9959
0.0074717	5.55	21.6629	2	-1	0.2322	96.9237
0.00747213	5.55	21.6453	3	-1	0.23221	96.9278
0.0075313	5.55	21.6594	4	-1	0.23225	96.9445
0.00753131	5.55	21.6592	1	-1	0.23226	96.9487
0.0075904	5.55	21.6546	2	-1	0.23231	96.8766
0.00759084	5.55	21.6366	3	-1	0.23233	96.8849
0.00765006	5.55	21.6512	4	-1	0.23236	96.8974
0.00765006	5.55	21.651	1	-1	0.23237	96.9016
0.00770921	5.55	21.6463	2	-1	0.23242	96.8296
0.00770966	5.55	21.628	3	-1	0.23244	96.8379
0.00776893	5.55	21.643	4	-1	0.23247	96.8504
0.00776893	5.55	21.6428	1	-1	0.23248	96.8546
0.00782813	5.55	21.6381	2	-1	0.23254	96.7868
0.00782859	5.55	21.6196	3	-1	0.23255	96.791
0.00788792	5.55	21.6348	4	-1	0.23259	96.8076
0.00788792	5.55	21.6346	1	-1	0.2326	96.8118
0.00794718	5.55	21.6299	2	-1	0.23265	96.736
0.00794764	5.55	21.6112	3	-1	0.23266	96.7401
0.00800702	5.55	21.6266	4	-1	0.2327	96.7568
0.00800702	5.55	21.6264	1	-1	0.23271	96.7609
0.00806633	5.55	21.6216	2	-1	0.23276	96.6892
0.0080668	5.55	21.6028	3	-1	0.23277	96.6934
0.00812623	5.55	21.6184	4	-1	0.23281	96.71
0.00812624	5.55	21.6182	1	-1	0.23282	96.7142
0.0081856	5.55	21.6134	2	-1	0.23287	96.6426
0.00818608	5.55	21.5942	3	-1	0.23289	96.6509
0.00824556	5.55	21.6103	4	-1	0.23292	96.6633
0.00824557	5.55	21.6101	1	-1	0.23293	96.6675
0.00830498	5.55	21.6056	2	-1	0.23298	96.6
0.00830547	5.55	21.586	3	-1	0.23299	96.6042
0.008365	5.55	21.6025	4	-1	0.23303	96.6208
0.00836501	5.55	21.6023	1	-1	0.23304	96.6249
0.00842448	5.55	21.5976	2	-1	0.23309	96.5536
0.00842497	5.55	21.5778	3	-1	0.2331	96.5577
0.00848455	5.55	21.5945	4	-1	0.23314	96.5743
0.00848456	5.55	21.5943	1	-1	0.23315	96.5784
0.00854408	5.55	21.5895	2	-1	0.2332	96.5072
0.00854458	5.55	21.5696	3	-1	0.23321	96.5113
0.00860422	5.55	21.5864	4	-1	0.23325	96.5279
0.00860422	5.55	21.5862	1	-1	0.23326	96.532
0.0086638	5.55	21.5814	2	-1	0.23331	96.4609
0.00866431	5.55	21.5613	3	-1	0.23332	96.465
0.008724	5.55	21.5783	4	-1	0.23336	96.4816
0.008724	5.55	21.5782	1	-1	0.23337	96.4857
0.00878364	5.55	21.5733	2	-1	0.23342	96.4147
0.00878415	5.55	21.5529	3	-1	0.23344	96.423
0.00884389	5.55	21.5703	4	-1	0.23347	96.4354
0.0088439	5.55	21.5701	1	-1	0.23348	96.4395
0.00890359	5.55	21.5652	2	-1	0.23354	96.3727
0.00890411	5.55	21.5446	3	-1	0.23355	96.3768
0.0089639	5.55	21.5622	4	-1	0.23358	96.3892
0.00896391	5.55	21.562	1	-1	0.23359	96.3933
0.00902366	5.55	21.5571	2	-1	0.23365	96.3267
0.00902418	5.55	21.5363	3	-1	0.23366	96.3308
0.00908403	5.55	21.5542	4	-1	0.2337	96.3473
0.00908403	5.55	21.554	1	-1	0.23371	96.3514
0.00914384	5.55	21.549	2	-1	0.23376	96.2768
0.00914437	5.55	21.5281	3	-1	0.23377	96.2809
0.00920427	5.55	21.5462	4	-1	0.23381	96.2974
0.00920427	5.55	21.546	1	-1	0.23382	96.3015
0.00926413	5.55	21.5409	2	-1	0.23387	96.2309
0.00926467	5.55	21.5199	3	-1	0.23388	96.235
0.00932462	5.55	21.5381	4	-1	0.23392	96.2515
0.00932463	5.55	21.5379	1	-1	0.23393	96.2556
0.00938454	5.55	21.5329	2	-1	0.23398	96.1852
0.00938508	5.55	21.5116	3	-1	0.23399	96.1893
0.00944509	5.55	21.5301	4	-1	0.23403	96.2057
0.0094451	5.55	21.5299	1	-1	0.23404	96.2098
0.00950507	5.55	21.5249	2	-1	0.23409	96.1395
0.00950561	5.55	21.5034	3	-1	0.2341	96.1436
0.00956567	5.55	21.5219	4	-1	0.23414	96.16
0.00956568	5.55	21.5217	1	-1	0.23415	96.1641
0.00962571	5.55	21.5165	2	-1	0.23421	96.094
0.00962626	5.55	21.4949	3	-1	0.23421	96.094
0.00968638	5.55	21.5136	4	-1	0.23426	96.1146
0.00968638	5.55	21.5134	1	-1	0.23427	96.1187
0.00974647	5.55	21.5083	2	-1	0.23432	96.0446
0.00974702	5.55	21.4866	3	-1	0.23433	96.0487
0.0098072	5.55	21.5055	4	-1	0.23437	96.0651
0.0098072	5.55	21.5054	1	-1	0.23438	96.0692
0.00986734	5.55	21.5002	2	-1	0.23443	95.9992
0.0098679	5.55	21.4784	3	-1	0.23444	96.0033
0.00992813	5.55	21.4975	4	-1	0.23448	96.0197
0.00992814	5.55	21.4973	1	-1	0.23449	96.0238
0.00998833	5.55	21.4922	2	-1	0.23455	95.9579
0.00998889	5.55	21.4704	3	-1	0.23455	95.9579
0.0100492	5.55	21.4896	4	-1	0.23459	95.9743
0.0100492	5.55	21.4894	1	-1	0.2346	95.9784
0.0101094	5.55	21.4843	2	-1	0.23466	95.9127
0.01011	5.55	21.4625	3	-1	0.23466	95.9127
0.0101703	5.55	21.4817	4	-1	0.2347	95.929
0.0101703	5.55	21.4815	1	-1	0.23471	95.9331
0.0102307	5.55	21.4763	2	-1	0.23477	95.8675
0.0102312	5.55	21.4546	3	-1	0.23477	95.8675
0.0102916	5.55	21.4738	4	-1	0.23481	95.8839
0.0102916	5.55	21.4736	1	-1	0.23482	95.8879
0.010352	5.55	21.4684	2	-1	0.23488	95.8225
0.0103526	5.55	21.4467	3	-1	0.23488	95.8225
0.010413	5.55	21.4659	4	-1	0.23493	95.8429
0.010413	5.55	21.4657	1	-1	0.23494	95.8469
0.0104734	5.55	21.4605	2	-1	0.23499	95.7736
0.010474	5.55	21.4388	3	-1	0.23499	95.7736
0.0105345	5.55	21.458	4	-1	0.23503	95.7899
0.0105345	5.55	21.4578	1	-1	0.23504	95.7939
0.010595	5.55	21.4526	2	-1	0.2351	95.7326
0.0105956	5.55	21.431	3	-1	0.2351	95.7326
0.0106561	5.55	21.4499	4	-1	0.23515	95.7529
0.0106561	5.55	21.4497	1	-1	0.23516	95.757
0.0107167	5.55	21.4444	2	-1	0.23522	95.684
0.0107172	5.55	21.4229	3	-1	0.23521	95.6799
0.0107779	5.55	21.4418	4	-1	0.23526	95.7003
0.0107779	5.55	21.4416	1	-1	0.23527	95.7043
0.0108385	5.55	21.4364	2	-1	0.23533	95.6393
0.010839	5.55	21.415	3	-1	0.23533	95.6393
0.0108997	5.55	21.4339	4	-1	0.23537	95.6555
0.0108997	5.55	21.4337	1	-1	0.23538	95.6596
0.0109604	5.55	21.4285	2	-1	0.23544	95.5946
0.010961	5.55	21.4071	3	-1	0.23544	95.5946
0.0110217	5.55	21.4261	4	-1	0.23548	95.6109
0.0110217	5.55	21.4259	1	-1	0.23549	95.6149
0.0110824	5.55	21.4206	2	-1	0.23555	95.5501
0.011083	5.55	21.3993	3	-1	0.23555	95.5501
0.0111438	5.55	21.4183	4	-1	0.2356	95.5703
0.0111438	5.55	21.4181	1	-1	0.23561	95.5744
0.0112046	5.55	21.4128	2	-1	0.23566	95.5017
0.0112051	5.55	21.3915	3	-1	0.23566	95.5017
0.011266	5.55	21.4103	4	-1	0.23571	95.522
0.011266	5.55	21.4101	1	-1	0.23572	95.526
0.0113268	5.55	21.4046	2	-1	0.23577	95.4534
0.0113274	5.55	21.3834	3	-1	0.23577	95.4534
0.0113883	5.55	21.4022	4	-1	0.23582	95.4737
0.0113883	5.55	21.402	1	-1	0.23583	95.4777
0.0114492	5.55	21.3967	2	-1	0.23589	95.4132
0.0114498	5.55	21.3757	3	-1	0.23588	95.4091
0.0115107	5.55	21.3944	4	-1	0.23593	95.4294
0.0115107	5.55	21.3942	1	-1	0.23594	95.4334
0.0115717	5.55	21.3889	2	-1	0.236	95.3689
0.0115722	5.55	21.3681	3	-1	0.23599	95.3649
0.0116333	5.55	21.3866	4	-1	0.23604	95.3851
0.0116333	5.55	21.3864	1	-1	0.23605	95.3892
0.0116943	5.55	21.3812	2	-1	0.23611	95.3248
0.0116949	5.55	21.3606	3	-1	0.2361	95.3208
0.0117559	5.55	21.3786	4	-1	0.23615	95.341
0.0117559	5.55	21.3784	1	-1	0.23616	95.345
0.011817	5.55	21.373	2	-1	0.23622	95.2769
0.0118176	5.55	21.3524	3	-1	0.23622	95.2769
0.0118787	5.55	21.3707	4	-1	0.23627	95.2971
0.0118787	5.55	21.3705	1	-1	0.23628	95.3011
0.0119399	5.55	21.3651	2	-1	0.23633	95.2291
0.0119404	5.55	21.3446	3	-1	0.23633	95.2291
0.0120016	5.55	21.3628	4	-1	0.23637	95.2452
0.0120016	5.55	21.3627	1	-1	0.23638	95.2492
0.0120628	5.55	21.3574	2	-1	0.23644	95.189
0.0120634	5.55	21.3369	3	-1	0.23644	95.189
0.0121246	5.55	21.3551	4	-1	0.23648	95.2051
0.0121246	5.55	21.3549	1	-1	0.23649	95.2091
0.0121859	5.55	21.3494	2	-1	0.23655	95.1414
0.0121864	5.55	21.3289	3	-1	0.23655	95.1414
0.0122478	5.55	21.3471	4	-1	0.2366	95.1615
0.0122478	5.55	21.3469	1	-1	0.23661	95.1655
0.0123091	5.55	21.3415	2	-1	0.23667	95.0978
0.0123096	5.55	21.3213	3	-1	0.23666	95.0938
0.012371	5.55	21.3393	4	-1	0.23671	95.1139
0.012371	5.55	21.3391	1	-1	0.23672	95.1179
0.0124324	5.55	21.3338	2	-1	0.23678	95.0542
0.0124329	5.55	21.3138	3	-1	0.23677	95.0502
0.0124944	5.55	21.3316	4	-1	0.23682	95.0703
0.0124944	5.55	21.3314	1	-1	0.23683	95.0743
0.0125558	5.55	21.3259	2	-1	0.23689	95.0068
0.0125563	5.55	21.3061	3	-1	0.23688	95.0028
0.0126178	5.55	21.3235	4	-1	0.23693	95.0229
0.0126178	5.55	21.3233	1	-1	0.23694	95.0269
0.0126793	5.55	21.318	2	-1	0.237	94.9633
0.0126799	5.55	21.2983	3	-1	0.237	94.9633
0.0127414	5.55	21.3157	4	-1	0.23704	94.9794
0.0127414	5.55	21.3156	1	-1	0.23705	94.9834
0.012803	5.55	21.3103	2	-1	0.23711	94.9199
0.0128035	5.55	21.2905	3	-1	0.23711	94.9199
0.0128651	5.55	21.3081	4	-1	0.23715	94.9359
0.0128651	5.55	21.3079	1	-1	0.23716	94.94
0.0129268	5.55	21.3024	2	-1	0.23722	94.8728
0.0129273	5.55	21.2827	3	-1	0.23722	94.8728
0.012989	5.55	21.3001	4	-1	0.23727	94.8928
0.012989	5.55	21.2999	1	-1	0.23728	94.8968
0.0130506	5.55	21.2946	2	-1	0.23733	94.8258
0.0130512	5.55	21.2749	3	-1	0.23733	94.8258
0.0131129	5.55	21.2924	4	-1	0.23737	94.8418
0.0131129	5.55	21.2922	1	-1	0.23738	94.8458
0.0131746	5.55	21.2869	2	-1	0.23744	94.7864
0.0131752	5.55	21.2672	3	-1	0.23744	94.7864
0.013237	5.55	21.2846	4	-1	0.23749	94.8064
0.013237	5.55	21.2844	1	-1	0.2375	94.8104
0.0132988	5.55	21.2789	2	-1	0.23756	94.7398
0.0132993	5.55	21.2595	3	-1	0.23755	94.7358
0.0133611	5.55	21.2768	4	-1	0.2376	94.7557
0.0133611	5.55	21.2766	1	-1	0.23761	94.7597
0.013423	5.55	21.2712	2	-1	0.23767	94.6968
0.0134235	5.55	21.252	3	-1	0.23766	94.6928
0.0134854	5.55	21.269	4	-1	0.23771	94.7127
0.0134854	5.55	21.2688	1	-1	0.23772	94.7167
0.0135473	5.55	21.2633	2	-1	0.23778	94.6501
0.0135479	5.55	21.2439	3	-1	0.23778	94.6501
0.0136098	5.55	21.2612	4	-1	0.23782	94.666
0.0136098	5.55	21.261	1	-1	0.23783	94.67
0.0136718	5.55	21.2555	2	-1	0.23789	94.6073
0.0136723	5.55	21.2362	3	-1	0.23789	94.6073
0.0137344	5.55	21.2536	4	-1	0.23794	94.6272
0.0137344	5.55	21.2534	1	-1	0.23795	94.6311
0.0137964	5.55	21.2477	2	-1	0.238	94.557
0.0137969	5.55	21.2287	3	-1	0.23799	94.553
0.013859	5.55	21.2456	4	-1	0.23805	94.5769
0.013859	5.55	21.2454	1	-1	0.23806	94.5809
0.0139211	5.55	21.2401	2	-1	0.23811	94.5143
0.0139216	5.55	21.221	3	-1	0.23811	94.5143
0.0139838	5.55	21.2379	4	-1	0.23815	94.5302
0.0139838	5.55	21.2377	1	-1	0.23816	94.5342
0.0140459	5.55	21.2322	2	-1	0.23822	94.4718
0.0140464	5.55	21.213	3	-1	0.23823	94.4757
0.0141086	5.55	21.23	4	-1	0.23826	94.4876
0.0141086	5.55	21.2298	1	-1	0.23827	94.4916
0.0141709	5.55	21.2244	2	-1	0.23834	94.4332
0.0141714	5.55	21.2054	3	-1	0.23833	94.4293
0.0142336	5.55	21.2225	4	-1	0.23838	94.4491
0.0142336	5.55	21.2223	1	-1	0.23839	94.453
0.0142959	5.55	21.2167	2	-1	0.23845	94.3833
0.0142964	5.55	21.1979	3	-1	0.23844	94.3794
0.0143587	5.55	21.2146	4	-1	0.23849	94.3991
0.0143587	5.55	21.2144	1	-1	0.2385	94.4031
0.0144211	5.55	21.209	2	-1	0.23856	94.341
0.0144216	5.55	21.1903	3	-1	0.23856	94.341
0.014484	5.55	21.207	4	-1	0.2386	94.3568
0.014484	5.55	21.2068	1	-1	0.23861	94.3607
0.0145464	5.55	21.2012	2	-1	0.23867	94.295
0.0145469	5.55	21.1825	3	-1	0.23867	94.295
0.0146093	5.55	21.1992	4	-1	0.23871	94.3108
0.0146093	5.55	21.199	1	-1	0.23872	94.3147
0.0146718	5.55	21.1935	2	-1	0.23878	94.2528
0.0146723	5.55	21.1748	3	-1	0.23878	94.2528
0.0147348	5.55	21.1916	4	-1	0.23882	94.2686
0.0147348	5.55	21.1915	1	-1	0.23883	94.2725
0.0147973	5.55	21.1858	2	-1	0.2389	94.2109
0.0147978	5.55	21.1673	3	-1	0.23889	94.207
0.0148604	5.55	21.1839	4	-1	0.23894	94.2267
0.0148604	5.55	21.1837	1	-1	0.23895	94.2306
0.0149229	5.55	21.1782	2	-1	0.23901	94.1652
0.0149234	5.55	21.1599	3	-1	0.239	94.1612
0.014986	5.55	21.1761	4	-1	0.23905	94.1809
0.0149861	5.55	21.1759	1	-1	0.23906	94.1849
0.0150487	5.55	21.1703	2	-1	0.23912	94.1195
0.0150492	5.55	21.1523	3	-1	0.23911	94.1156
0.0151119	5.55	21.1685	4	-1	0.23916	94.1352
0.0151119	5.55	21.1683	1	-1	0.23917	94.1392
0.0151746	5.55	21.1628	2	-1	0.23923	94.0776
0.015175	5.55	21.145	3	-1	0.23922	94.0737
0.0152378	5.55	21.1608	4	-1	0.23927	94.0934
0.0152378	5.55	21.1606	1	-1	0.23928	94.0973
0.0153005	5.55	21.155	2	-1	0.23934	94.0321
0.015301	5.55	21.1374	3	-1	0.23933	94.0282
0.0153638	5.55	21.1532	4	-1	0.23938	94.0479
0.0153638	5.55	21.153	1	-1	0.23939	94.0518
0.0154267	5.55	21.1474	2	-1	0.23946	93.9907
0.0154271	5.55	21.1301	3	-1	0.23944	93.9828
0.01549	5.55	21.1454	4	-1	0.2395	94.0064
0.01549	5.55	21.1453	1	-1	0.23951	94.0103
0.0155529	5.55	21.1398	2	-1	0.23956	93.9414
0.0155534	5.55	21.1228	3	-1	0.23955	93.9375
0.0156163	5.55	21.1377	4	-1	0.2396	93.9571
0.0156163	5.55	21.1375	1	-1	0.23961	93.961
0.0156792	5.55	21.132	2	-1	0.23968	93.9038
0.0156797	5.55	21.1152	3	-1	0.23967	93.8999
0.0157427	5.55	21.1302	4	-1	0.23972	93.9194
0.0157427	5.55	21.13	1	-1	0.23973	93.9234
0.0158057	5.55	21.1244	2	-1	0.23979	93.8549
0.0158062	5.55	21.1078	3	-1	0.23978	93.851
0.0158692	5.55	21.1224	4	-1	0.23983	93.8706
0.0158692	5.55	21.1222	1	-1	0.23984	93.8745
0.0159323	5.55	21.1169	2	-1	0.2399	93.8135
0.0159327	5.55	21.1005	3	-1	0.23989	93.8096
0.0159958	5.55	21.1147	4	-1	0.23994	93.8292
0.0159959	5.55	21.1145	1	-1	0.23995	93.8331
0.016059	5.55	21.1091	2	-1	0.24001	93.7686
0.0160594	5.55	21.0929	3	-1	0.24	93.7647
0.0161226	5.55	21.1072	4	-1	0.24005	93.7842
0.0161226	5.55	21.107	1	-1	0.24006	93.7881
0.0161858	5.55	21.1015	2	-1	0.24013	93.7276
0.0161862	5.55	21.0857	3	-1	0.24011	93.7198
0.0162495	5.55	21.0995	4	-1	0.24016	93.7393
0.0162495	5.55	21.0993	1	-1	0.24017	93.7432
0.0163127	5.55	21.094	2	-1	0.24023	93.6825
0.0163132	5.55	21.0784	3	-1	0.24022	93.6786
0.0163765	5.55	21.0919	4	-1	0.24028	93.702
0.0163765	5.55	21.0917	1	-1	0.24029	93.7059
0.0164398	5.55	21.0863	2	-1	0.24035	93.638
0.0164402	5.55	21.0711	3	-1	0.24033	93.6302
0.0165036	5.55	21.0844	4	-1	0.24039	93.6536
0.0165036	5.55	21.0842	1	-1	0.2404	93.6575
0.016567	5.55	21.0789	2	-1	0.24046	93.5933
0.0165674	5.55	21.0638	3	-1	0.24045	93.5894
0.0166308	5.55	21.0766	4	-1	0.24049	93.605
0.0166308	5.55	21.0765	1	-1	0.2405	93.6089
0.0166942	5.55	21.0713	2	-1	0.24056	93.5522
0.0166947	5.55	21.0563	3	-1	0.24056	93.5522
0.0167581	5.55	21.0692	4	-1	0.24061	93.5716
0.0167582	5.55	21.069	1	-1	0.24062	93.5755
0.0168217	5.55	21.0636	2	-1	0.24068	93.5079
0.0168221	5.55	21.0488	3	-1	0.24067	93.504
0.0168856	5.55	21.0616	4	-1	0.24072	93.5234
0.0168856	5.55	21.0615	1	-1	0.24073	93.5273
0.0169492	5.55	21.056	2	-1	0.24079	93.4635
0.0169496	5.55	21.0412	3	-1	0.24078	93.4596
0.0170132	5.55	21.054	4	-1	0.24083	93.479
0.0170132	5.55	21.0539	1	-1	0.24084	93.4829
0.0170768	5.55	21.0484	2	-1	0.2409	93.4192
0.0170772	5.55	21.0338	3	-1	0.24089	93.4153
0.0171409	5.55	21.0463	4	-1	0.24094	93.4347
0.0171409	5.55	21.0461	1	-1	0.24095	93.4386
0.0172046	5.55	21.041	2	-1	0.24101	93.3785
0.017205	5.55	21.0265	3	-1	0.24101	93.3785
0.0172687	5.55	21.0389	4	-1	0.24105	93.394
0.0172687	5.55	21.0387	1	-1	0.24106	93.3979
0.0173325	5.55	21.0333	2	-1	0.24113	93.3382
0.0173329	5.55	21.0191	3	-1	0.24111	93.3305
0.0173966	5.55	21.0314	4	-1	0.24117	93.3537
0.0173966	5.55	21.0312	1	-1	0.24118	93.3576
0.0174605	5.55	21.0257	2	-1	0.24125	93.2944
0.0174608	5.55	21.0121	3	-1	0.24122	93.2828
0.0175247	5.55	21.0239	4	-1	0.24128	93.306
0.0175247	5.55	21.0238	1	-1	0.24129	93.3099
0.0175886	5.55	21.0183	2	-1	0.24135	93.2465
0.017589	5.55	21.0051	3	-1	0.24133	93.2388
0.0176529	5.55	21.0162	4	-1	0.24139	93.262
0.0176529	5.55	21.0161	1	-1	0.2414	93.2659
0.0177168	5.55	21.0109	2	-1	0.24146	93.2026
0.0177172	5.55	20.9978	3	-1	0.24145	93.1987
0.0177812	5.55	21.0085	4	-1	0.2415	93.218
0.0177812	5.55	21.0084	1	-1	0.24151	93.2219
0.0178452	5.55	21.0035	2	-1	0.24157	93.1624
0.0178455	5.55	20.9904	3	-1	0.24157	93.1624
0.0179096	5.55	21.0012	4	-1	0.24161	93.1778
0.0179096	5.55	21.001	1	-1	0.24162	93.1816
0.0179736	5.55	20.9958	2	-1	0.24168	93.1186
0.017974	5.55	20.9829	3	-1	0.24167	93.1147
0.0180381	5.55	20.9937	1	-1	0.24173	93.1379
0.0180381	5.55	20.9937	4	-1	0.24173	93.1379
0.0181022	5.55	20.9883	2	-1	0.2418	93.0788
0.0181026	5.55	20.9758	3	-1	0.24178	93.0711
0.0181668	5.55	20.9862	1	-1	0.24184	93.0942
0.0181668	5.55	20.9862	4	-1	0.24184	93.0942
0.0182309	5.55	20.9807	2	-1	0.24191	93.0352
0.0182313	5.55	20.9686	3	-1	0.24189	93.0275
0.0182955	5.55	20.9788	1	-1	0.24195	93.0505
0.0182955	5.55	20.9788	4	-1	0.24195	93.0505
0.0183598	5.55	20.9732	2	-1	0.24203	92.9955
0.0183601	5.55	20.9617	3	-1	0.24199	92.9801
0.0184244	5.55	20.9714	1	-1	0.24206	93.007
0.0184244	5.55	20.9713	4	-1	0.24207	93.0108
0.0184887	5.55	20.9659	2	-1	0.24214	92.952
0.018489	5.55	20.955	3	-1	0.2421	92.9367
0.0185534	5.55	20.9638	1	-1	0.24217	92.9635
0.0185534	5.55	20.9635	4	-1	0.24218	92.9674
0.0186178	5.55	20.9585	2	-1	0.24224	92.9048
0.0186181	5.55	20.948	3	-1	0.24222	92.8971
0.0186825	5.55	20.9562	1	-1	0.24229	92.924
0.0186825	5.55	20.9561	4	-1	0.24228	92.9202
0.018747	5.55	20.9511	2	-1	0.24235	92.858
0.0187473	5.55	20.9407	3	-1	0.24234	92.8541
0.0188118	5.55	20.9487	4	-1	0.24239	92.8733
0.0188118	5.55	20.9485	1	-1	0.24241	92.881
0.0188763	5.55	20.9435	2	-1	0.24246	92.8112
0.0188766	5.55	20.9334	3	-1	0.24245	92.8074
0.0189411	5.55	20.941	4	-1	0.2425	92.8265
0.0189411	5.55	20.9408	1	-1	0.24251	92.8303
0.0190057	5.55	20.936	2	-1	0.24257	92.7716
0.019006	5.55	20.9259	3	-1	0.24257	92.7716
0.0190706	5.55	20.9334	4	-1	0.24261	92.7869
0.0190706	5.55	20.9333	1	-1	0.24262	92.7908
0.0191353	5.55	20.9284	2	-1	0.24268	92.7286
0.0191355	5.55	20.9183	3	-1	0.24268	92.7286
0.0192002	5.55	20.926	4	-1	0.24273	92.7477
0.0192002	5.55	20.9258	1	-1	0.24274	92.7515
0.0192649	5.55	20.9212	2	-1	0.2428	92.6894
0.0192652	5.55	20.9113	3	-1	0.24279	92.6856
0.0193299	5.55	20.9187	4	-1	0.24284	92.7047
0.0193299	5.55	20.9186	1	-1	0.24285	92.7085
0.0193947	5.55	20.9138	2	-1	0.24291	92.6466
0.019395	5.55	20.9041	3	-1	0.2429	92.6427
0.0194598	5.55	20.9114	4	-1	0.24295	92.6618
0.0194598	5.55	20.9112	1	-1	0.24296	92.6656
0.0195246	5.55	20.9063	2	-1	0.24302	92.6037
0.0195249	5.55	20.8968	3	-1	0.24301	92.5999
0.0195897	5.55	20.904	4	-1	0.24306	92.619
0.0195897	5.55	20.9038	1	-1	0.24307	92.6228
0.0196546	5.55	20.8989	2	-1	0.24314	92.5648
0.0196549	5.55	20.8899	3	-1	0.24311	92.5534
0.0197198	5.55	20.8966	1	-1	0.24318	92.58
0.0197198	5.55	20.8966	4	-1	0.24318	92.58
0.0197848	5.55	20.8916	2	-1	0.24325	92.5222
0.019785	5.55	20.8831	3	-1	0.24322	92.5107
0.01985	5.55	20.8893	1	-1	0.24329	92.5374
0.01985	5.55	20.8893	4	-1	0.24329	92.5374
0.019915	5.55	20.8842	2	-1	0.24336	92.4796
0.0199153	5.55	20.8763	3	-1	0.24333	92.4682
0.0199803	5.55	20.8819	1	-1	0.2434	92.4948
0.0199803	5.55	20.8819	4	-1	0.2434	92.4948
0.0200454	5.55	20.8767	2	-1	0.24348	92.4374
0.0200456	5.55	20.8694	3	-1	0.24344	92.4222
0.0201108	5.55	20.8743	1	-1	0.24351	92.4487
0.0201108	5.55	20.8742	4	-1	0.24352	92.4525
0.0201759	5.55	20.8694	2	-1	0.24359	92.3949
0.0201761	5.55	20.8626	3	-1	0.24356	92.3836
0.0202413	5.55	20.8669	1	-1	0.24363	92.4101
0.0202413	5.55	20.8667	4	-1	0.24363	92.4101
0.0203066	5.55	20.8621	2	-1	0.24369	92.3453
0.0203067	5.55	20.8557	3	-1	0.24367	92.3377
0.020372	5.55	20.8594	1	-1	0.24374	92.3642
0.020372	5.55	20.8594	4	-1	0.24373	92.3605
0.0204373	5.55	20.8548	2	-1	0.2438	92.303
0.0204375	5.55	20.8486	3	-1	0.24379	92.2992
0.0205028	5.55	20.8519	4	-1	0.24384	92.3182
0.0205028	5.55	20.8518	1	-1	0.24385	92.322
0.0205682	5.55	20.8474	2	-1	0.24391	92.2608
0.0205683	5.55	20.8413	3	-1	0.2439	92.2571
0.0206337	5.55	20.8445	4	-1	0.24395	92.276
0.0206337	5.55	20.8443	1	-1	0.24396	92.2798
0.0206991	5.55	20.84	2	-1	0.24402	92.2187
0.0206993	5.55	20.834	3	-1	0.24402	92.2187
0.0207648	5.55	20.8371	4	-1	0.24406	92.2339
0.0207648	5.55	20.837	1	-1	0.24407	92.2376
0.0208302	5.55	20.8327	2	-1	0.24413	92.1767
0.0208304	5.55	20.8266	3	-1	0.24413	92.1767
0.0208959	5.55	20.8296	4	-1	0.24418	92.1956
0.0208959	5.55	20.8295	1	-1	0.24419	92.1994
0.0209615	5.55	20.8252	2	-1	0.24425	92.135
0.0209616	5.55	20.8194	3	-1	0.24424	92.1313
0.0210272	5.55	20.8224	4	-1	0.24429	92.1501
0.0210272	5.55	20.8222	1	-1	0.2443	92.1539
0.0210928	5.55	20.8178	2	-1	0.24436	92.0932
0.021093	5.55	20.8121	3	-1	0.24435	92.0894
0.0211586	5.55	20.8151	1	-1	0.24441	92.112
0.0211586	5.55	20.8151	4	-1	0.24441	92.112
0.0212243	5.55	20.8106	2	-1	0.24448	92.0551
0.0212244	5.55	20.8055	3	-1	0.24445	92.0438
0.0212901	5.55	20.808	1	-1	0.24452	92.0702
0.0212901	5.55	20.808	4	-1	0.24452	92.0702
0.0213559	5.55	20.8032	2	-1	0.24459	92.0099
0.021356	5.55	20.7986	3	-1	0.24456	91.9986
0.0214218	5.55	20.8005	1	-1	0.24463	92.025
0.0214218	5.55	20.8005	4	-1	0.24463	92.025
0.0214876	5.55	20.796	2	-1	0.2447	91.9683
0.0214877	5.55	20.7917	3	-1	0.24468	91.9608
0.0215535	5.55	20.7931	4	-1	0.24474	91.9833
0.0215535	5.55	20.7929	1	-1	0.24475	91.9871
0.0216194	5.55	20.7888	2	-1	0.2448	91.9195
0.0216195	5.55	20.7845	3	-1	0.2448	91.9195
0.0216854	5.55	20.7854	4	-1	0.24484	91.9345
0.0216854	5.55	20.7852	1	-1	0.24485	91.9383
0.0217513	5.55	20.7813	2	-1	0.24491	91.8814
0.0217514	5.55	20.777	3	-1	0.24491	91.8814
0.0218174	5.55	20.7782	4	-1	0.24496	91.9002
0.0218174	5.55	20.7781	1	-1	0.24497	91.904
0.0218834	5.55	20.7739	2	-1	0.24504	91.8441
0.0218835	5.55	20.77	3	-1	0.24502	91.8366
0.0219495	5.55	20.7712	1	-1	0.24508	91.8591
0.0219495	5.55	20.7712	4	-1	0.24508	91.8591
0.0220156	5.55	20.7666	2	-1	0.24515	91.7993
0.0220157	5.55	20.7631	3	-1	0.24512	91.7881
0.0220818	5.55	20.7639	1	-1	0.24519	91.8143
0.0220818	5.55	20.7637	4	-1	0.2452	91.818
0.0221479	5.55	20.7596	2	-1	0.24526	91.758
0.022148	5.55	20.7566	3	-1	0.24523	91.7468
0.0222141	5.55	20.7565	1	-1	0.24531	91.7767
0.0222141	5.55	20.7565	4	-1	0.2453	91.773
0.0222803	5.55	20.7526	2	-1	0.24535	91.7059
0.0222804	5.55	20.7495	3	-1	0.24536	91.7097
0.0223466	5.55	20.7487	4	-1	0.24539	91.7209
0.0223466	5.55	20.7486	1	-1	0.2454	91.7246
0.0224128	5.55	20.745	2	-1	0.24547	91.6754
0.0224129	5.55	20.7417	3	-1	0.24548	91.6791
0.0224792	5.55	20.7419	4	-1	0.24552	91.6941
0.0224792	5.55	20.7417	1	-1	0.24553	91.6978
0.0225455	5.55	20.7373	2	-1	0.2456	91.6315
0.0225456	5.55	20.7345	3	-1	0.24557	91.6203
0.0226119	5.55	20.7347	1	-1	0.24563	91.6427
0.0226119	5.55	20.7344	4	-1	0.24565	91.6502
0.0226783	5.55	20.7303	2	-1	0.24571	91.594
0.0226784	5.55	20.7282	3	-1	0.24567	91.5791
0.0227448	5.55	20.7273	1	-1	0.24575	91.6089
0.0227448	5.55	20.727	4	-1	0.24575	91.6089
0.0228112	5.55	20.7235	2	-1	0.2458	91.5422
0.0228113	5.55	20.7214	3	-1	0.2458	91.5422
0.0228778	5.55	20.7196	4	-1	0.24584	91.5571
0.0228778	5.55	20.7195	1	-1	0.24587	91.5683
0.0229442	5.55	20.7162	2	-1	0.24591	91.498
0.0229443	5.55	20.7138	3	-1	0.24593	91.5054
0.0230108	5.55	20.7125	4	-1	0.24595	91.5129
0.0230108	5.55	20.7123	1	-1	0.24596	91.5166
0.0230774	5.55	20.7084	2	-1	0.24603	91.4644
0.0230775	5.55	20.706	3	-1	0.24603	91.4644
0.023144	5.55	20.7057	1	-1	0.24608	91.483
0.0231441	5.55	20.7055	4	-1	0.24609	91.4867
0.0232107	5.55	20.7012	2	-1	0.24616	91.4277
0.0232107	5.55	20.6995	3	-1	0.24612	91.4129
0.0232774	5.55	20.6983	1	-1	0.24619	91.4389
0.0232774	5.55	20.698	4	-1	0.2462	91.4426
0.0233441	5.55	20.6943	2	-1	0.24627	91.3871
0.0233441	5.55	20.6932	3	-1	0.24623	91.3723
0.0234108	5.55	20.691	1	-1	0.2463	91.3982
0.0234108	5.55	20.6905	4	-1	0.24631	91.402
0.0234776	5.55	20.6871	2	-1	0.24637	91.3395
0.0234776	5.55	20.6863	3	-1	0.24635	91.3321
0.0235444	5.55	20.6837	1	-1	0.24642	91.358
0.0235444	5.55	20.6833	4	-1	0.24642	91.358
0.0236112	5.55	20.6801	2	-1	0.24648	91.2957
0.0236112	5.55	20.6795	3	-1	0.24647	91.2919
0.0236781	5.55	20.6764	1	-1	0.24654	91.3179
0.0236781	5.55	20.6762	4	-1	0.24652	91.3105
0.023745	5.55	20.6729	2	-1	0.24659	91.2519
0.023745	5.55	20.6724	3	-1	0.24658	91.2482
0.0238119	5.55	20.6693	4	-1	0.24663	91.2667
0.0238119	5.55	20.6692	1	-1	0.24665	91.2741
0.0238789	5.55	20.6655	2	-1	0.24671	91.2119
0.0238789	5.55	20.6653	3	-1	0.24669	91.2045
0.0239459	5.55	20.6619	4	-1	0.24675	91.2267
0.0239459	5.55	20.6618	1	-1	0.24676	91.2304
0.0240129	5.55	20.6582	3	-1	0.2468	91.1643
0.0240129	5.55	20.658	2	-1	0.24682	91.1717
0.0240799	5.55	20.6547	1	-1	0.24687	91.1902
0.0240799	5.55	20.6547	4	-1	0.24687	91.1902
0.024147	5.55	20.6509	3	-1	0.24692	91.1245
0.024147	5.55	20.6508	2	-1	0.24693	91.1282
0.0242141	5.55	20.6475	1	-1	0.24698	91.1466
0.0242141	5.55	20.6475	4	-1	0.24698	91.1466
0.0242812	5.55	20.6439	3	-1	0.24703	91.0844
0.0242812	5.55	20.6437	2	-1	0.24704	91.0881
0.0243484	5.55	20.6403	1	-1	0.24709	91.1065
0.0243484	5.55	20.6403	4	-1	0.24709	91.1065
0.0244156	5.55	20.6364	3	-1	0.24714	91.041
0.0244156	5.55	20.6362	2	-1	0.24715	91.0447
0.0244828	5.55	20.6331	1	-1	0.2472	91.0631
0.0244828	5.55	20.633	4	-1	0.24721	91.0668
0.0245501	5.55	20.6292	3	-1	0.24724	90.9974
0.0245501	5.55	20.6291	2	-1	0.24725	91.0011
0.0246174	5.55	20.6257	1	-1	0.24732	91.0269
0.0246174	5.55	20.6255	4	-1	0.24732	91.0269
0.0246847	5.55	20.6224	3	-1	0.24736	90.9579
0.0246847	5.55	20.6222	2	-1	0.24737	90.9616
0.0247521	5.55	20.6184	4	-1	0.24741	90.9763
0.0247521	5.55	20.6182	1	-1	0.24743	90.9836
0.0248194	5.55	20.6151	2	-1	0.24748	90.9184
0.0248194	5.55	20.615	3	-1	0.24749	90.9221
0.0248868	5.55	20.6111	4	-1	0.24752	90.9331
0.0248868	5.55	20.611	1	-1	0.24753	90.9368
0.0249543	5.55	20.6077	2	-1	0.2476	90.8857
0.0249543	5.55	20.6077	3	-1	0.24759	90.8821
0.0250218	5.55	20.6046	1	-1	0.24765	90.9041
0.0250218	5.55	20.6046	4	-1	0.24765	90.9041
0.0250893	5.55	20.6001	3	-1	0.24768	90.8284
0.0250893	5.55	20.6	2	-1	0.24769	90.8321
0.0251568	5.55	20.5972	1	-1	0.24775	90.8541
0.0251568	5.55	20.5967	4	-1	0.24778	90.8651
0.0252243	5.55	20.5933	3	-1	0.2478	90.7958
0.0252244	5.55	20.5931	2	-1	0.24781	90.7995
0.0252919	5.55	20.5897	1	-1	0.24788	90.8252
0.025292	5.55	20.5894	4	-1	0.24787	90.8215
0.0253596	5.55	20.5867	2	-1	0.24792	90.75
0.0253596	5.55	20.5865	3	-1	0.24793	90.7537
0.0254272	5.55	20.5821	4	-1	0.24796	90.7647
0.0254272	5.55	20.5819	1	-1	0.24799	90.7757
0.0254949	5.55	20.5794	2	-1	0.24802	90.7069
0.0254949	5.55	20.5787	3	-1	0.24806	90.7216
0.0255626	5.55	20.5753	4	-1	0.24807	90.7252
0.0255626	5.55	20.5751	1	-1	0.24808	90.7289
0.0256304	5.55	20.5717	2	-1	0.24816	90.6819
0.0256304	5.55	20.571	3	-1	0.24815	90.6782
0.0256981	5.55	20.5688	1	-1	0.2482	90.6965
0.0256981	5.55	20.5687	4	-1	0.24821	90.7001
0.025766	5.55	20.5639	3	-1	0.24823	90.6213
0.025766	5.55	20.5638	2	-1	0.24828	90.6396
0.0258338	5.55	20.5617	1	-1	0.24829	90.6433
0.0258338	5.55	20.5606	4	-1	0.24835	90.6652
0.0259017	5.55	20.557	3	-1	0.24834	90.5888
0.0259017	5.55	20.5569	2	-1	0.24835	90.5924
0.0259695	5.55	20.5537	1	-1	0.24843	90.6216
0.0259696	5.55	20.5523	4	-1	0.24845	90.6289
0.0260375	5.55	20.551	2	-1	0.24848	90.5473
0.0260375	5.55	20.5509	3	-1	0.24849	90.551
0.0261055	5.55	20.5458	4	-1	0.2485	90.5546
0.0261055	5.55	20.5457	1	-1	0.2486	90.5911
0.0261734	5.55	20.5443	2	-1	0.24855	90.4739
0.0261735	5.55	20.5426	3	-1	0.24865	90.5103
0.0262414	5.55	20.5383	4	-1	0.24858	90.4849
0.0262415	5.55	20.5381	1	-1	0.24859	90.4885
0.0263095	5.55	20.5358	2	-1	0.24869	90.4821
0.0263096	5.55	20.533	3	-1	0.24876	90.5075
0.0263776	5.55	20.5333	4	-1	0.24876	90.5075
0.0263776	5.55	20.5332	1	-1	0.24877	90.5112
0.0264457	5.55	20.527	2	-1	0.24891	90.4568
0.0264457	5.55	20.5266	3	-1	0.24876	90.4023
0.0265138	5.55	20.5274	1	-1	0.24878	90.4096
0.0265139	5.55	20.5243	4	-1	0.24898	90.4822
0.026582	5.55	20.5191	3	-1	0.2488	90.3709
0.026582	5.55	20.519	2	-1	0.24884	90.3854
0.0266502	5.55	20.5177	1	-1	0.24893	90.4181
0.0266503	5.55	20.512	4	-1	0.2491	90.4798
0.0267184	5.55	20.5159	3	-1	0.24902	90.3556
0.0267184	5.55	20.5158	2	-1	0.24903	90.3592
0.0267867	5.55	20.5073	1	-1	0.24925	90.439
0.0267868	5.55	20.5054	4	-1	0.249	90.3483
0.0268551	5.55	20.5049	3	-1	0.24935	90.3246
0.0269233	5.55	20.4978	4	-1	0.24895	90.1797
0.0269233	5.55	20.4977	1	-1	0.24908	90.2268
0.0269915	5.55	20.5001	2	-1	0.24909	90.2435
0.02706	5.55	20.497	4	-1	0.24921	90.2869
0.02706	5.55	20.4968	1	-1	0.24922	90.2906
0.0271284	5.55	20.4858	2	-1	0.24959	90.333
0.0271287	5.55	20.4778	3	-1	0.24928	90.2208
0.0271967	5.55	20.4965	1	-1	0.24906	90.1412
0.0274022	5.55	20.4734	2	-1	0.24921	90.1595
0.0274715	5.55	20.4373	4	-1	0.24973	90.3477
0.027745	5.55	20.4372	1	-1	0.24865	89.391
0.0282259	5.55	20.4362	2	-1	0.24911	90.1756
0.0293333	5.55	20.3119	3	-1	0.2511	89.4964
0.0293989	5.55	20.3421	1	-1	0.25129	89.5641
0.0294039	5.55	20.1966	4	-1	0.25105	89.4786
0.0294704	5.55	20.3588	2	-1	0.25155	89.6121
0.0295377	5.55	20.3412	1	-1	0.25105	89.4339
0.0295429	5.55	20.19	4	-1	0.25146	89.58
0.0296766	5.55	20.336	1	-1	0.25099	89.4444
0.0297491	5.55	20.354	2	-1	0.25192	89.7503
0.0298156	5.55	20.3265	1	-1	0.25114	89.4724
0.0298885	5.55	20.3529	2	-1	0.25187	89.6398
0.0299548	5.55	20.3157	1	-1	0.25141	89.4761
0.0299608	5.55	20.1425	4	-1	0.25173	89.59
0.0300277	5.55	20.3459	2	-1	0.25141	89.3489
0.0300943	5.55	20.3023	1	-1	0.25171	89.4555
0.0301003	5.55	20.1287	4	-1	0.25177	89.4769
0.0301672	5.55	20.3409	2	-1	0.25163	89.2875
0.0303069	5.55	20.3286	3	-1	0.25206	89.2532
0.0304464	5.55	20.3232	2	-1	0.25179	89.0063
0.030514	5.55	20.2774	1	-1	0.25258	89.2856
0.0305862	5.55	20.3128	2	-1	0.25205	89.029
0.0305868	5.55	20.2968	3	-1	0.25229	89.1138
0.0306541	5.55	20.2764	1	-1	0.25252	89.195
0.0307262	5.55	20.3049	2	-1	0.25229	89.0886
0.0307268	5.55	20.2896	3	-1	0.25224	89.0709
0.0307943	5.55	20.2731	1	-1	0.25252	89.1698
0.0307989	5.55	20.1421	4	-1	0.25222	89.0639
0.0308664	5.55	20.299	2	-1	0.25241	89.0869
0.0308669	5.55	20.2855	3	-1	0.25229	89.0446
0.0309346	5.55	20.2666	1	-1	0.25265	89.1716
0.030939	5.55	20.1402	4	-1	0.25232	89.0552
0.0310067	5.55	20.2937	2	-1	0.25243	89.0092
0.0310071	5.55	20.2796	3	-1	0.25247	89.0233
0.0310751	5.55	20.2583	1	-1	0.25289	89.1714
0.031147	5.55	20.2874	2	-1	0.25241	88.8799
0.0311476	5.55	20.2684	3	-1	0.25275	88.9996
0.0312158	5.55	20.251	1	-1	0.25316	89.144
0.0312873	5.55	20.2795	2	-1	0.25242	88.7553
0.0313567	5.55	20.2464	1	-1	0.25335	89.0823
0.0314278	5.55	20.2706	2	-1	0.25251	88.684
0.0314977	5.55	20.2439	1	-1	0.25344	89.0106
0.0315685	5.55	20.2613	2	-1	0.25266	88.6651
0.0316388	5.55	20.2424	1	-1	0.25347	88.9493
0.0317093	5.55	20.2522	2	-1	0.25284	88.6753
0.0317799	5.55	20.2402	1	-1	0.25349	88.9033
0.0318502	5.55	20.2439	2	-1	0.25301	88.6852
0.0318521	5.55	20.1886	3	-1	0.25332	88.7939
0.0319212	5.55	20.2367	1	-1	0.25355	88.8745
0.0319913	5.55	20.2366	2	-1	0.25313	88.6651
0.0319933	5.55	20.1774	3	-1	0.25341	88.7632
0.0320625	5.55	20.2321	1	-1	0.25366	88.8507
0.0321325	5.55	20.2298	2	-1	0.2532	88.612
0.0321347	5.55	20.1658	3	-1	0.25355	88.7345
0.032204	5.55	20.2273	1	-1	0.25379	88.8185
0.0322737	5.55	20.2224	2	-1	0.25327	88.5528
0.0323457	5.55	20.2233	1	-1	0.25391	88.7766
0.0324151	5.55	20.2143	2	-1	0.25339	88.5112
0.0324874	5.55	20.2202	1	-1	0.25397	88.7138
0.0325567	5.55	20.2049	2	-1	0.25357	88.5123
0.0325596	5.55	20.1245	3	-1	0.25389	88.624
0.0326292	5.55	20.2169	4	-1	0.25349	88.4844
0.0326292	5.55	20.2167	1	-1	0.25391	88.631
0.0326985	5.55	20.1944	2	-1	0.25384	88.5818
0.0327013	5.55	20.1137	3	-1	0.25388	88.5958
0.032771	5.55	20.2124	4	-1	0.25377	88.5574
0.032771	5.55	20.2122	1	-1	0.25378	88.5609
0.0328405	5.55	20.1836	2	-1	0.25416	88.6904
0.0328432	5.55	20.1077	3	-1	0.25383	88.5752
0.0329128	5.55	20.208	1	-1	0.25382	88.5717
0.032913	5.55	20.2037	4	-1	0.25412	88.6764
0.0329827	5.55	20.1752	2	-1	0.2545	88.7533
0.0330548	5.55	20.2003	1	-1	0.25379	88.5057
0.0331251	5.55	20.1712	2	-1	0.25468	88.7789
0.0331968	5.55	20.1891	1	-1	0.25397	88.5314
0.0332676	5.55	20.1715	2	-1	0.25462	88.6591
0.0333392	5.55	20.177	1	-1	0.25435	88.5651
0.03334	5.55	20.1549	4	-1	0.25442	88.5894
0.0334115	5.55	20.1285	3	-1	0.25439	88.4189
0.0334818	5.55	20.1668	1	-1	0.25477	88.551
0.0336246	5.55	20.1619	1	-1	0.25503	88.4691
0.0336949	5.55	20.1589	2	-1	0.25429	88.0872
0.0337672	5.55	20.157	1	-1	0.2543	88.0906
0.0338399	5.55	20.078	3	-1	0.25486	88.4654
0.0342666	5.55	20.1186	2	-1	0.25329	88.2759
0.0346222	5.55	19.8708	1	-1	0.24823	84.8099
0.0347616	5.55	20.2905	1	-1	0.24697	87.3087
0.0348337	5.55	19.455	2	-1	0.24201	81.6168
0.034974	5.55	19.4951	2	-1	0.2485	417.577
0.0352147	5.55	19.3994	1	-1	0.25576	85.9409
0.0352273	5.55	22.0475	3	-1	0.15995	53.7466
0.0355837	5.55	19.3948	3	-1	0.0267	10.0838
0.036705	5.55	18.7869	4	-1	0.00867	3.2831
0.0369802	5.55	19.5616	3	-1	0.07054	52.756
0.0376148	5.55	20.6696	4	-1	0.18445	68.961
0.0380195	5.55	31.1084	1	-1	0.06951	51.688
0.0380695	5.55	37.9059	1	-1	0.06286	58.4472
0.0381175	5.55	44.5784	1	-1	0.05894	58.3853
