0.00120858	5.9	21.3519	3	-1	0.25314	84.2592
0.00126579	5.9	22.1479	4	-1	0.23548	78.381
0.0013213	5.9	22.6342	3	-1	0.2265	95.6625
0.001376	5.9	22.9388	4	-1	0.22138	93.5
0.00143004	5.9	23.1304	3	-1	0.21834	98.0158
0.00148383	5.9	23.2521	4	-1	0.21646	97.1718
0.00153733	5.9	23.3279	3	-1	0.21531	98.7842
0.00159079	5.9	23.3762	1	-1	0.21459	98.4538
0.00164409	5.9	23.4045	3	-1	0.21415	99.0564
0.00169746	5.9	23.4228	1	-1	0.21388	98.9315
0.00169746	5.9	23.4228	4	-1	0.21388	98.9315
0.00175071	5.9	23.4314	3	-1	0.21373	99.1418
0.00180405	5.9	23.437	4	-1	0.21364	99.1001
0.00180405	5.9	23.4368	1	-1	0.21365	99.1047
0.00185729	5.9	23.4383	2	-1	0.21361	99.1414
0.00185732	5.9	23.4372	3	-1	0.21361	99.1414
0.00191068	5.9	23.4377	4	-1	0.2136	99.1367
0.00191069	5.9	23.4374	1	-1	0.21361	99.1414
0.00196395	5.9	23.4354	2	-1	0.21362	99.1138
0.00196398	5.9	23.434	3	-1	0.21363	99.1185
0.00201739	5.9	23.4324	4	-1	0.21365	99.1277
0.0020174	5.9	23.4322	1	-1	0.21366	99.1324
0.0020707	5.9	23.429	2	-1	0.21369	99.0773
0.00207073	5.9	23.4276	3	-1	0.21369	99.0773
0.00212419	5.9	23.4249	4	-1	0.21373	99.0959
0.0021242	5.9	23.4247	1	-1	0.21374	99.1005
0.00217755	5.9	23.4208	2	-1	0.21377	99.0272
0.00217759	5.9	23.4192	3	-1	0.21378	99.0318
0.00223109	5.9	23.4166	4	-1	0.21382	99.0504
0.0022311	5.9	23.4163	1	-1	0.21383	99.055
0.0022845	5.9	23.4121	2	-1	0.21387	98.9818
0.00228453	5.9	23.4102	3	-1	0.21388	98.9864
0.0023381	5.9	23.4076	4	-1	0.21392	99.005
0.0023381	5.9	23.4073	1	-1	0.21393	99.0096
0.00239154	5.9	23.4032	2	-1	0.21397	98.9365
0.00239159	5.9	23.4012	3	-1	0.21398	98.9411
0.0024452	5.9	23.3985	4	-1	0.21402	98.9596
0.00244521	5.9	23.3983	1	-1	0.21403	98.9643
0.0024987	5.9	23.394	2	-1	0.21408	98.8914
0.00249875	5.9	23.3918	3	-1	0.21409	98.896
0.00255241	5.9	23.3896	4	-1	0.21413	98.9144
0.00255242	5.9	23.3893	1	-1	0.21414	98.9191
0.00260596	5.9	23.3849	2	-1	0.21418	98.8371
0.00260601	5.9	23.3824	3	-1	0.21419	98.8417
0.00265973	5.9	23.3803	4	-1	0.21423	98.8602
0.00265974	5.9	23.3801	1	-1	0.21424	98.8648
0.00271332	5.9	23.3757	2	-1	0.21428	98.7875
0.00271338	5.9	23.3727	3	-1	0.2143	98.7967
0.00276715	5.9	23.371	4	-1	0.21434	98.8152
0.00276716	5.9	23.3708	1	-1	0.21435	98.8198
0.00282079	5.9	23.3667	2	-1	0.21439	98.7426
0.00282086	5.9	23.3635	3	-1	0.2144	98.7472
0.00287468	5.9	23.3619	4	-1	0.21444	98.7657
0.00287468	5.9	23.3617	1	-1	0.21445	98.7703
0.00292836	5.9	23.3574	2	-1	0.21449	98.6932
0.00292844	5.9	23.3538	3	-1	0.21451	98.7024
0.00298231	5.9	23.3529	4	-1	0.21454	98.7162
0.00298231	5.9	23.3527	1	-1	0.21455	98.7208
0.00303604	5.9	23.3483	2	-1	0.2146	98.6485
0.00303612	5.9	23.3445	3	-1	0.21461	98.6531
0.00309004	5.9	23.3438	4	-1	0.21465	98.6715
0.00309005	5.9	23.3435	1	-1	0.21466	98.6761
0.00314382	5.9	23.3391	2	-1	0.2147	98.5948
0.00314391	5.9	23.3349	3	-1	0.21472	98.604
0.00319788	5.9	23.3345	4	-1	0.21475	98.6177
0.00319789	5.9	23.3343	1	-1	0.21476	98.6223
0.00325171	5.9	23.3302	2	-1	0.21481	98.5548
0.00325181	5.9	23.3257	3	-1	0.21482	98.5594
0.00330583	5.9	23.3255	4	-1	0.21486	98.5777
0.00330583	5.9	23.3252	1	-1	0.21487	98.5823
0.0033597	5.9	23.321	2	-1	0.21491	98.5012
0.00335981	5.9	23.3161	3	-1	0.21493	98.5104
0.00341388	5.9	23.3163	4	-1	0.21496	98.5242
0.00341388	5.9	23.316	1	-1	0.21497	98.5287
0.00346781	5.9	23.3118	2	-1	0.21502	98.4569
0.00346792	5.9	23.3066	3	-1	0.21503	98.4615
0.00352203	5.9	23.3074	4	-1	0.21507	98.4798
0.00352204	5.9	23.3071	1	-1	0.21508	98.4844
0.00357601	5.9	23.3028	2	-1	0.21512	98.4035
0.00357613	5.9	23.2972	3	-1	0.21514	98.4127
0.0036303	5.9	23.2982	4	-1	0.21517	98.4264
0.0036303	5.9	23.298	1	-1	0.21518	98.431
0.00368432	5.9	23.2936	2	-1	0.21522	98.3548
0.00368445	5.9	23.2876	3	-1	0.21524	98.364
0.00373867	5.9	23.2891	4	-1	0.21528	98.3822
0.00373867	5.9	23.2889	1	-1	0.21529	98.3868
0.00379273	5.9	23.2845	2	-1	0.21533	98.3062
0.00379287	5.9	23.278	3	-1	0.21535	98.3154
0.00384714	5.9	23.2799	4	-1	0.21538	98.3291
0.00384715	5.9	23.2797	1	-1	0.21539	98.3336
0.00390125	5.9	23.2756	2	-1	0.21543	98.2622
0.0039014	5.9	23.2686	3	-1	0.21545	98.2713
0.00395572	5.9	23.2709	4	-1	0.21549	98.2895
0.00395572	5.9	23.2707	1	-1	0.2155	98.2941
0.00400988	5.9	23.2665	2	-1	0.21554	98.2138
0.00401004	5.9	23.2592	3	-1	0.21556	98.2229
0.0040644	5.9	23.2618	4	-1	0.21559	98.2366
0.00406441	5.9	23.2616	1	-1	0.2156	98.2411
0.00411861	5.9	23.2574	2	-1	0.21564	98.1654
0.00411878	5.9	23.2496	3	-1	0.21566	98.1745
0.00417319	5.9	23.2527	4	-1	0.2157	98.1927
0.0041732	5.9	23.2525	1	-1	0.21571	98.1973
0.00422745	5.9	23.2483	2	-1	0.21575	98.1172
0.00422763	5.9	23.2401	3	-1	0.21577	98.1263
0.00428209	5.9	23.2439	4	-1	0.2158	98.14
0.00428209	5.9	23.2437	1	-1	0.21581	98.1445
0.00433639	5.9	23.2393	2	-1	0.21585	98.0691
0.00433658	5.9	23.2307	3	-1	0.21587	98.0781
0.00439109	5.9	23.2349	4	-1	0.2159	98.0918
0.00439109	5.9	23.2347	1	-1	0.21591	98.0963
0.00444544	5.9	23.2303	2	-1	0.21596	98.0255
0.00444564	5.9	23.2212	3	-1	0.21598	98.0346
0.00450019	5.9	23.2259	4	-1	0.21601	98.0482
0.0045002	5.9	23.2257	1	-1	0.21602	98.0527
0.00455459	5.9	23.2212	2	-1	0.21606	97.9731
0.0045548	5.9	23.2117	3	-1	0.21608	97.9821
0.00460941	5.9	23.2168	4	-1	0.21611	97.9957
0.00460941	5.9	23.2166	1	-1	0.21612	98.0003
0.00466385	5.9	23.2122	2	-1	0.21617	97.9297
0.00466407	5.9	23.2023	3	-1	0.21619	97.9388
0.00471873	5.9	23.2078	4	-1	0.21622	97.9523
0.00471873	5.9	23.2075	1	-1	0.21623	97.9569
0.00477322	5.9	23.2031	2	-1	0.21627	97.8774
0.00477345	5.9	23.1928	3	-1	0.21629	97.8865
0.00482815	5.9	23.1987	4	-1	0.21632	97.9001
0.00482816	5.9	23.1985	1	-1	0.21633	97.9046
0.00488269	5.9	23.1941	2	-1	0.21638	97.8342
0.00488293	5.9	23.1833	3	-1	0.2164	97.8433
0.00493769	5.9	23.1897	4	-1	0.21643	97.8569
0.00493769	5.9	23.1895	1	-1	0.21644	97.8614
0.00499227	5.9	23.185	2	-1	0.21648	97.7822
0.00499253	5.9	23.1736	3	-1	0.21651	97.7957
0.00504732	5.9	23.1807	4	-1	0.21653	97.8048
0.00504733	5.9	23.1805	1	-1	0.21654	97.8093
0.00510195	5.9	23.1763	2	-1	0.21658	97.7391
0.00510222	5.9	23.1643	3	-1	0.21661	97.7526
0.00515706	5.9	23.1719	4	-1	0.21663	97.7616
0.00515706	5.9	23.1717	1	-1	0.21664	97.7661
0.00521174	5.9	23.1674	2	-1	0.21669	97.6961
0.00521202	5.9	23.1549	3	-1	0.21671	97.7051
0.0052669	5.9	23.163	4	-1	0.21674	97.7187
0.00526691	5.9	23.1628	1	-1	0.21675	97.7232
0.00532164	5.9	23.1584	2	-1	0.21679	97.6444
0.00532193	5.9	23.1454	3	-1	0.21682	97.6579
0.00537685	5.9	23.1541	4	-1	0.21684	97.6669
0.00537686	5.9	23.1539	1	-1	0.21685	97.6714
0.00543164	5.9	23.1495	2	-1	0.2169	97.6016
0.00543195	5.9	23.136	3	-1	0.21692	97.6106
0.00548691	5.9	23.1452	4	-1	0.21695	97.6241
0.00548692	5.9	23.145	1	-1	0.21696	97.6286
0.00554175	5.9	23.1405	2	-1	0.217	97.55
0.00554207	5.9	23.1266	3	-1	0.21702	97.559
0.00559707	5.9	23.1363	4	-1	0.21705	97.5725
0.00559708	5.9	23.136	1	-1	0.21706	97.577
0.00565197	5.9	23.1316	2	-1	0.21711	97.5074
0.00565229	5.9	23.1173	3	-1	0.21713	97.5164
0.00570735	5.9	23.1274	4	-1	0.21716	97.5299
0.00570735	5.9	23.1272	1	-1	0.21717	97.5344
0.00576229	5.9	23.1224	2	-1	0.21722	97.4561
0.00576262	5.9	23.1079	3	-1	0.21723	97.4606
0.00581773	5.9	23.1183	4	-1	0.21727	97.4786
0.00581774	5.9	23.1181	1	-1	0.21728	97.4831
0.00587272	5.9	23.1134	2	-1	0.21732	97.4049
0.00587306	5.9	23.0985	3	-1	0.21734	97.4138
0.00592822	5.9	23.1093	4	-1	0.21737	97.4273
0.00592822	5.9	23.1091	1	-1	0.21738	97.4318
0.00598326	5.9	23.1045	2	-1	0.21743	97.3625
0.00598361	5.9	23.0891	3	-1	0.21745	97.3715
0.00603882	5.9	23.1005	4	-1	0.21748	97.3849
0.00603882	5.9	23.1003	1	-1	0.21749	97.3894
0.0060939	5.9	23.0956	2	-1	0.21753	97.3114
0.00609426	5.9	23.0798	3	-1	0.21755	97.3204
0.00614952	5.9	23.0916	4	-1	0.21758	97.3338
0.00614952	5.9	23.0914	1	-1	0.21759	97.3383
0.00620465	5.9	23.0867	2	-1	0.21763	97.2648
0.00620502	5.9	23.0704	3	-1	0.21766	97.2782
0.00626033	5.9	23.0828	4	-1	0.21768	97.2872
0.00626033	5.9	23.0826	1	-1	0.21769	97.2916
0.0063155	5.9	23.0779	2	-1	0.21774	97.2227
0.00631589	5.9	23.0611	3	-1	0.21776	97.2316
0.00637124	5.9	23.074	4	-1	0.21779	97.245
0.00637124	5.9	23.0738	1	-1	0.2178	97.2495
0.00642646	5.9	23.0691	2	-1	0.21784	97.1719
0.00642686	5.9	23.0519	3	-1	0.21786	97.1808
0.00648226	5.9	23.0651	4	-1	0.21789	97.1942
0.00648226	5.9	23.0648	1	-1	0.2179	97.1987
0.00653753	5.9	23.0601	2	-1	0.21795	97.13
0.00653794	5.9	23.0424	3	-1	0.21797	97.1389
0.00659339	5.9	23.0561	4	-1	0.218	97.1523
0.00659339	5.9	23.0559	1	-1	0.21801	97.1567
0.00664871	5.9	23.0512	2	-1	0.21805	97.0794
0.00664913	5.9	23.033	3	-1	0.21807	97.0883
0.00670462	5.9	23.0473	4	-1	0.2181	97.1016
0.00670462	5.9	23.0471	1	-1	0.21811	97.1061
0.00675999	5.9	23.0424	2	-1	0.21816	97.0376
0.00676042	5.9	23.0238	3	-1	0.21818	97.0465
0.00681596	5.9	23.0385	4	-1	0.21821	97.0599
0.00681596	5.9	23.0383	1	-1	0.21822	97.0643
0.00687138	5.9	23.0336	2	-1	0.21826	96.9872
0.00687182	5.9	23.0146	3	-1	0.21828	96.9961
0.0069274	5.9	23.0298	4	-1	0.21831	97.0094
0.00692741	5.9	23.0296	1	-1	0.21832	97.0139
0.00698288	5.9	23.0245	2	-1	0.21837	96.9413
0.00698333	5.9	23.0052	3	-1	0.21839	96.9502
0.00703896	5.9	23.0209	4	-1	0.21842	96.9635
0.00703897	5.9	23.0207	1	-1	0.21843	96.9679
0.00709449	5.9	23.0157	2	-1	0.21848	96.8955
0.00709494	5.9	22.9962	3	-1	0.21849	96.8999
0.00715062	5.9	23.0122	4	-1	0.21852	96.9133
0.00715063	5.9	23.012	1	-1	0.21853	96.9177
0.0072062	5.9	23.007	2	-1	0.21858	96.8497
0.00720667	5.9	22.9871	3	-1	0.2186	96.8585
0.00726239	5.9	23.0033	4	-1	0.21863	96.8718
0.0072624	5.9	23.0031	1	-1	0.21864	96.8762
0.00731802	5.9	22.9982	2	-1	0.21868	96.7996
0.0073185	5.9	22.9776	3	-1	0.2187	96.8085
0.00737427	5.9	22.9945	4	-1	0.21873	96.8217
0.00737427	5.9	22.9943	1	-1	0.21874	96.8262
0.00742995	5.9	22.9893	2	-1	0.21879	96.7584
0.00743044	5.9	22.9684	3	-1	0.21881	96.7672
0.00748625	5.9	22.9858	4	-1	0.21884	96.7805
0.00748626	5.9	22.9856	1	-1	0.21885	96.7849
0.00754198	5.9	22.9806	2	-1	0.2189	96.7129
0.00754248	5.9	22.9596	3	-1	0.21891	96.7173
0.00759834	5.9	22.9772	4	-1	0.21894	96.7306
0.00759835	5.9	22.9769	1	-1	0.21895	96.735
0.00765413	5.9	22.9717	2	-1	0.219	96.6631
0.00765463	5.9	22.9504	3	-1	0.21901	96.6675
0.00771054	5.9	22.9684	4	-1	0.21905	96.6852
0.00771055	5.9	22.9681	1	-1	0.21906	96.6896
0.00776637	5.9	22.9629	2	-1	0.2191	96.6135
0.00776688	5.9	22.9413	3	-1	0.21912	96.6223
0.00782285	5.9	22.9594	4	-1	0.21915	96.6355
0.00782285	5.9	22.9592	1	-1	0.21916	96.6399
0.00787873	5.9	22.9541	2	-1	0.21921	96.5725
0.00787925	5.9	22.9321	3	-1	0.21923	96.5813
0.00793526	5.9	22.9507	4	-1	0.21926	96.5946
0.00793527	5.9	22.9505	1	-1	0.21927	96.599
0.0079912	5.9	22.9454	2	-1	0.21932	96.5274
0.00799173	5.9	22.9232	3	-1	0.21933	96.5318
0.00804778	5.9	22.9421	4	-1	0.21936	96.545
0.00804779	5.9	22.9419	1	-1	0.21937	96.5494
0.00810377	5.9	22.9365	2	-1	0.21942	96.478
0.0081043	5.9	22.9141	3	-1	0.21943	96.4824
0.00816041	5.9	22.9334	4	-1	0.21947	96.5
0.00816042	5.9	22.9332	1	-1	0.21948	96.5044
0.00821646	5.9	22.9278	2	-1	0.21953	96.4331
0.00821699	5.9	22.9053	3	-1	0.21954	96.4375
0.00827315	5.9	22.9245	4	-1	0.21957	96.4507
0.00827315	5.9	22.9243	1	-1	0.21958	96.4551
0.00832925	5.9	22.919	2	-1	0.21963	96.3881
0.00832979	5.9	22.8963	3	-1	0.21964	96.3925
0.00838599	5.9	22.9159	4	-1	0.21968	96.4101
0.008386	5.9	22.9157	1	-1	0.21969	96.4145
0.00844215	5.9	22.9102	2	-1	0.21974	96.3392
0.00844269	5.9	22.8873	3	-1	0.21975	96.3435
0.00849895	5.9	22.9071	4	-1	0.21978	96.3567
0.00849895	5.9	22.9069	1	-1	0.21979	96.3611
0.00855515	5.9	22.9015	2	-1	0.21984	96.2943
0.0085557	5.9	22.8785	3	-1	0.21985	96.2987
0.00861201	5.9	22.8986	4	-1	0.21989	96.3163
0.00861202	5.9	22.8984	1	-1	0.2199	96.3206
0.00866826	5.9	22.893	2	-1	0.21995	96.2498
0.00866881	5.9	22.87	3	-1	0.21995	96.2498
0.00872518	5.9	22.8898	4	-1	0.21999	96.2673
0.00872518	5.9	22.8896	1	-1	0.22	96.2717
0.00878148	5.9	22.8843	2	-1	0.22005	96.2051
0.00878204	5.9	22.8611	3	-1	0.22006	96.2095
0.00883845	5.9	22.8812	4	-1	0.22009	96.2226
0.00883845	5.9	22.881	1	-1	0.2201	96.227
0.00889481	5.9	22.8755	2	-1	0.22016	96.1607
0.00889537	5.9	22.8523	3	-1	0.22016	96.1607
0.00895183	5.9	22.8726	4	-1	0.2202	96.1782
0.00895184	5.9	22.8724	1	-1	0.22021	96.1826
0.00900825	5.9	22.8669	2	-1	0.22026	96.1121
0.00900881	5.9	22.8436	3	-1	0.22027	96.1164
0.00906532	5.9	22.8638	4	-1	0.2203	96.1295
0.00906533	5.9	22.8636	1	-1	0.22031	96.1339
0.0091218	5.9	22.8582	2	-1	0.22037	96.072
0.00912236	5.9	22.835	3	-1	0.22037	96.072
0.00917892	5.9	22.8553	4	-1	0.22041	96.0895
0.00917892	5.9	22.8551	1	-1	0.22042	96.0938
0.00923545	5.9	22.8494	2	-1	0.22047	96.0193
0.00923601	5.9	22.826	3	-1	0.22048	96.0237
0.00929263	5.9	22.8465	4	-1	0.22052	96.0411
0.00929264	5.9	22.8463	1	-1	0.22053	96.0455
0.00934921	5.9	22.8407	2	-1	0.22058	95.9753
0.00934978	5.9	22.8174	3	-1	0.22058	95.9753
0.00940645	5.9	22.8379	4	-1	0.22062	95.9927
0.00940645	5.9	22.8377	1	-1	0.22063	95.997
0.00946309	5.9	22.832	2	-1	0.22069	95.9313
0.00946365	5.9	22.8086	3	-1	0.22069	95.9313
0.00952038	5.9	22.8293	4	-1	0.22073	95.9487
0.00952038	5.9	22.8291	1	-1	0.22074	95.9531
0.00957707	5.9	22.8235	2	-1	0.22079	95.8831
0.00957763	5.9	22.8002	3	-1	0.22079	95.8831
0.00963441	5.9	22.8206	4	-1	0.22083	95.9005
0.00963441	5.9	22.8204	1	-1	0.22084	95.9048
0.00969116	5.9	22.8149	2	-1	0.22089	95.8391
0.00969172	5.9	22.7914	3	-1	0.2209	95.8435
0.00974855	5.9	22.8122	4	-1	0.22094	95.8608
0.00974856	5.9	22.812	1	-1	0.22095	95.8652
0.00980535	5.9	22.8062	2	-1	0.221	95.7913
0.00980592	5.9	22.7828	3	-1	0.221	95.7913
0.0098628	5.9	22.8034	4	-1	0.22104	95.8086
0.00986281	5.9	22.8032	1	-1	0.22105	95.8129
0.00991966	5.9	22.7975	2	-1	0.2211	95.7474
0.00992023	5.9	22.7739	3	-1	0.22111	95.7518
0.00997716	5.9	22.7949	4	-1	0.22115	95.7691
0.00997717	5.9	22.7947	1	-1	0.22116	95.7734
0.0100341	5.9	22.7889	2	-1	0.22121	95.6998
0.0100346	5.9	22.7653	3	-1	0.22121	95.6998
0.0100916	5.9	22.7864	4	-1	0.22125	95.7171
0.0100916	5.9	22.7862	1	-1	0.22126	95.7214
0.0101486	5.9	22.7805	2	-1	0.22131	95.6561
0.0101492	5.9	22.7569	3	-1	0.22131	95.6561
0.0102062	5.9	22.7777	4	-1	0.22135	95.6734
0.0102062	5.9	22.7775	1	-1	0.22136	95.6777
0.0102632	5.9	22.7717	2	-1	0.22142	95.6127
0.0102638	5.9	22.7482	3	-1	0.22142	95.6127
0.0103209	5.9	22.7692	4	-1	0.22146	95.63
0.0103209	5.9	22.769	1	-1	0.22147	95.6343
0.010378	5.9	22.7632	2	-1	0.22152	95.5651
0.0103785	5.9	22.7398	3	-1	0.22152	95.5651
0.0104357	5.9	22.7605	4	-1	0.22156	95.5824
0.0104357	5.9	22.7603	1	-1	0.22157	95.5867
0.0104928	5.9	22.7545	2	-1	0.22163	95.5219
0.0104934	5.9	22.7311	3	-1	0.22163	95.5219
0.0105506	5.9	22.752	4	-1	0.22167	95.5392
0.0105506	5.9	22.7518	1	-1	0.22168	95.5435
0.0106078	5.9	22.7461	2	-1	0.22173	95.4745
0.0106083	5.9	22.7227	3	-1	0.22173	95.4745
0.0106656	5.9	22.7434	4	-1	0.22177	95.4917
0.0106656	5.9	22.7432	1	-1	0.22178	95.496
0.0107228	5.9	22.7374	2	-1	0.22184	95.4315
0.0107234	5.9	22.714	3	-1	0.22184	95.4315
0.0107807	5.9	22.735	4	-1	0.22188	95.4487
0.0107807	5.9	22.7348	1	-1	0.22189	95.453
0.010838	5.9	22.729	2	-1	0.22194	95.3842
0.0108386	5.9	22.7057	3	-1	0.22194	95.3842
0.0108959	5.9	22.7264	4	-1	0.22198	95.4014
0.0108959	5.9	22.7262	1	-1	0.22199	95.4057
0.0109533	5.9	22.7203	2	-1	0.22205	95.3413
0.0109539	5.9	22.6971	3	-1	0.22205	95.3413
0.0110113	5.9	22.718	4	-1	0.22209	95.3585
0.0110113	5.9	22.7178	1	-1	0.2221	95.3628
0.0110687	5.9	22.712	2	-1	0.22215	95.2943
0.0110693	5.9	22.6888	3	-1	0.22215	95.2943
0.0111267	5.9	22.7094	4	-1	0.22219	95.3114
0.0111267	5.9	22.7092	1	-1	0.2222	95.3157
0.0111842	5.9	22.7033	2	-1	0.22226	95.2516
0.0111848	5.9	22.6802	3	-1	0.22226	95.2516
0.0112423	5.9	22.7009	4	-1	0.2223	95.2687
0.0112423	5.9	22.7007	1	-1	0.22231	95.273
0.0112998	5.9	22.6949	2	-1	0.22236	95.2047
0.0113004	5.9	22.6715	3	-1	0.22236	95.2047
0.0113579	5.9	22.6925	4	-1	0.2224	95.2218
0.0113579	5.9	22.6923	1	-1	0.22241	95.2261
0.0114155	5.9	22.6863	2	-1	0.22247	95.1621
0.0114161	5.9	22.663	3	-1	0.22247	95.1621
0.0114737	5.9	22.6839	4	-1	0.22251	95.1792
0.0114737	5.9	22.6837	1	-1	0.22252	95.1835
0.0115313	5.9	22.6778	2	-1	0.22257	95.1154
0.0115319	5.9	22.6546	3	-1	0.22257	95.1154
0.0115896	5.9	22.6756	4	-1	0.22261	95.1325
0.0115896	5.9	22.6754	1	-1	0.22262	95.1368
0.0116473	5.9	22.6694	2	-1	0.22268	95.073
0.0116479	5.9	22.6464	3	-1	0.22267	95.0687
0.0117056	5.9	22.667	4	-1	0.22272	95.0901
0.0117056	5.9	22.6668	1	-1	0.22273	95.0944
0.0117633	5.9	22.6607	2	-1	0.22278	95.0224
0.0117639	5.9	22.6378	3	-1	0.22278	95.0224
0.0118217	5.9	22.6586	4	-1	0.22282	95.0395
0.0118217	5.9	22.6584	1	-1	0.22283	95.0437
0.0118795	5.9	22.6525	2	-1	0.22289	94.9842
0.0118801	5.9	22.6298	3	-1	0.22288	94.98
0.0119379	5.9	22.6502	4	-1	0.22293	95.0013
0.0119379	5.9	22.65	1	-1	0.22294	95.0055
0.0119957	5.9	22.644	2	-1	0.22299	94.9338
0.0119963	5.9	22.6213	3	-1	0.22299	94.9338
0.0120542	5.9	22.6416	4	-1	0.22303	94.9508
0.0120542	5.9	22.6414	1	-1	0.22304	94.9551
0.0121121	5.9	22.6353	2	-1	0.2231	94.8918
0.0121127	5.9	22.6126	3	-1	0.2231	94.8918
0.0121707	5.9	22.6332	4	-1	0.22314	94.9088
0.0121707	5.9	22.633	1	-1	0.22315	94.913
0.0122286	5.9	22.6271	2	-1	0.2232	94.8455
0.0122292	5.9	22.6045	3	-1	0.2232	94.8455
0.0122872	5.9	22.6248	4	-1	0.22324	94.8625
0.0122872	5.9	22.6246	1	-1	0.22325	94.8668
0.0123452	5.9	22.6186	2	-1	0.22331	94.8037
0.0123458	5.9	22.596	3	-1	0.22331	94.8037
0.0124038	5.9	22.6163	4	-1	0.22335	94.8206
0.0124039	5.9	22.6161	1	-1	0.22336	94.8249
0.0124619	5.9	22.6102	2	-1	0.22341	94.7576
0.0124625	5.9	22.5877	3	-1	0.22341	94.7576
0.0125206	5.9	22.6081	4	-1	0.22345	94.7746
0.0125206	5.9	22.6079	1	-1	0.22346	94.7788
0.0125787	5.9	22.6018	2	-1	0.22352	94.7159
0.0125793	5.9	22.5795	3	-1	0.22351	94.7116
0.0126375	5.9	22.5997	4	-1	0.22356	94.7328
0.0126375	5.9	22.5995	1	-1	0.22357	94.7371
0.0126957	5.9	22.5933	2	-1	0.22362	94.666
0.0126962	5.9	22.5711	3	-1	0.22362	94.666
0.0127545	5.9	22.5911	4	-1	0.22366	94.6829
0.0127545	5.9	22.5909	1	-1	0.22367	94.6872
0.0128127	5.9	22.5847	2	-1	0.22373	94.6244
0.0128132	5.9	22.5627	3	-1	0.22372	94.6202
0.0128715	5.9	22.5828	4	-1	0.22377	94.6413
0.0128716	5.9	22.5826	1	-1	0.22378	94.6456
0.0129298	5.9	22.5766	2	-1	0.22383	94.5787
0.0129304	5.9	22.5546	3	-1	0.22383	94.5787
0.0129887	5.9	22.5745	4	-1	0.22387	94.5956
0.0129887	5.9	22.5743	1	-1	0.22388	94.5998
0.0130471	5.9	22.5682	2	-1	0.22393	94.5331
0.0130476	5.9	22.5462	3	-1	0.22393	94.5331
0.013106	5.9	22.566	4	-1	0.22397	94.55
0.0131061	5.9	22.5658	1	-1	0.22398	94.5542
0.0131644	5.9	22.5596	2	-1	0.22404	94.4918
0.013165	5.9	22.5377	3	-1	0.22404	94.4918
0.0132235	5.9	22.5575	4	-1	0.22408	94.5086
0.0132235	5.9	22.5573	1	-1	0.22409	94.5129
0.0132819	5.9	22.5511	2	-1	0.22415	94.4466
0.0132825	5.9	22.5294	3	-1	0.22414	94.4423
0.013341	5.9	22.5492	4	-1	0.22419	94.4634
0.013341	5.9	22.549	1	-1	0.2242	94.4676
0.0133995	5.9	22.5431	2	-1	0.22425	94.4012
0.0134001	5.9	22.5214	3	-1	0.22425	94.4012
0.0134586	5.9	22.541	4	-1	0.22429	94.418
0.0134586	5.9	22.5408	1	-1	0.2243	94.4222
0.0135172	5.9	22.5347	2	-1	0.22435	94.3559
0.0135178	5.9	22.5131	3	-1	0.22435	94.3559
0.0135764	5.9	22.5325	4	-1	0.22439	94.3727
0.0135764	5.9	22.5324	1	-1	0.2244	94.3769
0.013635	5.9	22.5262	2	-1	0.22446	94.3149
0.0136356	5.9	22.5047	3	-1	0.22446	94.3149
0.0136942	5.9	22.5241	4	-1	0.2245	94.3317
0.0136942	5.9	22.5239	1	-1	0.22451	94.3359
0.0137529	5.9	22.5177	2	-1	0.22457	94.27
0.0137535	5.9	22.4964	3	-1	0.22456	94.2658
0.0138122	5.9	22.5158	4	-1	0.22461	94.2868
0.0138122	5.9	22.5156	1	-1	0.22462	94.291
0.0138709	5.9	22.5096	2	-1	0.22467	94.225
0.0138715	5.9	22.4881	3	-1	0.22467	94.225
0.0139303	5.9	22.5077	4	-1	0.22471	94.2417
0.0139303	5.9	22.5075	1	-1	0.22472	94.2459
0.0139891	5.9	22.5014	2	-1	0.22478	94.1842
0.0139896	5.9	22.4802	3	-1	0.22477	94.18
0.0140485	5.9	22.4994	4	-1	0.22481	94.1968
0.0140485	5.9	22.4992	1	-1	0.22482	94.201
0.0141073	5.9	22.493	2	-1	0.22488	94.1393
0.0141079	5.9	22.472	3	-1	0.22487	94.1351
0.0141668	5.9	22.4911	4	-1	0.22492	94.1561
0.0141668	5.9	22.4909	1	-1	0.22493	94.1602
0.0142257	5.9	22.4846	2	-1	0.22499	94.0948
0.0142262	5.9	22.4638	3	-1	0.22498	94.0906
0.0142852	5.9	22.4827	4	-1	0.22503	94.1115
0.0142852	5.9	22.4825	1	-1	0.22504	94.1157
0.0143442	5.9	22.4763	2	-1	0.22509	94.0461
0.0143447	5.9	22.4557	3	-1	0.22508	94.0419
0.0144037	5.9	22.4742	4	-1	0.22513	94.0628
0.0144037	5.9	22.474	1	-1	0.22514	94.067
0.0144627	5.9	22.4679	2	-1	0.2252	94.0057
0.0144633	5.9	22.4476	3	-1	0.22519	94.0015
0.0145223	5.9	22.4659	4	-1	0.22523	94.0182
0.0145224	5.9	22.4657	1	-1	0.22524	94.0224
0.0145814	5.9	22.4598	2	-1	0.2253	93.965
0.014582	5.9	22.4393	3	-1	0.2253	93.965
0.0146411	5.9	22.458	4	-1	0.22534	93.9817
0.0146411	5.9	22.4578	1	-1	0.22535	93.9859
0.0147002	5.9	22.4517	2	-1	0.22541	93.9208
0.0147007	5.9	22.4316	3	-1	0.22539	93.9125
0.0147599	5.9	22.4498	4	-1	0.22544	93.9333
0.0147599	5.9	22.4496	1	-1	0.22545	93.9375
0.0148191	5.9	22.4434	2	-1	0.22551	93.8764
0.0148197	5.9	22.4235	3	-1	0.2255	93.8723
0.0148789	5.9	22.4415	4	-1	0.22555	93.8931
0.0148789	5.9	22.4413	1	-1	0.22556	93.8973
0.0149382	5.9	22.4352	2	-1	0.22562	93.8324
0.0149387	5.9	22.4155	3	-1	0.22561	93.8282
0.014998	5.9	22.4332	4	-1	0.22565	93.8449
0.014998	5.9	22.433	1	-1	0.22566	93.849
0.0150573	5.9	22.4268	2	-1	0.22572	93.7882
0.0150578	5.9	22.4074	3	-1	0.22571	93.784
0.0151172	5.9	22.425	4	-1	0.22576	93.8048
0.0151172	5.9	22.4248	1	-1	0.22577	93.809
0.0151765	5.9	22.4186	2	-1	0.22583	93.7443
0.015177	5.9	22.3995	3	-1	0.22581	93.736
0.0152365	5.9	22.4167	4	-1	0.22587	93.7609
0.0152365	5.9	22.4165	1	-1	0.22588	93.765
0.0152959	5.9	22.4104	2	-1	0.22593	93.6963
0.0152964	5.9	22.3916	3	-1	0.22592	93.6922
0.0153559	5.9	22.4083	4	-1	0.22597	93.7129
0.0153559	5.9	22.4081	1	-1	0.22598	93.7171
0.0154154	5.9	22.4021	2	-1	0.22603	93.6524
0.0154158	5.9	22.3833	3	-1	0.22603	93.6524
0.0154754	5.9	22.4	4	-1	0.22607	93.6689
0.0154754	5.9	22.3998	1	-1	0.22608	93.6731
0.0155349	5.9	22.3938	2	-1	0.22614	93.6126
0.0155354	5.9	22.3751	3	-1	0.22614	93.6126
0.015595	5.9	22.3919	4	-1	0.22618	93.6292
0.015595	5.9	22.3917	1	-1	0.22619	93.6333
0.0156546	5.9	22.3856	2	-1	0.22625	93.5691
0.0156551	5.9	22.367	3	-1	0.22624	93.5649
0.0157148	5.9	22.3837	4	-1	0.22629	93.5856
0.0157148	5.9	22.3835	1	-1	0.2263	93.5897
0.0157744	5.9	22.3774	2	-1	0.22635	93.5215
0.0157749	5.9	22.3591	3	-1	0.22634	93.5173
0.0158346	5.9	22.3754	4	-1	0.22639	93.538
0.0158346	5.9	22.3752	1	-1	0.2264	93.5421
0.0158943	5.9	22.3692	2	-1	0.22646	93.4819
0.0158948	5.9	22.3511	3	-1	0.22645	93.4778
0.0159546	5.9	22.3672	4	-1	0.22649	93.4943
0.0159546	5.9	22.367	1	-1	0.2265	93.4985
0.0160144	5.9	22.361	2	-1	0.22656	93.4384
0.0160148	5.9	22.3429	3	-1	0.22656	93.4384
0.0160747	5.9	22.3591	4	-1	0.2266	93.4549
0.0160747	5.9	22.3589	1	-1	0.22661	93.459
0.0161345	5.9	22.3527	2	-1	0.22667	93.3951
0.016135	5.9	22.3349	3	-1	0.22666	93.391
0.0161948	5.9	22.351	4	-1	0.22671	93.4116
0.0161949	5.9	22.3508	1	-1	0.22672	93.4157
0.0162547	5.9	22.3447	2	-1	0.22678	93.352
0.0162552	5.9	22.3272	3	-1	0.22676	93.3438
0.0163151	5.9	22.3428	4	-1	0.22681	93.3643
0.0163152	5.9	22.3426	1	-1	0.22682	93.3685
0.0163751	5.9	22.3366	2	-1	0.22688	93.3087
0.0163756	5.9	22.3193	3	-1	0.22687	93.3045
0.0164356	5.9	22.3346	4	-1	0.22691	93.321
0.0164356	5.9	22.3344	1	-1	0.22692	93.3251
0.0164956	5.9	22.3284	2	-1	0.22699	93.2695
0.016496	5.9	22.3116	3	-1	0.22697	93.2613
0.0165561	5.9	22.3266	4	-1	0.22702	93.2818
0.0165561	5.9	22.3264	1	-1	0.22703	93.2859
0.0166162	5.9	22.3203	2	-1	0.22709	93.2225
0.0166166	5.9	22.3038	3	-1	0.22707	93.2143
0.0166767	5.9	22.3185	4	-1	0.22713	93.2389
0.0166767	5.9	22.3183	1	-1	0.22714	93.243
0.0167368	5.9	22.3123	2	-1	0.22719	93.1756
0.0167373	5.9	22.2961	3	-1	0.22718	93.1715
0.0167975	5.9	22.3103	4	-1	0.22723	93.192
0.0167975	5.9	22.3101	1	-1	0.22724	93.1961
0.0168576	5.9	22.3042	2	-1	0.22729	93.1326
0.0168581	5.9	22.2881	3	-1	0.22729	93.1326
0.0169183	5.9	22.3022	4	-1	0.22733	93.1489
0.0169183	5.9	22.302	1	-1	0.22734	93.153
0.0169786	5.9	22.2961	2	-1	0.2274	93.0937
0.016979	5.9	22.2802	3	-1	0.22739	93.0896
0.0170393	5.9	22.2942	4	-1	0.22744	93.1101
0.0170393	5.9	22.294	1	-1	0.22745	93.1142
0.0170996	5.9	22.2881	2	-1	0.22751	93.0511
0.0171	5.9	22.2726	3	-1	0.22749	93.0429
0.0171604	5.9	22.2861	4	-1	0.22754	93.0634
0.0171604	5.9	22.2859	1	-1	0.22755	93.0675
0.0172207	5.9	22.2801	2	-1	0.22761	93.0083
0.0172211	5.9	22.2648	3	-1	0.2276	93.0042
0.0172815	5.9	22.2781	4	-1	0.22764	93.0206
0.0172815	5.9	22.2779	1	-1	0.22765	93.0247
0.017342	5.9	22.2718	2	-1	0.22771	92.9618
0.0173424	5.9	22.2566	3	-1	0.2277	92.9577
0.0174028	5.9	22.2696	4	-1	0.22775	92.9782
0.0174029	5.9	22.2694	1	-1	0.22776	92.9822
0.0174633	5.9	22.2635	2	-1	0.22782	92.9195
0.0174637	5.9	22.2486	3	-1	0.22781	92.9154
0.0175243	5.9	22.2614	4	-1	0.22786	92.9358
0.0175243	5.9	22.2612	1	-1	0.22787	92.9399
0.0175848	5.9	22.2555	2	-1	0.22793	92.8772
0.0175852	5.9	22.2407	3	-1	0.22792	92.8732
0.0176458	5.9	22.2534	4	-1	0.22796	92.8895
0.0176458	5.9	22.2532	1	-1	0.22797	92.8935
0.0177064	5.9	22.2474	2	-1	0.22803	92.8348
0.0177068	5.9	22.2329	3	-1	0.22802	92.8307
0.0177674	5.9	22.2455	4	-1	0.22807	92.851
0.0177674	5.9	22.2453	1	-1	0.22808	92.8551
0.0178281	5.9	22.2395	2	-1	0.22814	92.7926
0.0178285	5.9	22.2253	3	-1	0.22812	92.7845
0.0178892	5.9	22.2375	4	-1	0.22817	92.8048
0.0178892	5.9	22.2373	1	-1	0.22818	92.8089
0.0179499	5.9	22.2316	2	-1	0.22824	92.7503
0.0179503	5.9	22.2176	3	-1	0.22823	92.7463
0.0180111	5.9	22.2296	4	-1	0.22828	92.7666
0.0180111	5.9	22.2294	1	-1	0.22829	92.7706
0.0180718	5.9	22.2237	2	-1	0.22834	92.7043
0.0180722	5.9	22.2099	3	-1	0.22833	92.7003
0.018133	5.9	22.2213	4	-1	0.22838	92.7206
0.018133	5.9	22.2211	1	-1	0.22839	92.7246
0.0181939	5.9	22.2153	2	-1	0.22845	92.6624
0.0181942	5.9	22.2018	3	-1	0.22844	92.6584
0.0182551	5.9	22.2132	4	-1	0.22849	92.6787
0.0182551	5.9	22.213	1	-1	0.2285	92.6827
0.018316	5.9	22.2073	2	-1	0.22856	92.6207
0.0183164	5.9	22.1942	3	-1	0.22854	92.6126
0.0183773	5.9	22.2051	4	-1	0.22859	92.6328
0.0183773	5.9	22.205	1	-1	0.2286	92.6369
0.0184383	5.9	22.1994	2	-1	0.22866	92.5786
0.0184386	5.9	22.1864	3	-1	0.22865	92.5746
0.0184996	5.9	22.1973	4	-1	0.2287	92.5948
0.0184996	5.9	22.1971	1	-1	0.22871	92.5989
0.0185606	5.9	22.1915	2	-1	0.22876	92.533
0.018561	5.9	22.1788	3	-1	0.22875	92.5289
0.0186221	5.9	22.1892	4	-1	0.2288	92.5491
0.0186221	5.9	22.189	1	-1	0.22881	92.5532
0.0186831	5.9	22.1833	2	-1	0.22887	92.4914
0.0186835	5.9	22.1706	3	-1	0.22886	92.4874
0.0187446	5.9	22.1809	4	-1	0.2289	92.5035
0.0187446	5.9	22.1807	1	-1	0.22891	92.5076
0.0188057	5.9	22.1752	2	-1	0.22898	92.4537
0.0188061	5.9	22.1627	3	-1	0.22897	92.4496
0.0188672	5.9	22.1731	4	-1	0.22901	92.4658
0.0188672	5.9	22.1729	1	-1	0.22902	92.4698
0.0189284	5.9	22.1672	2	-1	0.22909	92.4123
0.0189288	5.9	22.1551	3	-1	0.22907	92.4042
0.01899	5.9	22.1654	1	-1	0.22912	92.4244
0.01899	5.9	22.1654	4	-1	0.22912	92.4244
0.0190513	5.9	22.1595	2	-1	0.22919	92.3706
0.0190516	5.9	22.1479	3	-1	0.22916	92.3585
0.0191129	5.9	22.1574	1	-1	0.22923	92.3867
0.0191129	5.9	22.1574	4	-1	0.22923	92.3867
0.0191742	5.9	22.1514	2	-1	0.2293	92.3257
0.0191745	5.9	22.1403	3	-1	0.22927	92.3136
0.0192359	5.9	22.1494	1	-1	0.22933	92.3377
0.0192359	5.9	22.1492	4	-1	0.22934	92.3418
0.0192973	5.9	22.1436	2	-1	0.22941	92.2882
0.0192976	5.9	22.1333	3	-1	0.22937	92.2721
0.019359	5.9	22.1415	1	-1	0.22944	92.3003
0.019359	5.9	22.1413	4	-1	0.22944	92.3003
0.0194204	5.9	22.1358	2	-1	0.22951	92.2431
0.0194207	5.9	22.1261	3	-1	0.22948	92.231
0.0194822	5.9	22.1335	1	-1	0.22954	92.2551
0.0194822	5.9	22.1331	4	-1	0.22955	92.2592
0.0195437	5.9	22.1277	2	-1	0.22962	92.2021
0.019544	5.9	22.1186	3	-1	0.22958	92.186
0.0196055	5.9	22.1254	1	-1	0.22964	92.2101
0.0196055	5.9	22.1247	4	-1	0.22966	92.2181
0.0196671	5.9	22.1198	2	-1	0.22972	92.1608
0.0196673	5.9	22.1115	3	-1	0.22968	92.1447
0.0197289	5.9	22.1175	1	-1	0.22975	92.1728
0.019729	5.9	22.1166	4	-1	0.22976	92.1768
0.0197906	5.9	22.1122	2	-1	0.22982	92.1159
0.0197908	5.9	22.1044	3	-1	0.22979	92.1039
0.0198525	5.9	22.1094	1	-1	0.22986	92.1319
0.0198525	5.9	22.1085	4	-1	0.22986	92.1319
0.0199142	5.9	22.1041	2	-1	0.22993	92.0714
0.0199144	5.9	22.0969	3	-1	0.2299	92.0594
0.0199762	5.9	22.1015	1	-1	0.22996	92.0835
0.0199762	5.9	22.1004	4	-1	0.22997	92.0875
0.020038	5.9	22.0963	2	-1	0.23004	92.0344
0.0200382	5.9	22.0898	3	-1	0.23	92.0184
0.0200999	5.9	22.0937	1	-1	0.23006	92.0424
0.0201	5.9	22.0924	4	-1	0.23007	92.0464
0.0201618	5.9	22.0886	2	-1	0.23014	91.9934
0.020162	5.9	22.0828	3	-1	0.2301	91.9775
0.0202238	5.9	22.0857	1	-1	0.23017	92.0054
0.0202239	5.9	22.0843	4	-1	0.23018	92.0094
0.0202858	5.9	22.0806	2	-1	0.23025	91.9492
0.0202859	5.9	22.0755	3	-1	0.23021	91.9332
0.0203478	5.9	22.0778	1	-1	0.23027	91.9572
0.0203479	5.9	22.076	4	-1	0.23029	91.9652
0.0204099	5.9	22.0729	2	-1	0.23035	91.9084
0.02041	5.9	22.0685	3	-1	0.23031	91.8924
0.0204719	5.9	22.0698	1	-1	0.23038	91.9204
0.020472	5.9	22.0679	4	-1	0.23039	91.9244
0.020534	5.9	22.065	2	-1	0.23046	91.8643
0.0205341	5.9	22.0612	3	-1	0.23042	91.8484
0.0205962	5.9	22.0617	1	-1	0.23048	91.8723
0.0205962	5.9	22.0594	4	-1	0.2305	91.8803
0.0206583	5.9	22.0572	2	-1	0.23056	91.8236
0.0206584	5.9	22.0539	3	-1	0.23053	91.8117
0.0207205	5.9	22.054	1	-1	0.23059	91.8356
0.0207206	5.9	22.0515	4	-1	0.2306	91.8396
0.0207827	5.9	22.0494	2	-1	0.23067	91.7797
0.0207828	5.9	22.0468	3	-1	0.23063	91.7638
0.020845	5.9	22.0458	1	-1	0.23069	91.7877
0.0208451	5.9	22.043	4	-1	0.23071	91.7956
0.0209073	5.9	22.0416	2	-1	0.23077	91.7392
0.0209073	5.9	22.0395	3	-1	0.23074	91.7273
0.0209695	5.9	22.038	1	-1	0.2308	91.7511
0.0209696	5.9	22.035	4	-1	0.23081	91.7551
0.0210319	5.9	22.0339	2	-1	0.23088	91.6991
0.021032	5.9	22.0325	3	-1	0.23084	91.6832
0.0210942	5.9	22.0299	1	-1	0.2309	91.707
0.0210943	5.9	22.0265	4	-1	0.23092	91.715
0.0211567	5.9	22.026	2	-1	0.23098	91.6551
0.0211567	5.9	22.0253	3	-1	0.23094	91.6392
0.021219	5.9	22.0221	1	-1	0.23101	91.667
0.0212191	5.9	22.0185	4	-1	0.23102	91.671
0.0212815	5.9	22.0184	2	-1	0.23108	91.6112
0.0212815	5.9	22.0182	3	-1	0.23105	91.5993
0.0213439	5.9	22.0141	1	-1	0.23111	91.6231
0.021344	5.9	22.0101	4	-1	0.23113	91.631
0.0214065	5.9	22.0104	3	-1	0.23116	91.5594
0.0214065	5.9	22.0102	2	-1	0.23118	91.5673
0.021469	5.9	22.0062	1	-1	0.23122	91.5832
0.0214691	5.9	22.002	4	-1	0.23123	91.5871
0.0215316	5.9	22.0025	3	-1	0.23126	91.5156
0.0215316	5.9	22.0023	2	-1	0.23127	91.5196
0.0215941	5.9	21.9981	1	-1	0.23132	91.5394
0.0215942	5.9	21.9937	4	-1	0.23134	91.5473
0.0216568	5.9	21.9945	3	-1	0.23137	91.4759
0.0216568	5.9	21.9943	2	-1	0.23138	91.4799
0.0217194	5.9	21.9902	1	-1	0.23143	91.4996
0.0217195	5.9	21.9854	4	-1	0.23145	91.5075
0.0217821	5.9	21.9867	3	-1	0.23148	91.4326
0.0217821	5.9	21.9865	2	-1	0.23149	91.4366
0.0218447	5.9	21.9821	1	-1	0.23155	91.4603
0.0218449	5.9	21.9774	4	-1	0.23154	91.4563
0.0219075	5.9	21.9791	3	-1	0.23159	91.3894
0.0219075	5.9	21.9789	2	-1	0.2316	91.3934
0.0219702	5.9	21.9744	1	-1	0.23165	91.4131
0.0219703	5.9	21.97	4	-1	0.23164	91.4092
0.0220331	5.9	21.9711	3	-1	0.23169	91.346
0.0220331	5.9	21.9709	2	-1	0.2317	91.3499
0.0220958	5.9	21.9666	1	-1	0.23176	91.3736
0.022096	5.9	21.9622	4	-1	0.23176	91.3736
0.0221587	5.9	21.9633	3	-1	0.23179	91.3026
0.0221587	5.9	21.9631	2	-1	0.2318	91.3066
0.0222215	5.9	21.9588	1	-1	0.23186	91.3302
0.0222217	5.9	21.9544	4	-1	0.23186	91.3302
0.0222845	5.9	21.9557	3	-1	0.2319	91.2633
0.0222845	5.9	21.9555	2	-1	0.23191	91.2672
0.0223474	5.9	21.9508	1	-1	0.23198	91.2948
0.0223475	5.9	21.9469	4	-1	0.23195	91.283
0.0224104	5.9	21.9481	2	-1	0.23201	91.2204
0.0224104	5.9	21.948	3	-1	0.23202	91.2243
0.0224733	5.9	21.9432	1	-1	0.23208	91.2479
0.0224734	5.9	21.9398	4	-1	0.23205	91.2361
0.0225364	5.9	21.94	2	-1	0.23212	91.1812
0.0225364	5.9	21.9399	3	-1	0.23212	91.1812
0.0225994	5.9	21.9358	1	-1	0.23218	91.2048
0.0225995	5.9	21.9326	4	-1	0.23217	91.2008
0.0226625	5.9	21.9321	3	-1	0.23221	91.1342
0.0226625	5.9	21.9319	2	-1	0.23223	91.1421
0.0227256	5.9	21.9276	1	-1	0.23228	91.1617
0.0227257	5.9	21.9244	4	-1	0.23228	91.1617
0.0227887	5.9	21.9245	3	-1	0.23233	91.1027
0.0227887	5.9	21.9244	2	-1	0.23234	91.1066
0.0228519	5.9	21.9198	1	-1	0.23239	91.1262
0.0228519	5.9	21.9168	4	-1	0.23238	91.1223
0.0229151	5.9	21.9164	3	-1	0.23243	91.0562
0.0229151	5.9	21.9163	2	-1	0.23244	91.0601
0.0229783	5.9	21.9123	1	-1	0.23249	91.0797
0.0229783	5.9	21.9093	4	-1	0.23249	91.0797
0.0230415	5.9	21.9086	3	-1	0.23253	91.0169
0.0230416	5.9	21.9085	2	-1	0.23254	91.0208
0.0231048	5.9	21.9046	1	-1	0.23259	91.0404
0.0231049	5.9	21.9014	4	-1	0.2326	91.0443
0.0231681	5.9	21.9008	3	-1	0.23263	90.9742
0.0231681	5.9	21.9006	2	-1	0.23264	90.9781
0.0232314	5.9	21.8968	1	-1	0.2327	91.0015
0.0232315	5.9	21.8934	4	-1	0.23271	91.0054
0.0232948	5.9	21.8933	3	-1	0.23274	90.9318
0.0232948	5.9	21.8932	2	-1	0.23275	90.9357
0.0233582	5.9	21.8886	1	-1	0.23282	90.9631
0.0233582	5.9	21.8856	4	-1	0.2328	90.9553
0.0234216	5.9	21.886	2	-1	0.23285	90.8896
0.0234216	5.9	21.8858	3	-1	0.23286	90.8935
0.023485	5.9	21.881	1	-1	0.23293	90.9208
0.0234851	5.9	21.8787	4	-1	0.23289	90.9052
0.0235485	5.9	21.8781	2	-1	0.23295	90.8435
0.0235485	5.9	21.8776	3	-1	0.23297	90.8513
0.023612	5.9	21.8735	1	-1	0.23303	90.8747
0.0236121	5.9	21.8717	4	-1	0.233	90.863
0.0236756	5.9	21.87	2	-1	0.23307	90.8089
0.0236756	5.9	21.8696	3	-1	0.23306	90.805
0.0237391	5.9	21.866	1	-1	0.23312	90.8283
0.0237392	5.9	21.8642	4	-1	0.23312	90.8283
0.0238027	5.9	21.8623	2	-1	0.23318	90.7739
0.0238027	5.9	21.8623	3	-1	0.23316	90.7661
0.0238663	5.9	21.8581	1	-1	0.23324	90.7973
0.0238664	5.9	21.8566	4	-1	0.23322	90.7895
0.02393	5.9	21.855	2	-1	0.23327	90.7242
0.02393	5.9	21.8548	3	-1	0.23328	90.7281
0.0239936	5.9	21.8503	1	-1	0.23335	90.7553
0.0239937	5.9	21.8495	4	-1	0.23331	90.7397
0.0240573	5.9	21.8472	2	-1	0.23338	90.6823
0.0240574	5.9	21.8468	3	-1	0.23339	90.6862
0.0241211	5.9	21.843	1	-1	0.23345	90.7095
0.0241211	5.9	21.8427	4	-1	0.23342	90.6979
0.0241848	5.9	21.8393	2	-1	0.23349	90.644
0.0241848	5.9	21.839	3	-1	0.23349	90.644
0.0242486	5.9	21.8354	1	-1	0.23355	90.6673
0.0242486	5.9	21.8354	4	-1	0.23353	90.6596
0.0243125	5.9	21.8315	2	-1	0.2336	90.6058
0.0243125	5.9	21.8314	3	-1	0.23359	90.602
0.0243763	5.9	21.8275	4	-1	0.23364	90.6214
0.0243763	5.9	21.8273	1	-1	0.23365	90.6252
0.0244402	5.9	21.8239	2	-1	0.2337	90.5674
0.0244402	5.9	21.8238	3	-1	0.2337	90.5674
0.0245041	5.9	21.8196	4	-1	0.23374	90.5829
0.0245041	5.9	21.8195	1	-1	0.23375	90.5867
0.024568	5.9	21.816	2	-1	0.2338	90.5254
0.024568	5.9	21.8157	3	-1	0.23381	90.5293
0.024632	5.9	21.812	4	-1	0.23385	90.5448
0.024632	5.9	21.8118	1	-1	0.23386	90.5487
0.024696	5.9	21.8081	2	-1	0.23392	90.4878
0.024696	5.9	21.8079	3	-1	0.23391	90.4839
0.02476	5.9	21.8046	4	-1	0.23396	90.5033
0.02476	5.9	21.8045	1	-1	0.23397	90.5071
0.024824	5.9	21.8005	3	-1	0.23401	90.4386
0.0248241	5.9	21.8003	2	-1	0.23403	90.4464
0.0248881	5.9	21.7966	4	-1	0.23406	90.458
0.0248881	5.9	21.7964	1	-1	0.23407	90.4618
0.0249522	5.9	21.7928	2	-1	0.23412	90.4008
0.0249522	5.9	21.7928	3	-1	0.23412	90.4008
0.0250164	5.9	21.7887	4	-1	0.23416	90.4162
0.0250164	5.9	21.7885	1	-1	0.23417	90.4201
0.0250805	5.9	21.7853	2	-1	0.23422	90.3627
0.0250805	5.9	21.7852	3	-1	0.23423	90.3665
0.0251447	5.9	21.7812	4	-1	0.23427	90.3819
0.0251447	5.9	21.781	1	-1	0.23428	90.3858
0.025209	5.9	21.7776	2	-1	0.23434	90.3253
0.025209	5.9	21.7776	3	-1	0.23433	90.3215
0.0252732	5.9	21.7738	4	-1	0.23438	90.3407
0.0252732	5.9	21.7736	1	-1	0.23439	90.3446
0.0253375	5.9	21.7696	3	-1	0.23443	90.2765
0.0253375	5.9	21.7695	2	-1	0.23444	90.2803
0.0254018	5.9	21.766	1	-1	0.23449	90.2996
0.0254018	5.9	21.766	4	-1	0.23449	90.2996
0.0254661	5.9	21.7618	3	-1	0.23453	90.2351
0.0254661	5.9	21.7617	2	-1	0.23454	90.2389
0.0255305	5.9	21.7585	1	-1	0.2346	90.262
0.0255305	5.9	21.7585	4	-1	0.2346	90.262
0.0255949	5.9	21.7546	3	-1	0.23464	90.1941
0.0255949	5.9	21.7544	2	-1	0.23465	90.198
0.0256593	5.9	21.7505	4	-1	0.23469	90.2133
0.0256593	5.9	21.7503	1	-1	0.2347	90.2172
0.0257238	5.9	21.7471	2	-1	0.23475	90.1567
0.0257238	5.9	21.7469	3	-1	0.23476	90.1605
0.0257883	5.9	21.7427	4	-1	0.23479	90.1721
0.0257883	5.9	21.7425	1	-1	0.2348	90.1759
0.0258528	5.9	21.7393	2	-1	0.23485	90.1155
0.0258528	5.9	21.7388	3	-1	0.23487	90.1232
0.0259173	5.9	21.7352	4	-1	0.2349	90.1347
0.0259173	5.9	21.735	1	-1	0.23491	90.1385
0.0259819	5.9	21.7314	2	-1	0.23497	90.0786
0.0259819	5.9	21.7309	3	-1	0.23497	90.0786
0.0260465	5.9	21.7278	4	-1	0.23501	90.0939
0.0260465	5.9	21.7276	1	-1	0.23502	90.0978
0.0261111	5.9	21.724	2	-1	0.23508	90.0414
0.0261111	5.9	21.7238	3	-1	0.23506	90.0337
0.0261758	5.9	21.7203	4	-1	0.23512	90.0567
0.0261758	5.9	21.7202	1	-1	0.23513	90.0605
0.0262405	5.9	21.7165	2	-1	0.23518	89.9969
0.0262405	5.9	21.7165	3	-1	0.23517	89.9931
0.0263052	5.9	21.7126	4	-1	0.23522	90.0122
0.0263052	5.9	21.7124	1	-1	0.23523	90.0161
0.0263699	5.9	21.709	2	-1	0.23528	89.956
0.0263699	5.9	21.709	3	-1	0.23528	89.956
0.0264347	5.9	21.7049	4	-1	0.23532	89.9713
0.0264347	5.9	21.7047	1	-1	0.23533	89.9751
0.0264995	5.9	21.7012	3	-1	0.23538	89.9152
0.0264995	5.9	21.7011	2	-1	0.23539	89.919
0.0265643	5.9	21.6973	4	-1	0.23543	89.9343
0.0265644	5.9	21.6972	1	-1	0.23544	89.9381
0.0266292	5.9	21.6932	3	-1	0.23548	89.871
0.0266292	5.9	21.693	2	-1	0.23549	89.8748
0.0266941	5.9	21.69	1	-1	0.23554	89.8939
0.0266941	5.9	21.6898	4	-1	0.23555	89.8977
0.026759	5.9	21.6854	3	-1	0.23557	89.8265
0.026759	5.9	21.6852	2	-1	0.23558	89.8303
0.026824	5.9	21.6822	1	-1	0.23565	89.857
0.026824	5.9	21.6818	4	-1	0.23566	89.8608
0.0268889	5.9	21.6784	3	-1	0.23569	89.7901
0.026889	5.9	21.6782	2	-1	0.2357	89.7939
0.026954	5.9	21.6742	1	-1	0.23577	89.8206
0.026954	5.9	21.6742	4	-1	0.23575	89.8129
0.027019	5.9	21.6713	2	-1	0.2358	89.7465
0.027019	5.9	21.671	3	-1	0.23582	89.7541
0.027084	5.9	21.6664	4	-1	0.23583	89.7579
0.0270841	5.9	21.6662	1	-1	0.23584	89.7617
0.0271492	5.9	21.6632	2	-1	0.23591	89.7201
0.0271492	5.9	21.6625	3	-1	0.23593	89.7277
0.0272143	5.9	21.6598	4	-1	0.23596	89.7391
0.0272143	5.9	21.6597	1	-1	0.23597	89.7429
0.0272794	5.9	21.6547	3	-1	0.23599	89.6619
0.0272794	5.9	21.6545	2	-1	0.23604	89.6809
0.0273446	5.9	21.6527	1	-1	0.23603	89.6771
0.0273446	5.9	21.6514	4	-1	0.23611	89.7074
0.0274098	5.9	21.6465	3	-1	0.23606	89.6238
0.0274098	5.9	21.6463	2	-1	0.23607	89.6275
0.027475	5.9	21.6439	1	-1	0.23615	89.6579
0.0274751	5.9	21.6416	4	-1	0.23622	89.6845
0.0275403	5.9	21.6408	3	-1	0.23621	89.5957
0.0275403	5.9	21.6407	2	-1	0.23622	89.5995
0.0276056	5.9	21.635	1	-1	0.23634	89.645
0.0276057	5.9	21.6341	4	-1	0.23625	89.6108
0.0276709	5.9	21.6347	2	-1	0.23627	89.5098
0.027671	5.9	21.6326	3	-1	0.2364	89.559
0.0277363	5.9	21.6267	4	-1	0.23629	89.5174
0.0277363	5.9	21.6266	1	-1	0.23636	89.5439
0.0278016	5.9	21.6252	2	-1	0.23638	89.4972
0.0278018	5.9	21.6209	3	-1	0.23653	89.554
0.0278671	5.9	21.6214	4	-1	0.23644	89.5199
0.0278671	5.9	21.6212	1	-1	0.23645	89.5237
0.0279325	5.9	21.6148	2	-1	0.23662	89.5135
0.0279326	5.9	21.612	3	-1	0.23652	89.4757
0.0279979	5.9	21.6166	1	-1	0.23648	89.4605
0.027998	5.9	21.6132	4	-1	0.2367	89.5438
0.0280635	5.9	21.6053	3	-1	0.23648	89.4064
0.0280635	5.9	21.6052	2	-1	0.23667	89.4783
0.0281289	5.9	21.6075	1	-1	0.23655	89.4329
0.0281292	5.9	21.5988	4	-1	0.23689	89.5614
0.0281945	5.9	21.6	2	-1	0.23662	89.3918
0.0282601	5.9	21.5941	1	-1	0.23686	89.4824
0.0282603	5.9	21.5857	4	-1	0.23684	89.4749
0.0283258	5.9	21.5949	3	-1	0.23699	89.383
0.0283915	5.9	21.5824	4	-1	0.23661	89.2396
0.0285227	5.9	21.573	1	-1	0.2366	89.0914
0.0286542	5.9	21.5799	4	-1	0.23715	89.4433
0.02872	5.9	21.5537	2	-1	0.23778	89.5054
0.0289166	5.9	21.5572	1	-1	0.23659	89.2355
0.0289831	5.9	21.5575	2	-1	0.23697	89.2442
0.0293124	5.9	21.5151	1	-1	0.23596	88.282
0.0297746	5.9	21.5302	2	-1	0.2369	89.3861
0.0303088	5.9	21.2303	3	-1	0.23816	88.6111
0.0303724	5.9	21.4875	1	-1	0.2382	88.626
0.0303727	5.9	21.4776	4	-1	0.2384	88.7004
0.0305057	5.9	21.4674	4	-1	0.23832	88.73
0.030575	5.9	21.2288	3	-1	0.23868	88.6594
0.0306386	5.9	21.4594	1	-1	0.23826	88.5034
0.0307013	5.9	21.4181	2	-1	0.23824	88.5914
0.0307717	5.9	21.4571	1	-1	0.23813	88.5505
0.0308419	5.9	21.1868	3	-1	0.2388	88.7996
0.030905	5.9	21.4556	1	-1	0.23851	88.6918
0.0309688	5.9	21.3697	2	-1	0.23978	88.992
0.0310383	5.9	21.4392	1	-1	0.23834	88.4575
0.0311029	5.9	21.3675	2	-1	0.24006	89.1091
0.0311718	5.9	21.4214	1	-1	0.23872	88.6117
0.031237	5.9	21.3763	2	-1	0.2398	88.8444
0.0313071	5.9	21.3652	4	-1	0.23935	88.6777
0.0313711	5.9	21.3802	2	-1	0.23952	88.5406
0.0313759	5.9	21.2402	3	-1	0.23913	88.3964
0.0314397	5.9	21.4032	1	-1	0.23944	88.511
0.031441	5.9	21.363	4	-1	0.23918	88.4149
0.0315052	5.9	21.3754	2	-1	0.23953	88.4201
0.0315099	5.9	21.2388	3	-1	0.23929	88.3315
0.0315738	5.9	21.3998	1	-1	0.23944	88.3869
0.0315751	5.9	21.3614	4	-1	0.23932	88.3426
0.0316395	5.9	21.3658	2	-1	0.2398	88.4773
0.0317079	5.9	21.3949	1	-1	0.23934	88.3076
0.0317093	5.9	21.352	4	-1	0.23964	88.4183
0.031842	5.9	21.3868	1	-1	0.23931	88.2835
0.0319087	5.9	21.3533	2	-1	0.24031	88.6197
0.0319763	5.9	21.377	1	-1	0.2394	88.2841
0.0320435	5.9	21.3523	2	-1	0.24036	88.563
0.0321107	5.9	21.3665	1	-1	0.23957	88.2719
0.0321783	5.9	21.3517	2	-1	0.24036	88.4652
0.0322453	5.9	21.357	1	-1	0.23975	88.2407
0.0322479	5.9	21.2824	4	-1	0.24013	88.3806
0.0323132	5.9	21.3493	2	-1	0.24038	88.3685
0.03238	5.9	21.3488	1	-1	0.23989	88.1884
0.0323827	5.9	21.2701	4	-1	0.24019	88.2987
0.0324483	5.9	21.3454	2	-1	0.24046	88.3103
0.0325149	5.9	21.3415	1	-1	0.23997	88.1303
0.0325177	5.9	21.2582	4	-1	0.24031	88.2552
0.0325834	5.9	21.3411	2	-1	0.24059	88.2867
0.0326498	5.9	21.3339	1	-1	0.24003	88.0812
0.0327187	5.9	21.3376	2	-1	0.24069	88.2618
0.0327848	5.9	21.3257	1	-1	0.24013	88.0565
0.0328541	5.9	21.3347	2	-1	0.24075	88.2062
0.03292	5.9	21.3161	1	-1	0.24028	88.034
0.0329235	5.9	21.2163	4	-1	0.24064	88.1659
0.0329896	5.9	21.332	2	-1	0.24077	88.1231
0.0330553	5.9	21.3062	1	-1	0.24048	88.017
0.0330589	5.9	21.204	4	-1	0.24067	88.0865
0.0331251	5.9	21.3284	2	-1	0.24077	88.0136
0.0331909	5.9	21.2961	1	-1	0.24071	87.9917
0.0331944	5.9	21.1946	4	-1	0.24068	87.9807
0.0332606	5.9	21.3213	2	-1	0.24061	87.8395
0.0333266	5.9	21.286	1	-1	0.24094	87.96
0.03333	5.9	21.1877	4	-1	0.24072	87.8797
0.0333963	5.9	21.3164	2	-1	0.24078	87.783
0.0333963	5.9	21.3158	3	-1	0.24082	87.7976
0.0334625	5.9	21.2769	1	-1	0.24121	87.9398
0.033532	5.9	21.3091	2	-1	0.24077	87.6515
0.0335321	5.9	21.304	3	-1	0.24108	87.7644
0.0335986	5.9	21.2709	1	-1	0.2414	87.8809
0.0336678	5.9	21.2994	2	-1	0.24087	87.5827
0.0336682	5.9	21.2891	3	-1	0.24123	87.7136
0.0337347	5.9	21.2679	1	-1	0.24146	87.7973
0.0338038	5.9	21.2889	2	-1	0.24108	87.5954
0.0338043	5.9	21.2761	3	-1	0.24126	87.6608
0.0338709	5.9	21.2656	1	-1	0.24144	87.7262
0.0338733	5.9	21.1982	4	-1	0.24107	87.5917
0.03394	5.9	21.2797	2	-1	0.2413	87.6403
0.0339404	5.9	21.2678	3	-1	0.24124	87.6185
0.0340072	5.9	21.2614	1	-1	0.24143	87.6875
0.0340095	5.9	21.196	4	-1	0.24128	87.633
0.0340763	5.9	21.2733	2	-1	0.24145	87.6534
0.0340767	5.9	21.2638	3	-1	0.24128	87.5917
0.0341436	5.9	21.2539	1	-1	0.24156	87.6933
0.0341458	5.9	21.1912	4	-1	0.24138	87.628
0.0342127	5.9	21.2685	2	-1	0.24146	87.5712
0.0342131	5.9	21.2591	3	-1	0.24146	87.5712
0.0342803	5.9	21.2442	1	-1	0.24182	87.7017
0.0343492	5.9	21.2639	2	-1	0.24137	87.4149
0.0343497	5.9	21.2488	3	-1	0.24176	87.5561
0.0344171	5.9	21.2356	1	-1	0.24212	87.6865
0.0344856	5.9	21.2568	2	-1	0.2413	87.2505
0.0345541	5.9	21.2314	1	-1	0.24234	87.6266
0.0346222	5.9	21.246	2	-1	0.24138	87.166
0.0346912	5.9	21.2322	1	-1	0.24235	87.5163
0.034759	5.9	21.2319	2	-1	0.24168	87.2302
0.0348282	5.9	21.235	1	-1	0.24214	87.3962
0.0348976	5.9	21.1737	3	-1	0.24198	87.3606
0.0349652	5.9	21.2344	1	-1	0.24186	87.3172
0.0349656	5.9	21.2212	4	-1	0.24221	87.4436
0.0351021	5.9	21.2271	1	-1	0.24171	87.3072
0.035171	5.9	21.203	2	-1	0.24281	87.7109
0.0352393	5.9	21.2123	1	-1	0.24194	87.3966
0.035378	5.9	21.1582	4	-1	0.24236	87.4315
0.0357897	5.9	21.192	1	-1	0.24212	87.2379
0.0361314	5.9	21.1227	2	-1	0.23775	87.5175
0.0364745	5.9	20.9959	1	-1	0.23744	83.5644
0.036676	5.9	20.3466	4	-1	0.081	27.9571
0.0379825	5.9	26.7132	4	-1	0.0874	73.5876
0.0388104	5.9	19.7235	3	-1	0.02345	9.89577
0.0406679	5.9	19.4093	4	-1	0.22555	214.36
0.0411595	5.9	20.3447	2	-1	0.2536	109.23
0.0418813	5.9	45.3336	1	-1	0.06197	56.895
