0.00123176	5.2	19.1519	3	-1	0.281	84.2124
0.00129564	5.2	19.7852	4	-1	0.26251	78.6712
0.00135787	5.2	20.1535	3	-1	0.25352	96.0885
0.00141935	5.2	20.3719	4	-1	0.24862	94.2314
0.00148023	5.2	20.5018	3	-1	0.24584	98.3163
0.00154095	5.2	20.5791	4	-1	0.24422	97.6685
0.0016014	5.2	20.6246	3	-1	0.24328	98.9869
0.00166186	5.2	20.6513	4	-1	0.24272	98.759
0.00172219	5.2	20.6653	3	-1	0.24242	99.1899
0.0017826	5.2	20.6735	1	-1	0.24225	99.1203
0.0017826	5.2	20.6733	4	-1	0.24225	99.1203
0.0018429	5.2	20.6766	2	-1	0.24217	99.2337
0.00184292	5.2	20.6758	3	-1	0.24217	99.2337
0.00190335	5.2	20.6768	1	-1	0.24215	99.2255
0.00190335	5.2	20.6768	4	-1	0.24214	99.2214
0.00196368	5.2	20.6756	2	-1	0.24215	99.2174
0.0019637	5.2	20.6748	3	-1	0.24215	99.2174
0.00202417	5.2	20.6732	1	-1	0.24218	99.2297
0.00202417	5.2	20.6732	4	-1	0.24218	99.2297
0.00208455	5.2	20.6703	2	-1	0.24221	99.181
0.00208457	5.2	20.6693	3	-1	0.24222	99.1851
0.00214509	5.2	20.6669	4	-1	0.24226	99.2015
0.0021451	5.2	20.6667	1	-1	0.24227	99.2056
0.00220553	5.2	20.6633	2	-1	0.24231	99.1367
0.00220556	5.2	20.6621	3	-1	0.24232	99.1408
0.00226614	5.2	20.6596	4	-1	0.24237	99.1613
0.00226614	5.2	20.6594	1	-1	0.24238	99.1654
0.00232662	5.2	20.6558	2	-1	0.24243	99.0926
0.00232665	5.2	20.6546	3	-1	0.24243	99.0926
0.00238729	5.2	20.6519	4	-1	0.24248	99.113
0.0023873	5.2	20.6517	1	-1	0.24249	99.1171
0.00244784	5.2	20.6481	2	-1	0.24254	99.0444
0.00244787	5.2	20.6467	3	-1	0.24255	99.0485
0.00250857	5.2	20.6442	4	-1	0.2426	99.0689
0.00250857	5.2	20.644	1	-1	0.24261	99.073
0.00256916	5.2	20.6404	2	-1	0.24266	98.9964
0.0025692	5.2	20.6388	3	-1	0.24267	99.0005
0.00262996	5.2	20.6362	4	-1	0.24272	99.0209
0.00262997	5.2	20.636	1	-1	0.24273	99.025
0.00269062	5.2	20.6323	2	-1	0.24278	98.9445
0.00269066	5.2	20.6305	3	-1	0.24279	98.9485
0.00275148	5.2	20.6282	4	-1	0.24284	98.9689
0.00275148	5.2	20.628	1	-1	0.24285	98.973
0.00281219	5.2	20.6244	2	-1	0.2429	98.8966
0.00281224	5.2	20.6224	3	-1	0.24291	98.9007
0.00287311	5.2	20.6204	4	-1	0.24296	98.9211
0.00287312	5.2	20.6202	1	-1	0.24297	98.9251
0.00293388	5.2	20.6166	2	-1	0.24302	98.8489
0.00293394	5.2	20.6144	3	-1	0.24303	98.853
0.00299487	5.2	20.6126	4	-1	0.24308	98.8733
0.00299487	5.2	20.6124	1	-1	0.24309	98.8774
0.00305569	5.2	20.6089	2	-1	0.24313	98.7972
0.00305575	5.2	20.6062	3	-1	0.24315	98.8053
0.00311674	5.2	20.6049	4	-1	0.24319	98.8216
0.00311674	5.2	20.6047	1	-1	0.2432	98.8256
0.00317761	5.2	20.6011	2	-1	0.24325	98.7537
0.00317768	5.2	20.5981	3	-1	0.24327	98.7618
0.00323873	5.2	20.5972	4	-1	0.24331	98.778
0.00323873	5.2	20.597	1	-1	0.24332	98.7821
0.00329965	5.2	20.5932	2	-1	0.24337	98.7022
0.00329974	5.2	20.5898	3	-1	0.24339	98.7103
0.00336084	5.2	20.5891	4	-1	0.24343	98.7265
0.00336084	5.2	20.5889	1	-1	0.24344	98.7306
0.00342182	5.2	20.5853	2	-1	0.24349	98.6548
0.00342191	5.2	20.5815	3	-1	0.24351	98.6629
0.00348307	5.2	20.5813	4	-1	0.24355	98.6791
0.00348307	5.2	20.5811	1	-1	0.24356	98.6832
0.0035441	5.2	20.5775	2	-1	0.24361	98.6076
0.00354421	5.2	20.5733	3	-1	0.24363	98.6157
0.00360542	5.2	20.5736	4	-1	0.24367	98.6319
0.00360542	5.2	20.5734	1	-1	0.24368	98.6359
0.00366651	5.2	20.5698	2	-1	0.24373	98.5604
0.00366661	5.2	20.5655	3	-1	0.24374	98.5644
0.00372788	5.2	20.5659	4	-1	0.24378	98.5806
0.00372789	5.2	20.5657	1	-1	0.24379	98.5847
0.00378902	5.2	20.5622	2	-1	0.24384	98.5133
0.00378914	5.2	20.5574	3	-1	0.24386	98.5213
0.00385046	5.2	20.5581	4	-1	0.2439	98.5375
0.00385047	5.2	20.5579	1	-1	0.24391	98.5415
0.00391166	5.2	20.5542	2	-1	0.24396	98.4623
0.00391179	5.2	20.549	3	-1	0.24398	98.4704
0.00397317	5.2	20.5502	4	-1	0.24402	98.4865
0.00397317	5.2	20.55	1	-1	0.24403	98.4905
0.00403442	5.2	20.5464	2	-1	0.24408	98.4154
0.00403456	5.2	20.5409	3	-1	0.2441	98.4235
0.00409599	5.2	20.5425	4	-1	0.24414	98.4396
0.004096	5.2	20.5423	1	-1	0.24415	98.4436
0.0041573	5.2	20.5388	2	-1	0.2442	98.3686
0.00415745	5.2	20.5328	3	-1	0.24422	98.3766
0.00421894	5.2	20.5349	4	-1	0.24426	98.3927
0.00421894	5.2	20.5347	1	-1	0.24427	98.3968
0.0042803	5.2	20.5309	2	-1	0.24432	98.3179
0.00428046	5.2	20.5246	3	-1	0.24434	98.326
0.004342	5.2	20.5269	4	-1	0.24438	98.3421
0.00434201	5.2	20.5268	1	-1	0.24439	98.3461
0.00440342	5.2	20.5231	2	-1	0.24444	98.2713
0.00440359	5.2	20.5164	3	-1	0.24446	98.2793
0.00446519	5.2	20.5193	4	-1	0.2445	98.2954
0.00446519	5.2	20.5191	1	-1	0.24451	98.2994
0.00452666	5.2	20.5155	2	-1	0.24456	98.2248
0.00452684	5.2	20.5084	3	-1	0.24458	98.2328
0.00458849	5.2	20.5117	4	-1	0.24461	98.2448
0.00458849	5.2	20.5115	1	-1	0.24462	98.2489
0.00465002	5.2	20.5077	2	-1	0.24467	98.1743
0.00465021	5.2	20.5	3	-1	0.2447	98.1863
0.00471191	5.2	20.5037	4	-1	0.24473	98.1984
0.00471192	5.2	20.5035	1	-1	0.24474	98.2024
0.0047735	5.2	20.4999	2	-1	0.2448	98.132
0.0047737	5.2	20.4918	3	-1	0.24482	98.14
0.00483545	5.2	20.4961	4	-1	0.24485	98.152
0.00483546	5.2	20.4959	1	-1	0.24486	98.156
0.0048971	5.2	20.4923	2	-1	0.24491	98.0817
0.00489731	5.2	20.4839	3	-1	0.24493	98.0897
0.00495911	5.2	20.4885	4	-1	0.24497	98.1057
0.00495912	5.2	20.4883	1	-1	0.24498	98.1097
0.00502081	5.2	20.4845	2	-1	0.24503	98.0316
0.00502103	5.2	20.4757	3	-1	0.24505	98.0396
0.0050829	5.2	20.4806	4	-1	0.24509	98.0556
0.0050829	5.2	20.4805	1	-1	0.2451	98.0596
0.00514465	5.2	20.4768	2	-1	0.24515	97.9855
0.00514488	5.2	20.4676	3	-1	0.24517	97.9935
0.0052068	5.2	20.473	4	-1	0.24521	98.0095
0.00520681	5.2	20.4729	1	-1	0.24522	98.0135
0.00526861	5.2	20.4692	2	-1	0.24527	97.9395
0.00526885	5.2	20.4597	3	-1	0.24529	97.9475
0.00533082	5.2	20.4653	4	-1	0.24533	97.9635
0.00533083	5.2	20.4651	1	-1	0.24534	97.9675
0.00539269	5.2	20.4613	2	-1	0.24539	97.8897
0.00539294	5.2	20.4514	3	-1	0.24541	97.8977
0.00545497	5.2	20.4576	4	-1	0.24545	97.9137
0.00545498	5.2	20.4574	1	-1	0.24546	97.9177
0.00551689	5.2	20.4538	2	-1	0.24551	97.8439
0.00551715	5.2	20.4435	3	-1	0.24553	97.8519
0.00557923	5.2	20.4501	4	-1	0.24556	97.8639
0.00557924	5.2	20.4499	1	-1	0.24557	97.8678
0.00564121	5.2	20.446	2	-1	0.24563	97.7982
0.00564148	5.2	20.4354	3	-1	0.24565	97.8062
0.00570361	5.2	20.4423	4	-1	0.24568	97.8181
0.00570362	5.2	20.4421	1	-1	0.24569	97.8221
0.00576565	5.2	20.4384	2	-1	0.24575	97.7526
0.00576593	5.2	20.4273	3	-1	0.24577	97.7605
0.00582812	5.2	20.4348	4	-1	0.2458	97.7725
0.00582812	5.2	20.4346	1	-1	0.24581	97.7765
0.00589021	5.2	20.4306	2	-1	0.24587	97.7032
0.00589051	5.2	20.4192	3	-1	0.24589	97.7111
0.00595274	5.2	20.427	4	-1	0.24592	97.723
0.00595275	5.2	20.4268	1	-1	0.24593	97.727
0.0060149	5.2	20.423	2	-1	0.24599	97.6577
0.0060152	5.2	20.4112	3	-1	0.24601	97.6656
0.00607749	5.2	20.4195	4	-1	0.24604	97.6776
0.00607749	5.2	20.4193	1	-1	0.24605	97.6815
0.0061397	5.2	20.4152	2	-1	0.24611	97.6085
0.00614001	5.2	20.4033	3	-1	0.24612	97.6124
0.00620236	5.2	20.4117	4	-1	0.24616	97.6283
0.00620236	5.2	20.4115	1	-1	0.24617	97.6323
0.00626463	5.2	20.4076	2	-1	0.24622	97.5592
0.00626494	5.2	20.3953	3	-1	0.24624	97.5672
0.00632734	5.2	20.4042	4	-1	0.24628	97.583
0.00632735	5.2	20.404	1	-1	0.24629	97.587
0.00638967	5.2	20.3999	2	-1	0.24634	97.5102
0.00639	5.2	20.3873	3	-1	0.24636	97.5181
0.00645245	5.2	20.3964	4	-1	0.2464	97.5339
0.00645246	5.2	20.3962	1	-1	0.24641	97.5379
0.00651483	5.2	20.3924	2	-1	0.24646	97.4651
0.00651517	5.2	20.3793	3	-1	0.24648	97.473
0.00657768	5.2	20.389	4	-1	0.24652	97.4888
0.00657769	5.2	20.3888	1	-1	0.24653	97.4928
0.00664012	5.2	20.3847	2	-1	0.24658	97.4162
0.00664047	5.2	20.3713	3	-1	0.2466	97.4241
0.00670304	5.2	20.3812	4	-1	0.24664	97.4399
0.00670304	5.2	20.381	1	-1	0.24665	97.4439
0.00676553	5.2	20.3772	2	-1	0.2467	97.3713
0.00676588	5.2	20.3634	3	-1	0.24672	97.3792
0.00682851	5.2	20.3738	4	-1	0.24675	97.3911
0.00682851	5.2	20.3736	1	-1	0.24676	97.395
0.00689105	5.2	20.3695	2	-1	0.24682	97.3265
0.00689142	5.2	20.3554	3	-1	0.24684	97.3344
0.0069541	5.2	20.3661	4	-1	0.24687	97.3462
0.0069541	5.2	20.3659	1	-1	0.24688	97.3502
0.00701671	5.2	20.362	2	-1	0.24694	97.2818
0.00701708	5.2	20.3475	3	-1	0.24696	97.2896
0.00707981	5.2	20.3585	4	-1	0.24699	97.3014
0.00707981	5.2	20.3583	1	-1	0.247	97.3054
0.00714248	5.2	20.3542	2	-1	0.24706	97.2333
0.00714286	5.2	20.3396	3	-1	0.24707	97.2372
0.00720564	5.2	20.351	4	-1	0.24711	97.2529
0.00720565	5.2	20.3508	1	-1	0.24712	97.2569
0.00726837	5.2	20.3468	2	-1	0.24718	97.1887
0.00726876	5.2	20.332	3	-1	0.24719	97.1926
0.00733159	5.2	20.3434	4	-1	0.24723	97.2084
0.0073316	5.2	20.3433	1	-1	0.24724	97.2123
0.00739439	5.2	20.3391	2	-1	0.2473	97.1404
0.00739478	5.2	20.3242	3	-1	0.24731	97.1443
0.00745767	5.2	20.336	4	-1	0.24735	97.16
0.00745768	5.2	20.3358	1	-1	0.24736	97.164
0.00752053	5.2	20.3315	2	-1	0.24742	97.0922
0.00752092	5.2	20.3164	3	-1	0.24743	97.0961
0.00758387	5.2	20.3283	4	-1	0.24747	97.1118
0.00758388	5.2	20.3281	1	-1	0.24748	97.1157
0.00764678	5.2	20.324	2	-1	0.24753	97.0439
0.00764719	5.2	20.3086	3	-1	0.24755	97.0518
0.00771019	5.2	20.3208	4	-1	0.24759	97.0675
0.0077102	5.2	20.3206	1	-1	0.2476	97.0714
0.00777316	5.2	20.3164	2	-1	0.24766	96.9998
0.00777357	5.2	20.3009	3	-1	0.24766	96.9998
0.00783663	5.2	20.3133	4	-1	0.24771	97.0194
0.00783664	5.2	20.3131	1	-1	0.24772	97.0233
0.00789966	5.2	20.3088	2	-1	0.24777	96.948
0.00790007	5.2	20.2932	3	-1	0.24778	96.9519
0.0079632	5.2	20.3057	4	-1	0.24783	96.9715
0.0079632	5.2	20.3055	1	-1	0.24784	96.9754
0.00802628	5.2	20.3014	2	-1	0.24789	96.904
0.0080267	5.2	20.2856	3	-1	0.2479	96.9079
0.00808988	5.2	20.2981	4	-1	0.24794	96.9235
0.00808988	5.2	20.2979	1	-1	0.24795	96.9274
0.00815303	5.2	20.2937	2	-1	0.24801	96.86
0.00815345	5.2	20.2778	3	-1	0.24802	96.8639
0.00821669	5.2	20.2907	4	-1	0.24807	96.8834
0.00821669	5.2	20.2905	1	-1	0.24808	96.8873
0.00827989	5.2	20.2862	2	-1	0.24813	96.8086
0.00828032	5.2	20.2701	3	-1	0.24814	96.8125
0.00834362	5.2	20.2831	4	-1	0.24818	96.8281
0.00834362	5.2	20.2829	1	-1	0.24819	96.832
0.00840688	5.2	20.2788	2	-1	0.24825	96.7685
0.00840731	5.2	20.2626	3	-1	0.24826	96.7724
0.00847066	5.2	20.2756	4	-1	0.2483	96.788
0.00847067	5.2	20.2755	1	-1	0.24831	96.7919
0.00853399	5.2	20.2712	2	-1	0.24837	96.7211
0.00853442	5.2	20.2548	3	-1	0.24838	96.725
0.00859783	5.2	20.2683	4	-1	0.24842	96.7405
0.00859784	5.2	20.2681	1	-1	0.24843	96.7444
0.00866122	5.2	20.2637	2	-1	0.24849	96.6737
0.00866165	5.2	20.2473	3	-1	0.24849	96.6737
0.00872513	5.2	20.2607	4	-1	0.24854	96.6931
0.00872513	5.2	20.2606	1	-1	0.24855	96.697
0.00878857	5.2	20.2564	2	-1	0.2486	96.6262
0.00878901	5.2	20.2396	3	-1	0.24862	96.634
0.00885254	5.2	20.2533	4	-1	0.24866	96.6496
0.00885255	5.2	20.2531	1	-1	0.24867	96.6535
0.00891604	5.2	20.2488	2	-1	0.24872	96.579
0.00891649	5.2	20.2319	3	-1	0.24873	96.5829
0.00898008	5.2	20.2458	4	-1	0.24878	96.6023
0.00898008	5.2	20.2456	1	-1	0.24879	96.6062
0.00904364	5.2	20.2412	2	-1	0.24885	96.5358
0.00904409	5.2	20.2244	3	-1	0.24885	96.5358
0.00910774	5.2	20.2384	4	-1	0.2489	96.5552
0.00910774	5.2	20.2382	1	-1	0.24891	96.5591
0.00917136	5.2	20.2338	2	-1	0.24896	96.4849
0.00917181	5.2	20.2168	3	-1	0.24897	96.4888
0.00923552	5.2	20.2309	4	-1	0.24901	96.5043
0.00923552	5.2	20.2307	1	-1	0.24902	96.5082
0.00929919	5.2	20.2262	2	-1	0.24908	96.4417
0.00929966	5.2	20.2091	3	-1	0.24909	96.4456
0.00936342	5.2	20.2233	4	-1	0.24913	96.4611
0.00936343	5.2	20.2232	1	-1	0.24914	96.4649
0.00942716	5.2	20.2189	2	-1	0.2492	96.3986
0.00942762	5.2	20.2016	3	-1	0.24921	96.4025
0.00949144	5.2	20.216	4	-1	0.24925	96.4179
0.00949145	5.2	20.2158	1	-1	0.24926	96.4218
0.00955524	5.2	20.2114	2	-1	0.24932	96.3518
0.00955571	5.2	20.1939	3	-1	0.24933	96.3557
0.00961959	5.2	20.2086	4	-1	0.24937	96.3712
0.00961959	5.2	20.2084	1	-1	0.24938	96.375
0.00968345	5.2	20.2039	2	-1	0.24944	96.3052
0.00968392	5.2	20.1863	3	-1	0.24944	96.3052
0.00974786	5.2	20.2013	4	-1	0.24949	96.3245
0.00974786	5.2	20.2011	1	-1	0.2495	96.3283
0.00981178	5.2	20.1965	2	-1	0.24956	96.2586
0.00981225	5.2	20.1789	3	-1	0.24956	96.2586
0.00987625	5.2	20.1938	4	-1	0.24961	96.2779
0.00987626	5.2	20.1936	1	-1	0.24962	96.2817
0.00994023	5.2	20.1891	2	-1	0.24968	96.2121
0.0099407	5.2	20.1715	3	-1	0.24968	96.2121
0.0100048	5.2	20.1863	4	-1	0.24973	96.2314
0.0100048	5.2	20.1861	1	-1	0.24974	96.2352
0.0100688	5.2	20.1818	2	-1	0.24979	96.1655
0.0100693	5.2	20.1641	3	-1	0.2498	96.1694
0.0101334	5.2	20.179	4	-1	0.24984	96.1848
0.0101334	5.2	20.1788	1	-1	0.24985	96.1886
0.0101975	5.2	20.1743	2	-1	0.24991	96.1229
0.010198	5.2	20.1564	3	-1	0.24992	96.1268
0.0102622	5.2	20.1716	4	-1	0.24997	96.146
0.0102622	5.2	20.1714	1	-1	0.24998	96.1499
0.0103263	5.2	20.1669	2	-1	0.25003	96.073
0.0103268	5.2	20.1488	3	-1	0.25004	96.0768
0.010391	5.2	20.1642	4	-1	0.25008	96.0922
0.010391	5.2	20.164	1	-1	0.25009	96.0961
0.0104553	5.2	20.1594	2	-1	0.25015	96.0306
0.0104558	5.2	20.1412	3	-1	0.25016	96.0344
0.01052	5.2	20.1568	4	-1	0.25021	96.0536
0.01052	5.2	20.1566	1	-1	0.25022	96.0574
0.0105843	5.2	20.152	2	-1	0.25028	95.9847
0.0105848	5.2	20.1338	3	-1	0.25028	95.9847
0.0106492	5.2	20.1495	4	-1	0.25033	96.0038
0.0106492	5.2	20.1493	1	-1	0.25034	96.0077
0.0107135	5.2	20.1446	2	-1	0.25039	95.9349
0.010714	5.2	20.1263	3	-1	0.25039	95.9349
0.0107784	5.2	20.1422	4	-1	0.25044	95.954
0.0107784	5.2	20.142	1	-1	0.25045	95.9579
0.0108428	5.2	20.1373	2	-1	0.25051	95.8927
0.0108433	5.2	20.119	3	-1	0.25051	95.8927
0.0109078	5.2	20.1348	4	-1	0.25056	95.9118
0.0109078	5.2	20.1346	1	-1	0.25057	95.9156
0.0109723	5.2	20.13	2	-1	0.25063	95.8469
0.0109728	5.2	20.1117	3	-1	0.25063	95.8469
0.0110373	5.2	20.1274	4	-1	0.25068	95.866
0.0110373	5.2	20.1273	1	-1	0.25069	95.8698
0.0111018	5.2	20.1226	2	-1	0.25074	95.7974
0.0111023	5.2	20.1042	3	-1	0.25075	95.8012
0.0111669	5.2	20.12	4	-1	0.25079	95.8165
0.0111669	5.2	20.1198	1	-1	0.2508	95.8203
0.0112315	5.2	20.1152	2	-1	0.25086	95.7554
0.011232	5.2	20.0966	3	-1	0.25087	95.7592
0.0112966	5.2	20.1127	4	-1	0.25091	95.7745
0.0112967	5.2	20.1125	1	-1	0.25092	95.7783
0.0113613	5.2	20.1078	2	-1	0.25098	95.7099
0.0113618	5.2	20.0891	3	-1	0.25099	95.7137
0.0114265	5.2	20.1053	4	-1	0.25103	95.7289
0.0114265	5.2	20.1052	1	-1	0.25104	95.7328
0.0114912	5.2	20.1004	2	-1	0.2511	95.6644
0.0114917	5.2	20.0816	3	-1	0.25111	95.6682
0.0115565	5.2	20.098	4	-1	0.25115	95.6835
0.0115565	5.2	20.0978	1	-1	0.25116	95.6873
0.0116212	5.2	20.0931	2	-1	0.25122	95.6191
0.0116218	5.2	20.0741	3	-1	0.25123	95.6229
0.0116866	5.2	20.0907	4	-1	0.25127	95.6381
0.0116866	5.2	20.0905	1	-1	0.25128	95.6419
0.0117514	5.2	20.0858	2	-1	0.25134	95.5738
0.0117519	5.2	20.0666	3	-1	0.25135	95.5776
0.0118168	5.2	20.0834	4	-1	0.25139	95.5928
0.0118168	5.2	20.0832	1	-1	0.2514	95.5966
0.0118817	5.2	20.0785	2	-1	0.25146	95.5286
0.0118822	5.2	20.0592	3	-1	0.25147	95.5324
0.0119472	5.2	20.0761	4	-1	0.2515	95.5438
0.0119472	5.2	20.0759	1	-1	0.25151	95.5476
0.0120121	5.2	20.0711	2	-1	0.25158	95.4872
0.0120127	5.2	20.0517	3	-1	0.25159	95.4909
0.0120777	5.2	20.0689	4	-1	0.25163	95.5061
0.0120777	5.2	20.0687	1	-1	0.25164	95.5099
0.0121427	5.2	20.0639	2	-1	0.2517	95.4385
0.0121432	5.2	20.0444	3	-1	0.2517	95.4385
0.0122083	5.2	20.0616	4	-1	0.25174	95.4537
0.0122083	5.2	20.0614	1	-1	0.25175	95.4575
0.0122733	5.2	20.0566	2	-1	0.25182	95.3972
0.0122739	5.2	20.0372	3	-1	0.25182	95.3972
0.012339	5.2	20.0544	4	-1	0.25186	95.4124
0.012339	5.2	20.0542	1	-1	0.25187	95.4161
0.0124041	5.2	20.0493	2	-1	0.25194	95.3524
0.0124047	5.2	20.03	3	-1	0.25194	95.3524
0.0124699	5.2	20.047	4	-1	0.25198	95.3675
0.0124699	5.2	20.0468	1	-1	0.25199	95.3713
0.012535	5.2	20.0419	2	-1	0.25206	95.3076
0.0125356	5.2	20.0225	3	-1	0.25206	95.3076
0.0126008	5.2	20.0398	4	-1	0.25211	95.3265
0.0126008	5.2	20.0396	1	-1	0.25212	95.3303
0.0126661	5.2	20.0346	2	-1	0.25218	95.2593
0.0126666	5.2	20.0155	3	-1	0.25217	95.2555
0.0127319	5.2	20.0325	4	-1	0.25223	95.2782
0.0127319	5.2	20.0324	1	-1	0.25224	95.282
0.0127973	5.2	20.0274	2	-1	0.2523	95.2147
0.0127978	5.2	20.0085	3	-1	0.25229	95.211
0.0128632	5.2	20.0253	4	-1	0.25234	95.2298
0.0128632	5.2	20.0251	1	-1	0.25235	95.2336
0.0129285	5.2	20.0202	2	-1	0.25242	95.1738
0.0129291	5.2	20.0015	3	-1	0.25241	95.17
0.0129945	5.2	20.0182	4	-1	0.25246	95.1889
0.0129945	5.2	20.018	1	-1	0.25247	95.1927
0.01306	5.2	20.0128	2	-1	0.25254	95.1258
0.0130605	5.2	19.9945	3	-1	0.25252	95.1183
0.013126	5.2	20.0109	1	-1	0.25259	95.1446
0.013126	5.2	20.0109	4	-1	0.25259	95.1446
0.0131915	5.2	20.0057	2	-1	0.25266	95.0815
0.013192	5.2	19.9878	3	-1	0.25264	95.0739
0.0132576	5.2	20.0037	4	-1	0.2527	95.0965
0.0132576	5.2	20.0035	1	-1	0.25271	95.1003
0.0133231	5.2	19.9985	2	-1	0.25277	95.0335
0.0133236	5.2	19.9806	3	-1	0.25277	95.0335
0.0133893	5.2	19.9964	4	-1	0.25282	95.0523
0.0133893	5.2	19.9962	1	-1	0.25283	95.056
0.0134549	5.2	19.9913	2	-1	0.25289	94.9893
0.0134554	5.2	19.9732	3	-1	0.25289	94.9893
0.0135211	5.2	19.9891	4	-1	0.25294	95.0081
0.0135211	5.2	19.9889	1	-1	0.25295	95.0118
0.0135868	5.2	19.984	2	-1	0.25301	94.9452
0.0135873	5.2	19.9662	3	-1	0.253	94.9415
0.0136531	5.2	19.982	4	-1	0.25306	94.964
0.0136531	5.2	19.9818	1	-1	0.25307	94.9677
0.0137189	5.2	19.9769	2	-1	0.25313	94.9012
0.0137194	5.2	19.9593	3	-1	0.25312	94.8975
0.0137852	5.2	19.9749	4	-1	0.25318	94.92
0.0137852	5.2	19.9747	1	-1	0.25319	94.9237
0.013851	5.2	19.9696	2	-1	0.25325	94.8537
0.0138515	5.2	19.9522	3	-1	0.25324	94.85
0.0139174	5.2	19.9676	4	-1	0.25329	94.8687
0.0139174	5.2	19.9674	1	-1	0.2533	94.8725
0.0139833	5.2	19.9625	2	-1	0.25336	94.8097
0.0139838	5.2	19.9451	3	-1	0.25336	94.8097
0.0140497	5.2	19.9602	4	-1	0.25341	94.8284
0.0140497	5.2	19.96	1	-1	0.25342	94.8322
0.0141157	5.2	19.9552	2	-1	0.25349	94.7697
0.0141162	5.2	19.938	3	-1	0.25348	94.766
0.0141822	5.2	19.9531	4	-1	0.25353	94.7847
0.0141822	5.2	19.953	1	-1	0.25354	94.7884
0.0142482	5.2	19.9481	2	-1	0.25361	94.726
0.0142487	5.2	19.9311	3	-1	0.2536	94.7223
0.0143148	5.2	19.9462	1	-1	0.25366	94.7447
0.0143148	5.2	19.9462	4	-1	0.25366	94.7447
0.0143809	5.2	19.9409	2	-1	0.25373	94.6789
0.0143814	5.2	19.9243	3	-1	0.25371	94.6714
0.0144475	5.2	19.939	4	-1	0.25377	94.6938
0.0144475	5.2	19.9388	1	-1	0.25378	94.6976
0.0145137	5.2	19.9338	2	-1	0.25385	94.6354
0.0145141	5.2	19.9176	3	-1	0.25383	94.6279
0.0145803	5.2	19.9317	4	-1	0.25389	94.6503
0.0145803	5.2	19.9315	1	-1	0.2539	94.654
0.0146466	5.2	19.9266	2	-1	0.25396	94.5883
0.014647	5.2	19.9106	3	-1	0.25395	94.5845
0.0147133	5.2	19.9246	4	-1	0.25401	94.6069
0.0147133	5.2	19.9244	1	-1	0.25402	94.6106
0.0147796	5.2	19.9194	2	-1	0.25409	94.5451
0.01478	5.2	19.9037	3	-1	0.25407	94.5377
0.0148464	5.2	19.9174	4	-1	0.25413	94.56
0.0148464	5.2	19.9172	1	-1	0.25414	94.5637
0.0149127	5.2	19.9124	2	-1	0.2542	94.4981
0.0149132	5.2	19.8969	3	-1	0.25419	94.4944
0.0149796	5.2	19.9101	4	-1	0.25424	94.513
0.0149796	5.2	19.9099	1	-1	0.25425	94.5167
0.015046	5.2	19.9052	2	-1	0.25432	94.4585
0.0150465	5.2	19.8899	3	-1	0.25431	94.4548
0.0151129	5.2	19.9031	4	-1	0.25437	94.477
0.0151129	5.2	19.903	1	-1	0.25438	94.4808
0.0151794	5.2	19.8979	2	-1	0.25444	94.4084
0.0151799	5.2	19.8828	3	-1	0.25443	94.4047
0.0152464	5.2	19.896	4	-1	0.25449	94.4269
0.0152464	5.2	19.8958	1	-1	0.2545	94.4306
0.015313	5.2	19.8911	2	-1	0.25456	94.3654
0.0153134	5.2	19.8762	3	-1	0.25455	94.3617
0.01538	5.2	19.8887	4	-1	0.2546	94.3802
0.01538	5.2	19.8885	1	-1	0.25461	94.3839
0.0154466	5.2	19.8839	2	-1	0.25467	94.3222
0.015447	5.2	19.869	3	-1	0.25467	94.3222
0.0155137	5.2	19.8818	4	-1	0.25472	94.3407
0.0155137	5.2	19.8816	1	-1	0.25473	94.3444
0.0155804	5.2	19.8767	2	-1	0.2548	94.2796
0.0155808	5.2	19.862	3	-1	0.25479	94.2759
0.0156475	5.2	19.8747	4	-1	0.25484	94.2944
0.0156475	5.2	19.8746	1	-1	0.25485	94.2981
0.0157143	5.2	19.8697	2	-1	0.25491	94.2331
0.0157147	5.2	19.8552	3	-1	0.2549	94.2294
0.0157815	5.2	19.8675	4	-1	0.25496	94.2516
0.0157815	5.2	19.8673	1	-1	0.25497	94.2553
0.0158483	5.2	19.8627	2	-1	0.25503	94.1904
0.0158487	5.2	19.8482	3	-1	0.25503	94.1904
0.0159156	5.2	19.8605	4	-1	0.25507	94.2052
0.0159156	5.2	19.8604	1	-1	0.25508	94.2089
0.0159825	5.2	19.8554	2	-1	0.25515	94.1478
0.0159829	5.2	19.8412	3	-1	0.25514	94.1441
0.0160498	5.2	19.8534	4	-1	0.2552	94.1663
0.0160498	5.2	19.8532	1	-1	0.25521	94.17
0.0161167	5.2	19.8484	2	-1	0.25528	94.1055
0.0161171	5.2	19.8345	3	-1	0.25526	94.0981
0.0161841	5.2	19.8464	4	-1	0.25532	94.1202
0.0161841	5.2	19.8463	1	-1	0.25533	94.1239
0.0162511	5.2	19.8413	2	-1	0.25539	94.0559
0.0162515	5.2	19.8276	3	-1	0.25538	94.0522
0.0163186	5.2	19.8394	4	-1	0.25544	94.0743
0.0163186	5.2	19.8392	1	-1	0.25545	94.078
0.0163857	5.2	19.8345	2	-1	0.25551	94.0135
0.0163861	5.2	19.821	3	-1	0.2555	94.0099
0.0164532	5.2	19.8322	4	-1	0.25555	94.0283
0.0164532	5.2	19.832	1	-1	0.25556	94.0319
0.0165203	5.2	19.8272	2	-1	0.25562	93.9676
0.0165207	5.2	19.8137	3	-1	0.25562	93.9676
0.0165879	5.2	19.8251	4	-1	0.25567	93.986
0.0165879	5.2	19.825	1	-1	0.25568	93.9896
0.0166551	5.2	19.8203	2	-1	0.25574	93.9254
0.0166555	5.2	19.8068	3	-1	0.25574	93.9254
0.0167227	5.2	19.818	4	-1	0.25579	93.9437
0.0167227	5.2	19.8179	1	-1	0.2558	93.9474
0.01679	5.2	19.8131	2	-1	0.25586	93.8798
0.0167904	5.2	19.7996	3	-1	0.25586	93.8798
0.0168577	5.2	19.811	4	-1	0.25591	93.8981
0.0168577	5.2	19.8108	1	-1	0.25592	93.9018
0.016925	5.2	19.8062	2	-1	0.25598	93.8378
0.0169254	5.2	19.7928	3	-1	0.25598	93.8378
0.0169928	5.2	19.8039	4	-1	0.25602	93.8524
0.0169928	5.2	19.8037	1	-1	0.25603	93.8561
0.0170602	5.2	19.799	2	-1	0.2561	93.7958
0.0170606	5.2	19.7855	3	-1	0.2561	93.7958
0.017128	5.2	19.797	4	-1	0.25614	93.8104
0.017128	5.2	19.7968	1	-1	0.25615	93.8141
0.0171955	5.2	19.792	2	-1	0.25622	93.7539
0.0171958	5.2	19.7788	3	-1	0.25621	93.7502
0.0172633	5.2	19.79	4	-1	0.25627	93.7722
0.0172633	5.2	19.7898	1	-1	0.25628	93.7758
0.0173309	5.2	19.7849	2	-1	0.25634	93.7052
0.0173312	5.2	19.7719	3	-1	0.25633	93.7016
0.0173988	5.2	19.7829	4	-1	0.25638	93.7198
0.0173988	5.2	19.7828	1	-1	0.25639	93.7235
0.0174664	5.2	19.7781	2	-1	0.25645	93.6633
0.0174668	5.2	19.7651	3	-1	0.25645	93.6633
0.0175344	5.2	19.7759	4	-1	0.2565	93.6815
0.0175344	5.2	19.7757	1	-1	0.25651	93.6852
0.017602	5.2	19.771	2	-1	0.25657	93.6182
0.0176024	5.2	19.758	3	-1	0.25657	93.6182
0.0176701	5.2	19.7687	4	-1	0.25662	93.6364
0.0176701	5.2	19.7686	1	-1	0.25663	93.6401
0.0177378	5.2	19.764	2	-1	0.2567	93.5803
0.0177382	5.2	19.7512	3	-1	0.25669	93.5766
0.017806	5.2	19.762	4	-1	0.25674	93.5948
0.017806	5.2	19.7618	1	-1	0.25675	93.5985
0.0178737	5.2	19.757	2	-1	0.25682	93.5353
0.0178741	5.2	19.7445	3	-1	0.2568	93.5281
0.0179419	5.2	19.7549	4	-1	0.25686	93.5499
0.0179419	5.2	19.7548	1	-1	0.25687	93.5536
0.0180098	5.2	19.7499	2	-1	0.25694	93.4905
0.0180101	5.2	19.7378	3	-1	0.25692	93.4832
0.018078	5.2	19.7479	4	-1	0.25698	93.5051
0.018078	5.2	19.7478	1	-1	0.25699	93.5087
0.0181459	5.2	19.7431	2	-1	0.25705	93.4455
0.0181463	5.2	19.7312	3	-1	0.25704	93.4419
0.0182143	5.2	19.7409	4	-1	0.25709	93.4601
0.0182143	5.2	19.7407	1	-1	0.2571	93.4637
0.0182822	5.2	19.7361	2	-1	0.25717	93.4043
0.0182826	5.2	19.7242	3	-1	0.25717	93.4043
0.0183506	5.2	19.7339	4	-1	0.25722	93.4224
0.0183506	5.2	19.7337	1	-1	0.25723	93.4261
0.0184187	5.2	19.7291	2	-1	0.2573	93.3633
0.018419	5.2	19.7176	3	-1	0.25728	93.3561
0.0184871	5.2	19.7273	1	-1	0.25734	93.3778
0.0184871	5.2	19.7273	4	-1	0.25734	93.3778
0.0185552	5.2	19.7223	2	-1	0.25742	93.3222
0.0185555	5.2	19.7113	3	-1	0.25739	93.3113
0.0186237	5.2	19.7203	1	-1	0.25746	93.3367
0.0186237	5.2	19.7203	4	-1	0.25746	93.3367
0.0186919	5.2	19.7153	2	-1	0.25754	93.2778
0.0186922	5.2	19.7048	3	-1	0.25751	93.2669
0.0187604	5.2	19.7133	1	-1	0.25758	93.2923
0.0187604	5.2	19.7133	4	-1	0.25758	93.2923
0.0188287	5.2	19.7085	2	-1	0.25766	93.2368
0.018829	5.2	19.6984	3	-1	0.25763	93.226
0.0188973	5.2	19.7066	1	-1	0.25769	93.2477
0.0188973	5.2	19.7064	4	-1	0.2577	93.2513
0.0189656	5.2	19.7015	2	-1	0.25778	93.196
0.0189659	5.2	19.6922	3	-1	0.25774	93.1815
0.0190342	5.2	19.6996	1	-1	0.2578	93.2032
0.0190343	5.2	19.6989	4	-1	0.25783	93.214
0.0191027	5.2	19.6946	2	-1	0.2579	93.1551
0.0191029	5.2	19.686	3	-1	0.25785	93.1371
0.0191713	5.2	19.6925	1	-1	0.25793	93.166
0.0191714	5.2	19.6915	4	-1	0.25795	93.1732
0.0192398	5.2	19.6877	2	-1	0.25802	93.1077
0.0192401	5.2	19.6798	3	-1	0.25798	93.0932
0.0193086	5.2	19.6855	1	-1	0.25805	93.1185
0.0193086	5.2	19.6844	4	-1	0.25806	93.1221
0.0193771	5.2	19.6811	2	-1	0.25813	93.0634
0.0193774	5.2	19.6738	3	-1	0.2581	93.0526
0.0194459	5.2	19.6786	1	-1	0.25817	93.0778
0.019446	5.2	19.6775	4	-1	0.25817	93.0778
0.0195146	5.2	19.6742	2	-1	0.25825	93.0195
0.0195148	5.2	19.6673	3	-1	0.25822	93.0087
0.0195834	5.2	19.6717	1	-1	0.25829	93.0339
0.0195835	5.2	19.6704	4	-1	0.2583	93.0375
0.0196521	5.2	19.6672	2	-1	0.25838	92.9792
0.0196523	5.2	19.6611	3	-1	0.25834	92.9648
0.019721	5.2	19.6647	1	-1	0.2584	92.9864
0.0197211	5.2	19.6631	4	-1	0.25842	92.9936
0.0197898	5.2	19.6603	2	-1	0.2585	92.9388
0.01979	5.2	19.6549	3	-1	0.25845	92.9208
0.0198588	5.2	19.6579	1	-1	0.25852	92.946
0.0198588	5.2	19.6559	4	-1	0.25854	92.9532
0.0199277	5.2	19.6537	2	-1	0.25861	92.8949
0.0199278	5.2	19.649	3	-1	0.25857	92.8805
0.0199966	5.2	19.651	1	-1	0.25864	92.9056
0.0199967	5.2	19.6487	4	-1	0.25866	92.9128
0.0200656	5.2	19.6469	2	-1	0.25873	92.8512
0.0200657	5.2	19.6429	3	-1	0.25869	92.8369
0.0201346	5.2	19.644	1	-1	0.25876	92.862
0.0201347	5.2	19.6414	4	-1	0.25878	92.8692
0.0202037	5.2	19.6401	2	-1	0.25885	92.8077
0.0202038	5.2	19.6367	3	-1	0.25881	92.7934
0.0202727	5.2	19.637	1	-1	0.25888	92.8185
0.0202728	5.2	19.6341	4	-1	0.2589	92.8256
0.0203419	5.2	19.6332	2	-1	0.25897	92.7643
0.0203419	5.2	19.6305	3	-1	0.25893	92.7499
0.020411	5.2	19.63	1	-1	0.259	92.775
0.0204111	5.2	19.6268	4	-1	0.25902	92.7822
0.0204802	5.2	19.6264	2	-1	0.25909	92.7209
0.0204803	5.2	19.6243	3	-1	0.25905	92.7066
0.0205494	5.2	19.623	1	-1	0.25912	92.7316
0.0205495	5.2	19.6194	4	-1	0.25914	92.7388
0.0206186	5.2	19.6197	2	-1	0.25921	92.6809
0.0206187	5.2	19.6183	3	-1	0.25917	92.6666
0.0206879	5.2	19.6164	1	-1	0.25924	92.6916
0.020688	5.2	19.6127	4	-1	0.25925	92.6952
0.0207572	5.2	19.613	2	-1	0.25933	92.6377
0.0207572	5.2	19.6124	3	-1	0.25928	92.6198
0.0208265	5.2	19.6096	1	-1	0.25935	92.6449
0.0208266	5.2	19.6054	4	-1	0.25938	92.6556
0.0208959	5.2	19.6062	2	-1	0.25944	92.5943
0.0208959	5.2	19.6062	3	-1	0.2594	92.58
0.0209652	5.2	19.6026	1	-1	0.25947	92.605
0.0209654	5.2	19.5981	4	-1	0.25949	92.6122
0.0210347	5.2	19.5993	3	-1	0.25952	92.537
0.0210347	5.2	19.5991	2	-1	0.25953	92.5406
0.0211041	5.2	19.5954	1	-1	0.2596	92.5655
0.0211043	5.2	19.5907	4	-1	0.25961	92.5691
0.0211737	5.2	19.5925	3	-1	0.25965	92.4943
0.0211737	5.2	19.5924	2	-1	0.25966	92.4979
0.0212431	5.2	19.5883	1	-1	0.25973	92.5228
0.0212433	5.2	19.5839	4	-1	0.25972	92.5192
0.0213128	5.2	19.5858	3	-1	0.25978	92.4517
0.0213128	5.2	19.5856	2	-1	0.25979	92.4552
0.0213823	5.2	19.5816	1	-1	0.25985	92.4766
0.0213824	5.2	19.5774	4	-1	0.25983	92.4695
0.021452	5.2	19.5787	3	-1	0.2599	92.4089
0.021452	5.2	19.5786	2	-1	0.25991	92.4124
0.0215216	5.2	19.5749	1	-1	0.25996	92.4302
0.0215217	5.2	19.5706	4	-1	0.25997	92.4338
0.0215913	5.2	19.5716	3	-1	0.26	92.3623
0.0215913	5.2	19.5714	2	-1	0.26001	92.3659
0.021661	5.2	19.568	1	-1	0.26007	92.3872
0.0216611	5.2	19.5632	4	-1	0.2601	92.3979
0.0217308	5.2	19.5649	3	-1	0.26012	92.323
0.0217308	5.2	19.5647	2	-1	0.26013	92.3265
0.0218005	5.2	19.5608	1	-1	0.26021	92.3549
0.0218006	5.2	19.5562	4	-1	0.2602	92.3514
0.0218704	5.2	19.5585	2	-1	0.26025	92.2774
0.0218704	5.2	19.5582	3	-1	0.26027	92.2845
0.0219402	5.2	19.554	1	-1	0.26035	92.3129
0.0219403	5.2	19.5502	4	-1	0.2603	92.2951
0.0220101	5.2	19.5517	2	-1	0.26036	92.2249
0.0220101	5.2	19.5508	3	-1	0.2604	92.239
0.02208	5.2	19.5474	1	-1	0.26047	92.2638
0.0220801	5.2	19.5446	4	-1	0.26041	92.2426
0.0221499	5.2	19.5447	2	-1	0.26049	92.186
0.02215	5.2	19.5434	3	-1	0.26051	92.1931
0.0222199	5.2	19.5409	1	-1	0.26057	92.2143
0.02222	5.2	19.5385	4	-1	0.26054	92.2037
0.0222899	5.2	19.5378	2	-1	0.26062	92.1537
0.02229	5.2	19.5365	3	-1	0.26062	92.1537
0.02236	5.2	19.5343	1	-1	0.26069	92.1785
0.02236	5.2	19.5322	4	-1	0.26067	92.1714
0.02243	5.2	19.531	2	-1	0.26074	92.1115
0.0224301	5.2	19.5299	3	-1	0.26073	92.108
0.0225001	5.2	19.5275	1	-1	0.2608	92.1327
0.0225002	5.2	19.5256	4	-1	0.26079	92.1292
0.0225703	5.2	19.5243	2	-1	0.26086	92.0726
0.0225703	5.2	19.5233	3	-1	0.26085	92.069
0.0226404	5.2	19.5207	1	-1	0.26093	92.0973
0.0226405	5.2	19.5191	4	-1	0.26091	92.0902
0.0227106	5.2	19.5176	2	-1	0.26097	92.0237
0.0227107	5.2	19.5165	3	-1	0.26098	92.0272
0.0227809	5.2	19.514	1	-1	0.26105	92.0519
0.0227809	5.2	19.5129	4	-1	0.26102	92.0413
0.0228511	5.2	19.5108	2	-1	0.26109	91.9817
0.0228512	5.2	19.5096	3	-1	0.2611	91.9852
0.0229214	5.2	19.5073	1	-1	0.26117	92.0099
0.0229215	5.2	19.5067	4	-1	0.26114	91.9993
0.0229917	5.2	19.5041	2	-1	0.26121	91.9397
0.0229918	5.2	19.5027	3	-1	0.26122	91.9433
0.0230621	5.2	19.5007	1	-1	0.26128	91.9644
0.0230621	5.2	19.5004	4	-1	0.26126	91.9573
0.0231325	5.2	19.4972	2	-1	0.26133	91.9011
0.0231325	5.2	19.4958	3	-1	0.26133	91.9011
0.0232029	5.2	19.4941	1	-1	0.2614	91.9257
0.0232029	5.2	19.4941	4	-1	0.26138	91.9187
0.0232734	5.2	19.4905	2	-1	0.26146	91.8628
0.0232734	5.2	19.4893	3	-1	0.26145	91.8593
0.0233439	5.2	19.4874	4	-1	0.2615	91.8769
0.0233439	5.2	19.4872	1	-1	0.26151	91.8804
0.0234144	5.2	19.4837	2	-1	0.26158	91.8243
0.0234144	5.2	19.4828	3	-1	0.26156	91.8173
0.023485	5.2	19.4807	1	-1	0.26163	91.8419
0.023485	5.2	19.4807	4	-1	0.26163	91.8419
0.0235555	5.2	19.4772	2	-1	0.2617	91.7827
0.0235555	5.2	19.4766	3	-1	0.26168	91.7757
0.0236261	5.2	19.474	4	-1	0.26174	91.7967
0.0236262	5.2	19.4738	1	-1	0.26175	91.8002
0.0236968	5.2	19.4705	2	-1	0.26181	91.7376
0.0236968	5.2	19.47	3	-1	0.2618	91.7341
0.0237675	5.2	19.4672	4	-1	0.26186	91.7551
0.0237675	5.2	19.4671	1	-1	0.26187	91.7586
0.0238382	5.2	19.4639	2	-1	0.26193	91.6961
0.0238382	5.2	19.4636	3	-1	0.26192	91.6926
0.0239089	5.2	19.4604	4	-1	0.26197	91.7101
0.0239089	5.2	19.4602	1	-1	0.26198	91.7136
0.0239797	5.2	19.4571	2	-1	0.26204	91.6512
0.0239797	5.2	19.4566	3	-1	0.26205	91.6547
0.0240505	5.2	19.4533	4	-1	0.26209	91.6687
0.0240505	5.2	19.4532	1	-1	0.2621	91.6722
0.0241213	5.2	19.4501	2	-1	0.26216	91.6099
0.0241214	5.2	19.4495	3	-1	0.26217	91.6134
0.0241922	5.2	19.4468	4	-1	0.26222	91.6308
0.0241922	5.2	19.4466	1	-1	0.26223	91.6343
0.0242631	5.2	19.4433	2	-1	0.26229	91.5689
0.0242631	5.2	19.4429	3	-1	0.26228	91.5654
0.0243341	5.2	19.4402	4	-1	0.26234	91.5864
0.0243341	5.2	19.44	1	-1	0.26235	91.5899
0.024405	5.2	19.4369	2	-1	0.26241	91.5277
0.0244051	5.2	19.4366	3	-1	0.2624	91.5242
0.024476	5.2	19.4334	4	-1	0.26245	91.5417
0.0244761	5.2	19.4332	1	-1	0.26246	91.5452
0.0245471	5.2	19.4304	2	-1	0.26252	91.4863
0.0245471	5.2	19.4299	3	-1	0.26253	91.4898
0.0246181	5.2	19.4267	4	-1	0.26256	91.5003
0.0246181	5.2	19.4266	1	-1	0.26257	91.5037
0.0246892	5.2	19.4233	2	-1	0.26264	91.4453
0.0246893	5.2	19.4227	3	-1	0.26265	91.4488
0.0247604	5.2	19.4201	4	-1	0.2627	91.4662
0.0247604	5.2	19.42	1	-1	0.26271	91.4697
0.0248315	5.2	19.4165	2	-1	0.26278	91.4049
0.0248316	5.2	19.4163	3	-1	0.26275	91.3945
0.0249027	5.2	19.4136	1	-1	0.26282	91.4188
0.0249028	5.2	19.4134	4	-1	0.26283	91.4223
0.024974	5.2	19.41	3	-1	0.26287	91.3568
0.024974	5.2	19.4099	2	-1	0.26289	91.3637
0.0250452	5.2	19.4068	1	-1	0.26294	91.3811
0.0250452	5.2	19.4066	4	-1	0.26294	91.3811
0.0251165	5.2	19.4036	3	-1	0.26299	91.316
0.0251165	5.2	19.4034	2	-1	0.263	91.3194
0.0251879	5.2	19.4001	4	-1	0.26305	91.3368
0.0251879	5.2	19.4	1	-1	0.26307	91.3438
0.0252592	5.2	19.3968	2	-1	0.26312	91.2724
0.0252592	5.2	19.3968	3	-1	0.26312	91.2724
0.0253306	5.2	19.3931	4	-1	0.26317	91.2897
0.0253306	5.2	19.393	1	-1	0.26318	91.2932
0.025402	5.2	19.3902	2	-1	0.26323	91.2314
0.025402	5.2	19.3899	3	-1	0.26325	91.2383
0.0254735	5.2	19.3864	4	-1	0.26328	91.2487
0.0254735	5.2	19.3862	1	-1	0.26329	91.2522
0.025545	5.2	19.3834	2	-1	0.26335	91.194
0.025545	5.2	19.3828	3	-1	0.26337	91.2009
0.0256165	5.2	19.3801	4	-1	0.2634	91.2113
0.0256165	5.2	19.3799	1	-1	0.26341	91.2148
0.0256881	5.2	19.3766	2	-1	0.26349	91.1604
0.0256881	5.2	19.3763	3	-1	0.26347	91.1535
0.0257596	5.2	19.3738	1	-1	0.26352	91.1708
0.0257596	5.2	19.3735	4	-1	0.26354	91.1777
0.0258312	5.2	19.3694	3	-1	0.26356	91.1027
0.0258313	5.2	19.3692	2	-1	0.26359	91.113
0.0259029	5.2	19.367	1	-1	0.26363	91.1269
0.0259029	5.2	19.3658	4	-1	0.26369	91.1476
0.0259746	5.2	19.3629	3	-1	0.26368	91.0654
0.0259746	5.2	19.3628	2	-1	0.26369	91.0689
0.0260463	5.2	19.3597	1	-1	0.26378	91.1
0.0260463	5.2	19.3585	4	-1	0.26378	91.1
0.026118	5.2	19.3576	2	-1	0.26381	91.0192
0.026118	5.2	19.357	3	-1	0.26385	91.033
0.0261898	5.2	19.3522	4	-1	0.26383	91.0261
0.0261898	5.2	19.3521	1	-1	0.26392	91.0571
0.0262616	5.2	19.3508	2	-1	0.26389	90.9558
0.0262617	5.2	19.3483	3	-1	0.26402	91.0006
0.0263335	5.2	19.3456	4	-1	0.26394	90.973
0.0263335	5.2	19.3454	1	-1	0.26395	90.9765
0.0264053	5.2	19.3427	2	-1	0.26407	90.9645
0.0264054	5.2	19.3395	3	-1	0.26411	90.9783
0.0264772	5.2	19.3415	1	-1	0.2641	90.9749
0.0264773	5.2	19.3407	4	-1	0.26415	90.9921
0.0265492	5.2	19.3344	3	-1	0.26408	90.8741
0.0265492	5.2	19.3342	2	-1	0.2643	90.9498
0.0266211	5.2	19.3355	1	-1	0.26409	90.8775
0.0266212	5.2	19.3302	4	-1	0.2644	90.9842
0.0266931	5.2	19.3262	3	-1	0.26412	90.8472
0.0266931	5.2	19.3261	2	-1	0.26413	90.8506
0.0267651	5.2	19.3256	1	-1	0.26428	90.9022
0.0267654	5.2	19.3166	4	-1	0.26453	90.9882
0.0268372	5.2	19.3254	3	-1	0.2644	90.8404
0.0268372	5.2	19.3253	2	-1	0.26441	90.8438
0.0269094	5.2	19.3144	1	-1	0.26474	90.9572
0.0269095	5.2	19.3117	4	-1	0.26431	90.8095
0.0270535	5.2	19.3033	1	-1	0.26432	90.623
0.0271255	5.2	19.3094	2	-1	0.26432	90.71
0.0271979	5.2	19.3073	1	-1	0.26454	90.7855
0.0272702	5.2	19.2903	2	-1	0.26523	90.9069
0.027559	5.2	19.2806	2	-1	0.26414	90.6763
0.027633	5.2	19.2064	4	-1	0.26515	91.023
0.0279204	5.2	19.2363	1	-1	0.26222	89.0965
0.0284293	5.2	19.2516	2	-1	0.26521	91.1061
0.0287939	5.2	19.2283	4	-1	0.26636	90.0412
0.0290104	5.2	18.8456	2	-1	0.25852	85.2779
0.0290892	5.2	18.9989	4	-1	0.26515	87.465
0.0293753	5.2	19.001	1	-1	0.24948	83.3517
0.0294569	5.2	18.9855	3	-1	0.2572	92.2294
0.0298555	5.2	20.8176	3	-1	0.20053	101.288
0.0304625	5.2	17.8205	3	-1	0.09024	54.078
0.0309247	5.2	19.1256	4	-1	0.24421	222.901
0.031912	5.2	41.2036	2	-1	0.05485	66.5655
0.0319537	5.2	45.9061	2	-1	0.05245	62.2109
0.0319948	5.2	49.614	2	-1	0.05089	61.3206
