0.00118202	6.95	24.5272	3	-1	0.22137	84.444
0.00123174	6.95	25.5662	4	-1	0.20499	78.1957
0.00127974	6.95	26.2371	3	-1	0.19623	95.1418
0.0013269	6.95	26.6835	4	-1	0.19099	92.6012
0.00137329	6.95	26.9813	3	-1	0.1877	97.5978
0.00141941	6.95	27.183	1	-1	0.18557	96.4902
0.00146514	6.95	27.318	3	-1	0.18417	98.4866
0.00151083	6.95	27.4103	1	-1	0.18324	97.9893
0.00155626	6.95	27.4705	3	-1	0.18262	98.8417
0.00160177	6.95	27.512	1	-1	0.18221	98.6198
0.00164709	6.95	27.537	3	-1	0.18194	98.9773
0.00169254	6.95	27.5549	4	-1	0.18176	98.8793
0.00169254	6.95	27.5546	1	-1	0.18177	98.8848
0.00173781	6.95	27.5644	2	-1	0.18166	99.0135
0.00173784	6.95	27.5628	3	-1	0.18167	99.0189
0.00178328	6.95	27.5694	4	-1	0.1816	98.9808
0.00178328	6.95	27.5691	1	-1	0.18161	98.9862
0.00182855	6.95	27.571	2	-1	0.18157	99.0022
0.00182858	6.95	27.5691	3	-1	0.18158	99.0076
0.00187405	6.95	27.5705	4	-1	0.18157	99.0022
0.00187405	6.95	27.5703	1	-1	0.18158	99.0076
0.00191933	6.95	27.5683	2	-1	0.18158	98.9753
0.00191937	6.95	27.5662	3	-1	0.18159	98.9807
0.00196487	6.95	27.5649	4	-1	0.1816	98.9862
0.00196488	6.95	27.5646	1	-1	0.18161	98.9916
0.0020102	6.95	27.561	2	-1	0.18163	98.9378
0.00201024	6.95	27.5586	3	-1	0.18164	98.9432
0.00205578	6.95	27.5564	1	-1	0.18167	98.9596
0.00205578	6.95	27.5564	4	-1	0.18167	98.9596
0.00210114	6.95	27.5519	2	-1	0.1817	98.8951
0.00210119	6.95	27.5492	3	-1	0.18171	98.9006
0.00214676	6.95	27.5467	4	-1	0.18174	98.9169
0.00214677	6.95	27.5464	1	-1	0.18175	98.9223
0.00219216	6.95	27.5416	2	-1	0.18178	98.8472
0.00219222	6.95	27.5386	3	-1	0.18179	98.8526
0.00223783	6.95	27.5361	4	-1	0.18182	98.869
0.00223784	6.95	27.5358	1	-1	0.18183	98.8744
0.00228328	6.95	27.5309	2	-1	0.18187	98.8048
0.00228333	6.95	27.528	3	-1	0.18187	98.8048
0.00232899	6.95	27.5253	4	-1	0.18191	98.8265
0.002329	6.95	27.5251	1	-1	0.18192	98.832
0.00237448	6.95	27.5197	2	-1	0.18195	98.7463
0.00237454	6.95	27.5165	3	-1	0.18196	98.7518
0.00242024	6.95	27.5142	4	-1	0.182	98.7735
0.00242025	6.95	27.5139	1	-1	0.18201	98.7789
0.00246576	6.95	27.5086	2	-1	0.18204	98.6988
0.00246583	6.95	27.5051	3	-1	0.18205	98.7042
0.00251158	6.95	27.5031	4	-1	0.18208	98.7205
0.00251159	6.95	27.5028	1	-1	0.18209	98.7259
0.00255714	6.95	27.4975	2	-1	0.18213	98.6566
0.00255721	6.95	27.4938	3	-1	0.18214	98.662
0.00260301	6.95	27.4921	4	-1	0.18217	98.6783
0.00260301	6.95	27.4918	1	-1	0.18218	98.6837
0.00264861	6.95	27.4866	2	-1	0.18222	98.6092
0.00264868	6.95	27.4826	3	-1	0.18223	98.6146
0.00269452	6.95	27.4811	4	-1	0.18226	98.6309
0.00269453	6.95	27.4808	1	-1	0.18227	98.6363
0.00274016	6.95	27.4756	2	-1	0.1823	98.5565
0.00274024	6.95	27.4711	3	-1	0.18232	98.5673
0.00278613	6.95	27.4698	4	-1	0.18235	98.5836
0.00278613	6.95	27.4695	1	-1	0.18236	98.589
0.0028318	6.95	27.4644	2	-1	0.18239	98.5093
0.0028319	6.95	27.4594	3	-1	0.18241	98.5201
0.00287782	6.95	27.4587	4	-1	0.18244	98.5363
0.00287783	6.95	27.4584	1	-1	0.18245	98.5417
0.00292354	6.95	27.4534	2	-1	0.18248	98.4622
0.00292364	6.95	27.4478	3	-1	0.1825	98.473
0.00296961	6.95	27.4477	4	-1	0.18253	98.4892
0.00296961	6.95	27.4475	1	-1	0.18254	98.4946
0.00301536	6.95	27.4421	2	-1	0.18257	98.4099
0.00301547	6.95	27.436	3	-1	0.18259	98.4207
0.00306148	6.95	27.4366	4	-1	0.18262	98.4368
0.00306149	6.95	27.4363	1	-1	0.18263	98.4422
0.00310727	6.95	27.431	2	-1	0.18266	98.363
0.00310739	6.95	27.4244	3	-1	0.18268	98.3737
0.00315344	6.95	27.4256	4	-1	0.1827	98.3845
0.00315345	6.95	27.4253	1	-1	0.18271	98.3899
0.00319927	6.95	27.4201	2	-1	0.18275	98.3214
0.0031994	6.95	27.4132	3	-1	0.18276	98.3268
0.00324549	6.95	27.4143	4	-1	0.18279	98.3429
0.0032455	6.95	27.414	1	-1	0.1828	98.3483
0.00329136	6.95	27.4089	2	-1	0.18284	98.2747
0.0032915	6.95	27.4019	3	-1	0.18285	98.28
0.00333763	6.95	27.4033	4	-1	0.18288	98.2962
0.00333764	6.95	27.403	1	-1	0.18289	98.3015
0.00338355	6.95	27.398	2	-1	0.18293	98.228
0.00338369	6.95	27.3907	3	-1	0.18294	98.2334
0.00342986	6.95	27.3924	4	-1	0.18297	98.2495
0.00342987	6.95	27.3921	1	-1	0.18298	98.2548
0.00347582	6.95	27.3868	2	-1	0.18302	98.1762
0.00347597	6.95	27.3792	3	-1	0.18303	98.1815
0.00352218	6.95	27.3813	4	-1	0.18306	98.1976
0.00352219	6.95	27.3811	1	-1	0.18307	98.203
0.00356818	6.95	27.3758	2	-1	0.1831	98.1243
0.00356833	6.95	27.3677	3	-1	0.18312	98.135
0.00361459	6.95	27.3702	4	-1	0.18315	98.1511
0.0036146	6.95	27.37	1	-1	0.18316	98.1565
0.00366062	6.95	27.3648	2	-1	0.18319	98.078
0.00366079	6.95	27.356	3	-1	0.18321	98.0887
0.0037071	6.95	27.3592	4	-1	0.18324	98.1047
0.0037071	6.95	27.3589	1	-1	0.18325	98.1101
0.00375317	6.95	27.3539	2	-1	0.18328	98.0317
0.00375334	6.95	27.3445	3	-1	0.1833	98.0424
0.00379968	6.95	27.3483	4	-1	0.18332	98.0531
0.00379969	6.95	27.3481	1	-1	0.18333	98.0584
0.00384579	6.95	27.3427	2	-1	0.18337	97.9855
0.00384598	6.95	27.3328	3	-1	0.18339	97.9962
0.00389236	6.95	27.3373	4	-1	0.18341	98.0068
0.00389236	6.95	27.3371	1	-1	0.18342	98.0122
0.00393851	6.95	27.3318	2	-1	0.18346	97.9394
0.00393871	6.95	27.3214	3	-1	0.18348	97.95
0.00398513	6.95	27.3261	4	-1	0.1835	97.9607
0.00398513	6.95	27.3259	1	-1	0.18351	97.966
0.00403133	6.95	27.3207	2	-1	0.18355	97.8933
0.00403153	6.95	27.3099	3	-1	0.18357	97.904
0.00407798	6.95	27.3153	4	-1	0.18359	97.9147
0.00407799	6.95	27.315	1	-1	0.1836	97.92
0.00412423	6.95	27.3095	2	-1	0.18364	97.8422
0.00412444	6.95	27.2982	3	-1	0.18366	97.8528
0.00417094	6.95	27.3043	4	-1	0.18368	97.8635
0.00417094	6.95	27.304	1	-1	0.18369	97.8688
0.00421722	6.95	27.2987	2	-1	0.18373	97.7963
0.00421745	6.95	27.2868	3	-1	0.18375	97.807
0.00426398	6.95	27.2935	4	-1	0.18377	97.8176
0.00426398	6.95	27.2933	1	-1	0.18378	97.823
0.00431029	6.95	27.2879	2	-1	0.18381	97.7453
0.00431053	6.95	27.2756	3	-1	0.18383	97.7559
0.0043571	6.95	27.2825	4	-1	0.18386	97.7719
0.00435711	6.95	27.2822	1	-1	0.18387	97.7772
0.00440346	6.95	27.277	2	-1	0.1839	97.6996
0.00440371	6.95	27.2642	3	-1	0.18392	97.7102
0.00445032	6.95	27.2717	4	-1	0.18395	97.7262
0.00445033	6.95	27.2715	1	-1	0.18396	97.7315
0.00449672	6.95	27.266	2	-1	0.18399	97.6489
0.00449698	6.95	27.2526	3	-1	0.18401	97.6595
0.00454363	6.95	27.2608	4	-1	0.18403	97.6701
0.00454364	6.95	27.2606	1	-1	0.18404	97.6754
0.00459007	6.95	27.2552	2	-1	0.18408	97.6086
0.00459033	6.95	27.2414	3	-1	0.1841	97.6192
0.00463703	6.95	27.2498	4	-1	0.18412	97.6298
0.00463703	6.95	27.2495	1	-1	0.18413	97.6351
0.00468351	6.95	27.2443	2	-1	0.18417	97.5632
0.00468379	6.95	27.23	3	-1	0.18419	97.5738
0.00473051	6.95	27.239	4	-1	0.18421	97.5844
0.00473052	6.95	27.2388	1	-1	0.18422	97.5897
0.00477704	6.95	27.2332	2	-1	0.18426	97.5127
0.00477733	6.95	27.2184	3	-1	0.18428	97.5233
0.00482409	6.95	27.2282	4	-1	0.1843	97.5339
0.0048241	6.95	27.2279	1	-1	0.18431	97.5392
0.00487066	6.95	27.2225	2	-1	0.18435	97.4675
0.00487095	6.95	27.2072	3	-1	0.18437	97.4781
0.00491776	6.95	27.2172	4	-1	0.18439	97.4886
0.00491777	6.95	27.217	1	-1	0.1844	97.4939
0.00496437	6.95	27.2113	2	-1	0.18444	97.4172
0.00496468	6.95	27.1955	3	-1	0.18446	97.4278
0.00501152	6.95	27.2063	4	-1	0.18448	97.4383
0.00501153	6.95	27.206	1	-1	0.18449	97.4436
0.00505817	6.95	27.2005	2	-1	0.18453	97.3722
0.00505849	6.95	27.1843	3	-1	0.18455	97.3827
0.00510538	6.95	27.1953	4	-1	0.18457	97.3933
0.00510538	6.95	27.195	1	-1	0.18458	97.3986
0.00515207	6.95	27.1896	2	-1	0.18462	97.3272
0.0051524	6.95	27.1729	3	-1	0.18464	97.3378
0.00519932	6.95	27.1846	4	-1	0.18466	97.3483
0.00519932	6.95	27.1844	1	-1	0.18467	97.3536
0.00524606	6.95	27.1787	2	-1	0.18471	97.2772
0.00524639	6.95	27.1617	3	-1	0.18472	97.2825
0.00529335	6.95	27.1739	4	-1	0.18475	97.2983
0.00529336	6.95	27.1736	1	-1	0.18476	97.3036
0.00534013	6.95	27.168	2	-1	0.18479	97.2272
0.00534047	6.95	27.1506	3	-1	0.18481	97.2377
0.00538748	6.95	27.163	4	-1	0.18484	97.2535
0.00538748	6.95	27.1627	1	-1	0.18485	97.2588
0.00543429	6.95	27.1569	2	-1	0.18488	97.1774
0.00543464	6.95	27.139	3	-1	0.1849	97.1879
0.00548169	6.95	27.1521	4	-1	0.18492	97.1984
0.0054817	6.95	27.1519	1	-1	0.18493	97.2037
0.00552854	6.95	27.1462	2	-1	0.18497	97.1379
0.0055289	6.95	27.1279	3	-1	0.18499	97.1484
0.00557599	6.95	27.1412	4	-1	0.18501	97.1589
0.005576	6.95	27.1409	1	-1	0.18502	97.1642
0.00562289	6.95	27.1355	2	-1	0.18506	97.0934
0.00562326	6.95	27.1166	3	-1	0.18508	97.1039
0.00567038	6.95	27.1306	4	-1	0.1851	97.1144
0.00567039	6.95	27.1304	1	-1	0.18511	97.1196
0.00571733	6.95	27.1246	2	-1	0.18515	97.0439
0.00571771	6.95	27.1053	3	-1	0.18517	97.0544
0.00576487	6.95	27.1196	4	-1	0.18519	97.0648
0.00576487	6.95	27.1194	1	-1	0.1852	97.0701
0.00581186	6.95	27.1138	2	-1	0.18524	96.9995
0.00581225	6.95	27.094	3	-1	0.18526	97.01
0.00585944	6.95	27.1091	4	-1	0.18528	97.0205
0.00585945	6.95	27.1088	1	-1	0.18529	97.0257
0.00590647	6.95	27.1029	2	-1	0.18533	96.9502
0.00590688	6.95	27.0827	3	-1	0.18535	96.9607
0.00595411	6.95	27.0984	4	-1	0.18537	96.9711
0.00595412	6.95	27.0982	1	-1	0.18538	96.9764
0.00600118	6.95	27.0924	2	-1	0.18542	96.906
0.00600159	6.95	27.0717	3	-1	0.18544	96.9165
0.00604887	6.95	27.0877	4	-1	0.18546	96.9269
0.00604888	6.95	27.0874	1	-1	0.18547	96.9322
0.00609599	6.95	27.0814	2	-1	0.18551	96.8569
0.00609641	6.95	27.0603	3	-1	0.18553	96.8673
0.00614372	6.95	27.077	4	-1	0.18555	96.8778
0.00614373	6.95	27.0767	1	-1	0.18556	96.883
0.00619087	6.95	27.0708	2	-1	0.18559	96.8077
0.0061913	6.95	27.0492	3	-1	0.18561	96.8181
0.00623866	6.95	27.0662	4	-1	0.18564	96.8338
0.00623867	6.95	27.066	1	-1	0.18565	96.839
0.00628585	6.95	27.0599	2	-1	0.18568	96.7587
0.00628629	6.95	27.0378	3	-1	0.1857	96.7692
0.00633369	6.95	27.0555	4	-1	0.18572	96.7796
0.0063337	6.95	27.0552	1	-1	0.18573	96.7848
0.00638092	6.95	27.0493	2	-1	0.18577	96.7199
0.00638137	6.95	27.0268	3	-1	0.18579	96.7304
0.00642881	6.95	27.0448	4	-1	0.18581	96.7408
0.00642882	6.95	27.0445	1	-1	0.18582	96.746
0.00647609	6.95	27.0384	2	-1	0.18586	96.6712
0.00647655	6.95	27.0154	3	-1	0.18588	96.6816
0.00652403	6.95	27.0341	4	-1	0.1859	96.692
0.00652403	6.95	27.0339	1	-1	0.18591	96.6972
0.00657134	6.95	27.0279	2	-1	0.18595	96.6275
0.00657181	6.95	27.0044	3	-1	0.18597	96.6379
0.00661933	6.95	27.0234	4	-1	0.18599	96.6483
0.00661933	6.95	27.0232	1	-1	0.186	96.6535
0.00666669	6.95	27.017	2	-1	0.18604	96.5789
0.00666717	6.95	26.9931	3	-1	0.18606	96.5893
0.00671473	6.95	27.0127	4	-1	0.18608	96.5997
0.00671473	6.95	27.0124	1	-1	0.18609	96.6049
0.00676212	6.95	27.0064	2	-1	0.18613	96.5354
0.00676262	6.95	26.9818	3	-1	0.18615	96.5458
0.00681021	6.95	27.0021	4	-1	0.18617	96.5562
0.00681022	6.95	27.0019	1	-1	0.18618	96.5614
0.00685765	6.95	26.9956	2	-1	0.18622	96.487
0.00685816	6.95	26.9705	3	-1	0.18624	96.4974
0.00690579	6.95	26.9913	4	-1	0.18626	96.5078
0.0069058	6.95	26.991	1	-1	0.18627	96.513
0.00695328	6.95	26.9849	2	-1	0.18631	96.4437
0.00695379	6.95	26.9594	3	-1	0.18633	96.4541
0.00700146	6.95	26.9809	4	-1	0.18635	96.4644
0.00700146	6.95	26.9806	1	-1	0.18636	96.4696
0.00704899	6.95	26.9742	2	-1	0.1864	96.3955
0.00704951	6.95	26.9486	3	-1	0.18641	96.4007
0.00709722	6.95	26.9701	4	-1	0.18644	96.4162
0.00709723	6.95	26.9699	1	-1	0.18645	96.4214
0.0071448	6.95	26.9633	2	-1	0.18649	96.3474
0.00714532	6.95	26.9375	3	-1	0.1865	96.3526
0.00719308	6.95	26.9595	4	-1	0.18653	96.3681
0.00719308	6.95	26.9593	1	-1	0.18654	96.3732
0.00724069	6.95	26.953	2	-1	0.18658	96.3043
0.00724122	6.95	26.9269	3	-1	0.18659	96.3095
0.00728902	6.95	26.9489	4	-1	0.18661	96.3198
0.00728902	6.95	26.9487	1	-1	0.18662	96.325
0.00733668	6.95	26.9421	2	-1	0.18667	96.2613
0.00733722	6.95	26.9159	3	-1	0.18668	96.2665
0.00738506	6.95	26.9381	4	-1	0.18671	96.282
0.00738506	6.95	26.9379	1	-1	0.18672	96.2871
0.00743277	6.95	26.9316	2	-1	0.18676	96.2135
0.00743331	6.95	26.9051	3	-1	0.18677	96.2186
0.00748118	6.95	26.9278	4	-1	0.18679	96.2289
0.00748119	6.95	26.9275	1	-1	0.1868	96.2341
0.00752894	6.95	26.9209	2	-1	0.18684	96.1655
0.00752949	6.95	26.894	3	-1	0.18686	96.1758
0.0075774	6.95	26.9171	4	-1	0.18688	96.1861
0.00757741	6.95	26.9168	1	-1	0.18689	96.1913
0.0076252	6.95	26.9101	2	-1	0.18694	96.123
0.00762576	6.95	26.883	3	-1	0.18695	96.1281
0.00767371	6.95	26.9066	4	-1	0.18697	96.1384
0.00767372	6.95	26.9063	1	-1	0.18698	96.1436
0.00772156	6.95	26.8998	2	-1	0.18702	96.0752
0.00772212	6.95	26.8722	3	-1	0.18704	96.0855
0.00777011	6.95	26.8961	4	-1	0.18706	96.0958
0.00777012	6.95	26.8959	1	-1	0.18707	96.1009
0.007818	6.95	26.8891	2	-1	0.18711	96.0277
0.00781857	6.95	26.8614	3	-1	0.18712	96.0328
0.00786661	6.95	26.8854	4	-1	0.18715	96.0482
0.00786662	6.95	26.8851	1	-1	0.18716	96.0534
0.00791454	6.95	26.8782	2	-1	0.1872	95.9803
0.00791512	6.95	26.8501	3	-1	0.18722	95.9906
0.0079632	6.95	26.8749	4	-1	0.18724	96.0008
0.0079632	6.95	26.8746	1	-1	0.18725	96.0059
0.00801117	6.95	26.8679	2	-1	0.18729	95.9379
0.00801175	6.95	26.8396	3	-1	0.1873	95.943
0.00805988	6.95	26.8644	4	-1	0.18733	95.9584
0.00805988	6.95	26.8642	1	-1	0.18734	95.9635
0.00810789	6.95	26.8573	2	-1	0.18738	95.8907
0.00810848	6.95	26.8288	3	-1	0.18739	95.8958
0.00815665	6.95	26.8538	4	-1	0.18742	95.9112
0.00815666	6.95	26.8535	1	-1	0.18743	95.9163
0.00820471	6.95	26.8466	2	-1	0.18747	95.8436
0.0082053	6.95	26.8178	3	-1	0.18748	95.8487
0.00825352	6.95	26.8433	4	-1	0.18751	95.864
0.00825352	6.95	26.8431	1	-1	0.18752	95.8691
0.00830162	6.95	26.8364	2	-1	0.18756	95.8014
0.00830222	6.95	26.8075	3	-1	0.18757	95.8065
0.00835047	6.95	26.8329	4	-1	0.18759	95.8167
0.00835047	6.95	26.8327	1	-1	0.1876	95.8218
0.00839862	6.95	26.8258	2	-1	0.18765	95.7593
0.00839922	6.95	26.7967	3	-1	0.18766	95.7644
0.00844751	6.95	26.8223	4	-1	0.18768	95.7746
0.00844752	6.95	26.8221	1	-1	0.18769	95.7798
0.00849571	6.95	26.815	2	-1	0.18774	95.7125
0.00849632	6.95	26.7857	3	-1	0.18775	95.7176
0.00854466	6.95	26.8118	4	-1	0.18778	95.7329
0.00854466	6.95	26.8116	1	-1	0.18779	95.738
0.00859289	6.95	26.8047	2	-1	0.18783	95.6657
0.00859351	6.95	26.775	3	-1	0.18784	95.6708
0.00864188	6.95	26.8016	4	-1	0.18786	95.681
0.00864189	6.95	26.8013	1	-1	0.18787	95.6861
0.00869017	6.95	26.7942	2	-1	0.18792	95.6239
0.00869079	6.95	26.7646	3	-1	0.18792	95.6239
0.00873921	6.95	26.7911	4	-1	0.18795	95.6391
0.00873921	6.95	26.7908	1	-1	0.18796	95.6442
0.00878754	6.95	26.7836	2	-1	0.18801	95.5772
0.00878816	6.95	26.754	3	-1	0.18801	95.5772
0.00883662	6.95	26.7804	4	-1	0.18804	95.5925
0.00883663	6.95	26.7802	1	-1	0.18805	95.5976
0.00888501	6.95	26.7729	2	-1	0.1881	95.5307
0.00888563	6.95	26.7434	3	-1	0.1881	95.5307
0.00893413	6.95	26.7699	4	-1	0.18813	95.546
0.00893414	6.95	26.7697	1	-1	0.18814	95.551
0.00898256	6.95	26.7626	2	-1	0.18819	95.4891
0.00898319	6.95	26.7329	3	-1	0.18819	95.4891
0.00903173	6.95	26.7598	4	-1	0.18822	95.5044
0.00903174	6.95	26.7595	1	-1	0.18823	95.5094
0.00908021	6.95	26.7522	2	-1	0.18827	95.4377
0.00908084	6.95	26.7223	3	-1	0.18828	95.4428
0.00912942	6.95	26.7493	4	-1	0.18831	95.458
0.00912943	6.95	26.7491	1	-1	0.18832	95.4631
0.00917794	6.95	26.7417	2	-1	0.18836	95.3915
0.00917858	6.95	26.7116	3	-1	0.18837	95.3965
0.00922721	6.95	26.7387	4	-1	0.1884	95.4117
0.00922722	6.95	26.7385	1	-1	0.18841	95.4168
0.00927578	6.95	26.7311	2	-1	0.18845	95.3453
0.00927641	6.95	26.7008	3	-1	0.18846	95.3504
0.00932509	6.95	26.7281	4	-1	0.18849	95.3655
0.0093251	6.95	26.7279	1	-1	0.1885	95.3706
0.0093737	6.95	26.7208	2	-1	0.18854	95.304
0.00937435	6.95	26.6903	3	-1	0.18855	95.3091
0.00942306	6.95	26.7182	4	-1	0.18858	95.3243
0.00942307	6.95	26.7179	1	-1	0.18859	95.3293
0.00947172	6.95	26.7106	2	-1	0.18863	95.2581
0.00947236	6.95	26.6802	3	-1	0.18863	95.2581
0.00952113	6.95	26.7078	4	-1	0.18867	95.2783
0.00952113	6.95	26.7076	1	-1	0.18868	95.2833
0.00956983	6.95	26.7002	2	-1	0.18872	95.2121
0.00957047	6.95	26.6698	3	-1	0.18872	95.2121
0.00961928	6.95	26.6973	4	-1	0.18875	95.2273
0.00961929	6.95	26.6971	1	-1	0.18876	95.2323
0.00966803	6.95	26.6896	2	-1	0.18881	95.1711
0.00966867	6.95	26.6594	3	-1	0.18881	95.1711
0.00971753	6.95	26.6868	4	-1	0.18884	95.1862
0.00971753	6.95	26.6866	1	-1	0.18885	95.1913
0.00976633	6.95	26.6791	2	-1	0.1889	95.1254
0.00976697	6.95	26.6488	3	-1	0.1889	95.1254
0.00981588	6.95	26.6764	4	-1	0.18894	95.1455
0.00981588	6.95	26.6761	1	-1	0.18895	95.1506
0.00986472	6.95	26.6686	2	-1	0.18899	95.075
0.00986536	6.95	26.6384	3	-1	0.18899	95.075
0.00991431	6.95	26.666	4	-1	0.18902	95.09
0.00991432	6.95	26.6657	1	-1	0.18903	95.0951
0.0099632	6.95	26.6585	2	-1	0.18908	95.039
0.00996385	6.95	26.6281	3	-1	0.18908	95.039
0.0100128	6.95	26.656	4	-1	0.18911	95.054
0.0100128	6.95	26.6558	1	-1	0.18912	95.0591
0.0100618	6.95	26.6483	2	-1	0.18917	94.9935
0.0100624	6.95	26.618	3	-1	0.18917	94.9935
0.0101115	6.95	26.6458	4	-1	0.1892	95.0085
0.0101115	6.95	26.6456	1	-1	0.18921	95.0136
0.0101604	6.95	26.638	2	-1	0.18926	94.9481
0.0101611	6.95	26.6077	3	-1	0.18926	94.9481
0.0102102	6.95	26.6354	4	-1	0.18929	94.9631
0.0102102	6.95	26.6352	1	-1	0.1893	94.9681
0.0102592	6.95	26.6275	2	-1	0.18935	94.9028
0.0102598	6.95	26.5976	3	-1	0.18934	94.8978
0.010309	6.95	26.625	4	-1	0.18938	94.9178
0.010309	6.95	26.6248	1	-1	0.18939	94.9228
0.0103581	6.95	26.6171	2	-1	0.18944	94.8575
0.0103587	6.95	26.5875	3	-1	0.18943	94.8525
0.0104079	6.95	26.6146	4	-1	0.18947	94.8726
0.0104079	6.95	26.6144	1	-1	0.18948	94.8776
0.010457	6.95	26.6067	2	-1	0.18953	94.8124
0.0104576	6.95	26.5773	3	-1	0.18952	94.8074
0.0105069	6.95	26.6042	4	-1	0.18956	94.8274
0.0105069	6.95	26.604	1	-1	0.18957	94.8324
0.0105561	6.95	26.5964	2	-1	0.18962	94.7674
0.0105567	6.95	26.5672	3	-1	0.18961	94.7624
0.010606	6.95	26.5939	4	-1	0.18965	94.7823
0.010606	6.95	26.5936	1	-1	0.18966	94.7873
0.0106552	6.95	26.586	2	-1	0.1897	94.7174
0.0106558	6.95	26.5569	3	-1	0.1897	94.7174
0.0107051	6.95	26.5835	4	-1	0.18974	94.7374
0.0107051	6.95	26.5832	1	-1	0.18975	94.7424
0.0107544	6.95	26.5756	2	-1	0.18979	94.6725
0.010755	6.95	26.5464	3	-1	0.1898	94.6775
0.0108044	6.95	26.5733	4	-1	0.18983	94.6925
0.0108044	6.95	26.5731	1	-1	0.18984	94.6975
0.0108537	6.95	26.5657	2	-1	0.18988	94.6324
0.0108544	6.95	26.5363	3	-1	0.18988	94.6324
0.0109038	6.95	26.5635	4	-1	0.18991	94.6474
0.0109038	6.95	26.5632	1	-1	0.18992	94.6524
0.0109531	6.95	26.5557	2	-1	0.18997	94.5924
0.0109538	6.95	26.5263	3	-1	0.18997	94.5924
0.0110032	6.95	26.5534	4	-1	0.19	94.6074
0.0110032	6.95	26.5532	1	-1	0.19001	94.6124
0.0110526	6.95	26.5455	2	-1	0.19006	94.5478
0.0110533	6.95	26.5162	3	-1	0.19006	94.5478
0.0111028	6.95	26.5432	4	-1	0.19009	94.5627
0.0111028	6.95	26.543	1	-1	0.1901	94.5677
0.0111522	6.95	26.5353	2	-1	0.19015	94.5033
0.0111529	6.95	26.5062	3	-1	0.19014	94.4983
0.0112024	6.95	26.533	4	-1	0.19018	94.5182
0.0112024	6.95	26.5328	1	-1	0.19019	94.5231
0.0112519	6.95	26.525	2	-1	0.19024	94.4588
0.0112526	6.95	26.4963	3	-1	0.19023	94.4538
0.0113022	6.95	26.5228	4	-1	0.19027	94.4737
0.0113022	6.95	26.5226	1	-1	0.19028	94.4786
0.0113517	6.95	26.5148	2	-1	0.19032	94.4094
0.0113524	6.95	26.4861	3	-1	0.19032	94.4094
0.011402	6.95	26.5125	4	-1	0.19036	94.4293
0.011402	6.95	26.5123	1	-1	0.19037	94.4342
0.0114516	6.95	26.5046	2	-1	0.19041	94.3652
0.0114522	6.95	26.4759	3	-1	0.19041	94.3652
0.0115019	6.95	26.5023	4	-1	0.19044	94.38
0.0115019	6.95	26.502	1	-1	0.19045	94.385
0.0115516	6.95	26.4943	2	-1	0.1905	94.3256
0.0115522	6.95	26.4657	3	-1	0.1905	94.3256
0.0116019	6.95	26.4921	4	-1	0.19053	94.3405
0.0116019	6.95	26.4919	1	-1	0.19054	94.3454
0.0116516	6.95	26.4841	2	-1	0.19059	94.2815
0.0116523	6.95	26.4555	3	-1	0.19059	94.2815
0.011702	6.95	26.4819	4	-1	0.19062	94.2963
0.011702	6.95	26.4817	1	-1	0.19063	94.3013
0.0117518	6.95	26.4739	2	-1	0.19068	94.2374
0.0117524	6.95	26.4454	3	-1	0.19068	94.2374
0.0118022	6.95	26.4718	4	-1	0.19071	94.2522
0.0118023	6.95	26.4716	1	-1	0.19072	94.2572
0.011852	6.95	26.4637	2	-1	0.19077	94.1935
0.0118527	6.95	26.4353	3	-1	0.19077	94.1935
0.0119025	6.95	26.4617	4	-1	0.1908	94.2083
0.0119025	6.95	26.4615	1	-1	0.19081	94.2132
0.0119524	6.95	26.4535	2	-1	0.19086	94.1496
0.011953	6.95	26.4252	3	-1	0.19086	94.1496
0.0120029	6.95	26.4516	4	-1	0.19089	94.1644
0.0120029	6.95	26.4514	1	-1	0.1909	94.1693
0.0120528	6.95	26.4434	2	-1	0.19095	94.1058
0.0120535	6.95	26.4153	3	-1	0.19094	94.1008
0.0121034	6.95	26.4415	4	-1	0.19098	94.1205
0.0121034	6.95	26.4413	1	-1	0.19099	94.1255
0.0121534	6.95	26.4334	2	-1	0.19104	94.062
0.012154	6.95	26.4055	3	-1	0.19103	94.0571
0.012204	6.95	26.4312	4	-1	0.19107	94.0768
0.012204	6.95	26.431	1	-1	0.19108	94.0817
0.012254	6.95	26.4228	2	-1	0.19113	94.0138
0.0122546	6.95	26.395	3	-1	0.19112	94.0089
0.0123047	6.95	26.4207	4	-1	0.19116	94.0285
0.0123047	6.95	26.4205	1	-1	0.19117	94.0334
0.0123547	6.95	26.4124	2	-1	0.19122	93.9702
0.0123553	6.95	26.3847	3	-1	0.19122	93.9702
0.0124054	6.95	26.4105	4	-1	0.19125	93.985
0.0124055	6.95	26.4102	1	-1	0.19126	93.9899
0.0124555	6.95	26.4022	2	-1	0.19131	93.9267
0.0124562	6.95	26.3745	3	-1	0.19131	93.9267
0.0125063	6.95	26.4004	4	-1	0.19134	93.9415
0.0125063	6.95	26.4002	1	-1	0.19135	93.9464
0.0125565	6.95	26.3921	2	-1	0.1914	93.8834
0.0125571	6.95	26.3647	3	-1	0.19139	93.8785
0.0126073	6.95	26.3903	4	-1	0.19143	93.8981
0.0126073	6.95	26.3901	1	-1	0.19144	93.903
0.0126575	6.95	26.3821	2	-1	0.19149	93.84
0.0126581	6.95	26.355	3	-1	0.19148	93.8351
0.0127083	6.95	26.3803	4	-1	0.19152	93.8547
0.0127083	6.95	26.3801	1	-1	0.19153	93.8596
0.0127586	6.95	26.3722	2	-1	0.19158	93.7968
0.0127592	6.95	26.3453	3	-1	0.19157	93.7919
0.0128095	6.95	26.3704	4	-1	0.19161	93.8115
0.0128095	6.95	26.3702	1	-1	0.19162	93.8164
0.0128598	6.95	26.3622	2	-1	0.19167	93.7537
0.0128604	6.95	26.3356	3	-1	0.19166	93.7488
0.0129107	6.95	26.3605	4	-1	0.1917	93.7683
0.0129107	6.95	26.3603	1	-1	0.19171	93.7732
0.0129611	6.95	26.3524	2	-1	0.19176	93.7106
0.0129617	6.95	26.326	3	-1	0.19175	93.7057
0.0130121	6.95	26.3506	4	-1	0.19179	93.7253
0.0130121	6.95	26.3504	1	-1	0.1918	93.7301
0.0130624	6.95	26.3424	2	-1	0.19184	93.6627
0.013063	6.95	26.3164	3	-1	0.19183	93.6578
0.0131135	6.95	26.3406	4	-1	0.19187	93.6774
0.0131135	6.95	26.3404	1	-1	0.19188	93.6823
0.0131639	6.95	26.3325	2	-1	0.19193	93.6244
0.0131645	6.95	26.3067	3	-1	0.19192	93.6195
0.013215	6.95	26.3303	4	-1	0.19196	93.639
0.013215	6.95	26.3301	1	-1	0.19197	93.6439
0.0132655	6.95	26.322	2	-1	0.19202	93.577
0.0132661	6.95	26.2962	3	-1	0.19202	93.577
0.0133166	6.95	26.3202	4	-1	0.19206	93.5965
0.0133166	6.95	26.32	1	-1	0.19207	93.6014
0.0133672	6.95	26.312	2	-1	0.19212	93.5346
0.0133677	6.95	26.2867	3	-1	0.1921	93.5248
0.0134183	6.95	26.3101	4	-1	0.19214	93.5443
0.0134183	6.95	26.3099	1	-1	0.19215	93.5492
0.0134689	6.95	26.302	2	-1	0.1922	93.4916
0.0134695	6.95	26.2768	3	-1	0.1922	93.4916
0.0135201	6.95	26.3002	4	-1	0.19223	93.5062
0.0135201	6.95	26.3	1	-1	0.19224	93.511
0.0135708	6.95	26.2921	2	-1	0.19229	93.449
0.0135714	6.95	26.2671	3	-1	0.19228	93.4441
0.013622	6.95	26.2904	4	-1	0.19232	93.4636
0.013622	6.95	26.2902	1	-1	0.19233	93.4684
0.0136727	6.95	26.2823	2	-1	0.19238	93.4065
0.0136733	6.95	26.2576	3	-1	0.19237	93.4016
0.013724	6.95	26.2804	4	-1	0.19241	93.4211
0.013724	6.95	26.2802	1	-1	0.19242	93.4259
0.0137748	6.95	26.272	2	-1	0.19247	93.3595
0.0137753	6.95	26.2474	3	-1	0.19246	93.3547
0.0138261	6.95	26.2701	4	-1	0.1925	93.3741
0.0138261	6.95	26.2699	1	-1	0.19251	93.3789
0.0138769	6.95	26.262	2	-1	0.19256	93.3172
0.0138775	6.95	26.2375	3	-1	0.19255	93.3123
0.0139283	6.95	26.2602	4	-1	0.19259	93.3317
0.0139283	6.95	26.26	1	-1	0.1926	93.3366
0.0139792	6.95	26.2521	2	-1	0.19265	93.2749
0.0139797	6.95	26.2279	3	-1	0.19264	93.2701
0.0140306	6.95	26.2504	4	-1	0.19268	93.2894
0.0140306	6.95	26.2502	1	-1	0.19269	93.2943
0.0140815	6.95	26.2424	2	-1	0.19274	93.2327
0.014082	6.95	26.2185	3	-1	0.19273	93.2279
0.014133	6.95	26.2407	4	-1	0.19277	93.2472
0.014133	6.95	26.2404	1	-1	0.19278	93.2521
0.0141839	6.95	26.2326	2	-1	0.19282	93.1858
0.0141845	6.95	26.209	3	-1	0.19281	93.1809
0.0142354	6.95	26.2305	4	-1	0.19285	93.2003
0.0142354	6.95	26.2303	1	-1	0.19286	93.2051
0.0142864	6.95	26.2223	2	-1	0.19292	93.1486
0.014287	6.95	26.199	3	-1	0.19291	93.1437
0.014338	6.95	26.2205	4	-1	0.19295	93.1631
0.014338	6.95	26.2203	1	-1	0.19296	93.1679
0.0143891	6.95	26.2124	2	-1	0.19301	93.1021
0.0143896	6.95	26.1895	3	-1	0.19299	93.0925
0.0144407	6.95	26.2107	4	-1	0.19304	93.1166
0.0144407	6.95	26.2105	1	-1	0.19305	93.1214
0.0144918	6.95	26.2027	2	-1	0.19309	93.0554
0.0144923	6.95	26.1801	3	-1	0.19308	93.0506
0.0145434	6.95	26.2009	4	-1	0.19312	93.0699
0.0145434	6.95	26.2007	1	-1	0.19313	93.0747
0.0145946	6.95	26.1927	2	-1	0.19318	93.0136
0.0145951	6.95	26.1701	3	-1	0.19318	93.0136
0.0146463	6.95	26.1906	4	-1	0.19321	93.0281
0.0146463	6.95	26.1904	1	-1	0.19322	93.0329
0.0146975	6.95	26.1827	2	-1	0.19327	92.9719
0.014698	6.95	26.1601	3	-1	0.19327	92.9719
0.0147492	6.95	26.1808	4	-1	0.1933	92.9863
0.0147492	6.95	26.1806	1	-1	0.19331	92.9911
0.0148005	6.95	26.1728	2	-1	0.19336	92.9303
0.014801	6.95	26.1505	3	-1	0.19335	92.9255
0.0148523	6.95	26.1711	4	-1	0.19339	92.9447
0.0148523	6.95	26.1709	1	-1	0.1934	92.9495
0.0149035	6.95	26.1632	2	-1	0.19345	92.8887
0.0149041	6.95	26.1411	3	-1	0.19344	92.8839
0.0149554	6.95	26.1612	4	-1	0.19348	92.9031
0.0149554	6.95	26.161	1	-1	0.19349	92.9079
0.0150067	6.95	26.153	2	-1	0.19354	92.8428
0.0150072	6.95	26.1312	3	-1	0.19353	92.838
0.0150586	6.95	26.1512	4	-1	0.19357	92.8571
0.0150586	6.95	26.151	1	-1	0.19358	92.8619
0.01511	6.95	26.1432	2	-1	0.19363	92.8013
0.0151105	6.95	26.1217	3	-1	0.19362	92.7965
0.015162	6.95	26.1415	4	-1	0.19366	92.8157
0.015162	6.95	26.1413	1	-1	0.19367	92.8205
0.0152134	6.95	26.1337	2	-1	0.19372	92.76
0.0152139	6.95	26.1124	3	-1	0.19371	92.7552
0.0152654	6.95	26.1316	4	-1	0.19375	92.7744
0.0152654	6.95	26.1314	1	-1	0.19376	92.7792
0.0153169	6.95	26.1235	2	-1	0.19381	92.7143
0.0153174	6.95	26.1025	3	-1	0.1938	92.7095
0.0153689	6.95	26.1218	4	-1	0.19384	92.7287
0.0153689	6.95	26.1215	1	-1	0.19385	92.7334
0.0154204	6.95	26.1138	2	-1	0.1939	92.6731
0.0154209	6.95	26.0932	3	-1	0.19388	92.6636
0.0154725	6.95	26.1121	4	-1	0.19393	92.6875
0.0154725	6.95	26.1118	1	-1	0.19394	92.6923
0.0155241	6.95	26.104	2	-1	0.19399	92.6276
0.0155246	6.95	26.0837	3	-1	0.19398	92.6228
0.0155762	6.95	26.1019	4	-1	0.19401	92.6372
0.0155762	6.95	26.1016	1	-1	0.19402	92.6419
0.0156279	6.95	26.0941	2	-1	0.19408	92.591
0.0156283	6.95	26.074	3	-1	0.19407	92.5862
0.01568	6.95	26.0923	4	-1	0.19411	92.6053
0.01568	6.95	26.0921	1	-1	0.19412	92.6101
0.0157317	6.95	26.0844	2	-1	0.19417	92.5456
0.0157322	6.95	26.0648	3	-1	0.19415	92.5361
0.0157839	6.95	26.0827	4	-1	0.1942	92.5599
0.0157839	6.95	26.0825	1	-1	0.19421	92.5647
0.0158357	6.95	26.0747	2	-1	0.19425	92.4956
0.0158361	6.95	26.0553	3	-1	0.19424	92.4908
0.0158879	6.95	26.0725	4	-1	0.19428	92.5099
0.0158879	6.95	26.0723	1	-1	0.19429	92.5146
0.0159397	6.95	26.065	2	-1	0.19434	92.4592
0.0159402	6.95	26.0456	3	-1	0.19434	92.4592
0.015992	6.95	26.0629	4	-1	0.19437	92.4735
0.015992	6.95	26.0627	1	-1	0.19438	92.4782
0.0160438	6.95	26.0553	2	-1	0.19443	92.4185
0.0160443	6.95	26.0362	3	-1	0.19442	92.4137
0.0160962	6.95	26.0531	4	-1	0.19446	92.4327
0.0160962	6.95	26.0529	1	-1	0.19447	92.4375
0.0161481	6.95	26.0452	2	-1	0.19452	92.3734
0.0161485	6.95	26.0264	3	-1	0.19451	92.3687
0.0162005	6.95	26.0433	4	-1	0.19455	92.3877
0.0162005	6.95	26.0431	1	-1	0.19456	92.3924
0.0162524	6.95	26.0357	2	-1	0.19461	92.3329
0.0162529	6.95	26.017	3	-1	0.1946	92.3281
0.0163048	6.95	26.0335	4	-1	0.19464	92.3471
0.0163049	6.95	26.0333	1	-1	0.19465	92.3519
0.0163568	6.95	26.0256	2	-1	0.1947	92.288
0.0163573	6.95	26.0072	3	-1	0.19469	92.2833
0.0164093	6.95	26.0237	4	-1	0.19473	92.3022
0.0164093	6.95	26.0235	1	-1	0.19474	92.307
0.0164614	6.95	26.016	2	-1	0.19479	92.2476
0.0164618	6.95	25.9979	3	-1	0.19478	92.2428
0.0165139	6.95	26.0142	4	-1	0.19482	92.2618
0.0165139	6.95	26.014	1	-1	0.19483	92.2665
0.016566	6.95	26.0064	2	-1	0.19488	92.2029
0.0165664	6.95	25.9885	3	-1	0.19487	92.1981
0.0166186	6.95	26.0043	4	-1	0.19491	92.2171
0.0166186	6.95	26.0041	1	-1	0.19492	92.2218
0.0166707	6.95	25.9968	2	-1	0.19497	92.1626
0.0166711	6.95	25.9791	3	-1	0.19496	92.1579
0.0167233	6.95	25.9947	4	-1	0.19499	92.1721
0.0167233	6.95	25.9945	1	-1	0.195	92.1768
0.0167755	6.95	25.9869	2	-1	0.19506	92.1224
0.0167759	6.95	25.9695	3	-1	0.19505	92.1177
0.0168282	6.95	25.9849	4	-1	0.19509	92.1366
0.0168282	6.95	25.9846	1	-1	0.1951	92.1413
0.0168804	6.95	25.9773	2	-1	0.19515	92.0779
0.0168808	6.95	25.9601	3	-1	0.19514	92.0732
0.0169331	6.95	25.9754	4	-1	0.19518	92.0921
0.0169331	6.95	25.9752	1	-1	0.19519	92.0968
0.0169854	6.95	25.9675	2	-1	0.19523	92.0288
0.0169858	6.95	25.9506	3	-1	0.19522	92.0241
0.0170382	6.95	25.9652	4	-1	0.19526	92.043
0.0170382	6.95	25.965	1	-1	0.19527	92.0477
0.0170905	6.95	25.9579	2	-1	0.19532	91.9932
0.0170909	6.95	25.941	3	-1	0.19532	91.9932
0.0171433	6.95	25.9558	4	-1	0.19535	92.0073
0.0171433	6.95	25.9555	1	-1	0.19536	92.0121
0.0171957	6.95	25.9481	2	-1	0.19541	91.949
0.0171961	6.95	25.9312	3	-1	0.19541	91.949
0.0172486	6.95	25.9459	4	-1	0.19544	91.9631
0.0172486	6.95	25.9457	1	-1	0.19545	91.9678
0.017301	6.95	25.9384	2	-1	0.1955	91.9092
0.0173014	6.95	25.9218	3	-1	0.19549	91.9045
0.0173539	6.95	25.9365	4	-1	0.19553	91.9233
0.0173539	6.95	25.9363	1	-1	0.19554	91.928
0.0174064	6.95	25.9288	2	-1	0.19559	91.8651
0.0174068	6.95	25.9124	3	-1	0.19558	91.8604
0.0174593	6.95	25.9266	4	-1	0.19562	91.8792
0.0174593	6.95	25.9264	1	-1	0.19563	91.8839
0.0175119	6.95	25.9193	2	-1	0.19568	91.8254
0.0175123	6.95	25.9031	3	-1	0.19567	91.8207
0.0175649	6.95	25.9168	4	-1	0.19571	91.8395
0.0175649	6.95	25.9166	1	-1	0.19572	91.8442
0.0176175	6.95	25.9093	2	-1	0.19577	91.7815
0.0176178	6.95	25.8934	3	-1	0.19576	91.7768
0.0176705	6.95	25.9073	4	-1	0.1958	91.7956
0.0176705	6.95	25.9071	1	-1	0.19581	91.8003
0.0177231	6.95	25.8999	2	-1	0.19586	91.742
0.0177235	6.95	25.8842	3	-1	0.19585	91.7373
0.0177762	6.95	25.8977	4	-1	0.19589	91.7561
0.0177762	6.95	25.8975	1	-1	0.1959	91.7607
0.0178289	6.95	25.8902	2	-1	0.19595	91.6983
0.0178293	6.95	25.8747	3	-1	0.19594	91.6936
0.017882	6.95	25.8882	4	-1	0.19598	91.7123
0.017882	6.95	25.888	1	-1	0.19599	91.717
0.0179348	6.95	25.8806	2	-1	0.19604	91.6546
0.0179352	6.95	25.8653	3	-1	0.19603	91.6499
0.017988	6.95	25.8783	4	-1	0.19607	91.6686
0.017988	6.95	25.8781	1	-1	0.19608	91.6733
0.0180408	6.95	25.8711	2	-1	0.19613	91.6153
0.0180411	6.95	25.8561	3	-1	0.19612	91.6106
0.018094	6.95	25.8688	4	-1	0.19616	91.6293
0.018094	6.95	25.8686	1	-1	0.19617	91.634
0.0181468	6.95	25.8614	2	-1	0.19622	91.5718
0.0181472	6.95	25.8464	3	-1	0.19621	91.5671
0.0182001	6.95	25.8592	4	-1	0.19625	91.5858
0.0182001	6.95	25.859	1	-1	0.19626	91.5904
0.018253	6.95	25.852	2	-1	0.19631	91.5326
0.0182533	6.95	25.8372	3	-1	0.1963	91.528
0.0183063	6.95	25.8496	4	-1	0.19633	91.5419
0.0183063	6.95	25.8494	1	-1	0.19634	91.5466
0.0183592	6.95	25.8422	2	-1	0.1964	91.4935
0.0183596	6.95	25.8276	3	-1	0.19639	91.4889
0.0184126	6.95	25.8403	4	-1	0.19643	91.5075
0.0184126	6.95	25.8401	1	-1	0.19644	91.5122
0.0184656	6.95	25.8326	2	-1	0.19649	91.446
0.0184659	6.95	25.8185	3	-1	0.19647	91.4367
0.018519	6.95	25.8304	4	-1	0.19652	91.46
0.018519	6.95	25.8302	1	-1	0.19653	91.4646
0.018572	6.95	25.8233	2	-1	0.19657	91.4024
0.0185724	6.95	25.8094	3	-1	0.19656	91.3977
0.0186255	6.95	25.8206	4	-1	0.1966	91.4163
0.0186255	6.95	25.8204	1	-1	0.19661	91.421
0.0186786	6.95	25.8135	2	-1	0.19666	91.3635
0.0186789	6.95	25.7996	3	-1	0.19666	91.3635
0.0187321	6.95	25.8112	4	-1	0.19669	91.3775
0.0187321	6.95	25.811	1	-1	0.1967	91.3821
0.0187852	6.95	25.8039	2	-1	0.19676	91.3251
0.0187856	6.95	25.7904	3	-1	0.19674	91.3159
0.0188388	6.95	25.8016	4	-1	0.19678	91.3344
0.0188388	6.95	25.8014	1	-1	0.19679	91.3391
0.018892	6.95	25.7945	2	-1	0.19685	91.2864
0.0188923	6.95	25.7815	3	-1	0.19683	91.2771
0.0189456	6.95	25.7921	4	-1	0.19687	91.2957
0.0189456	6.95	25.7919	1	-1	0.19688	91.3003
0.0189988	6.95	25.7848	2	-1	0.19694	91.2435
0.0189992	6.95	25.7722	3	-1	0.19692	91.2342
0.0190525	6.95	25.7829	1	-1	0.19697	91.2574
0.0190525	6.95	25.7829	4	-1	0.19697	91.2574
0.0191058	6.95	25.7755	2	-1	0.19703	91.2007
0.0191061	6.95	25.7633	3	-1	0.19701	91.1914
0.0191594	6.95	25.7733	1	-1	0.19706	91.2146
0.0191594	6.95	25.7733	4	-1	0.19706	91.2146
0.0192128	6.95	25.7663	2	-1	0.19711	91.1576
0.0192131	6.95	25.7543	3	-1	0.1971	91.1529
0.0192665	6.95	25.7638	4	-1	0.19714	91.1714
0.0192665	6.95	25.7636	1	-1	0.19715	91.1761
0.0193199	6.95	25.7566	2	-1	0.19721	91.1195
0.0193202	6.95	25.7452	3	-1	0.19718	91.1057
0.0193737	6.95	25.7545	1	-1	0.19724	91.1334
0.0193737	6.95	25.7545	4	-1	0.19724	91.1334
0.0194272	6.95	25.7473	2	-1	0.19729	91.0723
0.0194274	6.95	25.7363	3	-1	0.19727	91.0631
0.019481	6.95	25.7447	4	-1	0.19732	91.0862
0.019481	6.95	25.7445	1	-1	0.19733	91.0908
0.0195345	6.95	25.7378	2	-1	0.19738	91.0298
0.0195348	6.95	25.727	3	-1	0.19737	91.0252
0.0195883	6.95	25.7349	4	-1	0.19741	91.0437
0.0195883	6.95	25.7347	1	-1	0.19742	91.0483
0.0196419	6.95	25.7284	2	-1	0.19747	90.9916
0.0196422	6.95	25.7179	3	-1	0.19746	90.987
0.0196958	6.95	25.7254	4	-1	0.1975	91.0054
0.0196958	6.95	25.7252	1	-1	0.19751	91.01
0.0197494	6.95	25.7187	2	-1	0.19756	90.9493
0.0197497	6.95	25.7084	3	-1	0.19755	90.9447
0.0198034	6.95	25.7162	4	-1	0.19759	90.9631
0.0198034	6.95	25.716	1	-1	0.1976	90.9677
0.0198571	6.95	25.7093	2	-1	0.19765	90.907
0.0198573	6.95	25.6994	3	-1	0.19763	90.8978
0.019911	6.95	25.7066	4	-1	0.19768	90.9208
0.019911	6.95	25.7064	1	-1	0.19769	90.9254
0.0199648	6.95	25.6999	2	-1	0.19773	90.8602
0.019965	6.95	25.69	3	-1	0.19773	90.8602
0.0200188	6.95	25.6967	4	-1	0.19776	90.874
0.0200188	6.95	25.6965	1	-1	0.19777	90.8786
0.0200726	6.95	25.6906	2	-1	0.19782	90.8264
0.0200728	6.95	25.6807	3	-1	0.19782	90.8264
0.0201267	6.95	25.6874	4	-1	0.19785	90.8402
0.0201267	6.95	25.6872	1	-1	0.19786	90.8448
0.0201805	6.95	25.6809	2	-1	0.19792	90.789
0.0201808	6.95	25.6712	3	-1	0.19791	90.7844
0.0202346	6.95	25.6782	4	-1	0.19795	90.8028
0.0202346	6.95	25.678	1	-1	0.19796	90.8073
0.0202885	6.95	25.6712	2	-1	0.19801	90.7429
0.0202888	6.95	25.662	3	-1	0.19799	90.7337
0.0203427	6.95	25.6689	1	-1	0.19804	90.7566
0.0203427	6.95	25.6689	4	-1	0.19804	90.7566
0.0203966	6.95	25.6622	2	-1	0.1981	90.7051
0.0203969	6.95	25.6533	3	-1	0.19808	90.696
0.0204508	6.95	25.6594	4	-1	0.19813	90.7189
0.0204508	6.95	25.6592	1	-1	0.19814	90.7234
0.0205048	6.95	25.6528	2	-1	0.19818	90.6546
0.020505	6.95	25.6441	3	-1	0.19817	90.65
0.0205591	6.95	25.6496	4	-1	0.19821	90.6683
0.0205591	6.95	25.6494	1	-1	0.19822	90.6729
0.0206131	6.95	25.6436	2	-1	0.19827	90.6211
0.0206134	6.95	25.6349	3	-1	0.19827	90.6211
0.0206674	6.95	25.6402	4	-1	0.1983	90.6349
0.0206674	6.95	25.6401	1	-1	0.19831	90.6394
0.0207215	6.95	25.6339	2	-1	0.19836	90.5795
0.0207218	6.95	25.6253	3	-1	0.19836	90.5795
0.0207759	6.95	25.6311	4	-1	0.1984	90.5977
0.0207759	6.95	25.6309	1	-1	0.19841	90.6023
0.02083	6.95	25.6244	2	-1	0.19846	90.5383
0.0208302	6.95	25.6162	3	-1	0.19844	90.5292
0.0208844	6.95	25.6216	1	-1	0.19849	90.552
0.0208844	6.95	25.6216	4	-1	0.19849	90.552
0.0209386	6.95	25.6152	2	-1	0.19855	90.5009
0.0209388	6.95	25.6074	3	-1	0.19853	90.4918
0.0209931	6.95	25.6125	1	-1	0.19858	90.5146
0.0209931	6.95	25.6125	4	-1	0.19858	90.5146
0.0210473	6.95	25.606	2	-1	0.19864	90.4595
0.0210475	6.95	25.5986	3	-1	0.19862	90.4504
0.0211018	6.95	25.6032	1	-1	0.19867	90.4732
0.0211018	6.95	25.6032	4	-1	0.19867	90.4732
0.0211561	6.95	25.5967	2	-1	0.19872	90.4136
0.0211563	6.95	25.5897	3	-1	0.1987	90.4045
0.0212106	6.95	25.5935	4	-1	0.19875	90.4272
0.0212107	6.95	25.5934	1	-1	0.19876	90.4318
0.021265	6.95	25.5872	2	-1	0.19881	90.3723
0.0212652	6.95	25.5804	3	-1	0.1988	90.3677
0.0213196	6.95	25.5838	4	-1	0.19884	90.3859
0.0213196	6.95	25.5836	1	-1	0.19885	90.3905
0.021374	6.95	25.5779	2	-1	0.1989	90.3311
0.0213742	6.95	25.5711	3	-1	0.1989	90.3311
0.0214286	6.95	25.5743	4	-1	0.19893	90.3447
0.0214286	6.95	25.5742	1	-1	0.19894	90.3492
0.0214831	6.95	25.5686	2	-1	0.19899	90.294
0.0214833	6.95	25.562	3	-1	0.19898	90.2895
0.0215378	6.95	25.5652	4	-1	0.19902	90.3077
0.0215378	6.95	25.5651	1	-1	0.19903	90.3122
0.0215923	6.95	25.5592	2	-1	0.19908	90.253
0.0215924	6.95	25.5528	3	-1	0.19907	90.2484
0.021647	6.95	25.556	4	-1	0.19911	90.2666
0.021647	6.95	25.5558	1	-1	0.19912	90.2711
0.0217016	6.95	25.5498	2	-1	0.19917	90.212
0.0217017	6.95	25.5438	3	-1	0.19915	90.2029
0.0217563	6.95	25.5467	1	-1	0.19921	90.2301
0.0217563	6.95	25.5467	4	-1	0.19921	90.2301
0.0218109	6.95	25.5407	2	-1	0.19926	90.1711
0.0218111	6.95	25.5351	3	-1	0.19924	90.162
0.0218657	6.95	25.5372	4	-1	0.19929	90.1846
0.0218658	6.95	25.5371	1	-1	0.1993	90.1892
0.0219204	6.95	25.5314	2	-1	0.19935	90.1302
0.0219206	6.95	25.5259	3	-1	0.19934	90.1257
0.0219753	6.95	25.5279	4	-1	0.19938	90.1438
0.0219753	6.95	25.5277	1	-1	0.19939	90.1483
0.02203	6.95	25.5219	2	-1	0.19944	90.0894
0.0220302	6.95	25.5167	3	-1	0.19943	90.0849
0.0220849	6.95	25.5186	4	-1	0.19947	90.103
0.0220849	6.95	25.5184	1	-1	0.19948	90.1075
0.0221397	6.95	25.5126	2	-1	0.19954	90.0533
0.0221398	6.95	25.508	3	-1	0.19951	90.0397
0.0221946	6.95	25.5094	1	-1	0.19957	90.0668
0.0221946	6.95	25.5094	4	-1	0.19957	90.0668
0.0222495	6.95	25.5036	2	-1	0.19963	90.0126
0.0222496	6.95	25.4995	3	-1	0.1996	89.9991
0.0223045	6.95	25.5001	1	-1	0.19965	90.0216
0.0223045	6.95	25.4999	4	-1	0.19966	90.0262
0.0223594	6.95	25.4943	2	-1	0.19972	89.9761
0.0223595	6.95	25.4908	3	-1	0.19969	89.9626
0.0224144	6.95	25.4909	1	-1	0.19974	89.9851
0.0224144	6.95	25.4905	4	-1	0.19975	89.9896
0.0224694	6.95	25.4851	2	-1	0.19981	89.9356
0.0224694	6.95	25.4823	3	-1	0.19977	89.9176
0.0225244	6.95	25.4816	1	-1	0.19983	89.9446
0.0225244	6.95	25.4811	4	-1	0.19984	89.9491
0.0225794	6.95	25.4759	2	-1	0.1999	89.8952
0.0225795	6.95	25.4739	3	-1	0.19986	89.8772
0.0226345	6.95	25.4722	1	-1	0.19991	89.8997
0.0226345	6.95	25.4712	4	-1	0.19993	89.9087
0.0226896	6.95	25.4668	2	-1	0.19999	89.8589
0.0226897	6.95	25.4655	3	-1	0.19995	89.8409
0.0227447	6.95	25.4629	1	-1	0.2	89.8634
0.0227448	6.95	25.4614	4	-1	0.20003	89.8769
0.0227999	6.95	25.4576	2	-1	0.20008	89.8186
0.0227999	6.95	25.4571	3	-1	0.20004	89.8007
0.022855	6.95	25.4536	1	-1	0.20009	89.8231
0.0228551	6.95	25.4515	4	-1	0.20012	89.8366
0.0229103	6.95	25.4484	3	-1	0.20012	89.756
0.0229103	6.95	25.4482	2	-1	0.20016	89.774
0.0229654	6.95	25.444	1	-1	0.20018	89.7829
0.0229655	6.95	25.4414	4	-1	0.20021	89.7964
0.0230207	6.95	25.4391	3	-1	0.20022	89.7204
0.0230207	6.95	25.4389	2	-1	0.20023	89.7249
0.023076	6.95	25.4344	1	-1	0.20028	89.7473
0.023076	6.95	25.4315	4	-1	0.2003	89.7562
0.0231313	6.95	25.43	3	-1	0.20031	89.6763
0.0231313	6.95	25.4298	2	-1	0.20032	89.6808
0.0231866	6.95	25.4249	1	-1	0.20037	89.7032
0.0231867	6.95	25.4218	4	-1	0.20038	89.7077
0.023242	6.95	25.421	3	-1	0.20041	89.6408
0.023242	6.95	25.4208	2	-1	0.20042	89.6453
0.0232973	6.95	25.4157	1	-1	0.20046	89.6632
0.0232974	6.95	25.4126	4	-1	0.20046	89.6632
0.0233527	6.95	25.4117	3	-1	0.2005	89.6009
0.0233527	6.95	25.4115	2	-1	0.20051	89.6054
0.0234081	6.95	25.4069	1	-1	0.20055	89.6233
0.0234082	6.95	25.4036	4	-1	0.20056	89.6277
0.0234636	6.95	25.4021	3	-1	0.20057	89.5522
0.0234636	6.95	25.4019	2	-1	0.20058	89.5566
0.023519	6.95	25.3975	1	-1	0.20063	89.579
0.0235191	6.95	25.3936	4	-1	0.20066	89.5924
0.0235745	6.95	25.393	3	-1	0.20067	89.5169
0.0235746	6.95	25.3928	2	-1	0.20068	89.5213
0.02363	6.95	25.3877	1	-1	0.20074	89.5481
0.0236301	6.95	25.384	4	-1	0.20073	89.5436
0.0236856	6.95	25.3843	3	-1	0.20077	89.4737
0.0236856	6.95	25.3841	2	-1	0.20078	89.4781
0.0237411	6.95	25.3784	1	-1	0.20084	89.5049
0.0237412	6.95	25.3754	4	-1	0.20081	89.4915
0.0237968	6.95	25.3752	2	-1	0.20086	89.4301
0.0237968	6.95	25.375	3	-1	0.20087	89.4346
0.0238524	6.95	25.3697	1	-1	0.20092	89.4568
0.0238524	6.95	25.367	4	-1	0.2009	89.4479
0.023908	6.95	25.366	2	-1	0.20096	89.399
0.023908	6.95	25.366	3	-1	0.20095	89.3945
0.0239637	6.95	25.3608	1	-1	0.20101	89.4212
0.0239637	6.95	25.3585	4	-1	0.20099	89.4123
0.0240194	6.95	25.357	3	-1	0.20104	89.3551
0.0240194	6.95	25.3568	2	-1	0.20105	89.3595
0.0240751	6.95	25.3514	1	-1	0.2011	89.3818
0.0240751	6.95	25.3495	4	-1	0.20108	89.3729
0.0241309	6.95	25.3475	3	-1	0.20113	89.3157
0.0241309	6.95	25.3473	2	-1	0.20114	89.3201
0.0241866	6.95	25.3424	1	-1	0.20118	89.3379
0.0241866	6.95	25.3405	4	-1	0.20118	89.3379
0.0242424	6.95	25.3379	3	-1	0.20121	89.2759
0.0242424	6.95	25.3377	2	-1	0.20122	89.2803
0.0242982	6.95	25.3334	1	-1	0.20127	89.3025
0.0242983	6.95	25.3313	4	-1	0.20128	89.3069
0.0243541	6.95	25.3286	3	-1	0.2013	89.2327
0.0243541	6.95	25.3284	2	-1	0.20131	89.2371
0.0244099	6.95	25.3237	1	-1	0.20136	89.2593
0.02441	6.95	25.3216	4	-1	0.20136	89.2593
0.0244658	6.95	25.3199	3	-1	0.2014	89.1979
0.0244658	6.95	25.3197	2	-1	0.20141	89.2024
0.0245217	6.95	25.3146	1	-1	0.20147	89.2289
0.0245218	6.95	25.313	4	-1	0.20144	89.2156
0.0245777	6.95	25.311	2	-1	0.20149	89.1509
0.0245777	6.95	25.3108	3	-1	0.2015	89.1553
0.0246336	6.95	25.3058	1	-1	0.20155	89.1775
0.0246337	6.95	25.3048	4	-1	0.20152	89.1642
0.0246896	6.95	25.3019	2	-1	0.20158	89.1158
0.0246897	6.95	25.3017	3	-1	0.20158	89.1158
0.0247457	6.95	25.2968	1	-1	0.20164	89.1424
0.0247457	6.95	25.2961	4	-1	0.20162	89.1335
0.0248017	6.95	25.2927	2	-1	0.20168	89.0813
0.0248017	6.95	25.2927	3	-1	0.20167	89.0769
0.0248578	6.95	25.2879	1	-1	0.20172	89.0989
0.0248578	6.95	25.2874	4	-1	0.20171	89.0945
0.0249139	6.95	25.2832	3	-1	0.20176	89.038
0.0249139	6.95	25.283	2	-1	0.20177	89.0424
0.02497	6.95	25.2787	1	-1	0.20181	89.06
0.02497	6.95	25.2782	4	-1	0.20181	89.06
0.0250261	6.95	25.2739	3	-1	0.20184	88.9947
0.0250261	6.95	25.2737	2	-1	0.20185	88.9991
0.0250823	6.95	25.2694	1	-1	0.2019	89.0212
0.0250823	6.95	25.2689	4	-1	0.2019	89.0212
0.0251385	6.95	25.2652	3	-1	0.20194	88.9604
0.0251385	6.95	25.265	2	-1	0.20195	88.9648
0.0251947	6.95	25.2601	1	-1	0.202	88.9868
0.0251947	6.95	25.26	4	-1	0.20198	88.978
0.0252509	6.95	25.256	3	-1	0.20203	88.9177
0.025251	6.95	25.2559	2	-1	0.20204	88.9221
0.0253072	6.95	25.2514	4	-1	0.20207	88.9353
0.0253072	6.95	25.2512	1	-1	0.20209	88.9441
0.0253635	6.95	25.2465	3	-1	0.20211	88.8747
0.0253635	6.95	25.2463	2	-1	0.20212	88.8791
0.0254198	6.95	25.2425	1	-1	0.20217	88.9011
0.0254198	6.95	25.2425	4	-1	0.20217	88.9011
0.0254762	6.95	25.2374	3	-1	0.2022	88.8362
0.0254762	6.95	25.2372	2	-1	0.20221	88.8406
0.0255325	6.95	25.2331	1	-1	0.20226	88.8625
0.0255325	6.95	25.2331	4	-1	0.20226	88.8625
0.0255889	6.95	25.2289	3	-1	0.2023	88.8021
0.0255889	6.95	25.2287	2	-1	0.20231	88.8065
0.0256453	6.95	25.2235	4	-1	0.20233	88.8152
0.0256453	6.95	25.2233	1	-1	0.20234	88.8196
0.0257018	6.95	25.2194	2	-1	0.20239	88.7675
0.0257018	6.95	25.2193	3	-1	0.2024	88.7719
0.0257582	6.95	25.2151	4	-1	0.20243	88.7851
0.0257583	6.95	25.2149	1	-1	0.20244	88.7895
0.0258147	6.95	25.2097	3	-1	0.20247	88.717
0.0258148	6.95	25.2095	2	-1	0.20249	88.7258
0.0258713	6.95	25.2061	1	-1	0.20252	88.7389
0.0258713	6.95	25.2057	4	-1	0.20254	88.7477
0.0259278	6.95	25.2008	3	-1	0.20255	88.6783
0.0259278	6.95	25.2006	2	-1	0.20256	88.6826
0.0259844	6.95	25.1963	1	-1	0.20262	88.7089
0.0259844	6.95	25.196	4	-1	0.20262	88.7089
0.026041	6.95	25.1925	3	-1	0.20266	88.6449
0.026041	6.95	25.1923	2	-1	0.20267	88.6493
0.0260976	6.95	25.1872	4	-1	0.20269	88.658
0.0260976	6.95	25.187	1	-1	0.20272	88.6712
0.0261542	6.95	25.1831	2	-1	0.20275	88.599
0.0261542	6.95	25.1829	3	-1	0.20276	88.6034
0.0262109	6.95	25.1785	4	-1	0.20279	88.6165
0.0262109	6.95	25.1783	1	-1	0.2028	88.6209
0.0262676	6.95	25.1741	2	-1	0.20285	88.5692
0.0262676	6.95	25.1741	3	-1	0.20284	88.5648
0.0263243	6.95	25.1694	4	-1	0.20288	88.5823
0.0263243	6.95	25.1693	1	-1	0.20289	88.5866
0.0263811	6.95	25.1649	3	-1	0.20293	88.5268
0.0263811	6.95	25.1648	2	-1	0.20294	88.5312
0.0264378	6.95	25.1605	4	-1	0.20297	88.5443
0.0264378	6.95	25.1603	1	-1	0.20298	88.5486
0.0264946	6.95	25.1555	3	-1	0.20301	88.4806
0.0264946	6.95	25.1553	2	-1	0.20302	88.485
0.0265514	6.95	25.1515	1	-1	0.20307	88.5068
0.0265514	6.95	25.1515	4	-1	0.20307	88.5068
0.0266083	6.95	25.1469	3	-1	0.2031	88.4428
0.0266083	6.95	25.1467	2	-1	0.20311	88.4471
0.0266652	6.95	25.142	4	-1	0.20315	88.4646
0.0266652	6.95	25.1418	1	-1	0.20316	88.4689
0.0267221	6.95	25.1382	2	-1	0.20321	88.4137
0.0267221	6.95	25.1382	3	-1	0.20321	88.4137
0.026779	6.95	25.1332	4	-1	0.20323	88.4224
0.026779	6.95	25.133	1	-1	0.20324	88.4267
0.0268359	6.95	25.1287	3	-1	0.20329	88.3716
0.0268359	6.95	25.1285	2	-1	0.2033	88.3759
0.0268929	6.95	25.1248	1	-1	0.20334	88.3933
0.0268929	6.95	25.1248	4	-1	0.20334	88.3933
0.0269499	6.95	25.1194	3	-1	0.20336	88.3214
0.0269499	6.95	25.1193	2	-1	0.20337	88.3257
0.0270069	6.95	25.1156	1	-1	0.20342	88.3474
0.0270069	6.95	25.1152	4	-1	0.20344	88.3561
0.027064	6.95	25.1106	3	-1	0.20346	88.2881
0.027064	6.95	25.1105	2	-1	0.20347	88.2925
0.027121	6.95	25.106	1	-1	0.20353	88.3185
0.027121	6.95	25.106	4	-1	0.20351	88.3098
0.0271781	6.95	25.1025	2	-1	0.20356	88.2473
0.0271781	6.95	25.1024	3	-1	0.20357	88.2516
0.0272352	6.95	25.0965	4	-1	0.20358	88.256
0.0272352	6.95	25.0964	1	-1	0.20359	88.2603
0.0272924	6.95	25.0931	2	-1	0.20365	88.2213
0.0272924	6.95	25.0926	3	-1	0.20367	88.2299
0.0273496	6.95	25.0886	4	-1	0.20368	88.2343
0.0273496	6.95	25.0885	1	-1	0.20369	88.2386
0.0274068	6.95	25.0831	3	-1	0.20373	88.1719
0.0274068	6.95	25.0829	2	-1	0.20377	88.1892
0.027464	6.95	25.0803	1	-1	0.20377	88.1892
0.027464	6.95	25.0796	4	-1	0.20381	88.2065
0.0275212	6.95	25.0732	3	-1	0.20379	88.1254
0.0275212	6.95	25.0731	2	-1	0.2038	88.1297
0.0275785	6.95	25.0706	1	-1	0.20385	88.1514
0.0275785	6.95	25.0688	4	-1	0.20392	88.1816
0.0276358	6.95	25.0654	3	-1	0.20389	88.0925
0.0276358	6.95	25.0652	2	-1	0.2039	88.0968
0.0276931	6.95	25.0601	1	-1	0.20399	88.1357
0.0276932	6.95	25.0587	4	-1	0.20396	88.1227
0.0277505	6.95	25.0585	2	-1	0.20398	88.0363
0.0277505	6.95	25.0575	3	-1	0.20404	88.0621
0.0278079	6.95	25.0504	4	-1	0.20399	88.0406
0.0278079	6.95	25.0502	1	-1	0.20408	88.0794
0.0278652	6.95	25.0487	2	-1	0.20406	87.991
0.0278653	6.95	25.046	3	-1	0.20416	88.0342
0.0279227	6.95	25.0423	4	-1	0.20409	88.004
0.0279227	6.95	25.0421	1	-1	0.2041	88.0083
0.0279801	6.95	25.0375	2	-1	0.2042	88.0021
0.0279802	6.95	25.0347	3	-1	0.20421	88.0064
0.0280376	6.95	25.0361	1	-1	0.20421	88.0064
0.0280376	6.95	25.0354	4	-1	0.20425	88.0236
0.0280951	6.95	25.0275	2	-1	0.20437	87.9881
0.0280951	6.95	25.0273	3	-1	0.20421	87.9192
0.0281526	6.95	25.0276	1	-1	0.20425	87.9365
0.0281527	6.95	25.0244	4	-1	0.2044	88.001
0.0282102	6.95	25.0184	3	-1	0.20428	87.8926
0.0282102	6.95	25.0183	2	-1	0.2043	87.9012
0.0282677	6.95	25.0155	1	-1	0.20439	87.9399
0.0282678	6.95	25.0108	4	-1	0.20448	87.9787
0.0283253	6.95	25.0133	3	-1	0.20444	87.8632
0.0283253	6.95	25.0131	2	-1	0.20445	87.8675
0.028383	6.95	25.004	1	-1	0.2046	87.9319
0.028383	6.95	25.0019	4	-1	0.20445	87.8675
0.0284406	6.95	25.0065	2	-1	0.20445	87.7468
0.0284407	6.95	25.0032	3	-1	0.20465	87.8326
0.0284983	6.95	24.9945	4	-1	0.20446	87.7511
0.0284983	6.95	24.9944	1	-1	0.2046	87.8112
0.0285559	6.95	24.9943	2	-1	0.20456	87.7488
0.0285561	6.95	24.9878	3	-1	0.20475	87.8303
0.0286137	6.95	24.989	4	-1	0.20462	87.7745
0.0286137	6.95	24.9888	1	-1	0.20463	87.7788
0.0286714	6.95	24.9808	2	-1	0.20479	87.7947
0.0286716	6.95	24.9756	3	-1	0.20472	87.7647
0.0287292	6.95	24.9845	1	-1	0.20468	87.7476
0.0287293	6.95	24.9815	4	-1	0.20486	87.8247
0.0287871	6.95	24.9712	3	-1	0.20466	87.6751
0.0287871	6.95	24.971	2	-1	0.20499	87.8165
0.0288448	6.95	24.9744	1	-1	0.20472	87.7008
0.028845	6.95	24.9663	4	-1	0.20503	87.8336
0.0289027	6.95	24.9627	2	-1	0.20476	87.6616
0.0289605	6.95	24.9593	1	-1	0.20493	87.7344
0.0289608	6.95	24.9493	4	-1	0.20505	87.7858
0.0290185	6.95	24.9613	3	-1	0.20501	87.6448
0.0290764	6.95	24.9461	1	-1	0.20524	87.7431
0.0290766	6.95	24.9417	4	-1	0.2049	87.5978
0.0291924	6.95	24.9373	1	-1	0.20516	87.548
0.0292502	6.95	24.94	2	-1	0.20503	87.4813
0.0293084	6.95	24.9359	4	-1	0.20511	87.5155
0.0293084	6.95	24.9357	1	-1	0.20512	87.5197
0.0293664	6.95	24.9225	2	-1	0.2054	87.6093
0.0293667	6.95	24.9118	3	-1	0.20523	87.5368
0.0294244	6.95	24.9341	1	-1	0.20511	87.4856
0.0294827	6.95	24.9128	2	-1	0.20569	87.6956
0.0295405	6.95	24.9234	1	-1	0.20509	87.4398
0.0295989	6.95	24.905	2	-1	0.20517	87.4366
0.0296568	6.95	24.9017	1	-1	0.20542	87.5431
0.0296575	6.95	24.8811	4	-1	0.20569	87.6582
0.0297153	6.95	24.9098	3	-1	0.20555	87.4309
0.0300066	6.95	24.8807	1	-1	0.20552	87.1919
0.0300655	6.95	24.8349	3	-1	0.20577	87.3572
0.0301232	6.95	24.8869	1	-1	0.20543	87.2129
0.0301819	6.95	24.8468	2	-1	0.20655	87.6809
0.0302397	6.95	24.8756	1	-1	0.20526	87.1333
0.0302986	6.95	24.8425	2	-1	0.20558	87.2877
0.0303566	6.95	24.8419	1	-1	0.2058	87.3811
0.0304156	6.95	24.8615	3	-1	0.20604	87.2385
0.0307084	6.95	24.8206	1	-1	0.20569	86.6173
0.0307681	6.95	24.7403	3	-1	0.20646	87.3276
0.0309423	6.95	24.8331	1	-1	0.20517	86.705
0.0311194	6.95	24.8071	2	-1	0.20623	87.0426
0.0315318	6.95	24.7839	4	-1	0.20689	86.8848
0.0318876	6.95	24.6303	4	-1	0.20734	87.1799
0.0321226	6.95	24.6937	1	-1	0.20804	86.6761
0.0321819	6.95	24.7095	2	-1	0.20714	86.2437
0.0322413	6.95	24.7083	1	-1	0.20755	86.4144
0.0322423	6.95	24.6757	4	-1	0.20727	86.2978
0.0323598	6.95	24.7088	1	-1	0.20712	86.3684
0.0324784	6.95	24.6931	1	-1	0.20717	86.501
0.0325388	6.95	24.6887	2	-1	0.20804	86.8027
0.0325993	6.95	24.6072	4	-1	0.20788	86.7359
0.0326578	6.95	24.6899	3	-1	0.20773	86.4533
0.0328358	6.95	24.6451	1	-1	0.20841	86.5023
0.0328956	6.95	24.6679	2	-1	0.20767	86.0737
0.0329552	6.95	24.6492	1	-1	0.20828	86.3265
0.0330157	6.95	24.6252	3	-1	0.2081	86.2555
0.0330745	6.95	24.6508	1	-1	0.20803	86.2265
0.0330755	6.95	24.6201	4	-1	0.20814	86.2721
0.0331938	6.95	24.6427	1	-1	0.20795	86.2398
0.0332541	6.95	24.6342	2	-1	0.20853	86.466
0.0333133	6.95	24.6265	1	-1	0.20818	86.3209
0.0333147	6.95	24.5845	4	-1	0.20845	86.4328
0.0333738	6.95	24.6327	3	-1	0.2082	86.2076
0.0334343	6.95	24.5719	4	-1	0.20826	86.2325
0.033553	6.95	24.5992	1	-1	0.20887	86.3028
0.033613	6.95	24.6203	2	-1	0.20819	85.8728
0.033673	6.95	24.5985	1	-1	0.20891	86.1698
0.0337328	6.95	24.603	2	-1	0.20845	85.9233
0.0337336	6.95	24.5789	3	-1	0.20881	86.0717
0.033793	6.95	24.6006	1	-1	0.20875	86.047
0.0337934	6.95	24.5889	4	-1	0.20849	85.9398
0.0338536	6.95	24.5651	3	-1	0.20863	86.0117
0.033913	6.95	24.5975	1	-1	0.20858	85.9911
0.0339135	6.95	24.5815	4	-1	0.20886	86.1065
0.0339731	6.95	24.5772	2	-1	0.20909	86.2191
0.0340331	6.95	24.5863	1	-1	0.20862	86.0253
0.0340935	6.95	24.5762	2	-1	0.2091	86.1664
0.0341533	6.95	24.569	1	-1	0.2089	86.084
0.0341541	6.95	24.5446	4	-1	0.20901	86.1293
0.034214	6.95	24.5708	3	-1	0.20895	85.9594
0.0342738	6.95	24.5534	1	-1	0.20929	86.0992
0.0343945	6.95	24.5467	1	-1	0.20953	86.0175
0.0344544	6.95	24.5581	2	-1	0.20882	85.5995
0.0345151	6.95	24.5446	1	-1	0.20918	85.7471
0.034575	6.95	24.5353	2	-1	0.20921	85.8403
0.034576	6.95	24.5079	3	-1	0.20941	85.9224
0.0346357	6.95	24.5525	1	-1	0.20915	85.8157
0.0346358	6.95	24.55	4	-1	0.20932	85.8854
0.0347562	6.95	24.5508	1	-1	0.20874	85.6158
0.0349377	6.95	24.5139	2	-1	0.20901	85.7442
0.0349992	6.95	24.4475	4	-1	0.20958	85.978
0.0352397	6.95	24.437	1	-1	0.20756	84.4701
0.035663	6.95	24.4767	2	-1	0.20806	86.3785
0.0359667	6.95	24.388	1	-1	0.20974	85.1978
0.0361455	6.95	23.8246	2	-1	0.19406	75.8936
0.0362651	6.95	24.0968	2	-1	0.20545	92.8168
0.0365608	6.95	23.5746	3	-1	0.03634	15.8282
0.036686	6.95	24.7667	4	-1	0.21649	86.1686
0.0370754	6.95	23.4841	3	-1	0.18408	71.6571
0.0373442	6.95	23.9082	1	-1	0.22671	218.074
0.0373895	6.95	23.8824	2	-1	0.10359	35.504
0.0377986	6.95	22.8458	4	-1	0.02257	25.9217
0.0381626	6.95	22.481	4	-1	0.15853	93.0395
0.0392023	6.95	22.493	4	-1	0.19349	226.808
0.0398061	6.95	22.9231	2	-1	0.22287	101.911
0.0398988	6.95	25.6396	3	-1	0.14733	67.3693
0.0401426	6.95	22.7124	3	-1	0.17275	69.767
0.0421529	6.95	33.9041	2	-1	0.07094	62.5242
