0.00119881	6.25	22.4254	3	-1	0.24144	84.3105
0.00125325	6.25	23.3031	4	-1	0.2242	78.2903
0.00130597	6.25	23.8499	3	-1	0.21528	95.4763
0.00135787	6.25	24.201	4	-1	0.2101	93.179
0.00140906	6.25	24.426	3	-1	0.20695	97.8672
0.00146	6.25	24.5734	4	-1	0.20497	96.9309
0.0015106	6.25	24.6669	3	-1	0.20373	98.6825
0.00156119	6.25	24.7283	1	-1	0.20294	98.2998
0.00161156	6.25	24.766	3	-1	0.20243	98.9829
0.00166201	6.25	24.7906	1	-1	0.20212	98.8314
0.00171231	6.25	24.8038	3	-1	0.20193	99.0873
0.00176274	6.25	24.8128	4	-1	0.20181	99.0284
0.00176274	6.25	24.8125	1	-1	0.20182	99.0333
0.00181301	6.25	24.8162	2	-1	0.20175	99.0962
0.00181304	6.25	24.8148	3	-1	0.20176	99.1011
0.00186347	6.25	24.8169	4	-1	0.20173	99.0864
0.00186348	6.25	24.8166	1	-1	0.20174	99.0913
0.00191377	6.25	24.8157	2	-1	0.20173	99.0767
0.0019138	6.25	24.814	3	-1	0.20174	99.0816
0.00196427	6.25	24.8132	4	-1	0.20175	99.0865
0.00196427	6.25	24.813	1	-1	0.20176	99.0914
0.0020146	6.25	24.81	2	-1	0.20178	99.0429
0.00201464	6.25	24.808	3	-1	0.20179	99.0478
0.00206515	6.25	24.8061	4	-1	0.20182	99.0625
0.00206516	6.25	24.8059	1	-1	0.20183	99.0674
0.00211552	6.25	24.802	2	-1	0.20186	98.9995
0.00211556	6.25	24.7998	3	-1	0.20187	99.0044
0.00216612	6.25	24.7975	4	-1	0.2019	99.0191
0.00216613	6.25	24.7973	1	-1	0.20191	99.024
0.00221653	6.25	24.793	2	-1	0.20194	98.9514
0.00221658	6.25	24.7906	3	-1	0.20195	98.9563
0.00226719	6.25	24.7883	4	-1	0.20199	98.9759
0.00226719	6.25	24.788	1	-1	0.202	98.9808
0.00231764	6.25	24.7836	2	-1	0.20204	98.9083
0.00231769	6.25	24.781	3	-1	0.20205	98.9132
0.00236834	6.25	24.7788	4	-1	0.20208	98.9279
0.00236835	6.25	24.7785	1	-1	0.20209	98.9328
0.00241884	6.25	24.774	2	-1	0.20213	98.8604
0.0024189	6.25	24.7711	3	-1	0.20214	98.8653
0.0024696	6.25	24.7688	4	-1	0.20218	98.8849
0.00246961	6.25	24.7686	1	-1	0.20219	98.8898
0.00252015	6.25	24.7638	2	-1	0.20223	98.8078
0.00252021	6.25	24.7605	3	-1	0.20225	98.8176
0.00257096	6.25	24.7588	4	-1	0.20228	98.8323
0.00257097	6.25	24.7585	1	-1	0.20229	98.8372
0.00262155	6.25	24.7539	2	-1	0.20233	98.7602
0.00262163	6.25	24.7501	3	-1	0.20235	98.77
0.00267242	6.25	24.7489	4	-1	0.20238	98.7846
0.00267243	6.25	24.7487	1	-1	0.20239	98.7895
0.00272306	6.25	24.7441	2	-1	0.20243	98.7126
0.00272314	6.25	24.7398	3	-1	0.20245	98.7224
0.00277398	6.25	24.7392	4	-1	0.20248	98.737
0.00277399	6.25	24.739	1	-1	0.20249	98.7419
0.00282466	6.25	24.7344	2	-1	0.20253	98.6652
0.00282475	6.25	24.7299	3	-1	0.20254	98.67
0.00287564	6.25	24.7295	4	-1	0.20258	98.6895
0.00287564	6.25	24.7293	1	-1	0.20259	98.6944
0.00292636	6.25	24.7248	2	-1	0.20263	98.6178
0.00292646	6.25	24.72	3	-1	0.20264	98.6227
0.0029774	6.25	24.7199	4	-1	0.20268	98.6421
0.0029774	6.25	24.7197	1	-1	0.20269	98.647
0.00302816	6.25	24.7152	2	-1	0.20273	98.5705
0.00302827	6.25	24.7102	3	-1	0.20274	98.5754
0.00307925	6.25	24.7103	4	-1	0.20277	98.59
0.00307925	6.25	24.71	1	-1	0.20278	98.5948
0.00313006	6.25	24.7052	2	-1	0.20282	98.5185
0.00313017	6.25	24.6997	3	-1	0.20284	98.5282
0.0031812	6.25	24.7001	4	-1	0.20287	98.5428
0.00318121	6.25	24.6999	1	-1	0.20288	98.5476
0.00323206	6.25	24.6953	2	-1	0.20293	98.4762
0.00323218	6.25	24.6896	3	-1	0.20294	98.4811
0.00328326	6.25	24.6903	4	-1	0.20297	98.4957
0.00328326	6.25	24.6901	1	-1	0.20298	98.5005
0.00333416	6.25	24.6855	2	-1	0.20302	98.4244
0.00333429	6.25	24.6794	3	-1	0.20304	98.4341
0.00338541	6.25	24.6807	4	-1	0.20307	98.4486
0.00338541	6.25	24.6804	1	-1	0.20308	98.4535
0.00343636	6.25	24.6759	2	-1	0.20312	98.3775
0.0034365	6.25	24.6693	3	-1	0.20314	98.3872
0.00348766	6.25	24.6711	4	-1	0.20317	98.4017
0.00348767	6.25	24.6708	1	-1	0.20318	98.4065
0.00353866	6.25	24.6663	2	-1	0.20322	98.3307
0.00353881	6.25	24.6593	3	-1	0.20324	98.3403
0.00359001	6.25	24.6612	4	-1	0.20327	98.3549
0.00359002	6.25	24.661	1	-1	0.20328	98.3597
0.00364106	6.25	24.6563	2	-1	0.20332	98.2792
0.00364122	6.25	24.6487	3	-1	0.20334	98.2889
0.00369247	6.25	24.6514	4	-1	0.20337	98.3034
0.00369247	6.25	24.6511	1	-1	0.20338	98.3082
0.00374356	6.25	24.6465	2	-1	0.20342	98.2326
0.00374373	6.25	24.6385	3	-1	0.20344	98.2422
0.00379502	6.25	24.6417	4	-1	0.20347	98.2567
0.00379503	6.25	24.6415	1	-1	0.20348	98.2615
0.00384616	6.25	24.637	2	-1	0.20352	98.186
0.00384633	6.25	24.6287	3	-1	0.20353	98.1909
0.00389767	6.25	24.6322	4	-1	0.20356	98.2053
0.00389768	6.25	24.632	1	-1	0.20357	98.2102
0.00394885	6.25	24.6274	2	-1	0.20361	98.1395
0.00394903	6.25	24.6187	3	-1	0.20363	98.1491
0.00400042	6.25	24.6224	4	-1	0.20366	98.1636
0.00400042	6.25	24.6222	1	-1	0.20367	98.1684
0.00405165	6.25	24.6174	2	-1	0.20372	98.0932
0.00405184	6.25	24.6085	3	-1	0.20373	98.098
0.00410327	6.25	24.6126	4	-1	0.20376	98.1125
0.00410327	6.25	24.6124	1	-1	0.20377	98.1173
0.00415455	6.25	24.6077	2	-1	0.20381	98.0421
0.00415474	6.25	24.5984	3	-1	0.20383	98.0518
0.00420622	6.25	24.603	4	-1	0.20386	98.0662
0.00420622	6.25	24.6028	1	-1	0.20387	98.071
0.00425754	6.25	24.5982	2	-1	0.20391	97.996
0.00425775	6.25	24.5884	3	-1	0.20393	98.0056
0.00430927	6.25	24.5936	4	-1	0.20396	98.02
0.00430927	6.25	24.5934	1	-1	0.20397	98.0248
0.00436063	6.25	24.5885	2	-1	0.20401	97.9452
0.00436085	6.25	24.5782	3	-1	0.20403	97.9548
0.00441242	6.25	24.5837	4	-1	0.20406	97.9692
0.00441243	6.25	24.5834	1	-1	0.20407	97.974
0.00446383	6.25	24.5787	2	-1	0.20411	97.8992
0.00446406	6.25	24.568	3	-1	0.20413	97.9088
0.00451567	6.25	24.5741	4	-1	0.20416	97.9232
0.00451568	6.25	24.5738	1	-1	0.20417	97.928
0.00456713	6.25	24.5692	2	-1	0.20421	97.8533
0.00456737	6.25	24.5581	3	-1	0.20423	97.8629
0.00461902	6.25	24.5646	4	-1	0.20426	97.8772
0.00461903	6.25	24.5644	1	-1	0.20427	97.882
0.00467052	6.25	24.5595	2	-1	0.20431	97.8028
0.00467077	6.25	24.5479	3	-1	0.20433	97.8124
0.00472248	6.25	24.5547	4	-1	0.20436	97.8267
0.00472248	6.25	24.5545	1	-1	0.20437	97.8315
0.00477402	6.25	24.5498	2	-1	0.20441	97.7571
0.00477428	6.25	24.5378	3	-1	0.20443	97.7666
0.00482603	6.25	24.5452	4	-1	0.20445	97.7762
0.00482603	6.25	24.545	1	-1	0.20446	97.781
0.00487762	6.25	24.5403	2	-1	0.2045	97.7113
0.00487788	6.25	24.5278	3	-1	0.20452	97.7209
0.00492968	6.25	24.5355	4	-1	0.20455	97.7352
0.00492968	6.25	24.5352	1	-1	0.20456	97.74
0.00498132	6.25	24.5304	2	-1	0.20461	97.6659
0.00498159	6.25	24.5177	3	-1	0.20462	97.6706
0.00503343	6.25	24.5258	4	-1	0.20465	97.685
0.00503343	6.25	24.5256	1	-1	0.20466	97.6897
0.00508512	6.25	24.5209	2	-1	0.2047	97.6156
0.0050854	6.25	24.5077	3	-1	0.20472	97.6252
0.00513728	6.25	24.5164	4	-1	0.20475	97.6395
0.00513728	6.25	24.5162	1	-1	0.20476	97.6443
0.00518901	6.25	24.5115	2	-1	0.2048	97.5703
0.0051893	6.25	24.4979	3	-1	0.20482	97.5798
0.00524123	6.25	24.5068	4	-1	0.20485	97.5941
0.00524123	6.25	24.5066	1	-1	0.20486	97.5989
0.00529301	6.25	24.5017	2	-1	0.2049	97.5203
0.00529331	6.25	24.4877	3	-1	0.20492	97.5299
0.00534528	6.25	24.4972	4	-1	0.20495	97.5441
0.00534529	6.25	24.497	1	-1	0.20496	97.5489
0.00539711	6.25	24.4922	2	-1	0.205	97.4752
0.00539742	6.25	24.4778	3	-1	0.20502	97.4847
0.00544944	6.25	24.4877	4	-1	0.20505	97.4989
0.00544944	6.25	24.4875	1	-1	0.20506	97.5037
0.00550131	6.25	24.4825	2	-1	0.2051	97.4254
0.00550163	6.25	24.4674	3	-1	0.20512	97.4349
0.00555369	6.25	24.4781	4	-1	0.20515	97.4492
0.0055537	6.25	24.4778	1	-1	0.20516	97.4539
0.00560561	6.25	24.473	2	-1	0.2052	97.3804
0.00560595	6.25	24.4574	3	-1	0.20522	97.3899
0.00565804	6.25	24.4687	4	-1	0.20524	97.3994
0.00565805	6.25	24.4684	1	-1	0.20525	97.4041
0.00571001	6.25	24.4633	2	-1	0.2053	97.3355
0.00571036	6.25	24.4474	3	-1	0.20532	97.345
0.0057625	6.25	24.4589	4	-1	0.20534	97.3544
0.0057625	6.25	24.4587	1	-1	0.20535	97.3592
0.00581451	6.25	24.4538	2	-1	0.2054	97.2906
0.00581487	6.25	24.4374	3	-1	0.20542	97.3001
0.00586705	6.25	24.4496	4	-1	0.20544	97.3096
0.00586706	6.25	24.4493	1	-1	0.20545	97.3143
0.00591912	6.25	24.4444	2	-1	0.2055	97.2459
0.00591948	6.25	24.4278	3	-1	0.20551	97.2506
0.00597171	6.25	24.44	4	-1	0.20554	97.2648
0.00597171	6.25	24.4398	1	-1	0.20555	97.2695
0.00602382	6.25	24.4347	2	-1	0.2056	97.1966
0.00602419	6.25	24.4179	3	-1	0.20561	97.2013
0.00607646	6.25	24.4306	4	-1	0.20564	97.2155
0.00607647	6.25	24.4303	1	-1	0.20565	97.2203
0.00612863	6.25	24.4254	2	-1	0.20569	97.1473
0.006129	6.25	24.4081	3	-1	0.20571	97.1568
0.00618132	6.25	24.421	4	-1	0.20574	97.1709
0.00618132	6.25	24.4208	1	-1	0.20575	97.1756
0.00623353	6.25	24.4156	2	-1	0.20579	97.0982
0.00623392	6.25	24.398	3	-1	0.20581	97.1077
0.00628628	6.25	24.4116	4	-1	0.20584	97.1218
0.00628628	6.25	24.4113	1	-1	0.20585	97.1265
0.00633854	6.25	24.4063	2	-1	0.20589	97.0538
0.00633893	6.25	24.3882	3	-1	0.20591	97.0633
0.00639134	6.25	24.4021	4	-1	0.20594	97.0774
0.00639134	6.25	24.4018	1	-1	0.20595	97.0821
0.00644364	6.25	24.3966	2	-1	0.20599	97.0049
0.00644405	6.25	24.3781	3	-1	0.20601	97.0144
0.0064965	6.25	24.3926	4	-1	0.20604	97.0285
0.0064965	6.25	24.3924	1	-1	0.20605	97.0332
0.00654885	6.25	24.3873	2	-1	0.20609	96.9607
0.00654926	6.25	24.3686	3	-1	0.2061	96.9654
0.00660176	6.25	24.3832	4	-1	0.20614	96.9842
0.00660177	6.25	24.3829	1	-1	0.20615	96.9889
0.00665416	6.25	24.3777	2	-1	0.20619	96.912
0.00665458	6.25	24.3588	3	-1	0.2062	96.9167
0.00670713	6.25	24.3738	4	-1	0.20624	96.9355
0.00670713	6.25	24.3735	1	-1	0.20625	96.9402
0.00675957	6.25	24.3681	2	-1	0.20629	96.8634
0.00675999	6.25	24.3491	3	-1	0.2063	96.8681
0.00681259	6.25	24.3641	4	-1	0.20633	96.8822
0.0068126	6.25	24.3638	1	-1	0.20634	96.8869
0.00686509	6.25	24.3587	2	-1	0.20639	96.824
0.00686552	6.25	24.3392	3	-1	0.20641	96.8334
0.00691816	6.25	24.3549	4	-1	0.20643	96.8427
0.00691816	6.25	24.3546	1	-1	0.20644	96.8474
0.0069707	6.25	24.3492	2	-1	0.20649	96.7756
0.00697114	6.25	24.3295	3	-1	0.2065	96.7802
0.00702382	6.25	24.3453	4	-1	0.20653	96.7943
0.00702383	6.25	24.3451	1	-1	0.20654	96.799
0.00707642	6.25	24.3398	2	-1	0.20659	96.7318
0.00707686	6.25	24.32	3	-1	0.2066	96.7364
0.00712959	6.25	24.336	4	-1	0.20663	96.7505
0.00712959	6.25	24.3357	1	-1	0.20664	96.7552
0.00718223	6.25	24.3303	2	-1	0.20669	96.6835
0.00718268	6.25	24.31	3	-1	0.2067	96.6882
0.00723546	6.25	24.3266	4	-1	0.20673	96.7022
0.00723547	6.25	24.3263	1	-1	0.20674	96.7069
0.00728815	6.25	24.3211	2	-1	0.20679	96.6399
0.00728861	6.25	24.3006	3	-1	0.2068	96.6445
0.00734143	6.25	24.3172	4	-1	0.20683	96.6586
0.00734144	6.25	24.3169	1	-1	0.20684	96.6632
0.00739418	6.25	24.3115	2	-1	0.20689	96.5918
0.00739464	6.25	24.2908	3	-1	0.2069	96.5965
0.0074475	6.25	24.3079	4	-1	0.20693	96.6105
0.00744751	6.25	24.3077	1	-1	0.20694	96.6152
0.0075003	6.25	24.302	2	-1	0.20698	96.5392
0.00750076	6.25	24.2812	3	-1	0.20699	96.5438
0.00755368	6.25	24.2983	4	-1	0.20703	96.5625
0.00755369	6.25	24.2981	1	-1	0.20704	96.5672
0.00760652	6.25	24.2927	2	-1	0.20708	96.4958
0.00760699	6.25	24.2715	3	-1	0.2071	96.5051
0.00765996	6.25	24.2889	4	-1	0.20713	96.5191
0.00765996	6.25	24.2887	1	-1	0.20714	96.5238
0.00771284	6.25	24.2831	2	-1	0.20718	96.448
0.00771332	6.25	24.2617	3	-1	0.20719	96.4527
0.00776634	6.25	24.2796	4	-1	0.20723	96.4713
0.00776634	6.25	24.2794	1	-1	0.20724	96.476
0.00781927	6.25	24.2738	2	-1	0.20728	96.4003
0.00781975	6.25	24.2521	3	-1	0.20729	96.405
0.00787282	6.25	24.2701	4	-1	0.20732	96.4189
0.00787282	6.25	24.2699	1	-1	0.20733	96.4236
0.0079258	6.25	24.2645	2	-1	0.20738	96.3617
0.00792629	6.25	24.2427	3	-1	0.20739	96.3663
0.0079794	6.25	24.2609	4	-1	0.20742	96.3803
0.0079794	6.25	24.2607	1	-1	0.20743	96.3849
0.00803243	6.25	24.255	2	-1	0.20748	96.3142
0.00803293	6.25	24.2328	3	-1	0.20749	96.3188
0.00808608	6.25	24.2516	4	-1	0.20752	96.3327
0.00808608	6.25	24.2514	1	-1	0.20753	96.3374
0.00813916	6.25	24.2456	2	-1	0.20758	96.2668
0.00813966	6.25	24.2232	3	-1	0.20759	96.2714
0.00819286	6.25	24.2421	4	-1	0.20762	96.2853
0.00819287	6.25	24.2419	1	-1	0.20763	96.2899
0.00824599	6.25	24.2364	2	-1	0.20768	96.2239
0.0082465	6.25	24.2138	3	-1	0.20769	96.2285
0.00829975	6.25	24.2328	4	-1	0.20772	96.2424
0.00829976	6.25	24.2326	1	-1	0.20773	96.247
0.00835293	6.25	24.2269	2	-1	0.20778	96.1766
0.00835345	6.25	24.2042	3	-1	0.20779	96.1813
0.00840674	6.25	24.2237	4	-1	0.20782	96.1951
0.00840674	6.25	24.2235	1	-1	0.20783	96.1998
0.00845997	6.25	24.2176	2	-1	0.20788	96.1295
0.00846049	6.25	24.1947	3	-1	0.20789	96.1341
0.00851383	6.25	24.2143	4	-1	0.20792	96.148
0.00851384	6.25	24.2141	1	-1	0.20793	96.1526
0.00856711	6.25	24.2084	2	-1	0.20798	96.0869
0.00856763	6.25	24.1856	3	-1	0.20798	96.0869
0.00862102	6.25	24.205	4	-1	0.20802	96.1053
0.00862103	6.25	24.2048	1	-1	0.20803	96.11
0.00867436	6.25	24.199	2	-1	0.20808	96.0399
0.00867488	6.25	24.1762	3	-1	0.20808	96.0399
0.00872832	6.25	24.1959	4	-1	0.20812	96.0583
0.00872833	6.25	24.1957	1	-1	0.20813	96.063
0.0087817	6.25	24.1898	2	-1	0.20817	95.9884
0.00878223	6.25	24.1668	3	-1	0.20818	95.993
0.00883572	6.25	24.1866	4	-1	0.20821	96.0068
0.00883572	6.25	24.1863	1	-1	0.20822	96.0114
0.00888915	6.25	24.1804	2	-1	0.20827	95.946
0.00888968	6.25	24.1572	3	-1	0.20828	95.9506
0.00894322	6.25	24.1771	4	-1	0.20831	95.9644
0.00894322	6.25	24.1769	1	-1	0.20832	95.969
0.0089967	6.25	24.1712	2	-1	0.20837	95.9037
0.00899723	6.25	24.1478	3	-1	0.20838	95.9083
0.00905081	6.25	24.1679	4	-1	0.20841	95.9221
0.00905082	6.25	24.1677	1	-1	0.20842	95.9267
0.00910435	6.25	24.1618	2	-1	0.20847	95.8571
0.00910489	6.25	24.1383	3	-1	0.20848	95.8617
0.00915852	6.25	24.1589	4	-1	0.20851	95.8755
0.00915852	6.25	24.1587	1	-1	0.20852	95.8801
0.0092121	6.25	24.1526	2	-1	0.20857	95.8106
0.00921264	6.25	24.1289	3	-1	0.20858	95.8151
0.00926632	6.25	24.1496	4	-1	0.20861	95.8289
0.00926633	6.25	24.1494	1	-1	0.20862	95.8335
0.00931996	6.25	24.1433	2	-1	0.20867	95.7641
0.0093205	6.25	24.1194	3	-1	0.20868	95.7687
0.00937423	6.25	24.1403	4	-1	0.20871	95.7825
0.00937424	6.25	24.1401	1	-1	0.20872	95.7871
0.00942791	6.25	24.1342	2	-1	0.20877	95.7221
0.00942846	6.25	24.1103	3	-1	0.20877	95.7221
0.00948224	6.25	24.1311	4	-1	0.20881	95.7405
0.00948225	6.25	24.1309	1	-1	0.20882	95.7451
0.00953598	6.25	24.1249	2	-1	0.20887	95.6759
0.00953653	6.25	24.1011	3	-1	0.20887	95.6759
0.00959035	6.25	24.1219	4	-1	0.20891	95.6942
0.00959036	6.25	24.1216	1	-1	0.20892	95.6988
0.00964415	6.25	24.1156	2	-1	0.20897	95.6297
0.00964469	6.25	24.0918	3	-1	0.20897	95.6297
0.00969857	6.25	24.1128	4	-1	0.20901	95.648
0.00969858	6.25	24.1126	1	-1	0.20902	95.6526
0.00975241	6.25	24.1065	2	-1	0.20907	95.5836
0.00975296	6.25	24.0827	3	-1	0.20907	95.5836
0.00980689	6.25	24.1036	4	-1	0.20911	95.6019
0.0098069	6.25	24.1034	1	-1	0.20912	95.6065
0.00986078	6.25	24.0972	2	-1	0.20916	95.533
0.00986133	6.25	24.0733	3	-1	0.20917	95.5376
0.00991531	6.25	24.0943	4	-1	0.2092	95.5513
0.00991532	6.25	24.0941	1	-1	0.20921	95.5559
0.00996925	6.25	24.0879	2	-1	0.20926	95.4915
0.00996981	6.25	24.0638	3	-1	0.20927	95.496
0.0100238	6.25	24.085	4	-1	0.2093	95.5097
0.0100238	6.25	24.0848	1	-1	0.20931	95.5143
0.0100778	6.25	24.0788	2	-1	0.20936	95.45
0.0100784	6.25	24.0546	3	-1	0.20937	95.4545
0.0101325	6.25	24.076	4	-1	0.2094	95.4682
0.0101325	6.25	24.0757	1	-1	0.20941	95.4728
0.0101865	6.25	24.0696	2	-1	0.20946	95.4042
0.0101871	6.25	24.0452	3	-1	0.20947	95.4088
0.0102412	6.25	24.0668	4	-1	0.2095	95.4225
0.0102412	6.25	24.0666	1	-1	0.20951	95.427
0.0102953	6.25	24.0604	2	-1	0.20957	95.3631
0.0102958	6.25	24.0362	3	-1	0.20956	95.3586
0.01035	6.25	24.0576	4	-1	0.20961	95.3813
0.01035	6.25	24.0574	1	-1	0.20962	95.3859
0.0104042	6.25	24.0512	2	-1	0.20967	95.3132
0.0104047	6.25	24.0273	3	-1	0.20966	95.3087
0.010459	6.25	24.0487	4	-1	0.2097	95.3268
0.010459	6.25	24.0485	1	-1	0.20971	95.3314
0.0105132	6.25	24.0422	2	-1	0.20976	95.2675
0.0105137	6.25	24.0183	3	-1	0.20976	95.2675
0.010568	6.25	24.0396	4	-1	0.2098	95.2857
0.010568	6.25	24.0394	1	-1	0.20981	95.2902
0.0106222	6.25	24.033	2	-1	0.20986	95.2221
0.0106228	6.25	24.0092	3	-1	0.20986	95.2221
0.0106771	6.25	24.0304	4	-1	0.2099	95.2403
0.0106771	6.25	24.0302	1	-1	0.20991	95.2448
0.0107314	6.25	24.0239	2	-1	0.20996	95.1768
0.010732	6.25	24.0001	3	-1	0.20996	95.1768
0.0107864	6.25	24.0213	4	-1	0.21	95.1949
0.0107864	6.25	24.0211	1	-1	0.21001	95.1995
0.0108407	6.25	24.0147	2	-1	0.21006	95.1316
0.0108413	6.25	23.991	3	-1	0.21006	95.1316
0.0108957	6.25	24.0121	4	-1	0.21009	95.1451
0.0108957	6.25	24.0119	1	-1	0.2101	95.1497
0.0109501	6.25	24.0055	2	-1	0.21016	95.0907
0.0109507	6.25	23.9818	3	-1	0.21016	95.0907
0.0110052	6.25	24.003	4	-1	0.2102	95.1088
0.0110052	6.25	24.0028	1	-1	0.21021	95.1133
0.0110596	6.25	23.9964	2	-1	0.21026	95.0414
0.0110602	6.25	23.9728	3	-1	0.21026	95.0414
0.0111147	6.25	23.9938	4	-1	0.21029	95.0549
0.0111147	6.25	23.9936	1	-1	0.2103	95.0594
0.0111692	6.25	23.9872	2	-1	0.21035	94.9962
0.0111698	6.25	23.9634	3	-1	0.21036	95.0007
0.0112244	6.25	23.9847	4	-1	0.21039	95.0142
0.0112244	6.25	23.9845	1	-1	0.2104	95.0187
0.0112789	6.25	23.9783	2	-1	0.21045	94.9556
0.0112795	6.25	23.9543	3	-1	0.21046	94.9601
0.0113341	6.25	23.9758	4	-1	0.21049	94.9736
0.0113342	6.25	23.9756	1	-1	0.2105	94.9781
0.0113888	6.25	23.9693	2	-1	0.21055	94.9107
0.0113893	6.25	23.9454	3	-1	0.21055	94.9107
0.011444	6.25	23.9668	4	-1	0.21059	94.9288
0.011444	6.25	23.9666	1	-1	0.2106	94.9333
0.0114987	6.25	23.9603	2	-1	0.21065	94.866
0.0114992	6.25	23.9363	3	-1	0.21065	94.866
0.011554	6.25	23.9578	4	-1	0.21069	94.884
0.011554	6.25	23.9576	1	-1	0.2107	94.8885
0.0116087	6.25	23.9512	2	-1	0.21075	94.8214
0.0116093	6.25	23.9273	3	-1	0.21075	94.8214
0.011664	6.25	23.9488	4	-1	0.21079	94.8394
0.011664	6.25	23.9486	1	-1	0.2108	94.8439
0.0117188	6.25	23.9422	2	-1	0.21085	94.7768
0.0117194	6.25	23.9183	3	-1	0.21085	94.7768
0.0117742	6.25	23.9398	4	-1	0.21089	94.7948
0.0117742	6.25	23.9396	1	-1	0.2109	94.7993
0.011829	6.25	23.9328	2	-1	0.21095	94.7281
0.0118296	6.25	23.9092	3	-1	0.21094	94.7236
0.0118845	6.25	23.9305	4	-1	0.21099	94.7461
0.0118845	6.25	23.9303	1	-1	0.211	94.7506
0.0119394	6.25	23.9238	2	-1	0.21105	94.6837
0.0119399	6.25	23.9002	3	-1	0.21105	94.6837
0.0119949	6.25	23.9215	4	-1	0.21109	94.7017
0.0119949	6.25	23.9212	1	-1	0.2111	94.7061
0.0120498	6.25	23.9147	2	-1	0.21115	94.6394
0.0120504	6.25	23.8912	3	-1	0.21115	94.6394
0.0121054	6.25	23.9125	4	-1	0.21119	94.6573
0.0121054	6.25	23.9123	1	-1	0.2112	94.6618
0.0121603	6.25	23.9058	2	-1	0.21125	94.5952
0.0121609	6.25	23.8823	3	-1	0.21125	94.5952
0.012216	6.25	23.9034	4	-1	0.21128	94.6086
0.012216	6.25	23.9032	1	-1	0.21129	94.6131
0.012271	6.25	23.8968	2	-1	0.21135	94.5553
0.0122716	6.25	23.8734	3	-1	0.21135	94.5553
0.0123266	6.25	23.8945	4	-1	0.21138	94.5687
0.0123267	6.25	23.8943	1	-1	0.21139	94.5732
0.0123817	6.25	23.8878	2	-1	0.21145	94.5112
0.0123823	6.25	23.8646	3	-1	0.21144	94.5068
0.0124374	6.25	23.8856	4	-1	0.21148	94.5247
0.0124375	6.25	23.8854	1	-1	0.21149	94.5291
0.0124926	6.25	23.8788	2	-1	0.21154	94.4628
0.0124931	6.25	23.8557	3	-1	0.21154	94.4628
0.0125483	6.25	23.8766	4	-1	0.21158	94.4807
0.0125483	6.25	23.8764	1	-1	0.21159	94.4851
0.0126035	6.25	23.8699	2	-1	0.21164	94.4189
0.0126041	6.25	23.8469	3	-1	0.21164	94.4189
0.0126593	6.25	23.8676	4	-1	0.21168	94.4368
0.0126594	6.25	23.8674	1	-1	0.21169	94.4412
0.0127146	6.25	23.8609	2	-1	0.21174	94.3751
0.0127151	6.25	23.8377	3	-1	0.21174	94.3751
0.0127705	6.25	23.8585	4	-1	0.21178	94.3929
0.0127705	6.25	23.8583	1	-1	0.21179	94.3974
0.0128257	6.25	23.8519	2	-1	0.21184	94.3314
0.0128263	6.25	23.8287	3	-1	0.21184	94.3314
0.0128817	6.25	23.8496	4	-1	0.21188	94.3492
0.0128817	6.25	23.8494	1	-1	0.21189	94.3537
0.012937	6.25	23.8429	2	-1	0.21194	94.2877
0.0129376	6.25	23.8198	3	-1	0.21194	94.2877
0.012993	6.25	23.8408	4	-1	0.21198	94.3055
0.012993	6.25	23.8406	1	-1	0.21199	94.31
0.0130484	6.25	23.8341	2	-1	0.21204	94.2442
0.0130489	6.25	23.8109	3	-1	0.21204	94.2442
0.0131044	6.25	23.832	4	-1	0.21208	94.262
0.0131044	6.25	23.8318	1	-1	0.21209	94.2664
0.0131599	6.25	23.8249	2	-1	0.21214	94.1965
0.0131604	6.25	23.8021	3	-1	0.21213	94.1921
0.0132159	6.25	23.8229	4	-1	0.21218	94.2143
0.0132159	6.25	23.8227	1	-1	0.21219	94.2187
0.0132714	6.25	23.8161	2	-1	0.21224	94.1531
0.013272	6.25	23.7933	3	-1	0.21224	94.1531
0.0133276	6.25	23.814	4	-1	0.21227	94.1664
0.0133276	6.25	23.8138	1	-1	0.21228	94.1709
0.0133831	6.25	23.8072	2	-1	0.21233	94.1096
0.0133837	6.25	23.7842	3	-1	0.21234	94.114
0.0134393	6.25	23.805	4	-1	0.21237	94.1273
0.0134393	6.25	23.8048	1	-1	0.21238	94.1317
0.0134949	6.25	23.7982	2	-1	0.21244	94.0708
0.0134955	6.25	23.7752	3	-1	0.21243	94.0663
0.0135511	6.25	23.7961	4	-1	0.21247	94.084
0.0135511	6.25	23.7959	1	-1	0.21248	94.0885
0.0136068	6.25	23.7893	2	-1	0.21254	94.0276
0.0136073	6.25	23.7665	3	-1	0.21253	94.0232
0.0136631	6.25	23.7873	4	-1	0.21257	94.0409
0.0136631	6.25	23.7871	1	-1	0.21258	94.0453
0.0137188	6.25	23.7805	2	-1	0.21264	93.9845
0.0137193	6.25	23.758	3	-1	0.21263	93.9801
0.0137751	6.25	23.7786	4	-1	0.21267	93.9978
0.0137751	6.25	23.7784	1	-1	0.21268	94.0022
0.0138309	6.25	23.7714	2	-1	0.21274	93.9374
0.0138314	6.25	23.7494	3	-1	0.21272	93.9286
0.0138873	6.25	23.7697	4	-1	0.21277	93.9506
0.0138873	6.25	23.7695	1	-1	0.21278	93.955
0.0139431	6.25	23.7627	2	-1	0.21284	93.8945
0.0139436	6.25	23.7411	3	-1	0.21282	93.8857
0.0139995	6.25	23.7606	4	-1	0.21287	93.9077
0.0139995	6.25	23.7604	1	-1	0.21288	93.9121
0.0140554	6.25	23.7538	2	-1	0.21294	93.8516
0.0140559	6.25	23.7324	3	-1	0.21293	93.8472
0.0141119	6.25	23.7518	4	-1	0.21297	93.8649
0.0141119	6.25	23.7516	1	-1	0.21298	93.8693
0.0141678	6.25	23.745	2	-1	0.21304	93.8089
0.0141684	6.25	23.724	3	-1	0.21302	93.8001
0.0142243	6.25	23.7431	4	-1	0.21307	93.8221
0.0142243	6.25	23.7429	1	-1	0.21308	93.8265
0.0142804	6.25	23.736	2	-1	0.21314	93.7621
0.0142809	6.25	23.7155	3	-1	0.21312	93.7533
0.0143369	6.25	23.7342	4	-1	0.21317	93.7753
0.0143369	6.25	23.734	1	-1	0.21318	93.7797
0.014393	6.25	23.7273	2	-1	0.21323	93.7151
0.0143935	6.25	23.707	3	-1	0.21322	93.7107
0.0144496	6.25	23.7252	4	-1	0.21327	93.7327
0.0144496	6.25	23.725	1	-1	0.21328	93.7371
0.0145057	6.25	23.7185	2	-1	0.21333	93.6726
0.0145062	6.25	23.6984	3	-1	0.21332	93.6682
0.0145624	6.25	23.7164	4	-1	0.21337	93.6902
0.0145624	6.25	23.7162	1	-1	0.21338	93.6946
0.0146185	6.25	23.7098	2	-1	0.21343	93.6302
0.014619	6.25	23.69	3	-1	0.21342	93.6258
0.0146753	6.25	23.7078	4	-1	0.21347	93.6477
0.0146753	6.25	23.7076	1	-1	0.21348	93.6521
0.0147315	6.25	23.7009	2	-1	0.21353	93.5837
0.014732	6.25	23.6814	3	-1	0.21352	93.5793
0.0147882	6.25	23.6989	4	-1	0.21356	93.5969
0.0147882	6.25	23.6987	1	-1	0.21357	93.6013
0.0148445	6.25	23.6923	2	-1	0.21363	93.5456
0.014845	6.25	23.6729	3	-1	0.21362	93.5412
0.0149013	6.25	23.69	4	-1	0.21366	93.5587
0.0149013	6.25	23.6898	1	-1	0.21367	93.5631
0.0149577	6.25	23.6834	2	-1	0.21373	93.5034
0.0149582	6.25	23.6643	3	-1	0.21372	93.499
0.0150145	6.25	23.6814	4	-1	0.21376	93.5165
0.0150145	6.25	23.6812	1	-1	0.21377	93.5209
0.0150709	6.25	23.6744	2	-1	0.21383	93.4572
0.0150714	6.25	23.6557	3	-1	0.21381	93.4484
0.0151278	6.25	23.6726	1	-1	0.21387	93.4747
0.0151278	6.25	23.6726	4	-1	0.21387	93.4747
0.0151843	6.25	23.666	2	-1	0.21393	93.4151
0.0151848	6.25	23.6477	3	-1	0.21391	93.4064
0.0152412	6.25	23.6637	4	-1	0.21396	93.4282
0.0152413	6.25	23.6635	1	-1	0.21397	93.4326
0.0152978	6.25	23.6571	2	-1	0.21402	93.3688
0.0152982	6.25	23.6391	3	-1	0.21401	93.3645
0.0153548	6.25	23.6551	4	-1	0.21406	93.3863
0.0153548	6.25	23.6549	1	-1	0.21407	93.3906
0.0154113	6.25	23.6483	2	-1	0.21413	93.3272
0.0154118	6.25	23.6307	3	-1	0.21411	93.3185
0.0154684	6.25	23.6463	4	-1	0.21416	93.3403
0.0154684	6.25	23.6461	1	-1	0.21417	93.3447
0.015525	6.25	23.6397	2	-1	0.21422	93.2811
0.0155254	6.25	23.6223	3	-1	0.21421	93.2767
0.0155821	6.25	23.6374	4	-1	0.21426	93.2985
0.0155821	6.25	23.6372	1	-1	0.21427	93.3029
0.0156388	6.25	23.631	2	-1	0.21432	93.2394
0.0156392	6.25	23.6139	3	-1	0.21431	93.235
0.0156959	6.25	23.6288	4	-1	0.21435	93.2524
0.0156959	6.25	23.6286	1	-1	0.21436	93.2568
0.0157527	6.25	23.6221	2	-1	0.21442	93.1977
0.0157531	6.25	23.6052	3	-1	0.21441	93.1934
0.0158099	6.25	23.6199	4	-1	0.21446	93.2151
0.0158099	6.25	23.6197	1	-1	0.21447	93.2195
0.0158667	6.25	23.6134	2	-1	0.21452	93.1521
0.0158671	6.25	23.5967	3	-1	0.21451	93.1478
0.0159239	6.25	23.6112	4	-1	0.21456	93.1695
0.0159239	6.25	23.6111	1	-1	0.21457	93.1738
0.0159808	6.25	23.6046	2	-1	0.21462	93.1066
0.0159812	6.25	23.5882	3	-1	0.21461	93.1023
0.0160381	6.25	23.6025	4	-1	0.21465	93.1196
0.0160381	6.25	23.6023	1	-1	0.21466	93.1239
0.016095	6.25	23.5961	2	-1	0.21471	93.0649
0.0160954	6.25	23.5796	3	-1	0.21471	93.0649
0.0161523	6.25	23.5937	4	-1	0.21475	93.0822
0.0161523	6.25	23.5935	1	-1	0.21476	93.0866
0.0162093	6.25	23.5871	2	-1	0.21482	93.0239
0.0162097	6.25	23.5709	3	-1	0.21481	93.0195
0.0162667	6.25	23.585	4	-1	0.21485	93.0369
0.0162667	6.25	23.5848	1	-1	0.21486	93.0412
0.0163237	6.25	23.5786	2	-1	0.21492	92.9826
0.0163241	6.25	23.5626	3	-1	0.21491	92.9783
0.0163811	6.25	23.5762	4	-1	0.21495	92.9956
0.0163811	6.25	23.576	1	-1	0.21496	92.9999
0.0164382	6.25	23.5699	2	-1	0.21502	92.9414
0.0164386	6.25	23.5541	3	-1	0.21501	92.9371
0.0164957	6.25	23.5678	4	-1	0.21505	92.9544
0.0164957	6.25	23.5676	1	-1	0.21506	92.9587
0.0165528	6.25	23.5612	2	-1	0.21512	92.8963
0.0165532	6.25	23.5458	3	-1	0.2151	92.8877
0.0166104	6.25	23.559	4	-1	0.21515	92.9093
0.0166104	6.25	23.5588	1	-1	0.21516	92.9136
0.0166676	6.25	23.5526	2	-1	0.21522	92.8553
0.016668	6.25	23.5376	3	-1	0.2152	92.8467
0.0167252	6.25	23.5505	4	-1	0.21525	92.8682
0.0167252	6.25	23.5503	1	-1	0.21526	92.8726
0.0167824	6.25	23.5439	2	-1	0.21532	92.8103
0.0167828	6.25	23.5293	3	-1	0.2153	92.8017
0.0168401	6.25	23.5416	4	-1	0.21535	92.8233
0.0168401	6.25	23.5414	1	-1	0.21536	92.8276
0.0168974	6.25	23.5353	2	-1	0.21542	92.7695
0.0168977	6.25	23.5211	3	-1	0.2154	92.7609
0.016955	6.25	23.5332	4	-1	0.21545	92.7824
0.0169551	6.25	23.533	1	-1	0.21546	92.7867
0.0170124	6.25	23.5266	2	-1	0.21552	92.7247
0.0170128	6.25	23.5129	3	-1	0.2155	92.7161
0.0170702	6.25	23.5243	4	-1	0.21555	92.7376
0.0170702	6.25	23.5242	1	-1	0.21556	92.7419
0.0171276	6.25	23.5181	2	-1	0.21562	92.684
0.0171279	6.25	23.5048	3	-1	0.2156	92.6754
0.0171854	6.25	23.5159	1	-1	0.21565	92.6969
0.0171854	6.25	23.5159	4	-1	0.21565	92.6969
0.0172428	6.25	23.5095	2	-1	0.21571	92.639
0.0172432	6.25	23.4966	3	-1	0.21569	92.6304
0.0173007	6.25	23.5072	1	-1	0.21575	92.6562
0.0173007	6.25	23.5072	4	-1	0.21575	92.6562
0.0173582	6.25	23.501	2	-1	0.21582	92.6028
0.0173585	6.25	23.4887	3	-1	0.21579	92.5899
0.0174161	6.25	23.4989	1	-1	0.21585	92.6156
0.0174161	6.25	23.4989	4	-1	0.21585	92.6156
0.0174737	6.25	23.4925	2	-1	0.21592	92.5583
0.017474	6.25	23.4809	3	-1	0.21588	92.5412
0.0175316	6.25	23.4901	1	-1	0.21594	92.5669
0.0175316	6.25	23.4899	4	-1	0.21595	92.5712
0.0175893	6.25	23.4837	2	-1	0.21602	92.5179
0.0175896	6.25	23.4727	3	-1	0.21599	92.505
0.0176472	6.25	23.4815	1	-1	0.21604	92.5264
0.0176472	6.25	23.4811	4	-1	0.21605	92.5307
0.017705	6.25	23.4754	2	-1	0.21612	92.4775
0.0177052	6.25	23.4652	3	-1	0.21608	92.4604
0.017763	6.25	23.4729	1	-1	0.21614	92.4861
0.017763	6.25	23.4723	4	-1	0.21615	92.4904
0.0178208	6.25	23.4667	2	-1	0.21622	92.4333
0.017821	6.25	23.4573	3	-1	0.21618	92.4162
0.0178788	6.25	23.4643	1	-1	0.21624	92.4419
0.0178788	6.25	23.4636	4	-1	0.21625	92.4461
0.0179367	6.25	23.4584	2	-1	0.21631	92.3888
0.0179369	6.25	23.4496	3	-1	0.21628	92.376
0.0179947	6.25	23.4557	1	-1	0.21634	92.4017
0.0179948	6.25	23.4548	4	-1	0.21635	92.4059
0.0180527	6.25	23.4499	2	-1	0.21641	92.3448
0.0180529	6.25	23.4416	3	-1	0.21638	92.332
0.0181108	6.25	23.4469	1	-1	0.21644	92.3576
0.0181108	6.25	23.4458	4	-1	0.21645	92.3619
0.0181688	6.25	23.4414	2	-1	0.21651	92.3047
0.018169	6.25	23.4337	3	-1	0.21648	92.292
0.018227	6.25	23.4386	1	-1	0.21654	92.3175
0.018227	6.25	23.4373	4	-1	0.21655	92.3218
0.018285	6.25	23.433	2	-1	0.21661	92.2608
0.0182852	6.25	23.4258	3	-1	0.21658	92.2481
0.0183432	6.25	23.4299	1	-1	0.21663	92.2694
0.0183433	6.25	23.4282	4	-1	0.21665	92.2779
0.0184013	6.25	23.4243	2	-1	0.21671	92.2209
0.0184015	6.25	23.4178	3	-1	0.21668	92.2082
0.0184596	6.25	23.4211	1	-1	0.21674	92.2337
0.0184596	6.25	23.4192	4	-1	0.21675	92.238
0.0185178	6.25	23.4159	2	-1	0.21681	92.1772
0.0185179	6.25	23.4099	3	-1	0.21678	92.1644
0.0185761	6.25	23.4128	1	-1	0.21683	92.1857
0.0185761	6.25	23.4105	4	-1	0.21685	92.1942
0.0186343	6.25	23.4074	2	-1	0.21691	92.1375
0.0186345	6.25	23.4022	3	-1	0.21687	92.1205
0.0186926	6.25	23.4041	1	-1	0.21693	92.146
0.0186927	6.25	23.4015	4	-1	0.21695	92.1544
0.018751	6.25	23.3989	2	-1	0.21701	92.0939
0.0187511	6.25	23.3944	3	-1	0.21697	92.0769
0.0188093	6.25	23.3952	1	-1	0.21703	92.1024
0.0188094	6.25	23.3923	4	-1	0.21705	92.1108
0.0188677	6.25	23.3905	2	-1	0.21711	92.0543
0.0188678	6.25	23.3868	3	-1	0.21707	92.0373
0.0189261	6.25	23.3869	1	-1	0.21713	92.0628
0.0189262	6.25	23.3836	4	-1	0.21715	92.0712
0.0189846	6.25	23.3822	2	-1	0.21721	92.0108
0.0189847	6.25	23.3792	3	-1	0.21717	91.9939
0.019043	6.25	23.3783	1	-1	0.21723	92.0193
0.0190431	6.25	23.3746	4	-1	0.21725	92.0278
0.0191016	6.25	23.3737	2	-1	0.21731	91.9675
0.0191016	6.25	23.3715	3	-1	0.21727	91.9506
0.01916	6.25	23.3696	1	-1	0.21733	91.976
0.0191602	6.25	23.3655	4	-1	0.21735	91.9844
0.0192187	6.25	23.3654	2	-1	0.21741	91.9281
0.0192187	6.25	23.364	3	-1	0.21737	91.9112
0.0192772	6.25	23.3614	1	-1	0.21743	91.9366
0.0192773	6.25	23.3571	4	-1	0.21744	91.9408
0.0193358	6.25	23.3571	2	-1	0.21751	91.8849
0.0193359	6.25	23.3565	3	-1	0.21746	91.8638
0.0193944	6.25	23.3528	1	-1	0.21752	91.8892
0.0193945	6.25	23.348	4	-1	0.21755	91.9018
0.0194531	6.25	23.3485	3	-1	0.21756	91.8246
0.0194531	6.25	23.3484	2	-1	0.2176	91.8415
0.0195117	6.25	23.3439	1	-1	0.21763	91.8541
0.0195119	6.25	23.3387	4	-1	0.21765	91.8626
0.0195705	6.25	23.3398	3	-1	0.21767	91.7819
0.0195705	6.25	23.3396	2	-1	0.21768	91.7861
0.0196292	6.25	23.335	1	-1	0.21773	91.8072
0.0196293	6.25	23.3295	4	-1	0.21775	91.8157
0.019688	6.25	23.3315	3	-1	0.21777	91.7428
0.019688	6.25	23.3313	2	-1	0.21778	91.7471
0.0197467	6.25	23.3266	1	-1	0.21783	91.7681
0.0197469	6.25	23.3209	4	-1	0.21784	91.7723
0.0198056	6.25	23.3231	3	-1	0.21787	91.7
0.0198056	6.25	23.323	2	-1	0.21788	91.7042
0.0198644	6.25	23.3181	1	-1	0.21793	91.7252
0.0198645	6.25	23.3122	4	-1	0.21794	91.7294
0.0199233	6.25	23.3146	3	-1	0.21797	91.6572
0.0199233	6.25	23.3144	2	-1	0.21798	91.6614
0.0199821	6.25	23.3095	1	-1	0.21804	91.6866
0.0199823	6.25	23.3037	4	-1	0.21804	91.6866
0.0200412	6.25	23.3062	3	-1	0.21808	91.6149
0.0200412	6.25	23.306	2	-1	0.21809	91.6191
0.0201	6.25	23.3009	1	-1	0.21814	91.6401
0.0201002	6.25	23.2953	4	-1	0.21813	91.6359
0.0201591	6.25	23.2977	3	-1	0.21818	91.5761
0.0201591	6.25	23.2975	2	-1	0.21819	91.5803
0.020218	6.25	23.2928	1	-1	0.21823	91.5971
0.0202182	6.25	23.287	4	-1	0.21823	91.5971
0.0202771	6.25	23.2893	3	-1	0.21827	91.5332
0.0202771	6.25	23.2891	2	-1	0.21828	91.5374
0.0203361	6.25	23.2845	1	-1	0.21833	91.5583
0.0203362	6.25	23.2785	4	-1	0.21834	91.5625
0.0203953	6.25	23.2808	3	-1	0.21836	91.4865
0.0203953	6.25	23.2806	2	-1	0.21837	91.4907
0.0204543	6.25	23.2757	1	-1	0.21843	91.5158
0.0204544	6.25	23.2698	4	-1	0.21843	91.5158
0.0205135	6.25	23.2725	3	-1	0.21847	91.4483
0.0205135	6.25	23.2723	2	-1	0.21848	91.4525
0.0205726	6.25	23.2672	1	-1	0.21854	91.4776
0.0205727	6.25	23.2614	4	-1	0.21853	91.4734
0.0206319	6.25	23.2641	2	-1	0.21858	91.4063
0.0206319	6.25	23.2641	3	-1	0.21858	91.4063
0.020691	6.25	23.2589	1	-1	0.21864	91.4314
0.0206912	6.25	23.2535	4	-1	0.21862	91.4231
0.0207503	6.25	23.2556	3	-1	0.21867	91.3599
0.0207503	6.25	23.2554	2	-1	0.21868	91.3641
0.0208095	6.25	23.2504	1	-1	0.21874	91.3892
0.0208097	6.25	23.2452	4	-1	0.21873	91.385
0.0208689	6.25	23.2473	3	-1	0.21877	91.3216
0.0208689	6.25	23.2471	2	-1	0.21878	91.3258
0.0209282	6.25	23.2423	1	-1	0.21883	91.3466
0.0209283	6.25	23.2371	4	-1	0.21883	91.3466
0.0209876	6.25	23.239	3	-1	0.21887	91.2833
0.0209876	6.25	23.2389	2	-1	0.21888	91.2875
0.0210469	6.25	23.234	1	-1	0.21893	91.3083
0.021047	6.25	23.229	4	-1	0.21892	91.3042
0.0211064	6.25	23.2306	3	-1	0.21897	91.2413
0.0211064	6.25	23.2304	2	-1	0.21898	91.2455
0.0211657	6.25	23.2257	1	-1	0.21903	91.2663
0.0211659	6.25	23.2209	4	-1	0.21902	91.2621
0.0212253	6.25	23.222	3	-1	0.21906	91.1952
0.0212253	6.25	23.2218	2	-1	0.21907	91.1994
0.0212847	6.25	23.2172	1	-1	0.21912	91.2202
0.0212848	6.25	23.2122	4	-1	0.21913	91.2243
0.0213443	6.25	23.2136	3	-1	0.21916	91.1571
0.0213443	6.25	23.2134	2	-1	0.21917	91.1613
0.0214038	6.25	23.2086	1	-1	0.21923	91.1863
0.0214039	6.25	23.2036	4	-1	0.21923	91.1863
0.0214634	6.25	23.2054	3	-1	0.21927	91.1157
0.0214634	6.25	23.2052	2	-1	0.21928	91.1199
0.0215229	6.25	23.2001	1	-1	0.21933	91.1407
0.0215231	6.25	23.1953	4	-1	0.21932	91.1365
0.0215826	6.25	23.197	3	-1	0.21937	91.074
0.0215826	6.25	23.1968	2	-1	0.21938	91.0782
0.0216422	6.25	23.1919	1	-1	0.21943	91.0989
0.0216423	6.25	23.1873	4	-1	0.21942	91.0948
0.0217019	6.25	23.1883	3	-1	0.21946	91.0282
0.021702	6.25	23.1881	2	-1	0.21947	91.0324
0.0217616	6.25	23.1836	1	-1	0.21953	91.0573
0.0217617	6.25	23.1789	4	-1	0.21953	91.0573
0.0218214	6.25	23.18	3	-1	0.21956	90.9867
0.0218214	6.25	23.1798	2	-1	0.21957	90.9908
0.0218811	6.25	23.1749	1	-1	0.21963	91.0157
0.0218812	6.25	23.1705	4	-1	0.21962	91.0116
0.0219409	6.25	23.1719	3	-1	0.21967	90.9494
0.0219409	6.25	23.1717	2	-1	0.21968	90.9535
0.0220007	6.25	23.1666	1	-1	0.21974	90.9783
0.0220008	6.25	23.1628	4	-1	0.21971	90.9659
0.0220606	6.25	23.1634	3	-1	0.21977	90.9042
0.0220606	6.25	23.1632	2	-1	0.21978	90.9083
0.0221204	6.25	23.1585	1	-1	0.21983	90.929
0.0221205	6.25	23.1548	4	-1	0.21982	90.9249
0.0221804	6.25	23.1548	3	-1	0.21986	90.8625
0.0221804	6.25	23.1546	2	-1	0.21987	90.8666
0.0222402	6.25	23.1502	1	-1	0.21992	90.8873
0.0222403	6.25	23.1463	4	-1	0.21993	90.8914
0.0223002	6.25	23.1465	3	-1	0.21996	90.825
0.0223002	6.25	23.1463	2	-1	0.21997	90.8291
0.0223602	6.25	23.1417	1	-1	0.22003	90.8539
0.0223603	6.25	23.138	4	-1	0.22002	90.8498
0.0224202	6.25	23.1384	3	-1	0.22007	90.7842
0.0224202	6.25	23.1383	2	-1	0.22008	90.7883
0.0224802	6.25	23.1334	1	-1	0.22013	90.809
0.0224803	6.25	23.1301	4	-1	0.22011	90.8007
0.0225403	6.25	23.13	3	-1	0.22017	90.7431
0.0225403	6.25	23.1299	2	-1	0.22018	90.7472
0.0226004	6.25	23.1254	1	-1	0.22022	90.7637
0.0226005	6.25	23.1221	4	-1	0.22022	90.7637
0.0226605	6.25	23.1214	3	-1	0.22026	90.7017
0.0226605	6.25	23.1212	2	-1	0.22027	90.7058
0.0227206	6.25	23.1171	1	-1	0.22031	90.7223
0.0227207	6.25	23.1135	4	-1	0.22033	90.7305
0.0227808	6.25	23.113	3	-1	0.22035	90.6604
0.0227808	6.25	23.1129	2	-1	0.22036	90.6645
0.022841	6.25	23.1086	1	-1	0.22042	90.6892
0.0228411	6.25	23.1048	4	-1	0.22043	90.6933
0.0229013	6.25	23.1052	3	-1	0.22046	90.6199
0.0229013	6.25	23.105	2	-1	0.22047	90.624
0.0229615	6.25	23.1001	1	-1	0.22053	90.6486
0.0229616	6.25	23.0966	4	-1	0.22051	90.6404
0.0230218	6.25	23.0972	2	-1	0.22057	90.5794
0.0230218	6.25	23.0972	3	-1	0.22057	90.5794
0.023082	6.25	23.0922	1	-1	0.22063	90.6041
0.0230821	6.25	23.089	4	-1	0.22061	90.5959
0.0231424	6.25	23.0889	2	-1	0.22067	90.5387
0.0231424	6.25	23.0889	3	-1	0.22067	90.5387
0.0232027	6.25	23.0842	1	-1	0.22072	90.5592
0.0232028	6.25	23.0812	4	-1	0.22071	90.5551
0.0232632	6.25	23.0805	3	-1	0.22076	90.4977
0.0232632	6.25	23.0803	2	-1	0.22077	90.5018
0.0233235	6.25	23.076	1	-1	0.22082	90.5223
0.0233236	6.25	23.073	4	-1	0.22082	90.5223
0.023384	6.25	23.0722	3	-1	0.22085	90.453
0.023384	6.25	23.072	2	-1	0.22086	90.4571
0.0234444	6.25	23.0676	1	-1	0.22092	90.4817
0.0234445	6.25	23.0647	4	-1	0.22092	90.4817
0.023505	6.25	23.0642	3	-1	0.22096	90.4166
0.023505	6.25	23.064	2	-1	0.22097	90.4207
0.0235655	6.25	23.0594	1	-1	0.22103	90.4452
0.0235655	6.25	23.0568	4	-1	0.22101	90.437
0.023626	6.25	23.0561	2	-1	0.22106	90.3724
0.023626	6.25	23.0561	3	-1	0.22106	90.3724
0.0236866	6.25	23.0514	1	-1	0.22113	90.401
0.0236867	6.25	23.0493	4	-1	0.2211	90.3888
0.0237472	6.25	23.0481	2	-1	0.22116	90.3321
0.0237472	6.25	23.0481	3	-1	0.22116	90.3321
0.0238078	6.25	23.0433	1	-1	0.22122	90.3566
0.0238079	6.25	23.0416	4	-1	0.2212	90.3484
0.0238685	6.25	23.0399	2	-1	0.22126	90.2955
0.0238685	6.25	23.0399	3	-1	0.22126	90.2955
0.0239292	6.25	23.035	1	-1	0.22132	90.3199
0.0239292	6.25	23.0336	4	-1	0.2213	90.3118
0.0239899	6.25	23.0312	2	-1	0.22136	90.2516
0.0239899	6.25	23.0312	3	-1	0.22136	90.2516
0.0240506	6.25	23.0268	1	-1	0.22142	90.276
0.0240507	6.25	23.0256	4	-1	0.22141	90.2719
0.0241114	6.25	23.0229	3	-1	0.22146	90.2114
0.0241114	6.25	23.0227	2	-1	0.22147	90.2155
0.0241722	6.25	23.0185	1	-1	0.22152	90.2359
0.0241722	6.25	23.0175	4	-1	0.22151	90.2318
0.024233	6.25	23.0147	3	-1	0.22156	90.1713
0.024233	6.25	23.0145	2	-1	0.22157	90.1754
0.0242939	6.25	23.0105	1	-1	0.22162	90.1958
0.0242939	6.25	23.0096	4	-1	0.22161	90.1917
0.0243548	6.25	23.0064	3	-1	0.22165	90.1273
0.0243548	6.25	23.0062	2	-1	0.22166	90.1313
0.0244157	6.25	23.0023	1	-1	0.22171	90.1517
0.0244157	6.25	23.0015	4	-1	0.22171	90.1517
0.0244766	6.25	22.9983	3	-1	0.22175	90.091
0.0244766	6.25	22.9981	2	-1	0.22176	90.0951
0.0245375	6.25	22.9941	1	-1	0.22181	90.1154
0.0245376	6.25	22.9933	4	-1	0.22181	90.1154
0.0245985	6.25	22.9903	3	-1	0.22185	90.0511
0.0245985	6.25	22.9901	2	-1	0.22186	90.0552
0.0246595	6.25	22.9859	1	-1	0.22192	90.0796
0.0246596	6.25	22.9854	4	-1	0.2219	90.0714
0.0247206	6.25	22.9817	3	-1	0.22195	90.0041
0.0247206	6.25	22.9815	2	-1	0.22196	90.0081
0.0247817	6.25	22.9776	1	-1	0.22201	90.0284
0.0247817	6.25	22.9771	4	-1	0.22201	90.0284
0.0248428	6.25	22.9734	3	-1	0.22205	89.968
0.0248428	6.25	22.9732	2	-1	0.22206	89.972
0.0249039	6.25	22.9695	1	-1	0.22211	89.9923
0.0249039	6.25	22.969	4	-1	0.22211	89.9923
0.024965	6.25	22.9654	3	-1	0.22215	89.9283
0.024965	6.25	22.9652	2	-1	0.22216	89.9324
0.0250262	6.25	22.9614	1	-1	0.22221	89.9526
0.0250262	6.25	22.9609	4	-1	0.22221	89.9526
0.0250874	6.25	22.9574	3	-1	0.22225	89.8888
0.0250874	6.25	22.9573	2	-1	0.22226	89.8928
0.0251486	6.25	22.9534	1	-1	0.22231	89.913
0.0251487	6.25	22.9531	4	-1	0.2223	89.909
0.0252099	6.25	22.9492	3	-1	0.22235	89.8456
0.0252099	6.25	22.949	2	-1	0.22236	89.8497
0.0252712	6.25	22.945	1	-1	0.22241	89.8699
0.0252712	6.25	22.9447	4	-1	0.22241	89.8699
0.0253325	6.25	22.9409	3	-1	0.22245	89.8062
0.0253325	6.25	22.9407	2	-1	0.22246	89.8103
0.0253939	6.25	22.9369	1	-1	0.22251	89.8304
0.0253939	6.25	22.9366	4	-1	0.22251	89.8304
0.0254552	6.25	22.9328	3	-1	0.22255	89.7669
0.0254552	6.25	22.9327	2	-1	0.22256	89.7709
0.0255166	6.25	22.9289	1	-1	0.22261	89.7911
0.0255166	6.25	22.9286	4	-1	0.22261	89.7911
0.0255781	6.25	22.9249	3	-1	0.22265	89.7276
0.0255781	6.25	22.9247	2	-1	0.22266	89.7316
0.0256395	6.25	22.9207	1	-1	0.22271	89.7518
0.0256395	6.25	22.9206	4	-1	0.2227	89.7477
0.025701	6.25	22.9163	3	-1	0.22275	89.6847
0.025701	6.25	22.9162	2	-1	0.22276	89.6888
0.0257625	6.25	22.9127	1	-1	0.22281	89.7089
0.0257625	6.25	22.9125	4	-1	0.22281	89.7089
0.025824	6.25	22.9081	3	-1	0.22284	89.6416
0.025824	6.25	22.9079	2	-1	0.22285	89.6456
0.0258856	6.25	22.9045	1	-1	0.2229	89.6657
0.0258856	6.25	22.904	4	-1	0.22292	89.6738
0.0259472	6.25	22.9003	3	-1	0.22294	89.6061
0.0259472	6.25	22.9002	2	-1	0.22295	89.6101
0.0260088	6.25	22.896	1	-1	0.22302	89.6383
0.0260088	6.25	22.8959	4	-1	0.223	89.6302
0.0260705	6.25	22.8924	2	-1	0.22306	89.5643
0.0260705	6.25	22.8924	3	-1	0.22306	89.5643
0.0261321	6.25	22.8879	4	-1	0.22309	89.5764
0.0261321	6.25	22.8877	1	-1	0.22311	89.5844
0.0261938	6.25	22.8842	2	-1	0.22316	89.529
0.0261938	6.25	22.8842	3	-1	0.22316	89.529
0.0262556	6.25	22.8802	4	-1	0.2232	89.5451
0.0262556	6.25	22.88	1	-1	0.22321	89.5491
0.0263173	6.25	22.876	3	-1	0.22325	89.4861
0.0263173	6.25	22.8758	2	-1	0.22326	89.4901
0.0263791	6.25	22.8721	1	-1	0.2233	89.5062
0.0263791	6.25	22.872	4	-1	0.22331	89.5102
0.0264409	6.25	22.8674	3	-1	0.22334	89.4433
0.0264409	6.25	22.8672	2	-1	0.22335	89.4473
0.0265028	6.25	22.8639	1	-1	0.2234	89.4674
0.0265028	6.25	22.8634	4	-1	0.22342	89.4754
0.0265646	6.25	22.8596	3	-1	0.22344	89.4046
0.0265646	6.25	22.8594	2	-1	0.22345	89.4086
0.0266265	6.25	22.8557	1	-1	0.22351	89.4326
0.0266265	6.25	22.8553	4	-1	0.2235	89.4286
0.0266884	6.25	22.8522	3	-1	0.22355	89.3664
0.0266885	6.25	22.852	2	-1	0.22356	89.3704
0.0267504	6.25	22.8475	4	-1	0.22359	89.3824
0.0267504	6.25	22.8473	1	-1	0.22362	89.3944
0.0268124	6.25	22.8438	2	-1	0.22366	89.3247
0.0268124	6.25	22.8438	3	-1	0.22366	89.3247
0.0268744	6.25	22.8398	4	-1	0.2237	89.3406
0.0268744	6.25	22.8396	1	-1	0.22371	89.3446
0.0269364	6.25	22.8354	3	-1	0.22374	89.2817
0.0269364	6.25	22.8353	2	-1	0.22375	89.2857
0.0269985	6.25	22.8319	1	-1	0.22381	89.3097
0.0269985	6.25	22.8319	4	-1	0.22381	89.3097
0.0270606	6.25	22.8276	3	-1	0.22384	89.2397
0.0270606	6.25	22.8274	2	-1	0.22385	89.2437
0.0271227	6.25	22.8231	4	-1	0.2239	89.2636
0.0271227	6.25	22.823	1	-1	0.22391	89.2676
0.0271848	6.25	22.82	2	-1	0.22395	89.2053
0.0271848	6.25	22.8198	3	-1	0.22396	89.2093
0.027247	6.25	22.8146	4	-1	0.22397	89.2133
0.027247	6.25	22.8145	1	-1	0.22398	89.2173
0.0273092	6.25	22.8115	2	-1	0.22404	89.1701
0.0273092	6.25	22.8107	3	-1	0.22408	89.1861
0.0273714	6.25	22.8071	4	-1	0.22408	89.1861
0.0273714	6.25	22.8069	1	-1	0.22409	89.19
0.0274337	6.25	22.8027	2	-1	0.22418	89.1443
0.0274337	6.25	22.8023	3	-1	0.22415	89.1323
0.0274959	6.25	22.8003	1	-1	0.22418	89.1443
0.027496	6.25	22.7997	4	-1	0.22422	89.1602
0.0275583	6.25	22.7939	3	-1	0.2242	89.0778
0.0275583	6.25	22.7937	2	-1	0.22423	89.0898
0.0276206	6.25	22.7917	1	-1	0.22426	89.1017
0.0276206	6.25	22.7896	4	-1	0.22435	89.1374
0.027683	6.25	22.7864	3	-1	0.22431	89.0472
0.027683	6.25	22.7862	2	-1	0.22432	89.0512
0.0277453	6.25	22.7821	1	-1	0.22442	89.0909
0.0277454	6.25	22.7802	4	-1	0.22441	89.0869
0.0278078	6.25	22.7807	2	-1	0.22442	88.992
0.0278078	6.25	22.7799	3	-1	0.22447	89.0118
0.0278702	6.25	22.773	4	-1	0.22443	88.996
0.0278702	6.25	22.7729	1	-1	0.22456	89.0475
0.0279327	6.25	22.7725	2	-1	0.22448	88.9206
0.0279328	6.25	22.7693	3	-1	0.22463	88.98
0.0279952	6.25	22.7649	4	-1	0.22451	88.9325
0.0279952	6.25	22.7647	1	-1	0.22452	88.9364
0.0280577	6.25	22.7619	2	-1	0.22463	88.9518
0.0280578	6.25	22.7574	3	-1	0.22471	88.9835
0.0281203	6.25	22.7607	1	-1	0.22468	88.9716
0.0281203	6.25	22.7604	4	-1	0.2247	88.9795
0.0281829	6.25	22.7515	2	-1	0.22488	88.9487
0.0281829	6.25	22.7505	3	-1	0.22466	88.8616
0.0282454	6.25	22.7545	1	-1	0.22465	88.8577
0.0282456	6.25	22.7495	4	-1	0.22494	88.9724
0.0283081	6.25	22.7418	3	-1	0.22466	88.83
0.0283081	6.25	22.7417	2	-1	0.22473	88.8577
0.0283707	6.25	22.7421	1	-1	0.2248	88.8854
0.0283709	6.25	22.7331	4	-1	0.22506	88.9882
0.0284334	6.25	22.7396	2	-1	0.22489	88.8226
0.0284962	6.25	22.7283	1	-1	0.22516	88.9293
0.0284963	6.25	22.7233	4	-1	0.22491	88.8305
0.0286217	6.25	22.7167	1	-1	0.2251	88.7338
0.0286843	6.25	22.7241	2	-1	0.22487	88.6222
0.0287472	6.25	22.7152	1	-1	0.22497	88.6616
0.0288105	6.25	22.6886	3	-1	0.22527	88.7799
0.0288729	6.25	22.7196	1	-1	0.22497	88.6616
0.0290617	6.25	22.6814	2	-1	0.22479	88.5837
0.0291877	6.25	22.6976	3	-1	0.22556	88.6635
0.0294389	6.25	22.6719	2	-1	0.22474	88.1645
0.0295029	6.25	22.6685	1	-1	0.22517	88.3331
0.0298186	6.25	22.6148	2	-1	0.22396	88.3681
0.0302619	6.25	22.6138	1	-1	0.22426	86.6471
0.0307733	6.25	22.396	4	-1	0.22692	88.7273
0.0308355	6.25	22.5522	3	-1	0.2268	88.1119
0.0310239	6.25	22.5328	1	-1	0.22727	87.9902
0.0310909	6.25	22.5156	3	-1	0.22688	87.8324
0.0311516	6.25	22.5375	1	-1	0.22688	87.8324
0.0311559	6.25	22.4072	4	-1	0.22718	87.9486
0.0312792	6.25	22.5326	1	-1	0.22672	87.8589
0.0313458	6.25	22.551	2	-1	0.22764	88.2257
0.0315351	6.25	22.5028	1	-1	0.22732	87.9858
0.0315401	6.25	22.3539	4	-1	0.22737	88.0051
0.0316019	6.25	22.5452	2	-1	0.22724	87.7781
0.0317302	6.25	22.5326	3	-1	0.2276	87.7409
0.031792	6.25	22.4791	1	-1	0.22797	87.8836
0.0318584	6.25	22.5249	2	-1	0.22744	87.551
0.0318587	6.25	22.5157	3	-1	0.22777	87.678
0.0319206	6.25	22.4765	1	-1	0.22802	87.7743
0.0319868	6.25	22.5134	2	-1	0.22767	87.5789
0.0319872	6.25	22.5031	3	-1	0.22775	87.6096
0.0320493	6.25	22.4745	1	-1	0.22797	87.6943
0.0320533	6.25	22.3567	4	-1	0.22764	87.5673
0.0321155	6.25	22.5053	2	-1	0.22786	87.625
0.0321157	6.25	22.4969	3	-1	0.22773	87.575
0.032178	6.25	22.4692	1	-1	0.22801	87.6827
0.0321819	6.25	22.3546	4	-1	0.2278	87.6019
0.0322442	6.25	22.4994	2	-1	0.22794	87.5985
0.0322444	6.25	22.493	3	-1	0.22781	87.5485
0.0323069	6.25	22.4604	1	-1	0.22817	87.6869
0.0323106	6.25	22.3507	4	-1	0.22785	87.5639
0.032373	6.25	22.4935	2	-1	0.22793	87.4971
0.0323733	6.25	22.4856	3	-1	0.22803	87.5355
0.032436	6.25	22.4513	1	-1	0.22841	87.6814
0.0325019	6.25	22.486	2	-1	0.22792	87.3692
0.0325023	6.25	22.4728	3	-1	0.22827	87.5034
0.0325652	6.25	22.4441	1	-1	0.22862	87.6375
0.0326308	6.25	22.4764	2	-1	0.22796	87.2708
0.0326946	6.25	22.4398	1	-1	0.22875	87.5732
0.0327599	6.25	22.4658	2	-1	0.22807	87.2261
0.032824	6.25	22.4374	1	-1	0.22881	87.5091
0.0328891	6.25	22.4554	2	-1	0.22822	87.2201
0.0329536	6.25	22.4346	1	-1	0.22884	87.457
0.0330184	6.25	22.446	2	-1	0.22836	87.2236
0.0330197	6.25	22.4076	3	-1	0.22868	87.3458
0.0330832	6.25	22.4308	1	-1	0.2289	87.4298
0.0331478	6.25	22.4374	2	-1	0.22847	87.2023
0.0331493	6.25	22.3947	3	-1	0.22877	87.3168
0.0332129	6.25	22.426	1	-1	0.22899	87.4008
0.0332774	6.25	22.4291	2	-1	0.22855	87.1596
0.033279	6.25	22.3818	3	-1	0.22888	87.2855
0.0333428	6.25	22.4211	1	-1	0.2291	87.3694
0.033407	6.25	22.4206	2	-1	0.22863	87.1104
0.0334088	6.25	22.368	3	-1	0.229	87.2514
0.0334727	6.25	22.4168	1	-1	0.22919	87.3238
0.0335368	6.25	22.4116	2	-1	0.22874	87.0793
0.0335388	6.25	22.3539	3	-1	0.2291	87.2164
0.0336028	6.25	22.4134	1	-1	0.22925	87.2735
0.0336667	6.25	22.4015	2	-1	0.22889	87.0735
0.0336688	6.25	22.3401	3	-1	0.22916	87.1762
0.0337329	6.25	22.41	1	-1	0.22927	87.218
0.0337968	6.25	22.3912	2	-1	0.22908	87.096
0.0337989	6.25	22.3284	3	-1	0.22919	87.1379
0.0338631	6.25	22.4055	1	-1	0.22927	87.1683
0.0338631	6.25	22.4052	4	-1	0.229	87.0656
0.033927	6.25	22.3814	2	-1	0.22927	87.1252
0.0339291	6.25	22.3196	3	-1	0.22921	87.1024
0.0339933	6.25	22.3986	4	-1	0.22919	87.0948
0.0339934	6.25	22.3984	1	-1	0.22922	87.1062
0.0340574	6.25	22.3722	2	-1	0.22945	87.1638
0.0340594	6.25	22.3133	3	-1	0.22926	87.0916
0.0341237	6.25	22.3918	1	-1	0.22936	87.1296
0.0341237	6.25	22.3918	4	-1	0.22936	87.1296
0.0341879	6.25	22.3648	2	-1	0.22959	87.1276
0.0341898	6.25	22.3099	3	-1	0.22932	87.0252
0.0342542	6.25	22.3835	1	-1	0.22944	87.0707
0.0342542	6.25	22.3828	4	-1	0.22949	87.0897
0.0343185	6.25	22.3592	2	-1	0.22968	87.0924
0.0343203	6.25	22.3079	3	-1	0.22943	86.9976
0.0343848	6.25	22.3745	1	-1	0.22959	87.0582
0.0343848	6.25	22.3743	4	-1	0.22956	87.0469
0.0344493	6.25	22.3542	2	-1	0.22972	87.0152
0.034451	6.25	22.3048	3	-1	0.22959	86.9659
0.0345155	6.25	22.3649	4	-1	0.2296	86.9697
0.0345155	6.25	22.3648	1	-1	0.22963	86.9811
0.0345801	6.25	22.3468	2	-1	0.22979	86.9857
0.0345818	6.25	22.2983	3	-1	0.22974	86.9667
0.0346463	6.25	22.3585	4	-1	0.2297	86.9516
0.0346463	6.25	22.3584	1	-1	0.22971	86.9554
0.034711	6.25	22.3362	2	-1	0.23	86.996
0.0347126	6.25	22.291	3	-1	0.22977	86.909
0.0347772	6.25	22.3554	1	-1	0.22974	86.8976
0.0347773	6.25	22.3521	4	-1	0.22997	86.9846
0.0348422	6.25	22.3254	2	-1	0.23033	87.0681
0.0349081	6.25	22.3493	1	-1	0.22961	86.7959
0.0349736	6.25	22.3194	2	-1	0.23058	87.1626
0.0350391	6.25	22.338	1	-1	0.22965	86.8111
0.0351051	6.25	22.3204	2	-1	0.2306	87.1142
0.0351702	6.25	22.3219	1	-1	0.22996	86.8724
0.0352366	6.25	22.3223	3	-1	0.23001	86.7471
0.0353028	6.25	22.2744	4	-1	0.23023	86.8301
0.0354335	6.25	22.2924	1	-1	0.23092	86.8839
0.035697	6.25	22.2949	1	-1	0.23028	86.3701
0.0360261	6.25	22.2199	2	-1	0.22882	86.3961
0.0364873	6.25	22.2469	1	-1	0.23054	87.5346
0.0366806	6.25	21.533	2	-1	0.2137	76.818
0.0368119	6.25	21.8063	2	-1	0.22857	95.58
0.036898	6.25	23.5195	3	-1	0.13721	57.3764
0.0374709	6.25	35.6625	1	-1	0.06397	58.2499
