0.00119001	6.6	23.4837	3	-1	0.23091	84.3753
0.00124196	6.6	24.4422	4	-1	0.2141	78.2329
0.0012922	6.6	25.0508	3	-1	0.20525	95.3011
0.00134159	6.6	25.4492	4	-1	0.20003	92.8774
0.00139026	6.6	25.7095	3	-1	0.19681	97.7307
0.00143866	6.6	25.8831	1	-1	0.19475	96.7077
0.0014867	6.6	25.9969	3	-1	0.19342	98.5881
0.00153468	6.6	26.0733	1	-1	0.19255	98.1447
0.00158247	6.6	26.1217	3	-1	0.19198	98.9129
0.0016303	6.6	26.1543	4	-1	0.19162	98.7274
0.00167799	6.6	26.173	3	-1	0.19139	99.0324
0.00172578	6.6	26.1859	1	-1	0.19125	98.96
0.00172578	6.6	26.1859	4	-1	0.19125	98.96
0.00177343	6.6	26.1922	2	-1	0.19116	99.0569
0.00177345	6.6	26.1909	3	-1	0.19117	99.0621
0.00182124	6.6	26.1946	1	-1	0.19113	99.0414
0.00182124	6.6	26.1946	4	-1	0.19113	99.0414
0.00186891	6.6	26.1946	2	-1	0.19111	99.0413
0.00186894	6.6	26.1931	3	-1	0.19112	99.0464
0.00191675	6.6	26.193	4	-1	0.19112	99.0464
0.00191676	6.6	26.1927	1	-1	0.19113	99.0516
0.00196445	6.6	26.1902	2	-1	0.19114	99.0106
0.00196448	6.6	26.1884	3	-1	0.19115	99.0158
0.00201234	6.6	26.1864	4	-1	0.19117	99.0262
0.00201234	6.6	26.1862	1	-1	0.19118	99.0313
0.00206007	6.6	26.1822	2	-1	0.19121	98.97
0.00206011	6.6	26.1804	3	-1	0.19121	98.97
0.00210801	6.6	26.1775	1	-1	0.19125	98.9907
0.00210801	6.6	26.1775	4	-1	0.19125	98.9907
0.00215579	6.6	26.1731	2	-1	0.19129	98.9295
0.00215582	6.6	26.1713	3	-1	0.19129	98.9295
0.00220377	6.6	26.1681	4	-1	0.19133	98.9501
0.00220377	6.6	26.1678	1	-1	0.19134	98.9553
0.00225158	6.6	26.163	2	-1	0.19137	98.8737
0.00225162	6.6	26.161	3	-1	0.19138	98.8788
0.00229962	6.6	26.1578	4	-1	0.19142	98.8995
0.00229962	6.6	26.1575	1	-1	0.19143	98.9047
0.00234747	6.6	26.1525	2	-1	0.19146	98.8232
0.00234752	6.6	26.1502	3	-1	0.19147	98.8283
0.00239556	6.6	26.1474	4	-1	0.19151	98.849
0.00239557	6.6	26.1472	1	-1	0.19152	98.8541
0.00244346	6.6	26.1423	2	-1	0.19156	98.783
0.00244351	6.6	26.1398	3	-1	0.19157	98.7882
0.0024916	6.6	26.137	4	-1	0.1916	98.8036
0.0024916	6.6	26.1368	1	-1	0.19161	98.8088
0.00253954	6.6	26.1318	2	-1	0.19165	98.7327
0.00253959	6.6	26.129	3	-1	0.19166	98.7378
0.00258773	6.6	26.1264	4	-1	0.1917	98.7584
0.00258774	6.6	26.1261	1	-1	0.19171	98.7636
0.00263571	6.6	26.1214	2	-1	0.19174	98.6824
0.00263577	6.6	26.1183	3	-1	0.19175	98.6876
0.00268396	6.6	26.1162	4	-1	0.19179	98.7082
0.00268396	6.6	26.1159	1	-1	0.1918	98.7133
0.00273198	6.6	26.111	2	-1	0.19183	98.6323
0.00273204	6.6	26.1074	3	-1	0.19185	98.6426
0.00278027	6.6	26.1056	4	-1	0.19188	98.658
0.00278028	6.6	26.1053	1	-1	0.19189	98.6632
0.00282834	6.6	26.1003	2	-1	0.19193	98.5874
0.00282841	6.6	26.0965	3	-1	0.19194	98.5926
0.00287669	6.6	26.0952	4	-1	0.19198	98.6131
0.00287669	6.6	26.095	1	-1	0.19199	98.6182
0.00292479	6.6	26.0902	2	-1	0.19202	98.5375
0.00292487	6.6	26.0862	3	-1	0.19203	98.5426
0.00297319	6.6	26.0849	4	-1	0.19207	98.5631
0.0029732	6.6	26.0846	1	-1	0.19208	98.5683
0.00302133	6.6	26.0797	2	-1	0.19211	98.4876
0.00302142	6.6	26.0752	3	-1	0.19213	98.4979
0.00306979	6.6	26.0743	4	-1	0.19216	98.5133
0.0030698	6.6	26.074	1	-1	0.19217	98.5184
0.00311798	6.6	26.069	2	-1	0.19221	98.443
0.00311807	6.6	26.0642	3	-1	0.19222	98.4481
0.00316649	6.6	26.0639	4	-1	0.19225	98.4635
0.00316649	6.6	26.0636	1	-1	0.19226	98.4686
0.00321471	6.6	26.0589	2	-1	0.1923	98.3984
0.00321481	6.6	26.0536	3	-1	0.19232	98.4086
0.00326327	6.6	26.0536	4	-1	0.19235	98.424
0.00326328	6.6	26.0533	1	-1	0.19236	98.4291
0.00331154	6.6	26.0484	2	-1	0.19239	98.3438
0.00331165	6.6	26.0427	3	-1	0.19241	98.354
0.00336016	6.6	26.043	4	-1	0.19244	98.3694
0.00336016	6.6	26.0428	1	-1	0.19245	98.3745
0.00340846	6.6	26.0378	2	-1	0.19249	98.2995
0.00340859	6.6	26.0316	3	-1	0.19251	98.3097
0.00345714	6.6	26.0324	4	-1	0.19254	98.325
0.00345714	6.6	26.0321	1	-1	0.19255	98.3301
0.00350548	6.6	26.0275	2	-1	0.19258	98.2501
0.00350562	6.6	26.0208	3	-1	0.1926	98.2603
0.0035542	6.6	26.0223	4	-1	0.19263	98.2756
0.00355421	6.6	26.0221	1	-1	0.19264	98.2807
0.00360259	6.6	26.0172	2	-1	0.19267	98.2008
0.00360273	6.6	26.01	3	-1	0.19269	98.211
0.00365137	6.6	26.0119	4	-1	0.19272	98.2263
0.00365137	6.6	26.0117	1	-1	0.19273	98.2314
0.0036998	6.6	26.0067	2	-1	0.19277	98.1567
0.00369995	6.6	25.999	3	-1	0.19279	98.1669
0.00374863	6.6	26.0014	4	-1	0.19282	98.1822
0.00374864	6.6	26.0011	1	-1	0.19283	98.1873
0.0037971	6.6	25.9961	2	-1	0.19286	98.1027
0.00379726	6.6	25.988	3	-1	0.19288	98.1128
0.00384599	6.6	25.9911	4	-1	0.19291	98.1281
0.00384599	6.6	25.9909	1	-1	0.19292	98.1332
0.00389449	6.6	25.9861	2	-1	0.19295	98.0586
0.00389467	6.6	25.9772	3	-1	0.19298	98.0739
0.00394343	6.6	25.9809	4	-1	0.193	98.0841
0.00394344	6.6	25.9807	1	-1	0.19301	98.0891
0.00399198	6.6	25.9758	2	-1	0.19305	98.0148
0.00399217	6.6	25.9664	3	-1	0.19307	98.025
0.00404097	6.6	25.9705	4	-1	0.19309	98.0351
0.00404098	6.6	25.9703	1	-1	0.1931	98.0402
0.00408957	6.6	25.9653	2	-1	0.19314	97.966
0.00408977	6.6	25.9554	3	-1	0.19316	97.9762
0.00413861	6.6	25.96	4	-1	0.19319	97.9914
0.00413862	6.6	25.9598	1	-1	0.1932	97.9964
0.00418725	6.6	25.9548	2	-1	0.19324	97.9174
0.00418746	6.6	25.9444	3	-1	0.19326	97.9275
0.00423634	6.6	25.9498	4	-1	0.19328	97.9377
0.00423635	6.6	25.9496	1	-1	0.19329	97.9427
0.00428502	6.6	25.9448	2	-1	0.19333	97.8737
0.00428524	6.6	25.934	3	-1	0.19335	97.8839
0.00433417	6.6	25.9397	4	-1	0.19337	97.894
0.00433417	6.6	25.9395	1	-1	0.19338	97.8991
0.00438289	6.6	25.9345	2	-1	0.19342	97.8252
0.00438312	6.6	25.9232	3	-1	0.19344	97.8353
0.00443209	6.6	25.9294	4	-1	0.19347	97.8505
0.00443209	6.6	25.9291	1	-1	0.19348	97.8556
0.00448085	6.6	25.9241	2	-1	0.19352	97.7769
0.00448109	6.6	25.9124	3	-1	0.19354	97.787
0.0045301	6.6	25.919	4	-1	0.19356	97.7971
0.00453011	6.6	25.9187	1	-1	0.19357	97.8021
0.00457891	6.6	25.9136	2	-1	0.19361	97.7285
0.00457916	6.6	25.9014	3	-1	0.19363	97.7386
0.00462822	6.6	25.9085	4	-1	0.19366	97.7538
0.00462822	6.6	25.9083	1	-1	0.19367	97.7588
0.00467707	6.6	25.9032	2	-1	0.19371	97.6804
0.00467733	6.6	25.8905	3	-1	0.19373	97.6905
0.00472642	6.6	25.8984	4	-1	0.19375	97.7006
0.00472643	6.6	25.8982	1	-1	0.19376	97.7056
0.00477532	6.6	25.8933	2	-1	0.1938	97.6372
0.00477559	6.6	25.8802	3	-1	0.19382	97.6472
0.00482472	6.6	25.8884	4	-1	0.19384	97.6573
0.00482473	6.6	25.8882	1	-1	0.19385	97.6624
0.00487366	6.6	25.8831	2	-1	0.19389	97.5891
0.00487394	6.6	25.8695	3	-1	0.19391	97.5992
0.00492312	6.6	25.8782	4	-1	0.19394	97.6143
0.00492312	6.6	25.8779	1	-1	0.19395	97.6193
0.0049721	6.6	25.8728	2	-1	0.19398	97.5362
0.00497239	6.6	25.8585	3	-1	0.19401	97.5513
0.00502161	6.6	25.8678	4	-1	0.19403	97.5613
0.00502161	6.6	25.8676	1	-1	0.19404	97.5664
0.00507063	6.6	25.8624	2	-1	0.19408	97.4933
0.00507093	6.6	25.8477	3	-1	0.1941	97.5034
0.00512019	6.6	25.8575	4	-1	0.19412	97.5134
0.0051202	6.6	25.8573	1	-1	0.19413	97.5185
0.00516926	6.6	25.852	2	-1	0.19417	97.4455
0.00516958	6.6	25.8366	3	-1	0.1942	97.4606
0.00521888	6.6	25.8472	4	-1	0.19422	97.4706
0.00521888	6.6	25.8469	1	-1	0.19423	97.4757
0.00526799	6.6	25.8417	2	-1	0.19427	97.398
0.00526832	6.6	25.8257	3	-1	0.19429	97.408
0.00531765	6.6	25.8368	4	-1	0.19431	97.418
0.00531766	6.6	25.8366	1	-1	0.19432	97.423
0.00536681	6.6	25.8313	2	-1	0.19436	97.3504
0.00536715	6.6	25.8149	3	-1	0.19438	97.3604
0.00541653	6.6	25.8269	4	-1	0.19441	97.3754
0.00541653	6.6	25.8266	1	-1	0.19442	97.3804
0.00546572	6.6	25.8216	2	-1	0.19445	97.3028
0.00546607	6.6	25.8045	3	-1	0.19448	97.3179
0.00551549	6.6	25.817	4	-1	0.1945	97.3279
0.0055155	6.6	25.8167	1	-1	0.19451	97.3329
0.00556473	6.6	25.8115	2	-1	0.19455	97.2604
0.00556509	6.6	25.794	3	-1	0.19457	97.2704
0.00561455	6.6	25.8069	4	-1	0.19459	97.2804
0.00561456	6.6	25.8066	1	-1	0.1946	97.2854
0.00566384	6.6	25.8013	2	-1	0.19464	97.2131
0.00566421	6.6	25.7833	3	-1	0.19466	97.2231
0.00571371	6.6	25.7967	4	-1	0.19468	97.233
0.00571371	6.6	25.7964	1	-1	0.19469	97.238
0.00576303	6.6	25.7911	2	-1	0.19473	97.1658
0.00576341	6.6	25.7726	3	-1	0.19475	97.1758
0.00581296	6.6	25.7865	4	-1	0.19478	97.1908
0.00581296	6.6	25.7862	1	-1	0.19479	97.1957
0.00586233	6.6	25.7808	2	-1	0.19483	97.1188
0.00586272	6.6	25.762	3	-1	0.19485	97.1288
0.00591231	6.6	25.7763	4	-1	0.19487	97.1387
0.00591231	6.6	25.776	1	-1	0.19488	97.1437
0.00596172	6.6	25.7706	2	-1	0.19492	97.0717
0.00596212	6.6	25.7513	3	-1	0.19494	97.0817
0.00601175	6.6	25.7661	4	-1	0.19497	97.0966
0.00601176	6.6	25.7658	1	-1	0.19498	97.1016
0.00606121	6.6	25.7604	2	-1	0.19502	97.0249
0.00606162	6.6	25.7406	3	-1	0.19504	97.0348
0.00611129	6.6	25.7559	4	-1	0.19506	97.0448
0.0061113	6.6	25.7557	1	-1	0.19507	97.0498
0.0061608	6.6	25.7502	2	-1	0.19511	96.978
0.00616122	6.6	25.73	3	-1	0.19513	96.9879
0.00621092	6.6	25.7457	4	-1	0.19515	96.9979
0.00621093	6.6	25.7455	1	-1	0.19516	97.0028
0.00626048	6.6	25.74	2	-1	0.19521	96.9361
0.00626091	6.6	25.7193	3	-1	0.19523	96.9461
0.00631066	6.6	25.7356	4	-1	0.19525	96.956
0.00631066	6.6	25.7354	1	-1	0.19526	96.961
0.00636026	6.6	25.7298	2	-1	0.1953	96.8846
0.0063607	6.6	25.7087	3	-1	0.19532	96.8945
0.00641048	6.6	25.7255	4	-1	0.19534	96.9045
0.00641049	6.6	25.7253	1	-1	0.19535	96.9094
0.00646013	6.6	25.7196	2	-1	0.19539	96.838
0.00646058	6.6	25.6981	3	-1	0.19541	96.8479
0.00651041	6.6	25.7154	4	-1	0.19544	96.8628
0.00651041	6.6	25.7152	1	-1	0.19545	96.8677
0.0065601	6.6	25.7095	2	-1	0.19549	96.7916
0.00656056	6.6	25.6876	3	-1	0.19551	96.8015
0.00661043	6.6	25.7053	4	-1	0.19553	96.8114
0.00661043	6.6	25.7051	1	-1	0.19554	96.8164
0.00666016	6.6	25.6994	2	-1	0.19558	96.7452
0.00666063	6.6	25.677	3	-1	0.1956	96.755
0.00671054	6.6	25.6953	4	-1	0.19562	96.7649
0.00671055	6.6	25.695	1	-1	0.19563	96.7699
0.00676032	6.6	25.6893	2	-1	0.19568	96.7037
0.0067608	6.6	25.6667	3	-1	0.19569	96.7087
0.00681076	6.6	25.6852	4	-1	0.19572	96.7235
0.00681076	6.6	25.685	1	-1	0.19573	96.7284
0.00686058	6.6	25.6792	2	-1	0.19577	96.6527
0.00686107	6.6	25.6562	3	-1	0.19579	96.6626
0.00691106	6.6	25.6752	4	-1	0.19581	96.6724
0.00691107	6.6	25.675	1	-1	0.19582	96.6774
0.00696093	6.6	25.6691	2	-1	0.19586	96.6065
0.00696143	6.6	25.6457	3	-1	0.19588	96.6164
0.00701147	6.6	25.6652	4	-1	0.19591	96.6312
0.00701147	6.6	25.665	1	-1	0.19592	96.6361
0.00706138	6.6	25.6591	2	-1	0.19596	96.5606
0.00706188	6.6	25.6355	3	-1	0.19597	96.5655
0.00711197	6.6	25.6552	4	-1	0.196	96.5803
0.00711197	6.6	25.655	1	-1	0.19601	96.5852
0.00716193	6.6	25.6491	2	-1	0.19605	96.5145
0.00716244	6.6	25.6251	3	-1	0.19607	96.5244
0.00721256	6.6	25.6453	4	-1	0.19609	96.5342
0.00721257	6.6	25.645	1	-1	0.1961	96.5392
0.00726257	6.6	25.6391	2	-1	0.19614	96.4686
0.00726309	6.6	25.6146	3	-1	0.19616	96.4785
0.00731325	6.6	25.6353	4	-1	0.19619	96.4932
0.00731326	6.6	25.6351	1	-1	0.1962	96.4981
0.0073633	6.6	25.6292	2	-1	0.19624	96.423
0.00736383	6.6	25.6045	3	-1	0.19625	96.4279
0.00741404	6.6	25.6254	4	-1	0.19628	96.4426
0.00741405	6.6	25.6252	1	-1	0.19629	96.4475
0.00746414	6.6	25.6192	2	-1	0.19633	96.3772
0.00746467	6.6	25.5941	3	-1	0.19635	96.387
0.00751492	6.6	25.6155	4	-1	0.19637	96.3968
0.00751493	6.6	25.6153	1	-1	0.19638	96.4017
0.00756506	6.6	25.6092	2	-1	0.19642	96.3315
0.00756561	6.6	25.5837	3	-1	0.19644	96.3413
0.0076159	6.6	25.6056	4	-1	0.19646	96.3512
0.0076159	6.6	25.6054	1	-1	0.19647	96.3561
0.00766609	6.6	25.5993	2	-1	0.19652	96.2909
0.00766664	6.6	25.5736	3	-1	0.19653	96.2958
0.00771697	6.6	25.5956	4	-1	0.19656	96.3105
0.00771698	6.6	25.5953	1	-1	0.19657	96.3154
0.0077672	6.6	25.5889	2	-1	0.19661	96.2359
0.00776777	6.6	25.5626	3	-1	0.19663	96.2457
0.00781815	6.6	25.5853	4	-1	0.19666	96.2604
0.00781815	6.6	25.585	1	-1	0.19667	96.2653
0.00786843	6.6	25.5788	2	-1	0.19671	96.1907
0.007869	6.6	25.5522	3	-1	0.19672	96.1956
0.00791942	6.6	25.5752	4	-1	0.19675	96.2103
0.00791943	6.6	25.575	1	-1	0.19676	96.2152
0.00796974	6.6	25.5687	2	-1	0.1968	96.1454
0.00797032	6.6	25.5418	3	-1	0.19682	96.1552
0.00802079	6.6	25.5653	4	-1	0.19684	96.1649
0.00802079	6.6	25.5651	1	-1	0.19685	96.1698
0.00807116	6.6	25.5588	2	-1	0.1969	96.105
0.00807174	6.6	25.5317	3	-1	0.19691	96.1099
0.00812225	6.6	25.5555	4	-1	0.19694	96.1246
0.00812226	6.6	25.5553	1	-1	0.19695	96.1294
0.00817267	6.6	25.549	2	-1	0.19699	96.0552
0.00817326	6.6	25.5217	3	-1	0.197	96.0601
0.00822381	6.6	25.5457	4	-1	0.19703	96.0747
0.00822382	6.6	25.5455	1	-1	0.19704	96.0796
0.00827427	6.6	25.5392	2	-1	0.19708	96.0101
0.00827487	6.6	25.5117	3	-1	0.19709	96.015
0.00832547	6.6	25.5359	4	-1	0.19712	96.0296
0.00832547	6.6	25.5357	1	-1	0.19713	96.0345
0.00837598	6.6	25.5294	2	-1	0.19718	95.97
0.00837657	6.6	25.5017	3	-1	0.19719	95.9749
0.00842722	6.6	25.5259	4	-1	0.19722	95.9895
0.00842722	6.6	25.5257	1	-1	0.19723	95.9944
0.00847778	6.6	25.519	2	-1	0.19727	95.9158
0.00847838	6.6	25.4912	3	-1	0.19728	95.9206
0.00852907	6.6	25.5158	4	-1	0.19731	95.9352
0.00852907	6.6	25.5156	1	-1	0.19732	95.9401
0.00857968	6.6	25.509	2	-1	0.19737	95.8758
0.00858029	6.6	25.481	3	-1	0.19738	95.8807
0.00863102	6.6	25.5059	4	-1	0.19741	95.8953
0.00863102	6.6	25.5057	1	-1	0.19742	95.9001
0.00868167	6.6	25.4992	2	-1	0.19746	95.8265
0.00868229	6.6	25.471	3	-1	0.19747	95.8313
0.00873306	6.6	25.4962	4	-1	0.1975	95.8459
0.00873307	6.6	25.496	1	-1	0.19751	95.8507
0.00878376	6.6	25.4894	2	-1	0.19755	95.7818
0.00878438	6.6	25.4611	3	-1	0.19756	95.7867
0.0088352	6.6	25.4865	4	-1	0.19759	95.8012
0.00883521	6.6	25.4862	1	-1	0.1976	95.8061
0.00888595	6.6	25.4797	2	-1	0.19765	95.7421
0.00888657	6.6	25.4514	3	-1	0.19765	95.7421
0.00893744	6.6	25.4765	4	-1	0.19769	95.7615
0.00893744	6.6	25.4763	1	-1	0.1977	95.7663
0.00898824	6.6	25.4695	2	-1	0.19774	95.6884
0.00898886	6.6	25.441	3	-1	0.19775	95.6932
0.00903978	6.6	25.4665	4	-1	0.19778	95.7077
0.00903978	6.6	25.4663	1	-1	0.19779	95.7126
0.00909062	6.6	25.4596	2	-1	0.19784	95.6488
0.00909125	6.6	25.4312	3	-1	0.19784	95.6488
0.00914221	6.6	25.4568	4	-1	0.19788	95.6681
0.00914222	6.6	25.4565	1	-1	0.19789	95.673
0.0091931	6.6	25.4499	2	-1	0.19793	95.5999
0.00919373	6.6	25.4213	3	-1	0.19794	95.6047
0.00924474	6.6	25.4471	4	-1	0.19797	95.6192
0.00924474	6.6	25.4469	1	-1	0.19798	95.624
0.00929568	6.6	25.4403	2	-1	0.19802	95.5557
0.00929631	6.6	25.4114	3	-1	0.19803	95.5605
0.00934736	6.6	25.4372	4	-1	0.19806	95.575
0.00934737	6.6	25.4369	1	-1	0.19807	95.5798
0.00939835	6.6	25.4301	2	-1	0.19812	95.5117
0.00939899	6.6	25.4013	3	-1	0.19812	95.5117
0.00945009	6.6	25.4272	4	-1	0.19816	95.531
0.0094501	6.6	25.427	1	-1	0.19817	95.5358
0.00950113	6.6	25.4202	2	-1	0.19821	95.4631
0.00950176	6.6	25.3913	3	-1	0.19822	95.4679
0.00955291	6.6	25.4175	4	-1	0.19825	95.4823
0.00955292	6.6	25.4173	1	-1	0.19826	95.4872
0.009604	6.6	25.4106	2	-1	0.19831	95.4239
0.00960463	6.6	25.3817	3	-1	0.19831	95.4239
0.00965583	6.6	25.408	4	-1	0.19834	95.4384
0.00965583	6.6	25.4077	1	-1	0.19835	95.4432
0.00970696	6.6	25.4007	2	-1	0.1984	95.3754
0.0097076	6.6	25.3718	3	-1	0.1984	95.3754
0.00975885	6.6	25.3979	4	-1	0.19844	95.3947
0.00975885	6.6	25.3976	1	-1	0.19845	95.3995
0.00981002	6.6	25.3908	2	-1	0.19849	95.3271
0.00981067	6.6	25.3618	3	-1	0.1985	95.3319
0.00986196	6.6	25.3881	4	-1	0.19853	95.3463
0.00986197	6.6	25.3879	1	-1	0.19854	95.3511
0.00991319	6.6	25.3811	2	-1	0.19859	95.2881
0.00991383	6.6	25.3522	3	-1	0.19859	95.2881
0.00996517	6.6	25.3786	4	-1	0.19862	95.3025
0.00996517	6.6	25.3783	1	-1	0.19863	95.3073
0.0100164	6.6	25.3712	2	-1	0.19868	95.2399
0.0100171	6.6	25.3421	3	-1	0.19869	95.2447
0.0100685	6.6	25.3685	4	-1	0.19872	95.2591
0.0100685	6.6	25.3683	1	-1	0.19873	95.2639
0.0101198	6.6	25.3614	2	-1	0.19878	95.1966
0.0101205	6.6	25.3323	3	-1	0.19878	95.1966
0.0101719	6.6	25.3589	4	-1	0.19881	95.211
0.0101719	6.6	25.3586	1	-1	0.19882	95.2157
0.0102233	6.6	25.3517	2	-1	0.19887	95.1531
0.0102239	6.6	25.3227	3	-1	0.19887	95.1531
0.0102754	6.6	25.3494	4	-1	0.19891	95.1722
0.0102754	6.6	25.3491	1	-1	0.19892	95.177
0.0103268	6.6	25.3419	2	-1	0.19896	95.1006
0.0103275	6.6	25.3128	3	-1	0.19897	95.1054
0.010379	6.6	25.3394	4	-1	0.199	95.1197
0.010379	6.6	25.3391	1	-1	0.19901	95.1245
0.0104305	6.6	25.3322	2	-1	0.19906	95.0621
0.0104311	6.6	25.303	3	-1	0.19906	95.0621
0.0104827	6.6	25.3297	4	-1	0.19909	95.0764
0.0104827	6.6	25.3295	1	-1	0.1991	95.0812
0.0105342	6.6	25.3226	2	-1	0.19915	95.0188
0.0105349	6.6	25.2935	3	-1	0.19915	95.0188
0.0105865	6.6	25.3201	4	-1	0.19919	95.0379
0.0105865	6.6	25.3199	1	-1	0.1992	95.0427
0.0106381	6.6	25.3127	2	-1	0.19925	94.9714
0.0106387	6.6	25.2834	3	-1	0.19925	94.9714
0.0106904	6.6	25.3103	4	-1	0.19928	94.9857
0.0106904	6.6	25.3101	1	-1	0.19929	94.9905
0.010742	6.6	25.303	2	-1	0.19934	94.9283
0.0107427	6.6	25.2738	3	-1	0.19934	94.9283
0.0107944	6.6	25.3008	4	-1	0.19937	94.9426
0.0107944	6.6	25.3005	1	-1	0.19938	94.9474
0.010846	6.6	25.2935	2	-1	0.19943	94.8853
0.0108467	6.6	25.2643	3	-1	0.19943	94.8853
0.0108985	6.6	25.2911	4	-1	0.19947	94.9044
0.0108985	6.6	25.2908	1	-1	0.19948	94.9091
0.0109502	6.6	25.2836	2	-1	0.19953	94.8382
0.0109508	6.6	25.2545	3	-1	0.19953	94.8382
0.0110026	6.6	25.2814	4	-1	0.19956	94.8524
0.0110027	6.6	25.2812	1	-1	0.19957	94.8572
0.0110544	6.6	25.274	2	-1	0.19962	94.7953
0.0110551	6.6	25.2449	3	-1	0.19962	94.7953
0.0111069	6.6	25.2718	4	-1	0.19966	94.8143
0.0111069	6.6	25.2716	1	-1	0.19967	94.8191
0.0111588	6.6	25.2642	2	-1	0.19972	94.7483
0.0111594	6.6	25.2352	3	-1	0.19971	94.7436
0.0112113	6.6	25.262	4	-1	0.19975	94.7626
0.0112113	6.6	25.2618	1	-1	0.19976	94.7673
0.0112632	6.6	25.2546	2	-1	0.19981	94.7057
0.0112638	6.6	25.2256	3	-1	0.19981	94.7057
0.0113158	6.6	25.2526	4	-1	0.19984	94.7199
0.0113158	6.6	25.2524	1	-1	0.19985	94.7246
0.0113677	6.6	25.2448	2	-1	0.1999	94.6586
0.0113684	6.6	25.216	3	-1	0.1999	94.6586
0.0114204	6.6	25.2427	4	-1	0.19994	94.6775
0.0114204	6.6	25.2425	1	-1	0.19995	94.6823
0.0114724	6.6	25.2353	2	-1	0.2	94.6163
0.011473	6.6	25.2064	3	-1	0.2	94.6163
0.0115251	6.6	25.2333	4	-1	0.20003	94.6305
0.0115251	6.6	25.2331	1	-1	0.20004	94.6353
0.0115771	6.6	25.2255	2	-1	0.20009	94.5694
0.0115777	6.6	25.1967	3	-1	0.20009	94.5694
0.0116298	6.6	25.2235	4	-1	0.20013	94.5883
0.0116298	6.6	25.2232	1	-1	0.20014	94.5931
0.0116819	6.6	25.216	2	-1	0.20019	94.5273
0.0116826	6.6	25.1875	3	-1	0.20018	94.5226
0.0117347	6.6	25.214	4	-1	0.20022	94.5415
0.0117347	6.6	25.2138	1	-1	0.20023	94.5462
0.0117868	6.6	25.2063	2	-1	0.20028	94.4806
0.0117875	6.6	25.1779	3	-1	0.20028	94.4806
0.0118397	6.6	25.2042	4	-1	0.20031	94.4948
0.0118397	6.6	25.204	1	-1	0.20032	94.4995
0.0118919	6.6	25.1967	2	-1	0.20037	94.4384
0.0118925	6.6	25.1683	3	-1	0.20037	94.4384
0.0119448	6.6	25.1948	4	-1	0.20041	94.4573
0.0119448	6.6	25.1946	1	-1	0.20042	94.462
0.011997	6.6	25.1871	2	-1	0.20047	94.3921
0.0119976	6.6	25.1589	3	-1	0.20046	94.3874
0.0120499	6.6	25.185	4	-1	0.2005	94.4063
0.0120499	6.6	25.1848	1	-1	0.20051	94.411
0.0121022	6.6	25.1776	2	-1	0.20056	94.3501
0.0121029	6.6	25.1495	3	-1	0.20056	94.3501
0.0121552	6.6	25.1757	4	-1	0.20059	94.3642
0.0121552	6.6	25.1754	1	-1	0.2006	94.3689
0.0122075	6.6	25.1679	2	-1	0.20065	94.3037
0.0122082	6.6	25.1399	3	-1	0.20065	94.3037
0.0122606	6.6	25.1659	4	-1	0.20069	94.3225
0.0122606	6.6	25.1657	1	-1	0.2007	94.3272
0.0123129	6.6	25.1585	2	-1	0.20075	94.2621
0.0123136	6.6	25.1304	3	-1	0.20075	94.2621
0.012366	6.6	25.1566	4	-1	0.20078	94.2762
0.012366	6.6	25.1564	1	-1	0.20079	94.2809
0.0124185	6.6	25.1489	2	-1	0.20084	94.2159
0.0124191	6.6	25.1209	3	-1	0.20084	94.2159
0.0124716	6.6	25.1469	4	-1	0.20087	94.23
0.0124716	6.6	25.1467	1	-1	0.20088	94.2346
0.0125241	6.6	25.1394	2	-1	0.20094	94.1789
0.0125247	6.6	25.1117	3	-1	0.20093	94.1742
0.0125773	6.6	25.1374	4	-1	0.20097	94.1929
0.0125773	6.6	25.1371	1	-1	0.20098	94.1976
0.0126298	6.6	25.1296	2	-1	0.20103	94.1284
0.0126304	6.6	25.1019	3	-1	0.20103	94.1284
0.012683	6.6	25.1279	4	-1	0.20107	94.1471
0.012683	6.6	25.1277	1	-1	0.20108	94.1518
0.0127356	6.6	25.1204	2	-1	0.20113	94.0871
0.0127362	6.6	25.093	3	-1	0.20112	94.0824
0.0127889	6.6	25.1184	4	-1	0.20116	94.1011
0.0127889	6.6	25.1182	1	-1	0.20117	94.1058
0.0128415	6.6	25.1107	2	-1	0.20122	94.0412
0.0128422	6.6	25.0836	3	-1	0.20121	94.0365
0.0128949	6.6	25.109	4	-1	0.20125	94.0552
0.0128949	6.6	25.1088	1	-1	0.20126	94.0599
0.0129475	6.6	25.1011	2	-1	0.20131	93.9954
0.0129482	6.6	25.074	3	-1	0.20131	93.9954
0.0130009	6.6	25.0993	4	-1	0.20135	94.0141
0.0130009	6.6	25.0991	1	-1	0.20136	94.0188
0.0130536	6.6	25.0918	2	-1	0.20141	93.9544
0.0130543	6.6	25.065	3	-1	0.2014	93.9497
0.0131071	6.6	25.0898	4	-1	0.20144	93.9684
0.0131071	6.6	25.0896	1	-1	0.20145	93.973
0.0131599	6.6	25.0821	2	-1	0.2015	93.9087
0.0131605	6.6	25.0553	3	-1	0.2015	93.9087
0.0132133	6.6	25.0804	4	-1	0.20153	93.9227
0.0132133	6.6	25.0802	1	-1	0.20154	93.9274
0.0132662	6.6	25.0728	2	-1	0.2016	93.8722
0.0132668	6.6	25.0463	3	-1	0.20159	93.8676
0.0133197	6.6	25.0711	4	-1	0.20163	93.8862
0.0133197	6.6	25.0709	1	-1	0.20164	93.8909
0.0133726	6.6	25.0632	2	-1	0.20169	93.8224
0.0133732	6.6	25.037	3	-1	0.20168	93.8177
0.0134261	6.6	25.0617	4	-1	0.20172	93.8363
0.0134261	6.6	25.0615	1	-1	0.20173	93.841
0.0134791	6.6	25.0538	2	-1	0.20178	93.777
0.0134797	6.6	25.0278	3	-1	0.20177	93.7724
0.0135327	6.6	25.0521	4	-1	0.20182	93.7956
0.0135327	6.6	25.0519	1	-1	0.20183	93.8003
0.0135857	6.6	25.0446	2	-1	0.20188	93.7364
0.0135863	6.6	25.0188	3	-1	0.20187	93.7317
0.0136394	6.6	25.0427	4	-1	0.20191	93.7503
0.0136394	6.6	25.0425	1	-1	0.20192	93.7549
0.0136924	6.6	25.0349	2	-1	0.20197	93.6911
0.013693	6.6	25.0095	3	-1	0.20196	93.6865
0.0137461	6.6	25.0334	4	-1	0.202	93.7051
0.0137461	6.6	25.0331	1	-1	0.20201	93.7097
0.0137992	6.6	25.0255	2	-1	0.20207	93.6506
0.0137998	6.6	25.0005	3	-1	0.20205	93.6414
0.013853	6.6	25.0238	4	-1	0.2021	93.6646
0.013853	6.6	25.0236	1	-1	0.20211	93.6692
0.0139061	6.6	25.0163	2	-1	0.20216	93.6056
0.0139067	6.6	24.9915	3	-1	0.20215	93.601
0.0139599	6.6	25.0144	4	-1	0.20219	93.6195
0.0139599	6.6	25.0142	1	-1	0.2022	93.6241
0.0140131	6.6	25.0067	2	-1	0.20225	93.5606
0.0140137	6.6	24.9822	3	-1	0.20224	93.556
0.014067	6.6	25.0048	4	-1	0.20228	93.5745
0.014067	6.6	25.0046	1	-1	0.20229	93.5791
0.0141202	6.6	24.9971	2	-1	0.20235	93.5204
0.0141208	6.6	24.9728	3	-1	0.20234	93.5157
0.0141741	6.6	24.9956	4	-1	0.20238	93.5342
0.0141741	6.6	24.9954	1	-1	0.20239	93.5388
0.0142274	6.6	24.9877	2	-1	0.20244	93.4712
0.014228	6.6	24.9637	3	-1	0.20243	93.4666
0.0142814	6.6	24.986	4	-1	0.20247	93.4851
0.0142814	6.6	24.9858	1	-1	0.20248	93.4897
0.0143347	6.6	24.9785	2	-1	0.20254	93.4354
0.0143353	6.6	24.9547	3	-1	0.20253	93.4308
0.0143887	6.6	24.9767	4	-1	0.20257	93.4493
0.0143887	6.6	24.9765	1	-1	0.20258	93.4539
0.0144421	6.6	24.969	2	-1	0.20263	93.3865
0.0144427	6.6	24.9455	3	-1	0.20262	93.3819
0.0144962	6.6	24.9676	4	-1	0.20266	93.4003
0.0144962	6.6	24.9674	1	-1	0.20267	93.4049
0.0145496	6.6	24.9598	2	-1	0.20273	93.3465
0.0145502	6.6	24.9367	3	-1	0.20271	93.3373
0.0146037	6.6	24.9581	4	-1	0.20275	93.3557
0.0146037	6.6	24.9579	1	-1	0.20276	93.3603
0.0146572	6.6	24.9503	2	-1	0.20282	93.3021
0.0146578	6.6	24.9275	3	-1	0.20281	93.2975
0.0147114	6.6	24.9486	4	-1	0.20285	93.3159
0.0147114	6.6	24.9484	1	-1	0.20286	93.3205
0.0147649	6.6	24.9411	2	-1	0.20291	93.2577
0.0147655	6.6	24.9185	3	-1	0.2029	93.2531
0.0148191	6.6	24.9393	4	-1	0.20294	93.2714
0.0148191	6.6	24.9391	1	-1	0.20295	93.276
0.0148728	6.6	24.9317	2	-1	0.20301	93.2179
0.0148733	6.6	24.9095	3	-1	0.20299	93.2087
0.014927	6.6	24.9299	4	-1	0.20304	93.2317
0.014927	6.6	24.9297	1	-1	0.20305	93.2363
0.0149807	6.6	24.9222	2	-1	0.2031	93.1694
0.0149812	6.6	24.9003	3	-1	0.20309	93.1648
0.0150349	6.6	24.9207	4	-1	0.20313	93.1832
0.0150349	6.6	24.9205	1	-1	0.20314	93.1878
0.0150887	6.6	24.913	2	-1	0.2032	93.1298
0.0150892	6.6	24.8916	3	-1	0.20318	93.1207
0.015143	6.6	24.9113	4	-1	0.20323	93.1436
0.015143	6.6	24.9111	1	-1	0.20324	93.1482
0.0151968	6.6	24.9037	2	-1	0.20329	93.0815
0.0151973	6.6	24.8827	3	-1	0.20327	93.0723
0.0152511	6.6	24.9018	4	-1	0.20332	93.0952
0.0152511	6.6	24.9016	1	-1	0.20333	93.0998
0.015305	6.6	24.8946	2	-1	0.20338	93.0418
0.0153055	6.6	24.8739	3	-1	0.20337	93.0372
0.0153594	6.6	24.8926	4	-1	0.20341	93.0555
0.0153594	6.6	24.8924	1	-1	0.20342	93.0601
0.0154133	6.6	24.8852	2	-1	0.20347	92.9979
0.0154138	6.6	24.8647	3	-1	0.20346	92.9933
0.0154677	6.6	24.8833	4	-1	0.20351	93.0161
0.0154677	6.6	24.8831	1	-1	0.20352	93.0207
0.0155217	6.6	24.8759	2	-1	0.20357	92.9543
0.0155222	6.6	24.8556	3	-1	0.20356	92.9498
0.0155762	6.6	24.8742	4	-1	0.2036	92.968
0.0155762	6.6	24.874	1	-1	0.20361	92.9726
0.0156302	6.6	24.8667	2	-1	0.20366	92.9106
0.0156307	6.6	24.8467	3	-1	0.20365	92.906
0.0156847	6.6	24.8648	4	-1	0.20369	92.9243
0.0156847	6.6	24.8646	1	-1	0.2037	92.9288
0.0157388	6.6	24.8574	2	-1	0.20375	92.8669
0.0157393	6.6	24.8374	3	-1	0.20375	92.8669
0.0157934	6.6	24.8554	4	-1	0.20378	92.8806
0.0157934	6.6	24.8552	1	-1	0.20379	92.8851
0.0158475	6.6	24.848	2	-1	0.20385	92.8279
0.015848	6.6	24.8283	3	-1	0.20384	92.8233
0.0159021	6.6	24.8461	4	-1	0.20388	92.8415
0.0159021	6.6	24.8459	1	-1	0.20389	92.8461
0.0159563	6.6	24.8389	2	-1	0.20394	92.7843
0.0159568	6.6	24.8194	3	-1	0.20393	92.7798
0.016011	6.6	24.837	4	-1	0.20397	92.798
0.016011	6.6	24.8368	1	-1	0.20398	92.8025
0.0160652	6.6	24.8297	2	-1	0.20404	92.7455
0.0160657	6.6	24.8104	3	-1	0.20403	92.7409
0.0161199	6.6	24.8278	4	-1	0.20407	92.7591
0.0161199	6.6	24.8276	1	-1	0.20408	92.7636
0.0161742	6.6	24.8204	2	-1	0.20413	92.6979
0.0161747	6.6	24.8013	3	-1	0.20412	92.6933
0.016229	6.6	24.8186	1	-1	0.20417	92.716
0.016229	6.6	24.8186	4	-1	0.20417	92.716
0.0162833	6.6	24.8112	2	-1	0.20423	92.6591
0.0162837	6.6	24.7926	3	-1	0.20421	92.6501
0.0163381	6.6	24.8094	4	-1	0.20426	92.6727
0.0163381	6.6	24.8092	1	-1	0.20427	92.6773
0.0163925	6.6	24.8019	2	-1	0.20433	92.6163
0.0163929	6.6	24.784	3	-1	0.2043	92.6027
0.0164474	6.6	24.8001	1	-1	0.20436	92.6299
0.0164474	6.6	24.8001	4	-1	0.20436	92.6299
0.0165018	6.6	24.7928	2	-1	0.20442	92.5731
0.0165022	6.6	24.7752	3	-1	0.2044	92.5641
0.0165567	6.6	24.791	1	-1	0.20445	92.5867
0.0165567	6.6	24.791	4	-1	0.20445	92.5867
0.0166112	6.6	24.7836	2	-1	0.20451	92.5301
0.0166116	6.6	24.7663	3	-1	0.20449	92.521
0.0166662	6.6	24.782	1	-1	0.20454	92.5437
0.0166662	6.6	24.782	4	-1	0.20454	92.5437
0.0167207	6.6	24.7746	2	-1	0.20461	92.4916
0.0167211	6.6	24.7579	3	-1	0.20458	92.4781
0.0167757	6.6	24.7729	1	-1	0.20464	92.5052
0.0167757	6.6	24.7729	4	-1	0.20464	92.5052
0.0168303	6.6	24.7655	2	-1	0.2047	92.4446
0.0168307	6.6	24.7494	3	-1	0.20467	92.431
0.0168854	6.6	24.7636	1	-1	0.20473	92.4581
0.0168854	6.6	24.7636	4	-1	0.20473	92.4581
0.01694	6.6	24.7564	2	-1	0.20479	92.4018
0.0169404	6.6	24.7408	3	-1	0.20477	92.3927
0.0169951	6.6	24.7544	4	-1	0.20482	92.4153
0.0169951	6.6	24.7542	1	-1	0.20483	92.4198
0.0170498	6.6	24.7471	2	-1	0.20488	92.3549
0.0170502	6.6	24.7317	3	-1	0.20487	92.3503
0.017105	6.6	24.7451	4	-1	0.20492	92.3729
0.017105	6.6	24.7449	1	-1	0.20493	92.3774
0.0171598	6.6	24.7381	2	-1	0.20498	92.3125
0.0171601	6.6	24.7231	3	-1	0.20496	92.3035
0.0172149	6.6	24.7358	4	-1	0.20501	92.3261
0.0172149	6.6	24.7356	1	-1	0.20502	92.3306
0.0172698	6.6	24.729	2	-1	0.20507	92.27
0.0172701	6.6	24.7142	3	-1	0.20506	92.2655
0.017325	6.6	24.7265	4	-1	0.2051	92.2835
0.017325	6.6	24.7263	1	-1	0.20511	92.288
0.0173799	6.6	24.7198	2	-1	0.20516	92.2275
0.0173802	6.6	24.7051	3	-1	0.20516	92.2275
0.0174352	6.6	24.7174	4	-1	0.20519	92.241
0.0174352	6.6	24.7172	1	-1	0.2052	92.2454
0.0174901	6.6	24.7106	2	-1	0.20525	92.185
0.0174904	6.6	24.6959	3	-1	0.20525	92.185
0.0175454	6.6	24.7083	4	-1	0.20529	92.203
0.0175454	6.6	24.7081	1	-1	0.2053	92.2075
0.0176004	6.6	24.7015	2	-1	0.20535	92.143
0.0176008	6.6	24.687	3	-1	0.20534	92.1386
0.0176558	6.6	24.6991	4	-1	0.20538	92.1565
0.0176558	6.6	24.6989	1	-1	0.20539	92.161
0.0177108	6.6	24.6924	2	-1	0.20544	92.1008
0.0177112	6.6	24.678	3	-1	0.20544	92.1008
0.0177662	6.6	24.6899	4	-1	0.20547	92.1142
0.0177662	6.6	24.6897	1	-1	0.20548	92.1187
0.0178213	6.6	24.6833	2	-1	0.20553	92.0586
0.0178217	6.6	24.6688	3	-1	0.20553	92.0586
0.0178768	6.6	24.6806	4	-1	0.20557	92.0765
0.0178768	6.6	24.6804	1	-1	0.20558	92.081
0.0179319	6.6	24.6739	2	-1	0.20563	92.0168
0.0179323	6.6	24.6595	3	-1	0.20563	92.0168
0.0179875	6.6	24.6715	4	-1	0.20566	92.0303
0.0179875	6.6	24.6713	1	-1	0.20567	92.0347
0.0180426	6.6	24.6647	2	-1	0.20573	91.9793
0.018043	6.6	24.6505	3	-1	0.20572	91.9748
0.0180982	6.6	24.6625	4	-1	0.20576	91.9927
0.0180982	6.6	24.6623	1	-1	0.20577	91.9971
0.0181535	6.6	24.6556	2	-1	0.20583	91.9376
0.0181538	6.6	24.6419	3	-1	0.20581	91.9287
0.0182091	6.6	24.6536	1	-1	0.20586	91.951
0.0182091	6.6	24.6536	4	-1	0.20586	91.951
0.0182644	6.6	24.6467	2	-1	0.20592	91.8958
0.0182647	6.6	24.6334	3	-1	0.2059	91.8868
0.0183201	6.6	24.6447	1	-1	0.20595	91.9091
0.0183201	6.6	24.6447	4	-1	0.20595	91.9091
0.0183754	6.6	24.6378	2	-1	0.20602	91.8584
0.0183758	6.6	24.625	3	-1	0.20599	91.845
0.0184311	6.6	24.6358	1	-1	0.20604	91.8673
0.0184311	6.6	24.6356	4	-1	0.20605	91.8718
0.0184866	6.6	24.6286	2	-1	0.20612	91.817
0.0184869	6.6	24.6166	3	-1	0.20608	91.7992
0.0185423	6.6	24.6266	1	-1	0.20614	91.8259
0.0185423	6.6	24.6262	4	-1	0.20615	91.8304
0.0185978	6.6	24.6197	2	-1	0.20621	91.7713
0.0185981	6.6	24.6083	3	-1	0.20618	91.7579
0.0186536	6.6	24.6174	1	-1	0.20623	91.7802
0.0186536	6.6	24.6169	4	-1	0.20624	91.7846
0.0187091	6.6	24.6108	2	-1	0.2063	91.7297
0.0187094	6.6	24.6	3	-1	0.20627	91.7163
0.0187649	6.6	24.6084	1	-1	0.20633	91.743
0.018765	6.6	24.6078	4	-1	0.20633	91.743
0.0188205	6.6	24.6019	2	-1	0.20639	91.6841
0.0188208	6.6	24.5916	3	-1	0.20637	91.6752
0.0188764	6.6	24.5993	1	-1	0.20642	91.6974
0.0188764	6.6	24.5987	4	-1	0.20642	91.6974
0.0189321	6.6	24.5929	2	-1	0.20649	91.6471
0.0189323	6.6	24.5829	3	-1	0.20646	91.6337
0.018988	6.6	24.5903	1	-1	0.20652	91.6604
0.018988	6.6	24.5897	4	-1	0.20652	91.6604
0.0190437	6.6	24.5838	2	-1	0.20658	91.6016
0.019044	6.6	24.5745	3	-1	0.20655	91.5883
0.0190997	6.6	24.5813	1	-1	0.20661	91.6149
0.0190997	6.6	24.5806	4	-1	0.20662	91.6194
0.0191555	6.6	24.575	2	-1	0.20668	91.5648
0.0191557	6.6	24.5664	3	-1	0.20664	91.547
0.0192115	6.6	24.5723	1	-1	0.2067	91.5736
0.0192115	6.6	24.5714	4	-1	0.20671	91.5781
0.0192673	6.6	24.5659	2	-1	0.20677	91.5195
0.0192675	6.6	24.5579	3	-1	0.20674	91.5062
0.0193233	6.6	24.5632	1	-1	0.2068	91.5328
0.0193234	6.6	24.562	4	-1	0.20681	91.5372
0.0193792	6.6	24.5571	2	-1	0.20686	91.4743
0.0193794	6.6	24.5497	3	-1	0.20683	91.461
0.0194353	6.6	24.5541	1	-1	0.20689	91.4876
0.0194354	6.6	24.5527	4	-1	0.2069	91.492
0.0194913	6.6	24.5484	2	-1	0.20695	91.4332
0.0194915	6.6	24.5414	3	-1	0.20693	91.4244
0.0195474	6.6	24.5448	1	-1	0.20699	91.4509
0.0195474	6.6	24.5435	4	-1	0.20699	91.4509
0.0196034	6.6	24.5395	2	-1	0.20705	91.3926
0.0196036	6.6	24.5328	3	-1	0.20703	91.3838
0.0196596	6.6	24.536	1	-1	0.20708	91.4059
0.0196596	6.6	24.5347	4	-1	0.20708	91.4059
0.0197157	6.6	24.5304	2	-1	0.20714	91.3517
0.0197158	6.6	24.5242	3	-1	0.20712	91.3429
0.0197719	6.6	24.5272	1	-1	0.20717	91.3649
0.0197719	6.6	24.5257	4	-1	0.20718	91.3693
0.019828	6.6	24.5213	2	-1	0.20724	91.3112
0.0198282	6.6	24.5156	3	-1	0.20721	91.298
0.0198843	6.6	24.5182	1	-1	0.20727	91.3245
0.0198843	6.6	24.5165	4	-1	0.20728	91.3289
0.0199405	6.6	24.5126	2	-1	0.20733	91.2665
0.0199406	6.6	24.5076	3	-1	0.2073	91.2532
0.0199968	6.6	24.5089	1	-1	0.20737	91.2841
0.0199968	6.6	24.5072	4	-1	0.20737	91.2841
0.020053	6.6	24.5038	2	-1	0.20742	91.2217
0.0200532	6.6	24.4989	3	-1	0.20741	91.2173
0.0201094	6.6	24.5	1	-1	0.20746	91.2393
0.0201094	6.6	24.4983	4	-1	0.20746	91.2393
0.0201657	6.6	24.4949	2	-1	0.20752	91.1855
0.0201658	6.6	24.4904	3	-1	0.2075	91.1767
0.0202221	6.6	24.4913	1	-1	0.20755	91.1987
0.0202221	6.6	24.4896	4	-1	0.20755	91.1987
0.0202784	6.6	24.4858	2	-1	0.20762	91.1454
0.0202785	6.6	24.4819	3	-1	0.20759	91.1322
0.0203349	6.6	24.4824	1	-1	0.20764	91.1541
0.0203349	6.6	24.4805	4	-1	0.20765	91.1585
0.0203913	6.6	24.4771	2	-1	0.20771	91.1049
0.0203914	6.6	24.4737	3	-1	0.20768	91.0917
0.0204478	6.6	24.4732	1	-1	0.20774	91.118
0.0204478	6.6	24.4712	4	-1	0.20775	91.1224
0.0205043	6.6	24.4683	2	-1	0.20781	91.0649
0.0205043	6.6	24.4657	3	-1	0.20777	91.0473
0.0205608	6.6	24.4643	1	-1	0.20783	91.0736
0.0205608	6.6	24.4621	4	-1	0.20784	91.078
0.0206173	6.6	24.4593	2	-1	0.2079	91.0205
0.0206174	6.6	24.4572	3	-1	0.20787	91.0074
0.0206739	6.6	24.4554	1	-1	0.20793	91.0337
0.020674	6.6	24.453	4	-1	0.20794	91.038
0.0207305	6.6	24.4507	2	-1	0.20799	90.9763
0.0207305	6.6	24.4492	3	-1	0.20796	90.9632
0.0207871	6.6	24.4461	1	-1	0.20802	90.9894
0.0207872	6.6	24.4435	4	-1	0.20803	90.9938
0.0208438	6.6	24.4419	2	-1	0.20808	90.9361
0.0208438	6.6	24.4408	3	-1	0.20806	90.9274
0.0209004	6.6	24.4373	1	-1	0.20812	90.9536
0.0209005	6.6	24.4347	4	-1	0.20812	90.9536
0.0209572	6.6	24.4329	2	-1	0.20818	90.8924
0.0209572	6.6	24.4321	3	-1	0.20816	90.8837
0.0210138	6.6	24.4285	1	-1	0.20821	90.9055
0.0210139	6.6	24.4257	4	-1	0.20822	90.9099
0.0210706	6.6	24.4242	2	-1	0.20827	90.8524
0.0210706	6.6	24.4238	3	-1	0.20825	90.8437
0.0211274	6.6	24.4194	1	-1	0.20831	90.8698
0.0211274	6.6	24.4166	4	-1	0.20831	90.8698
0.0211842	6.6	24.4154	2	-1	0.20836	90.8085
0.0211842	6.6	24.4152	3	-1	0.20835	90.8041
0.021241	6.6	24.4106	1	-1	0.2084	90.8259
0.0212411	6.6	24.4079	4	-1	0.2084	90.8259
0.0212979	6.6	24.4063	3	-1	0.20844	90.7603
0.0212979	6.6	24.4061	2	-1	0.20846	90.769
0.0213547	6.6	24.4017	1	-1	0.20849	90.782
0.0213548	6.6	24.3987	4	-1	0.2085	90.7864
0.0214117	6.6	24.3974	3	-1	0.20853	90.7204
0.0214117	6.6	24.3972	2	-1	0.20854	90.7248
0.0214685	6.6	24.3926	1	-1	0.20859	90.7465
0.0214686	6.6	24.3895	4	-1	0.2086	90.7509
0.0215255	6.6	24.3886	3	-1	0.20863	90.6811
0.0215255	6.6	24.3884	2	-1	0.20864	90.6854
0.0215825	6.6	24.3838	1	-1	0.20868	90.7028
0.0215826	6.6	24.3805	4	-1	0.20869	90.7072
0.0216395	6.6	24.3796	3	-1	0.20872	90.6375
0.0216395	6.6	24.3794	2	-1	0.20873	90.6418
0.0216965	6.6	24.3747	1	-1	0.20878	90.6635
0.0216966	6.6	24.3714	4	-1	0.20878	90.6635
0.0217536	6.6	24.3707	3	-1	0.20882	90.5983
0.0217536	6.6	24.3705	2	-1	0.20883	90.6026
0.0218106	6.6	24.366	1	-1	0.20887	90.62
0.0218107	6.6	24.3625	4	-1	0.20888	90.6243
0.0218678	6.6	24.3617	3	-1	0.20891	90.5548
0.0218678	6.6	24.3615	2	-1	0.20892	90.5592
0.0219249	6.6	24.3571	1	-1	0.20896	90.5765
0.021925	6.6	24.3532	4	-1	0.20898	90.5852
0.0219821	6.6	24.3531	3	-1	0.209	90.5154
0.0219821	6.6	24.3529	2	-1	0.20901	90.5197
0.0220392	6.6	24.348	1	-1	0.20907	90.5457
0.0220393	6.6	24.3444	4	-1	0.20906	90.5414
0.0220965	6.6	24.3442	3	-1	0.2091	90.4686
0.0220965	6.6	24.344	2	-1	0.20911	90.4729
0.0221537	6.6	24.3392	1	-1	0.20917	90.4989
0.0221538	6.6	24.3359	4	-1	0.20915	90.4902
0.022211	6.6	24.3357	3	-1	0.2092	90.4297
0.022211	6.6	24.3355	2	-1	0.20921	90.434
0.0222682	6.6	24.3304	1	-1	0.20926	90.4556
0.0222683	6.6	24.3275	4	-1	0.20924	90.447
0.0223256	6.6	24.3267	3	-1	0.20929	90.3904
0.0223256	6.6	24.3266	2	-1	0.2093	90.3947
0.0223829	6.6	24.322	1	-1	0.20934	90.412
0.022383	6.6	24.3191	4	-1	0.20934	90.412
0.0224403	6.6	24.3176	3	-1	0.20938	90.3513
0.0224403	6.6	24.3174	2	-1	0.20939	90.3556
0.0224977	6.6	24.313	1	-1	0.20943	90.3728
0.0224977	6.6	24.3098	4	-1	0.20945	90.3815
0.0225551	6.6	24.3088	3	-1	0.20947	90.3121
0.0225551	6.6	24.3086	2	-1	0.20948	90.3165
0.0226125	6.6	24.3042	1	-1	0.20953	90.338
0.0226126	6.6	24.3008	4	-1	0.20954	90.3423
0.02267	6.6	24.3002	3	-1	0.20957	90.2696
0.02267	6.6	24.3	2	-1	0.20958	90.2739
0.0227275	6.6	24.2951	1	-1	0.20963	90.2955
0.0227276	6.6	24.2917	4	-1	0.20963	90.2955
0.0227851	6.6	24.2915	3	-1	0.20967	90.2311
0.0227851	6.6	24.2914	2	-1	0.20968	90.2354
0.0228426	6.6	24.2866	1	-1	0.20972	90.2526
0.0228426	6.6	24.2832	4	-1	0.20972	90.2526
0.0229002	6.6	24.2825	3	-1	0.20976	90.1883
0.0229002	6.6	24.2823	2	-1	0.20977	90.1926
0.0229577	6.6	24.2778	1	-1	0.20981	90.2098
0.0229578	6.6	24.2742	4	-1	0.20982	90.2141
0.0230154	6.6	24.2735	3	-1	0.20984	90.1452
0.0230154	6.6	24.2733	2	-1	0.20985	90.1495
0.023073	6.6	24.269	1	-1	0.2099	90.171
0.0230731	6.6	24.265	4	-1	0.20992	90.1796
0.0231307	6.6	24.2649	3	-1	0.20994	90.1069
0.0231307	6.6	24.2647	2	-1	0.20995	90.1112
0.0231884	6.6	24.2598	1	-1	0.21001	90.1369
0.0231885	6.6	24.2559	4	-1	0.21001	90.1369
0.0232462	6.6	24.2567	3	-1	0.21005	90.069
0.0232462	6.6	24.2565	2	-1	0.21006	90.0733
0.0233039	6.6	24.2514	1	-1	0.21011	90.0948
0.023304	6.6	24.2478	4	-1	0.21009	90.0862
0.0233617	6.6	24.2478	3	-1	0.21014	90.0227
0.0233617	6.6	24.2476	2	-1	0.21015	90.027
0.0234195	6.6	24.2427	1	-1	0.21019	90.0441
0.0234196	6.6	24.2392	4	-1	0.21019	90.0441
0.0234773	6.6	24.2384	3	-1	0.21022	89.9799
0.0234774	6.6	24.2382	2	-1	0.21023	89.9842
0.0235351	6.6	24.2339	1	-1	0.21028	90.0056
0.0235353	6.6	24.23	4	-1	0.2103	90.0141
0.0235931	6.6	24.2301	3	-1	0.21032	89.9457
0.0235931	6.6	24.2299	2	-1	0.21033	89.95
0.0236509	6.6	24.2249	1	-1	0.21039	89.9756
0.0236511	6.6	24.2211	4	-1	0.21038	89.9713
0.0237089	6.6	24.2217	2	-1	0.21043	89.9043
0.0237089	6.6	24.2217	3	-1	0.21043	89.9043
0.0237669	6.6	24.2161	1	-1	0.21049	89.9299
0.0237669	6.6	24.2129	4	-1	0.21046	89.9171
0.0238249	6.6	24.213	2	-1	0.21052	89.8621
0.0238249	6.6	24.213	3	-1	0.21052	89.8621
0.0238829	6.6	24.208	1	-1	0.21058	89.8877
0.0238829	6.6	24.2052	4	-1	0.21056	89.8792
0.0239409	6.6	24.204	3	-1	0.21061	89.82
0.023941	6.6	24.2039	2	-1	0.21062	89.8243
0.023999	6.6	24.1992	1	-1	0.21067	89.8456
0.0239991	6.6	24.1966	4	-1	0.21066	89.8414
0.0240571	6.6	24.195	3	-1	0.2107	89.778
0.0240571	6.6	24.1948	2	-1	0.21071	89.7823
0.0241152	6.6	24.1904	1	-1	0.21076	89.8036
0.0241153	6.6	24.1878	4	-1	0.21076	89.8036
0.0241734	6.6	24.1867	3	-1	0.2108	89.7441
0.0241734	6.6	24.1866	2	-1	0.21081	89.7484
0.0242315	6.6	24.1817	1	-1	0.21086	89.7697
0.0242316	6.6	24.1792	4	-1	0.21085	89.7654
0.0242898	6.6	24.178	2	-1	0.2109	89.7027
0.0242898	6.6	24.178	3	-1	0.2109	89.7027
0.0243479	6.6	24.1731	1	-1	0.21096	89.7282
0.024348	6.6	24.171	4	-1	0.21094	89.7197
0.0244062	6.6	24.1691	3	-1	0.21099	89.6571
0.0244062	6.6	24.1689	2	-1	0.211	89.6613
0.0244645	6.6	24.1645	1	-1	0.21105	89.6826
0.0244645	6.6	24.1626	4	-1	0.21104	89.6783
0.0245228	6.6	24.1606	3	-1	0.21108	89.6192
0.0245228	6.6	24.1605	2	-1	0.21109	89.6234
0.0245811	6.6	24.1558	1	-1	0.21114	89.6446
0.0245812	6.6	24.154	4	-1	0.21113	89.6404
0.0246395	6.6	24.1519	3	-1	0.21118	89.5817
0.0246395	6.6	24.1517	2	-1	0.21119	89.586
0.0246978	6.6	24.1471	1	-1	0.21124	89.6072
0.0246979	6.6	24.1455	4	-1	0.21123	89.603
0.0247563	6.6	24.1429	3	-1	0.21127	89.5364
0.0247563	6.6	24.1427	2	-1	0.21128	89.5406
0.0248147	6.6	24.1386	1	-1	0.21133	89.5618
0.0248147	6.6	24.137	4	-1	0.21133	89.5618
0.0248732	6.6	24.1345	3	-1	0.21136	89.4986
0.0248732	6.6	24.1344	2	-1	0.21137	89.5029
0.0249316	6.6	24.1298	1	-1	0.21143	89.5283
0.0249317	6.6	24.1286	4	-1	0.21141	89.5198
0.0249902	6.6	24.1261	2	-1	0.21147	89.4619
0.0249902	6.6	24.1261	3	-1	0.21147	89.4619
0.0250487	6.6	24.1213	1	-1	0.21153	89.4873
0.0250487	6.6	24.1206	4	-1	0.2115	89.4746
0.0251073	6.6	24.1173	2	-1	0.21156	89.4167
0.0251073	6.6	24.1173	3	-1	0.21156	89.4167
0.0251659	6.6	24.113	1	-1	0.21162	89.4421
0.0251659	6.6	24.1126	4	-1	0.2116	89.4336
0.0252245	6.6	24.109	3	-1	0.21165	89.3792
0.0252245	6.6	24.1088	2	-1	0.21166	89.3834
0.0252831	6.6	24.1044	1	-1	0.21171	89.4046
0.0252831	6.6	24.1044	4	-1	0.21169	89.3961
0.0253418	6.6	24.1002	2	-1	0.21175	89.3422
0.0253418	6.6	24.1002	3	-1	0.21175	89.3422
0.0254005	6.6	24.0958	4	-1	0.21179	89.3591
0.0254005	6.6	24.0956	1	-1	0.2118	89.3633
0.0254592	6.6	24.0912	3	-1	0.21184	89.3011
0.0254592	6.6	24.0911	2	-1	0.21185	89.3053
0.025518	6.6	24.0869	4	-1	0.21189	89.3221
0.025518	6.6	24.0867	1	-1	0.2119	89.3264
0.0255767	6.6	24.0824	3	-1	0.21194	89.2604
0.0255767	6.6	24.0823	2	-1	0.21195	89.2647
0.0256355	6.6	24.0782	4	-1	0.21198	89.2773
0.0256355	6.6	24.0781	1	-1	0.21199	89.2815
0.0256944	6.6	24.0741	3	-1	0.21203	89.2232
0.0256944	6.6	24.074	2	-1	0.21204	89.2274
0.0257532	6.6	24.0697	4	-1	0.21207	89.24
0.0257532	6.6	24.0695	1	-1	0.21208	89.2442
0.0258121	6.6	24.0654	3	-1	0.21213	89.1865
0.0258121	6.6	24.0652	2	-1	0.21214	89.1907
0.025871	6.6	24.0613	4	-1	0.21217	89.2033
0.025871	6.6	24.0611	1	-1	0.21218	89.2075
0.0259299	6.6	24.0563	3	-1	0.21221	89.1376
0.0259299	6.6	24.0562	2	-1	0.21222	89.1418
0.0259889	6.6	24.0526	1	-1	0.21227	89.1629
0.0259889	6.6	24.0525	4	-1	0.21228	89.1671
0.0260479	6.6	24.0478	3	-1	0.2123	89.0969
0.0260479	6.6	24.0476	2	-1	0.21231	89.1011
0.0261069	6.6	24.0435	1	-1	0.21237	89.1262
0.0261069	6.6	24.0434	4	-1	0.21237	89.1262
0.0261659	6.6	24.0399	3	-1	0.21241	89.0645
0.0261659	6.6	24.0398	2	-1	0.21242	89.0687
0.026225	6.6	24.0351	4	-1	0.21244	89.0771
0.026225	6.6	24.0349	1	-1	0.21246	89.0855
0.0262841	6.6	24.0313	2	-1	0.21251	89.0281
0.0262841	6.6	24.0313	3	-1	0.21251	89.0281
0.0263432	6.6	24.027	4	-1	0.21254	89.0406
0.0263432	6.6	24.0268	1	-1	0.21255	89.0448
0.0264023	6.6	24.0221	3	-1	0.21259	88.9833
0.0264023	6.6	24.022	2	-1	0.2126	88.9875
0.0264615	6.6	24.0186	1	-1	0.21264	89.0042
0.0264615	6.6	24.0183	4	-1	0.21266	89.0126
0.0265207	6.6	24.0134	3	-1	0.21267	88.9386
0.0265207	6.6	24.0132	2	-1	0.21268	88.9428
0.0265799	6.6	24.0095	1	-1	0.21274	88.9679
0.0265799	6.6	24.009	4	-1	0.21275	88.9721
0.0266391	6.6	24.0054	3	-1	0.21278	88.9028
0.0266392	6.6	24.0052	2	-1	0.21279	88.907
0.0266984	6.6	24.0005	1	-1	0.21286	88.9362
0.0266984	6.6	24.0005	4	-1	0.21283	88.9237
0.0267577	6.6	23.9973	2	-1	0.21288	88.8555
0.0267577	6.6	23.9969	3	-1	0.2129	88.8638
0.0268171	6.6	23.9917	4	-1	0.21291	88.868
0.0268171	6.6	23.9915	1	-1	0.21292	88.8722
0.0268764	6.6	23.9881	2	-1	0.21298	88.8305
0.0268764	6.6	23.9874	3	-1	0.213	88.8388
0.0269358	6.6	23.9842	4	-1	0.21302	88.8472
0.0269358	6.6	23.984	1	-1	0.21303	88.8514
0.0269952	6.6	23.9794	2	-1	0.21309	88.7949
0.0269952	6.6	23.9792	3	-1	0.21306	88.7824
0.0270546	6.6	23.9762	1	-1	0.21311	88.8032
0.0270546	6.6	23.9759	4	-1	0.21313	88.8116
0.0271141	6.6	23.9709	3	-1	0.21314	88.7418
0.0271141	6.6	23.9707	2	-1	0.21316	88.7501
0.0271736	6.6	23.9671	1	-1	0.21321	88.7709
0.0271736	6.6	23.9666	4	-1	0.21322	88.7751
0.0272331	6.6	23.963	3	-1	0.21325	88.7063
0.0272331	6.6	23.9628	2	-1	0.21326	88.7105
0.0272926	6.6	23.9581	1	-1	0.21333	88.7396
0.0272926	6.6	23.9581	4	-1	0.2133	88.7271
0.0273522	6.6	23.9549	2	-1	0.21335	88.6594
0.0273522	6.6	23.9546	3	-1	0.21337	88.6677
0.0274118	6.6	23.9494	4	-1	0.21338	88.6719
0.0274118	6.6	23.9492	1	-1	0.21339	88.676
0.0274714	6.6	23.9458	2	-1	0.21345	88.6347
0.0274714	6.6	23.9453	3	-1	0.21346	88.6388
0.027531	6.6	23.9416	4	-1	0.21349	88.6513
0.027531	6.6	23.9414	1	-1	0.2135	88.6554
0.0275907	6.6	23.9366	3	-1	0.21353	88.5833
0.0275907	6.6	23.9364	2	-1	0.21357	88.5999
0.0276504	6.6	23.9334	1	-1	0.21358	88.604
0.0276504	6.6	23.9329	4	-1	0.21361	88.6165
0.0277101	6.6	23.9276	3	-1	0.21361	88.543
0.0277101	6.6	23.9275	2	-1	0.21362	88.5472
0.0277699	6.6	23.9243	1	-1	0.21368	88.572
0.0277699	6.6	23.9233	4	-1	0.21371	88.5845
0.0278296	6.6	23.9201	3	-1	0.21372	88.5079
0.0278296	6.6	23.9199	2	-1	0.21373	88.512
0.0278894	6.6	23.9149	1	-1	0.21381	88.5452
0.0278895	6.6	23.9146	4	-1	0.21377	88.5286
0.0279493	6.6	23.9125	2	-1	0.21381	88.4536
0.0279493	6.6	23.9118	3	-1	0.21385	88.4701
0.0280091	6.6	23.9058	4	-1	0.21383	88.4619
0.0280091	6.6	23.9056	1	-1	0.21386	88.4743
0.028069	6.6	23.9032	2	-1	0.21391	88.4328
0.028069	6.6	23.9017	3	-1	0.21396	88.4534
0.0281289	6.6	23.8986	4	-1	0.21395	88.4493
0.0281289	6.6	23.8984	1	-1	0.21396	88.4534
0.0281888	6.6	23.8932	2	-1	0.21405	88.4102
0.0281889	6.6	23.8924	3	-1	0.21401	88.3937
0.0282488	6.6	23.8916	1	-1	0.21404	88.4061
0.0282488	6.6	23.8907	4	-1	0.2141	88.4309
0.0283088	6.6	23.8839	3	-1	0.21405	88.3373
0.0283088	6.6	23.8838	2	-1	0.21411	88.362
0.0283688	6.6	23.8821	1	-1	0.21412	88.3661
0.0283689	6.6	23.8795	4	-1	0.21422	88.4074
0.0284288	6.6	23.8768	3	-1	0.21416	88.3098
0.0284288	6.6	23.8766	2	-1	0.21417	88.3139
0.0284889	6.6	23.8713	1	-1	0.21429	88.3634
0.028489	6.6	23.8692	4	-1	0.21426	88.351
0.028549	6.6	23.8711	2	-1	0.21426	88.2455
0.028549	6.6	23.8696	3	-1	0.21435	88.2825
0.0286091	6.6	23.8614	4	-1	0.21425	88.2414
0.0286091	6.6	23.8613	1	-1	0.21439	88.299
0.0286692	6.6	23.8619	2	-1	0.21431	88.1862
0.0286693	6.6	23.8572	3	-1	0.21451	88.2685
0.0287294	6.6	23.854	4	-1	0.21435	88.2026
0.0287294	6.6	23.8538	1	-1	0.21436	88.2067
0.0287896	6.6	23.8494	2	-1	0.2145	88.2317
0.0287897	6.6	23.8441	3	-1	0.21454	88.2481
0.0288498	6.6	23.8507	1	-1	0.21449	88.2276
0.0288499	6.6	23.8492	4	-1	0.21458	88.2646
0.0289101	6.6	23.8388	2	-1	0.21476	88.2479
0.0289102	6.6	23.8384	3	-1	0.21445	88.1205
0.0289703	6.6	23.8433	1	-1	0.21446	88.1246
0.0289705	6.6	23.8362	4	-1	0.21481	88.2684
0.0290306	6.6	23.8287	2	-1	0.2145	88.1084
0.0290909	6.6	23.8283	1	-1	0.21465	88.1701
0.0290912	6.6	23.8174	4	-1	0.21489	88.2686
0.0291513	6.6	23.8296	2	-1	0.21476	88.1031
0.0292117	6.6	23.8135	1	-1	0.21505	88.222
0.0293326	6.6	23.8026	1	-1	0.21486	87.9564
0.0293928	6.6	23.8092	2	-1	0.21472	87.9243
0.0294534	6.6	23.8049	1	-1	0.21485	87.9776
0.0295139	6.6	23.788	2	-1	0.21528	88.1139
0.0295143	6.6	23.7743	3	-1	0.21498	87.9912
0.0295743	6.6	23.8081	1	-1	0.2147	87.8766
0.0297561	6.6	23.7717	2	-1	0.21472	87.8811
0.0298175	6.6	23.7284	4	-1	0.21556	88.2249
0.0301809	6.6	23.7608	1	-1	0.21522	87.8234
0.0304849	6.6	23.7081	2	-1	0.21429	87.6836
0.0309118	6.6	23.7034	1	-1	0.21477	86.5764
0.0309756	6.6	23.4866	3	-1	0.21616	87.9772
0.0312177	6.6	23.6337	2	-1	0.21809	88.9328
0.0314039	6.6	23.4843	4	-1	0.21639	87.8028
0.0316456	6.6	23.6125	1	-1	0.21708	87.2438
0.0317096	6.6	23.6037	3	-1	0.21669	87.1116
0.0317685	6.6	23.6209	1	-1	0.2166	87.0754
0.0317721	6.6	23.5124	4	-1	0.21692	87.204
0.0318913	6.6	23.6161	1	-1	0.21641	87.1251
0.0320782	6.6	23.6282	2	-1	0.21668	87.1145
0.0321419	6.6	23.4503	4	-1	0.21695	87.2231
0.0323854	6.6	23.5569	1	-1	0.21797	87.1497
0.032448	6.6	23.5934	2	-1	0.217	86.6683
0.0325093	6.6	23.5646	1	-1	0.21774	86.9638
0.0325729	6.6	23.5432	3	-1	0.21744	86.8822
0.032633	6.6	23.5666	1	-1	0.21749	86.9021
0.0326355	6.6	23.492	4	-1	0.21743	86.8782
0.0327569	6.6	23.5582	1	-1	0.21751	86.9553
0.0327594	6.6	23.4819	4	-1	0.21763	87.0033
0.0328196	6.6	23.5675	2	-1	0.21771	86.9831
0.0328204	6.6	23.5445	3	-1	0.2174	86.8592
0.0328833	6.6	23.4717	4	-1	0.21756	86.9232
0.0329436	6.6	23.5653	2	-1	0.21755	86.777
0.0329444	6.6	23.5393	3	-1	0.21775	86.8568
0.0330675	6.6	23.5574	2	-1	0.21745	86.5714
0.0331296	6.6	23.5276	1	-1	0.21835	86.9297
0.0331916	6.6	23.5447	2	-1	0.21755	86.501
0.0332541	6.6	23.5287	1	-1	0.21833	86.8111
0.0333158	6.6	23.53	2	-1	0.21782	86.5705
0.0333175	6.6	23.4801	3	-1	0.21816	86.7056
0.0333786	6.6	23.5288	1	-1	0.21822	86.7295
0.0334403	6.6	23.5176	2	-1	0.2181	86.6783
0.033442	6.6	23.4682	3	-1	0.21807	86.6664
0.0335031	6.6	23.5243	1	-1	0.21817	86.7061
0.033504	6.6	23.4974	4	-1	0.21805	86.6585
0.0335649	6.6	23.5097	2	-1	0.21827	86.7218
0.0335665	6.6	23.4634	3	-1	0.21807	86.6423
0.0336277	6.6	23.515	1	-1	0.21828	86.7257
0.0336286	6.6	23.4898	4	-1	0.21816	86.6781
0.0336896	6.6	23.5049	2	-1	0.21828	86.6431
0.0336911	6.6	23.4594	3	-1	0.21823	86.6233
0.0337525	6.6	23.5048	1	-1	0.21849	86.7265
0.0337532	6.6	23.4847	4	-1	0.21815	86.5915
0.0338143	6.6	23.5002	2	-1	0.21823	86.51
0.0338159	6.6	23.4514	3	-1	0.21846	86.6011
0.0338775	6.6	23.4973	1	-1	0.2187	86.6963
0.0339391	6.6	23.4918	2	-1	0.21825	86.4014
0.0340026	6.6	23.494	1	-1	0.21878	86.6112
0.034064	6.6	23.4797	2	-1	0.21842	86.4003
0.034066	6.6	23.421	3	-1	0.21871	86.515
0.0341276	6.6	23.4899	4	-1	0.21837	86.3805
0.0341276	6.6	23.4898	1	-1	0.21852	86.4399
0.0341892	6.6	23.4634	2	-1	0.21874	86.5714
0.0341911	6.6	23.4062	3	-1	0.21865	86.5358
0.0342527	6.6	23.489	1	-1	0.21856	86.5002
0.0342528	6.6	23.4863	4	-1	0.21874	86.5714
0.0343146	6.6	23.4498	2	-1	0.21914	86.6748
0.0343778	6.6	23.4818	1	-1	0.21842	86.3901
0.0344402	6.6	23.445	2	-1	0.21937	86.7692
0.034503	6.6	23.4671	1	-1	0.21855	86.4449
0.0345657	6.6	23.4485	2	-1	0.21927	86.6406
0.0346293	6.6	23.4225	4	-1	0.2191	86.5734
0.0346921	6.6	23.4291	3	-1	0.21903	86.3649
0.0348802	6.6	23.4289	1	-1	0.21968	86.4133
0.0349423	6.6	23.4335	2	-1	0.21885	85.9651
0.0350058	6.6	23.4272	1	-1	0.21894	86.0005
0.0350698	6.6	23.3608	3	-1	0.21941	86.3921
0.0354464	6.6	23.4018	2	-1	0.21873	86.2194
0.0357603	6.6	23.3215	1	-1	0.21526	83.9188
0.0362021	6.6	23.4176	2	-1	0.21794	85.6346
0.0363905	6.6	22.6892	1	-1	0.20521	78.2438
0.0365184	6.6	23.1291	1	-1	0.22204	91.8964
0.0367902	6.6	21.7663	4	-1	0.09046	50.641
0.0371323	6.6	22.7647	2	-1	0.2229	83.9959
