0.00116807	7.65	26.5739	3	-1	0.20475	84.6179
0.00121393	7.65	27.7713	1	-1	0.18921	78.1956
0.00125807	7.65	28.5671	3	-1	0.18065	94.8643
0.00130137	7.65	29.1131	4	-1	0.17541	92.1126
0.00134385	7.65	29.4879	3	-1	0.17204	97.3517
0.00138606	7.65	29.7507	4	-1	0.16979	96.0785
0.00142781	7.65	29.9327	3	-1	0.16827	98.3
0.00146952	7.65	30.0613	4	-1	0.16722	97.6866
0.00151094	7.65	30.149	3	-1	0.16651	98.7018
0.00155243	7.65	30.2112	4	-1	0.16601	98.4055
0.00159371	7.65	30.252	3	-1	0.16568	98.8721
0.00163509	7.65	30.2813	4	-1	0.16544	98.7289
0.0016351	7.65	30.281	1	-1	0.16545	98.7349
0.00167632	7.65	30.2981	3	-1	0.1653	98.9287
0.00171768	7.65	30.3109	4	-1	0.16519	98.8629
0.00171769	7.65	30.3106	1	-1	0.1652	98.8689
0.00175887	7.65	30.3173	2	-1	0.16514	98.9336
0.0017589	7.65	30.3158	3	-1	0.16514	98.9336
0.00180027	7.65	30.3201	1	-1	0.16511	98.9156
0.00180027	7.65	30.3201	4	-1	0.16511	98.9156
0.00184147	7.65	30.3201	2	-1	0.1651	98.9097
0.0018415	7.65	30.3186	3	-1	0.1651	98.9097
0.00188289	7.65	30.3182	4	-1	0.1651	98.9097
0.00188289	7.65	30.3179	1	-1	0.16511	98.9156
0.00192412	7.65	30.3151	2	-1	0.16512	98.8743
0.00192415	7.65	30.3133	3	-1	0.16513	98.8802
0.00196557	7.65	30.3111	4	-1	0.16514	98.8862
0.00196558	7.65	30.3108	1	-1	0.16515	98.8922
0.00200683	7.65	30.3066	2	-1	0.16517	98.8332
0.00200687	7.65	30.3045	3	-1	0.16518	98.8392
0.00204833	7.65	30.3016	4	-1	0.1652	98.8511
0.00204833	7.65	30.3013	1	-1	0.16521	98.8571
0.00208962	7.65	30.2963	2	-1	0.16523	98.7863
0.00208966	7.65	30.294	3	-1	0.16524	98.7923
0.00213115	7.65	30.2904	4	-1	0.16527	98.8102
0.00213116	7.65	30.2901	1	-1	0.16528	98.8162
0.00217249	7.65	30.2844	2	-1	0.16531	98.7397
0.00217253	7.65	30.2818	3	-1	0.16532	98.7457
0.00221407	7.65	30.2784	1	-1	0.16535	98.7636
0.00221407	7.65	30.2784	4	-1	0.16535	98.7636
0.00225543	7.65	30.2727	2	-1	0.16538	98.6931
0.00225548	7.65	30.2698	3	-1	0.16539	98.6991
0.00229705	7.65	30.2666	4	-1	0.16542	98.717
0.00229705	7.65	30.2663	1	-1	0.16543	98.7229
0.00233845	7.65	30.2606	2	-1	0.16546	98.6466
0.0023385	7.65	30.2574	3	-1	0.16547	98.6526
0.00238011	7.65	30.2545	4	-1	0.1655	98.6705
0.00238012	7.65	30.2542	1	-1	0.16551	98.6764
0.00242155	7.65	30.2481	2	-1	0.16554	98.5944
0.00242161	7.65	30.2446	3	-1	0.16555	98.6004
0.00246326	7.65	30.2418	4	-1	0.16558	98.6182
0.00246327	7.65	30.2415	1	-1	0.16559	98.6242
0.00250474	7.65	30.2356	2	-1	0.16562	98.5481
0.0025048	7.65	30.2318	3	-1	0.16563	98.5541
0.00254649	7.65	30.2294	4	-1	0.16566	98.5719
0.0025465	7.65	30.2291	1	-1	0.16567	98.5779
0.002588	7.65	30.2233	2	-1	0.1657	98.502
0.00258807	7.65	30.2193	3	-1	0.16571	98.5079
0.0026298	7.65	30.2172	4	-1	0.16574	98.5257
0.00262981	7.65	30.2169	1	-1	0.16575	98.5317
0.00267134	7.65	30.2108	2	-1	0.16578	98.45
0.00267142	7.65	30.2065	3	-1	0.16579	98.456
0.0027132	7.65	30.2044	4	-1	0.16582	98.4738
0.0027132	7.65	30.2042	1	-1	0.16583	98.4797
0.00275477	7.65	30.1983	2	-1	0.16586	98.404
0.00275485	7.65	30.1934	3	-1	0.16588	98.4159
0.00279667	7.65	30.1921	4	-1	0.1659	98.4278
0.00279667	7.65	30.1918	1	-1	0.16591	98.4337
0.00283828	7.65	30.1861	2	-1	0.16594	98.3581
0.00283837	7.65	30.1806	3	-1	0.16596	98.37
0.00288022	7.65	30.18	4	-1	0.16598	98.3818
0.00288022	7.65	30.1797	1	-1	0.16599	98.3878
0.00292186	7.65	30.1736	2	-1	0.16602	98.3065
0.00292197	7.65	30.1676	3	-1	0.16604	98.3183
0.00296386	7.65	30.1673	4	-1	0.16607	98.3361
0.00296386	7.65	30.167	1	-1	0.16608	98.342
0.00300554	7.65	30.1612	2	-1	0.16611	98.2609
0.00300565	7.65	30.1548	3	-1	0.16612	98.2668
0.00304758	7.65	30.1551	4	-1	0.16615	98.2845
0.00304758	7.65	30.1548	1	-1	0.16616	98.2904
0.00308929	7.65	30.1491	2	-1	0.16619	98.2152
0.0030894	7.65	30.1424	3	-1	0.1662	98.2211
0.00313138	7.65	30.1426	4	-1	0.16623	98.2389
0.00313138	7.65	30.1423	1	-1	0.16624	98.2448
0.00317313	7.65	30.1364	2	-1	0.16627	98.1639
0.00317325	7.65	30.1295	3	-1	0.16628	98.1698
0.00321526	7.65	30.1302	4	-1	0.16631	98.1875
0.00321526	7.65	30.1299	1	-1	0.16632	98.1934
0.00325705	7.65	30.1241	2	-1	0.16635	98.1184
0.00325717	7.65	30.117	3	-1	0.16636	98.1243
0.00329922	7.65	30.1181	4	-1	0.16639	98.142
0.00329923	7.65	30.1178	1	-1	0.1664	98.1479
0.00334104	7.65	30.1117	2	-1	0.16643	98.0673
0.00334117	7.65	30.1043	3	-1	0.16644	98.0732
0.00338327	7.65	30.1054	4	-1	0.16647	98.0909
0.00338327	7.65	30.1052	1	-1	0.16648	98.0968
0.00342512	7.65	30.0993	2	-1	0.16651	98.022
0.00342526	7.65	30.0913	3	-1	0.16653	98.0338
0.00346739	7.65	30.0933	4	-1	0.16655	98.0456
0.0034674	7.65	30.093	1	-1	0.16656	98.0515
0.00350928	7.65	30.0873	2	-1	0.16659	97.9768
0.00350943	7.65	30.079	3	-1	0.1666	97.9827
0.0035516	7.65	30.0809	4	-1	0.16663	98.0004
0.0035516	7.65	30.0806	1	-1	0.16664	98.0062
0.00359353	7.65	30.0747	2	-1	0.16667	97.926
0.00359368	7.65	30.0659	3	-1	0.16669	97.9377
0.00363588	7.65	30.0686	4	-1	0.16671	97.9495
0.00363589	7.65	30.0683	1	-1	0.16672	97.9553
0.00367785	7.65	30.0626	2	-1	0.16675	97.881
0.00367801	7.65	30.0532	3	-1	0.16677	97.8927
0.00372025	7.65	30.0566	4	-1	0.16679	97.9044
0.00372026	7.65	30.0564	1	-1	0.1668	97.9103
0.00376225	7.65	30.0503	2	-1	0.16683	97.8303
0.00376243	7.65	30.0403	3	-1	0.16685	97.842
0.0038047	7.65	30.0441	4	-1	0.16687	97.8538
0.00380471	7.65	30.0438	1	-1	0.16688	97.8596
0.00384674	7.65	30.038	2	-1	0.16691	97.7855
0.00384692	7.65	30.0275	3	-1	0.16693	97.7972
0.00388924	7.65	30.0321	4	-1	0.16695	97.8089
0.00388924	7.65	30.0318	1	-1	0.16696	97.8148
0.00393131	7.65	30.0256	2	-1	0.16699	97.735
0.0039315	7.65	30.0146	3	-1	0.16701	97.7467
0.00397385	7.65	30.0195	4	-1	0.16703	97.7584
0.00397386	7.65	30.0192	1	-1	0.16704	97.7643
0.00401596	7.65	30.0134	2	-1	0.16707	97.6903
0.00401616	7.65	30.0018	3	-1	0.16709	97.702
0.00405855	7.65	30.0075	4	-1	0.16711	97.7137
0.00405855	7.65	30.0072	1	-1	0.16712	97.7196
0.00410068	7.65	30.001	2	-1	0.16715	97.64
0.0041009	7.65	29.9889	3	-1	0.16717	97.6517
0.00414332	7.65	29.9949	4	-1	0.16719	97.6634
0.00414333	7.65	29.9947	1	-1	0.1672	97.6693
0.0041855	7.65	29.9888	2	-1	0.16724	97.6014
0.00418573	7.65	29.9761	3	-1	0.16726	97.6131
0.00422818	7.65	29.983	4	-1	0.16727	97.6189
0.00422819	7.65	29.9827	1	-1	0.16728	97.6247
0.0042704	7.65	29.9765	2	-1	0.16732	97.5513
0.00427063	7.65	29.9633	3	-1	0.16734	97.563
0.00431313	7.65	29.9705	4	-1	0.16736	97.5746
0.00431313	7.65	29.9703	1	-1	0.16737	97.5805
0.00435538	7.65	29.9643	2	-1	0.1674	97.5013
0.00435562	7.65	29.9506	3	-1	0.16742	97.513
0.00439816	7.65	29.9586	4	-1	0.16744	97.5246
0.00439816	7.65	29.9583	1	-1	0.16745	97.5304
0.00444044	7.65	29.9521	2	-1	0.16748	97.4514
0.0044407	7.65	29.9378	3	-1	0.1675	97.4631
0.00448327	7.65	29.9462	4	-1	0.16752	97.4747
0.00448327	7.65	29.9459	1	-1	0.16753	97.4805
0.00452559	7.65	29.9399	2	-1	0.16756	97.4073
0.00452585	7.65	29.9251	3	-1	0.16758	97.4189
0.00456845	7.65	29.9343	4	-1	0.1676	97.4305
0.00456846	7.65	29.934	1	-1	0.16761	97.4363
0.00461081	7.65	29.9277	2	-1	0.16764	97.3576
0.00461108	7.65	29.9124	3	-1	0.16766	97.3692
0.00465373	7.65	29.9219	4	-1	0.16768	97.3808
0.00465373	7.65	29.9216	1	-1	0.16769	97.3866
0.00469612	7.65	29.9156	2	-1	0.16772	97.3136
0.0046964	7.65	29.8998	3	-1	0.16774	97.3252
0.00473908	7.65	29.91	4	-1	0.16776	97.3368
0.00473909	7.65	29.9098	1	-1	0.16777	97.3426
0.00478151	7.65	29.9035	2	-1	0.1678	97.2641
0.0047818	7.65	29.8871	3	-1	0.16782	97.2757
0.00482452	7.65	29.8977	4	-1	0.16784	97.2873
0.00482452	7.65	29.8974	1	-1	0.16785	97.2931
0.00486698	7.65	29.8914	2	-1	0.16788	97.2203
0.00486728	7.65	29.8745	3	-1	0.1679	97.2319
0.00491003	7.65	29.8859	4	-1	0.16792	97.2435
0.00491004	7.65	29.8856	1	-1	0.16793	97.2492
0.00495253	7.65	29.8793	2	-1	0.16796	97.171
0.00495284	7.65	29.8619	3	-1	0.16798	97.1825
0.00499564	7.65	29.8736	4	-1	0.168	97.1941
0.00499564	7.65	29.8733	1	-1	0.16801	97.1999
0.00503817	7.65	29.8673	2	-1	0.16804	97.1273
0.00503849	7.65	29.8493	3	-1	0.16806	97.1389
0.00508131	7.65	29.8614	4	-1	0.16808	97.1505
0.00508132	7.65	29.8612	1	-1	0.16809	97.1562
0.00512388	7.65	29.8549	2	-1	0.16812	97.0782
0.00512422	7.65	29.8361	3	-1	0.16815	97.0955
0.00516708	7.65	29.8494	4	-1	0.16816	97.1013
0.00516708	7.65	29.8491	1	-1	0.16817	97.1071
0.00520968	7.65	29.843	2	-1	0.1682	97.0347
0.00521003	7.65	29.8235	3	-1	0.16823	97.052
0.00525292	7.65	29.8374	4	-1	0.16824	97.0578
0.00525293	7.65	29.8371	1	-1	0.16825	97.0636
0.00529557	7.65	29.8308	2	-1	0.16828	96.9858
0.00529593	7.65	29.8104	3	-1	0.16831	97.0031
0.00533885	7.65	29.8255	4	-1	0.16832	97.0088
0.00533885	7.65	29.8252	1	-1	0.16833	97.0146
0.00538153	7.65	29.8186	2	-1	0.16837	96.9427
0.00538191	7.65	29.7978	3	-1	0.16839	96.9542
0.00542486	7.65	29.8132	4	-1	0.1684	96.9599
0.00542486	7.65	29.8129	1	-1	0.16841	96.9657
0.00546758	7.65	29.8066	2	-1	0.16845	96.8994
0.00546797	7.65	29.7852	3	-1	0.16847	96.911
0.00551095	7.65	29.8011	4	-1	0.16848	96.9167
0.00551095	7.65	29.8008	1	-1	0.16849	96.9225
0.00555372	7.65	29.7943	2	-1	0.16853	96.8508
0.00555411	7.65	29.7724	3	-1	0.16855	96.8622
0.00559713	7.65	29.7892	4	-1	0.16857	96.8737
0.00559713	7.65	29.7889	1	-1	0.16858	96.8795
0.00563993	7.65	29.7825	2	-1	0.16861	96.8022
0.00564034	7.65	29.7602	3	-1	0.16863	96.8136
0.00568339	7.65	29.7773	4	-1	0.16865	96.8251
0.00568339	7.65	29.777	1	-1	0.16866	96.8309
0.00572623	7.65	29.7704	2	-1	0.16869	96.7537
0.00572665	7.65	29.7475	3	-1	0.16871	96.7651
0.00576973	7.65	29.7655	4	-1	0.16873	96.7766
0.00576974	7.65	29.7652	1	-1	0.16874	96.7823
0.00581261	7.65	29.7583	2	-1	0.16877	96.7052
0.00581303	7.65	29.735	3	-1	0.16879	96.7167
0.00585616	7.65	29.7533	4	-1	0.16881	96.7282
0.00585616	7.65	29.753	1	-1	0.16882	96.7339
0.00589907	7.65	29.7465	2	-1	0.16885	96.6625
0.00589951	7.65	29.7226	3	-1	0.16887	96.6739
0.00594266	7.65	29.7413	4	-1	0.16889	96.6854
0.00594267	7.65	29.741	1	-1	0.1689	96.6911
0.00598562	7.65	29.7343	2	-1	0.16893	96.6142
0.00598606	7.65	29.7099	3	-1	0.16895	96.6257
0.00602925	7.65	29.7295	4	-1	0.16897	96.6371
0.00602926	7.65	29.7292	1	-1	0.16898	96.6428
0.00607224	7.65	29.7222	2	-1	0.16901	96.5661
0.0060727	7.65	29.6974	3	-1	0.16903	96.5775
0.00611593	7.65	29.7173	4	-1	0.16905	96.589
0.00611593	7.65	29.7171	1	-1	0.16906	96.5947
0.00615895	7.65	29.7104	2	-1	0.16909	96.5236
0.00615941	7.65	29.685	3	-1	0.16911	96.535
0.00620268	7.65	29.7054	4	-1	0.16913	96.5464
0.00620269	7.65	29.7051	1	-1	0.16914	96.5521
0.00624575	7.65	29.6983	2	-1	0.16918	96.4813
0.00624622	7.65	29.6727	3	-1	0.16919	96.487
0.00628952	7.65	29.6936	4	-1	0.16921	96.4984
0.00628953	7.65	29.6934	1	-1	0.16922	96.5041
0.00633263	7.65	29.6863	2	-1	0.16926	96.4335
0.0063331	7.65	29.6605	3	-1	0.16927	96.4392
0.00637644	7.65	29.6816	4	-1	0.16929	96.4505
0.00637645	7.65	29.6813	1	-1	0.1693	96.4562
0.00641959	7.65	29.6745	2	-1	0.16934	96.3912
0.00642007	7.65	29.6482	3	-1	0.16936	96.4026
0.00646344	7.65	29.6697	4	-1	0.16937	96.4082
0.00646345	7.65	29.6694	1	-1	0.16938	96.4139
0.00650663	7.65	29.6624	2	-1	0.16942	96.3435
0.00650713	7.65	29.6356	3	-1	0.16944	96.3548
0.00655053	7.65	29.6578	4	-1	0.16946	96.3662
0.00655054	7.65	29.6576	1	-1	0.16947	96.3719
0.00659376	7.65	29.6504	2	-1	0.1695	96.2904
0.00659427	7.65	29.6228	3	-1	0.16952	96.3018
0.00663771	7.65	29.646	4	-1	0.16954	96.3131
0.00663771	7.65	29.6457	1	-1	0.16955	96.3188
0.00668097	7.65	29.6383	2	-1	0.16958	96.2429
0.00668149	7.65	29.6103	3	-1	0.1696	96.2543
0.00672497	7.65	29.6339	4	-1	0.16962	96.2656
0.00672497	7.65	29.6336	1	-1	0.16963	96.2713
0.00676826	7.65	29.6266	2	-1	0.16966	96.201
0.00676879	7.65	29.5981	3	-1	0.16968	96.2123
0.0068123	7.65	29.622	4	-1	0.1697	96.2236
0.00681231	7.65	29.6218	1	-1	0.16971	96.2293
0.00685564	7.65	29.6145	2	-1	0.16974	96.1536
0.00685618	7.65	29.5855	3	-1	0.16976	96.165
0.00689973	7.65	29.6104	4	-1	0.16978	96.1763
0.00689973	7.65	29.6101	1	-1	0.16979	96.182
0.00694309	7.65	29.6027	2	-1	0.16982	96.1064
0.00694364	7.65	29.5732	3	-1	0.16984	96.1177
0.00698723	7.65	29.5985	4	-1	0.16986	96.129
0.00698724	7.65	29.5982	1	-1	0.16987	96.1347
0.00703063	7.65	29.5907	2	-1	0.1699	96.0593
0.00703119	7.65	29.5607	3	-1	0.16992	96.0706
0.00707482	7.65	29.5864	4	-1	0.16994	96.0819
0.00707483	7.65	29.5862	1	-1	0.16995	96.0875
0.00711826	7.65	29.579	2	-1	0.16999	96.0233
0.00711883	7.65	29.5488	3	-1	0.17	96.0289
0.00716249	7.65	29.5747	4	-1	0.17002	96.0402
0.0071625	7.65	29.5744	1	-1	0.17003	96.0459
0.00720598	7.65	29.567	2	-1	0.17007	95.9763
0.00720655	7.65	29.5367	3	-1	0.17008	95.9819
0.00725025	7.65	29.5629	4	-1	0.1701	95.9932
0.00725025	7.65	29.5626	1	-1	0.17011	95.9989
0.00729377	7.65	29.5551	2	-1	0.17015	95.9294
0.00729435	7.65	29.5242	3	-1	0.17016	95.9351
0.00733808	7.65	29.5512	4	-1	0.17018	95.9463
0.00733809	7.65	29.5509	1	-1	0.17019	95.952
0.00738165	7.65	29.5432	2	-1	0.17023	95.8826
0.00738224	7.65	29.5119	3	-1	0.17025	95.8939
0.00742601	7.65	29.5393	4	-1	0.17026	95.8995
0.00742601	7.65	29.539	1	-1	0.17027	95.9051
0.00746961	7.65	29.5316	2	-1	0.17031	95.8413
0.00747021	7.65	29.4998	3	-1	0.17033	95.8526
0.00751401	7.65	29.5276	4	-1	0.17034	95.8582
0.00751401	7.65	29.5274	1	-1	0.17035	95.8638
0.00755766	7.65	29.5197	2	-1	0.17039	95.7947
0.00755826	7.65	29.4874	3	-1	0.17041	95.8059
0.0076021	7.65	29.5158	4	-1	0.17043	95.8172
0.0076021	7.65	29.5155	1	-1	0.17044	95.8228
0.00764579	7.65	29.5078	2	-1	0.17048	95.7484
0.0076464	7.65	29.4753	3	-1	0.17049	95.754
0.00769027	7.65	29.5041	4	-1	0.17051	95.7652
0.00769028	7.65	29.5038	1	-1	0.17052	95.7709
0.007734	7.65	29.4959	2	-1	0.17056	95.7019
0.00773463	7.65	29.463	3	-1	0.17057	95.7076
0.00777853	7.65	29.4925	4	-1	0.17059	95.7188
0.00777853	7.65	29.4922	1	-1	0.1706	95.7244
0.0078223	7.65	29.4841	2	-1	0.17064	95.6556
0.00782293	7.65	29.451	3	-1	0.17065	95.6612
0.00786687	7.65	29.4806	4	-1	0.17067	95.6724
0.00786688	7.65	29.4804	1	-1	0.17068	95.678
0.00791069	7.65	29.4722	2	-1	0.17072	95.6093
0.00791132	7.65	29.4389	3	-1	0.17073	95.6149
0.0079553	7.65	29.4688	4	-1	0.17075	95.6261
0.0079553	7.65	29.4685	1	-1	0.17076	95.6317
0.00799915	7.65	29.4607	2	-1	0.1708	95.5685
0.00799979	7.65	29.4272	3	-1	0.17081	95.5741
0.00804381	7.65	29.4572	4	-1	0.17083	95.5853
0.00804381	7.65	29.4569	1	-1	0.17084	95.5909
0.0080877	7.65	29.4489	2	-1	0.17088	95.5224
0.00808835	7.65	29.4152	3	-1	0.17089	95.528
0.0081324	7.65	29.4454	4	-1	0.17091	95.5392
0.0081324	7.65	29.4451	1	-1	0.17092	95.5447
0.00817634	7.65	29.437	2	-1	0.17096	95.4764
0.00817699	7.65	29.4031	3	-1	0.17097	95.482
0.00822107	7.65	29.4336	4	-1	0.171	95.4987
0.00822108	7.65	29.4334	1	-1	0.17101	95.5043
0.00826506	7.65	29.4252	2	-1	0.17105	95.4307
0.00826571	7.65	29.3913	3	-1	0.17105	95.4307
0.00830984	7.65	29.4222	4	-1	0.17108	95.4474
0.00830984	7.65	29.422	1	-1	0.17109	95.453
0.00835386	7.65	29.4136	2	-1	0.17112	95.3793
0.00835451	7.65	29.3796	3	-1	0.17113	95.3849
0.00839869	7.65	29.4106	4	-1	0.17116	95.4016
0.00839869	7.65	29.4103	1	-1	0.17117	95.4072
0.00844274	7.65	29.4019	2	-1	0.1712	95.3336
0.0084434	7.65	29.3677	3	-1	0.17121	95.3391
0.00848762	7.65	29.3988	4	-1	0.17124	95.3558
0.00848762	7.65	29.3986	1	-1	0.17125	95.3614
0.00853171	7.65	29.3902	2	-1	0.17128	95.2879
0.00853237	7.65	29.3558	3	-1	0.17129	95.2935
0.00857663	7.65	29.3871	4	-1	0.17132	95.3102
0.00857664	7.65	29.3868	1	-1	0.17133	95.3157
0.00862076	7.65	29.3785	2	-1	0.17137	95.2479
0.00862143	7.65	29.3438	3	-1	0.17138	95.2534
0.00866573	7.65	29.3754	4	-1	0.1714	95.2646
0.00866574	7.65	29.3751	1	-1	0.17141	95.2701
0.0087099	7.65	29.3667	2	-1	0.17145	95.2024
0.00871058	7.65	29.3319	3	-1	0.17146	95.208
0.00875492	7.65	29.3636	4	-1	0.17148	95.2191
0.00875492	7.65	29.3634	1	-1	0.17149	95.2246
0.00879913	7.65	29.3553	2	-1	0.17153	95.1623
0.0087998	7.65	29.3203	3	-1	0.17154	95.1678
0.00884418	7.65	29.3522	4	-1	0.17156	95.1789
0.00884419	7.65	29.352	1	-1	0.17157	95.1845
0.00888843	7.65	29.3437	2	-1	0.17161	95.1169
0.00888912	7.65	29.3085	3	-1	0.17162	95.1225
0.00893353	7.65	29.3407	4	-1	0.17164	95.1336
0.00893353	7.65	29.3404	1	-1	0.17165	95.1391
0.00897783	7.65	29.332	2	-1	0.17169	95.0717
0.00897851	7.65	29.2966	3	-1	0.1717	95.0772
0.00902296	7.65	29.329	4	-1	0.17172	95.0883
0.00902296	7.65	29.3288	1	-1	0.17173	95.0939
0.0090673	7.65	29.3203	2	-1	0.17177	95.0266
0.009068	7.65	29.2847	3	-1	0.17178	95.0321
0.00911248	7.65	29.3174	4	-1	0.1718	95.0432
0.00911248	7.65	29.3171	1	-1	0.17181	95.0487
0.00915687	7.65	29.3086	2	-1	0.17186	94.987
0.00915756	7.65	29.273	3	-1	0.17186	94.987
0.00920208	7.65	29.3058	4	-1	0.17189	95.0036
0.00920209	7.65	29.3056	1	-1	0.1719	95.0091
0.00924652	7.65	29.2969	2	-1	0.17194	94.9368
0.00924721	7.65	29.2615	3	-1	0.17194	94.9368
0.00929177	7.65	29.2942	4	-1	0.17197	94.9533
0.00929177	7.65	29.294	1	-1	0.17198	94.9589
0.00933625	7.65	29.2853	2	-1	0.17202	94.8919
0.00933694	7.65	29.2499	3	-1	0.17202	94.8919
0.00938154	7.65	29.2826	4	-1	0.17205	94.9084
0.00938155	7.65	29.2824	1	-1	0.17206	94.9139
0.00942607	7.65	29.2736	2	-1	0.1721	94.8471
0.00942676	7.65	29.2383	3	-1	0.1721	94.8471
0.0094714	7.65	29.271	4	-1	0.17213	94.8636
0.00947141	7.65	29.2708	1	-1	0.17214	94.8691
0.00951597	7.65	29.262	2	-1	0.17218	94.8023
0.00951666	7.65	29.2268	3	-1	0.17218	94.8023
0.00956134	7.65	29.2595	4	-1	0.17221	94.8189
0.00956135	7.65	29.2592	1	-1	0.17222	94.8244
0.00960596	7.65	29.2504	2	-1	0.17226	94.7577
0.00960665	7.65	29.2152	3	-1	0.17226	94.7577
0.00965137	7.65	29.2479	4	-1	0.17229	94.7742
0.00965137	7.65	29.2477	1	-1	0.1723	94.7797
0.00969603	7.65	29.2389	2	-1	0.17235	94.7186
0.00969672	7.65	29.204	3	-1	0.17234	94.7131
0.00974148	7.65	29.2365	4	-1	0.17238	94.7351
0.00974149	7.65	29.2362	1	-1	0.17239	94.7406
0.00978619	7.65	29.2274	2	-1	0.17243	94.6689
0.00978687	7.65	29.1929	3	-1	0.17242	94.6634
0.00983168	7.65	29.225	4	-1	0.17246	94.6854
0.00983169	7.65	29.2248	1	-1	0.17247	94.6909
0.00987643	7.65	29.216	2	-1	0.17251	94.6245
0.00987711	7.65	29.1817	3	-1	0.1725	94.6191
0.00992196	7.65	29.2136	4	-1	0.17254	94.641
0.00992197	7.65	29.2133	1	-1	0.17255	94.6465
0.00996676	7.65	29.2045	2	-1	0.17259	94.5802
0.00996744	7.65	29.1703	3	-1	0.17259	94.5802
0.0100123	7.65	29.2021	4	-1	0.17262	94.5967
0.0100123	7.65	29.2019	1	-1	0.17263	94.6021
0.0100572	7.65	29.193	2	-1	0.17267	94.536
0.0100579	7.65	29.1589	3	-1	0.17267	94.536
0.0101028	7.65	29.1907	4	-1	0.1727	94.5524
0.0101028	7.65	29.1905	1	-1	0.17271	94.5579
0.0101477	7.65	29.1816	2	-1	0.17275	94.4918
0.0101483	7.65	29.1475	3	-1	0.17275	94.4918
0.0101933	7.65	29.1793	4	-1	0.17278	94.5083
0.0101933	7.65	29.1791	1	-1	0.17279	94.5137
0.0102382	7.65	29.1701	2	-1	0.17283	94.4478
0.0102389	7.65	29.1361	3	-1	0.17283	94.4478
0.0102839	7.65	29.1679	4	-1	0.17286	94.4642
0.0102839	7.65	29.1677	1	-1	0.17287	94.4696
0.0103289	7.65	29.1587	2	-1	0.17291	94.4038
0.0103296	7.65	29.1248	3	-1	0.17291	94.4038
0.0103746	7.65	29.1566	4	-1	0.17294	94.4202
0.0103746	7.65	29.1563	1	-1	0.17295	94.4256
0.0104197	7.65	29.1473	2	-1	0.17299	94.3599
0.0104203	7.65	29.1134	3	-1	0.17299	94.3599
0.0104654	7.65	29.1452	4	-1	0.17302	94.3763
0.0104654	7.65	29.145	1	-1	0.17303	94.3817
0.0105105	7.65	29.1356	2	-1	0.17308	94.3164
0.0105112	7.65	29.102	3	-1	0.17307	94.3109
0.0105563	7.65	29.1337	4	-1	0.17311	94.3327
0.0105563	7.65	29.1334	1	-1	0.17312	94.3382
0.0106014	7.65	29.1242	2	-1	0.17316	94.2675
0.0106021	7.65	29.0909	3	-1	0.17315	94.2621
0.0106473	7.65	29.1223	4	-1	0.17319	94.2838
0.0106473	7.65	29.122	1	-1	0.1732	94.2893
0.0106924	7.65	29.1129	2	-1	0.17324	94.2239
0.0106931	7.65	29.0799	3	-1	0.17323	94.2184
0.0107383	7.65	29.1108	4	-1	0.17326	94.2347
0.0107383	7.65	29.1106	1	-1	0.17327	94.2402
0.0107835	7.65	29.1015	2	-1	0.17332	94.1854
0.0107842	7.65	29.0689	3	-1	0.17331	94.18
0.0108295	7.65	29.0996	4	-1	0.17334	94.1963
0.0108295	7.65	29.0993	1	-1	0.17335	94.2017
0.0108747	7.65	29.0902	2	-1	0.1734	94.1419
0.0108753	7.65	29.0579	3	-1	0.17339	94.1365
0.0109207	7.65	29.088	4	-1	0.17343	94.1582
0.0109207	7.65	29.0877	1	-1	0.17344	94.1636
0.010966	7.65	29.0788	2	-1	0.17348	94.0934
0.0109666	7.65	29.0465	3	-1	0.17348	94.0934
0.011012	7.65	29.0766	4	-1	0.17351	94.1097
0.011012	7.65	29.0763	1	-1	0.17352	94.1151
0.0110573	7.65	29.0674	2	-1	0.17356	94.0501
0.011058	7.65	29.0352	3	-1	0.17356	94.0501
0.0111034	7.65	29.0653	4	-1	0.17359	94.0663
0.0111034	7.65	29.0651	1	-1	0.1736	94.0717
0.0111487	7.65	29.0561	2	-1	0.17364	94.0068
0.0111494	7.65	29.0239	3	-1	0.17364	94.0068
0.0111948	7.65	29.0541	4	-1	0.17367	94.0231
0.0111948	7.65	29.0539	1	-1	0.17368	94.0285
0.0112402	7.65	29.0445	2	-1	0.17372	93.9586
0.0112409	7.65	29.0124	3	-1	0.17372	93.9586
0.0112864	7.65	29.0426	4	-1	0.17375	93.9748
0.0112864	7.65	29.0424	1	-1	0.17376	93.9802
0.0113319	7.65	29.0332	2	-1	0.17381	93.9209
0.0113325	7.65	29.0014	3	-1	0.1738	93.9155
0.011378	7.65	29.0314	4	-1	0.17383	93.9317
0.011378	7.65	29.0311	1	-1	0.17384	93.9371
0.0114235	7.65	29.022	2	-1	0.17389	93.8779
0.0114242	7.65	28.9905	3	-1	0.17388	93.8725
0.0114698	7.65	29.0202	4	-1	0.17391	93.8887
0.0114698	7.65	29.02	1	-1	0.17392	93.8941
0.0115153	7.65	29.0108	2	-1	0.17397	93.835
0.011516	7.65	28.9796	3	-1	0.17396	93.8296
0.0115616	7.65	29.0087	4	-1	0.17399	93.8457
0.0115616	7.65	29.0085	1	-1	0.174	93.8511
0.0116072	7.65	28.9994	2	-1	0.17405	93.7921
0.0116078	7.65	28.9685	3	-1	0.17404	93.7867
0.0116535	7.65	28.9975	4	-1	0.17408	93.8083
0.0116535	7.65	28.9973	1	-1	0.17409	93.8137
0.0116991	7.65	28.9882	2	-1	0.17413	93.7443
0.0116998	7.65	28.9576	3	-1	0.17412	93.7389
0.0117455	7.65	28.9864	4	-1	0.17416	93.7604
0.0117455	7.65	28.9862	1	-1	0.17417	93.7658
0.0117912	7.65	28.9768	2	-1	0.17421	93.6966
0.0117918	7.65	28.9465	3	-1	0.1742	93.6912
0.0118375	7.65	28.975	4	-1	0.17424	93.7127
0.0118375	7.65	28.9748	1	-1	0.17425	93.7181
0.0118833	7.65	28.9656	2	-1	0.17429	93.6539
0.0118839	7.65	28.9356	3	-1	0.17428	93.6486
0.0119297	7.65	28.9638	4	-1	0.17432	93.6701
0.0119297	7.65	28.9636	1	-1	0.17433	93.6754
0.0119755	7.65	28.9546	2	-1	0.17437	93.6114
0.0119761	7.65	28.9247	3	-1	0.17437	93.6114
0.0120219	7.65	28.9524	4	-1	0.1744	93.6275
0.0120219	7.65	28.9522	1	-1	0.17441	93.6329
0.0120678	7.65	28.9433	2	-1	0.17445	93.569
0.0120684	7.65	28.9134	3	-1	0.17445	93.569
0.0121143	7.65	28.9413	4	-1	0.17448	93.5851
0.0121143	7.65	28.941	1	-1	0.17449	93.5904
0.0121601	7.65	28.9317	2	-1	0.17453	93.5216
0.0121607	7.65	28.9019	3	-1	0.17453	93.5216
0.0122067	7.65	28.9299	4	-1	0.17456	93.5377
0.0122067	7.65	28.9297	1	-1	0.17457	93.543
0.0122526	7.65	28.9205	2	-1	0.17461	93.4793
0.0122532	7.65	28.8907	3	-1	0.17461	93.4793
0.0122992	7.65	28.9188	4	-1	0.17464	93.4954
0.0122992	7.65	28.9185	1	-1	0.17465	93.5007
0.0123451	7.65	28.9095	2	-1	0.17469	93.4371
0.0123457	7.65	28.8798	3	-1	0.17469	93.4371
0.0123918	7.65	28.9074	4	-1	0.17472	93.4531
0.0123918	7.65	28.9071	1	-1	0.17473	93.4585
0.0124378	7.65	28.8982	2	-1	0.17477	93.395
0.0124384	7.65	28.8685	3	-1	0.17477	93.395
0.0124844	7.65	28.8963	4	-1	0.1748	93.411
0.0124844	7.65	28.8961	1	-1	0.17481	93.4163
0.0125305	7.65	28.8868	2	-1	0.17486	93.3533
0.0125311	7.65	28.8574	3	-1	0.17485	93.3479
0.0125772	7.65	28.8851	4	-1	0.17488	93.3639
0.0125772	7.65	28.8848	1	-1	0.17489	93.3693
0.0126233	7.65	28.8757	2	-1	0.17494	93.3113
0.0126239	7.65	28.8466	3	-1	0.17493	93.306
0.01267	7.65	28.8738	4	-1	0.17496	93.322
0.01267	7.65	28.8736	1	-1	0.17497	93.3273
0.0127162	7.65	28.8645	2	-1	0.17502	93.2694
0.0127168	7.65	28.8353	3	-1	0.17502	93.2694
0.012763	7.65	28.8628	4	-1	0.17505	93.2854
0.012763	7.65	28.8625	1	-1	0.17506	93.2907
0.0128091	7.65	28.8534	2	-1	0.1751	93.2226
0.0128097	7.65	28.8245	3	-1	0.17509	93.2173
0.012856	7.65	28.8518	4	-1	0.17513	93.2386
0.012856	7.65	28.8516	1	-1	0.17514	93.2439
0.0129022	7.65	28.8422	2	-1	0.17518	93.1759
0.0129028	7.65	28.8135	3	-1	0.17517	93.1706
0.0129491	7.65	28.8406	4	-1	0.17521	93.1919
0.0129491	7.65	28.8404	1	-1	0.17522	93.1972
0.0129953	7.65	28.8313	2	-1	0.17526	93.1342
0.0129959	7.65	28.8026	3	-1	0.17526	93.1342
0.0130423	7.65	28.8293	4	-1	0.17529	93.1502
0.0130423	7.65	28.8291	1	-1	0.1753	93.1555
0.0130886	7.65	28.8201	2	-1	0.17534	93.0926
0.0130892	7.65	28.7915	3	-1	0.17534	93.0926
0.0131356	7.65	28.8184	4	-1	0.17537	93.1086
0.0131356	7.65	28.8181	1	-1	0.17538	93.1139
0.0131819	7.65	28.8087	2	-1	0.17542	93.0462
0.0131825	7.65	28.7802	3	-1	0.17542	93.0462
0.0132289	7.65	28.8072	4	-1	0.17545	93.0621
0.0132289	7.65	28.807	1	-1	0.17546	93.0674
0.0132753	7.65	28.7978	2	-1	0.1755	93.0048
0.0132759	7.65	28.7693	3	-1	0.1755	93.0048
0.0133224	7.65	28.7959	4	-1	0.17553	93.0207
0.0133224	7.65	28.7957	1	-1	0.17554	93.026
0.0133688	7.65	28.7867	2	-1	0.17559	92.9687
0.0133694	7.65	28.7585	3	-1	0.17558	92.9634
0.0134159	7.65	28.785	4	-1	0.17561	92.9793
0.0134159	7.65	28.7848	1	-1	0.17562	92.9846
0.0134624	7.65	28.7754	2	-1	0.17567	92.9225
0.013463	7.65	28.7475	3	-1	0.17566	92.9172
0.0135095	7.65	28.774	4	-1	0.17569	92.9331
0.0135095	7.65	28.7737	1	-1	0.1757	92.9384
0.013556	7.65	28.7645	2	-1	0.17575	92.8813
0.0135566	7.65	28.7369	3	-1	0.17574	92.876
0.0136032	7.65	28.7627	4	-1	0.17577	92.8919
0.0136032	7.65	28.7625	1	-1	0.17578	92.8972
0.0136498	7.65	28.7534	2	-1	0.17583	92.8402
0.0136504	7.65	28.7261	3	-1	0.17582	92.8349
0.013697	7.65	28.752	4	-1	0.17586	92.856
0.013697	7.65	28.7517	1	-1	0.17587	92.8613
0.0137436	7.65	28.7423	2	-1	0.17591	92.7893
0.0137442	7.65	28.7153	3	-1	0.1759	92.784
0.0137909	7.65	28.7406	4	-1	0.17594	92.8051
0.0137909	7.65	28.7403	1	-1	0.17595	92.8104
0.0138375	7.65	28.7312	2	-1	0.17599	92.7484
0.0138381	7.65	28.7042	3	-1	0.17599	92.7484
0.0138849	7.65	28.7296	4	-1	0.17602	92.7642
0.0138849	7.65	28.7294	1	-1	0.17603	92.7694
0.0139316	7.65	28.7201	2	-1	0.17608	92.7078
0.0139321	7.65	28.6934	3	-1	0.17607	92.7026
0.0139789	7.65	28.7187	4	-1	0.1761	92.7184
0.0139789	7.65	28.7185	1	-1	0.17611	92.7236
0.0140257	7.65	28.7093	2	-1	0.17616	92.667
0.0140262	7.65	28.6828	3	-1	0.17615	92.6618
0.014073	7.65	28.7076	4	-1	0.17618	92.6775
0.0140731	7.65	28.7073	1	-1	0.17619	92.6828
0.0141199	7.65	28.6979	2	-1	0.17624	92.6214
0.0141204	7.65	28.6718	3	-1	0.17623	92.6161
0.0141673	7.65	28.6965	4	-1	0.17626	92.6319
0.0141673	7.65	28.6963	1	-1	0.17627	92.6372
0.0142141	7.65	28.687	2	-1	0.17632	92.5807
0.0142147	7.65	28.6612	3	-1	0.17631	92.5755
0.0142616	7.65	28.6854	4	-1	0.17635	92.5965
0.0142616	7.65	28.6852	1	-1	0.17636	92.6017
0.0143085	7.65	28.6762	2	-1	0.1764	92.5353
0.014309	7.65	28.6506	3	-1	0.17639	92.53
0.014356	7.65	28.6747	4	-1	0.17643	92.551
0.014356	7.65	28.6744	1	-1	0.17644	92.5563
0.0144029	7.65	28.6652	2	-1	0.17648	92.4899
0.0144035	7.65	28.6398	3	-1	0.17647	92.4847
0.0144505	7.65	28.6634	4	-1	0.17651	92.5056
0.0144505	7.65	28.6631	1	-1	0.17652	92.5109
0.0144975	7.65	28.6542	2	-1	0.17656	92.4495
0.014498	7.65	28.6291	3	-1	0.17655	92.4442
0.0145451	7.65	28.6526	4	-1	0.17659	92.4652
0.0145451	7.65	28.6523	1	-1	0.1766	92.4704
0.0145921	7.65	28.6431	2	-1	0.17664	92.4043
0.0145926	7.65	28.6181	3	-1	0.17664	92.4043
0.0146397	7.65	28.6417	4	-1	0.17667	92.42
0.0146397	7.65	28.6415	1	-1	0.17668	92.4252
0.0146868	7.65	28.6325	2	-1	0.17672	92.364
0.0146873	7.65	28.6075	3	-1	0.17672	92.364
0.0147345	7.65	28.6307	4	-1	0.17675	92.3797
0.0147345	7.65	28.6305	1	-1	0.17676	92.3849
0.0147816	7.65	28.6213	2	-1	0.1768	92.3189
0.0147821	7.65	28.5964	3	-1	0.1768	92.3189
0.0148293	7.65	28.6198	4	-1	0.17683	92.3346
0.0148293	7.65	28.6195	1	-1	0.17684	92.3398
0.0148765	7.65	28.6105	2	-1	0.17688	92.2788
0.014877	7.65	28.5857	3	-1	0.17688	92.2788
0.0149242	7.65	28.6087	4	-1	0.17691	92.2944
0.0149242	7.65	28.6085	1	-1	0.17692	92.2997
0.0149714	7.65	28.5993	2	-1	0.17696	92.2339
0.014972	7.65	28.5745	3	-1	0.17696	92.2339
0.0150192	7.65	28.5978	4	-1	0.17699	92.2496
0.0150192	7.65	28.5976	1	-1	0.177	92.2548
0.0150665	7.65	28.5886	2	-1	0.17704	92.1939
0.015067	7.65	28.5638	3	-1	0.17704	92.1939
0.0151143	7.65	28.5868	4	-1	0.17707	92.2096
0.0151143	7.65	28.5866	1	-1	0.17708	92.2148
0.0151616	7.65	28.5775	2	-1	0.17713	92.1544
0.0151622	7.65	28.553	3	-1	0.17712	92.1492
0.0152095	7.65	28.576	4	-1	0.17715	92.1648
0.0152095	7.65	28.5757	1	-1	0.17716	92.17
0.0152568	7.65	28.5668	2	-1	0.17721	92.1146
0.0152574	7.65	28.5426	3	-1	0.1772	92.1094
0.0153048	7.65	28.5651	4	-1	0.17723	92.125
0.0153048	7.65	28.5648	1	-1	0.17724	92.1302
0.0153522	7.65	28.5556	2	-1	0.17729	92.07
0.0153527	7.65	28.5315	3	-1	0.17729	92.07
0.0154001	7.65	28.5541	4	-1	0.17732	92.0856
0.0154002	7.65	28.5539	1	-1	0.17733	92.0908
0.0154476	7.65	28.5448	2	-1	0.17737	92.0255
0.0154481	7.65	28.5205	3	-1	0.17737	92.0255
0.0154956	7.65	28.5434	4	-1	0.1774	92.0411
0.0154956	7.65	28.5432	1	-1	0.17741	92.0463
0.0155431	7.65	28.5338	2	-1	0.17745	91.9811
0.0155436	7.65	28.5096	3	-1	0.17745	91.9811
0.0155911	7.65	28.5323	4	-1	0.17748	91.9967
0.0155911	7.65	28.532	1	-1	0.17749	92.0019
0.0156386	7.65	28.523	2	-1	0.17753	91.9416
0.0156392	7.65	28.4987	3	-1	0.17753	91.9416
0.0156867	7.65	28.5217	4	-1	0.17756	91.9571
0.0156868	7.65	28.5214	1	-1	0.17757	91.9623
0.0157343	7.65	28.5121	2	-1	0.17762	91.9025
0.0157348	7.65	28.4882	3	-1	0.17761	91.8973
0.0157825	7.65	28.5107	4	-1	0.17764	91.9129
0.0157825	7.65	28.5104	1	-1	0.17765	91.918
0.0158301	7.65	28.501	2	-1	0.1777	91.8584
0.0158306	7.65	28.4773	3	-1	0.17769	91.8532
0.0158783	7.65	28.4998	4	-1	0.17772	91.8687
0.0158783	7.65	28.4996	1	-1	0.17773	91.8739
0.0159259	7.65	28.4904	2	-1	0.17778	91.819
0.0159264	7.65	28.467	3	-1	0.17777	91.8139
0.0159741	7.65	28.489	4	-1	0.1778	91.8294
0.0159741	7.65	28.4888	1	-1	0.17781	91.8345
0.0160218	7.65	28.4794	2	-1	0.17786	91.775
0.0160224	7.65	28.4562	3	-1	0.17785	91.7699
0.0160701	7.65	28.4781	4	-1	0.17789	91.7905
0.0160701	7.65	28.4779	1	-1	0.1779	91.7957
0.0161178	7.65	28.4688	2	-1	0.17794	91.7311
0.0161184	7.65	28.4456	3	-1	0.17793	91.726
0.0161662	7.65	28.4675	4	-1	0.17797	91.7466
0.0161662	7.65	28.4672	1	-1	0.17798	91.7517
0.016214	7.65	28.458	2	-1	0.17802	91.6873
0.0162145	7.65	28.4351	3	-1	0.17801	91.6821
0.0162623	7.65	28.4564	4	-1	0.17805	91.7027
0.0162623	7.65	28.4562	1	-1	0.17806	91.7079
0.0163101	7.65	28.447	2	-1	0.1781	91.6435
0.0163107	7.65	28.4242	3	-1	0.1781	91.6435
0.0163586	7.65	28.4457	4	-1	0.17813	91.6589
0.0163586	7.65	28.4455	1	-1	0.17814	91.6641
0.0164064	7.65	28.4365	2	-1	0.17818	91.6045
0.0164069	7.65	28.4137	3	-1	0.17818	91.6045
0.0164549	7.65	28.4348	4	-1	0.1782	91.6148
0.0164549	7.65	28.4346	1	-1	0.17821	91.62
0.0165028	7.65	28.4254	2	-1	0.17826	91.5656
0.0165033	7.65	28.4027	3	-1	0.17826	91.5656
0.0165513	7.65	28.424	4	-1	0.17829	91.5811
0.0165513	7.65	28.4237	1	-1	0.1783	91.5862
0.0165993	7.65	28.4147	2	-1	0.17835	91.5273
0.0165998	7.65	28.3922	3	-1	0.17834	91.5221
0.0166478	7.65	28.4136	4	-1	0.17837	91.5375
0.0166478	7.65	28.4134	1	-1	0.17838	91.5426
0.0166958	7.65	28.404	2	-1	0.17843	91.4838
0.0166963	7.65	28.3818	3	-1	0.17842	91.4787
0.0167444	7.65	28.4028	4	-1	0.17845	91.4941
0.0167444	7.65	28.4025	1	-1	0.17846	91.4992
0.0167924	7.65	28.3931	2	-1	0.17851	91.4404
0.0167929	7.65	28.3711	3	-1	0.1785	91.4353
0.016841	7.65	28.3918	4	-1	0.17854	91.4558
0.016841	7.65	28.3916	1	-1	0.17855	91.4609
0.0168892	7.65	28.3826	2	-1	0.1786	91.4023
0.0168896	7.65	28.3611	3	-1	0.17858	91.392
0.0169378	7.65	28.3815	4	-1	0.17862	91.4125
0.0169378	7.65	28.3812	1	-1	0.17863	91.4176
0.016986	7.65	28.372	2	-1	0.17868	91.359
0.0169865	7.65	28.351	3	-1	0.17866	91.3488
0.0170347	7.65	28.3707	4	-1	0.1787	91.3693
0.0170347	7.65	28.3705	1	-1	0.17871	91.3744
0.0170829	7.65	28.3612	2	-1	0.17876	91.3159
0.0170833	7.65	28.3407	3	-1	0.17874	91.3057
0.0171316	7.65	28.3597	4	-1	0.17878	91.3261
0.0171316	7.65	28.3595	1	-1	0.17879	91.3312
0.0171799	7.65	28.3503	2	-1	0.17884	91.2728
0.0171803	7.65	28.3302	3	-1	0.17882	91.2626
0.0172286	7.65	28.349	4	-1	0.17886	91.283
0.0172286	7.65	28.3488	1	-1	0.17887	91.2881
0.0172769	7.65	28.34	2	-1	0.17892	91.2345
0.0172774	7.65	28.3202	3	-1	0.17891	91.2294
0.0173257	7.65	28.3384	4	-1	0.17894	91.2447
0.0173257	7.65	28.3382	1	-1	0.17895	91.2498
0.0173741	7.65	28.3292	2	-1	0.179	91.1916
0.0173746	7.65	28.3097	3	-1	0.17899	91.1865
0.0174229	7.65	28.3276	4	-1	0.17902	91.2018
0.017423	7.65	28.3274	1	-1	0.17903	91.2069
0.0174714	7.65	28.3183	2	-1	0.17908	91.1488
0.0174718	7.65	28.299	3	-1	0.17907	91.1437
0.0175202	7.65	28.3168	4	-1	0.17911	91.164
0.0175202	7.65	28.3165	1	-1	0.17912	91.1691
0.0175687	7.65	28.3078	2	-1	0.17917	91.1111
0.0175691	7.65	28.289	3	-1	0.17915	91.1009
0.0176176	7.65	28.3065	4	-1	0.17919	91.1213
0.0176176	7.65	28.3063	1	-1	0.1792	91.1264
0.0176661	7.65	28.2973	2	-1	0.17924	91.0634
0.0176666	7.65	28.2788	3	-1	0.17923	91.0583
0.0177151	7.65	28.2958	4	-1	0.17927	91.0786
0.0177151	7.65	28.2956	1	-1	0.17928	91.0837
0.0177636	7.65	28.2866	2	-1	0.17932	91.0208
0.0177641	7.65	28.2683	3	-1	0.17931	91.0157
0.0178127	7.65	28.2848	4	-1	0.17935	91.036
0.0178127	7.65	28.2846	1	-1	0.17936	91.0411
0.0178612	7.65	28.2759	2	-1	0.17941	90.9833
0.0178617	7.65	28.2581	3	-1	0.17939	90.9732
0.0179103	7.65	28.2739	4	-1	0.17943	90.9935
0.0179103	7.65	28.2737	1	-1	0.17944	90.9985
0.0179589	7.65	28.2654	2	-1	0.17949	90.9455
0.0179594	7.65	28.2478	3	-1	0.17948	90.9404
0.018008	7.65	28.2638	4	-1	0.17951	90.9556
0.018008	7.65	28.2636	1	-1	0.17952	90.9607
0.0180567	7.65	28.2549	2	-1	0.17957	90.9031
0.0180571	7.65	28.2377	3	-1	0.17955	90.893
0.0181059	7.65	28.2532	4	-1	0.17959	90.9132
0.0181059	7.65	28.253	1	-1	0.1796	90.9183
0.0181546	7.65	28.2443	2	-1	0.17965	90.8608
0.018155	7.65	28.2275	3	-1	0.17963	90.8507
0.0182038	7.65	28.2425	4	-1	0.17968	90.876
0.0182038	7.65	28.2422	1	-1	0.17969	90.881
0.0182526	7.65	28.2337	2	-1	0.17973	90.814
0.0182529	7.65	28.2172	3	-1	0.17972	90.809
0.0183018	7.65	28.2315	4	-1	0.17975	90.8241
0.0183018	7.65	28.2313	1	-1	0.17976	90.8292
0.0183506	7.65	28.2228	2	-1	0.17981	90.7765
0.018351	7.65	28.2066	3	-1	0.1798	90.7714
0.0183999	7.65	28.2209	4	-1	0.17984	90.7916
0.0183999	7.65	28.2207	1	-1	0.17985	90.7966
0.0184487	7.65	28.2125	2	-1	0.17989	90.7344
0.0184491	7.65	28.1963	3	-1	0.17988	90.7293
0.018498	7.65	28.2107	4	-1	0.17992	90.7495
0.0184981	7.65	28.2105	1	-1	0.17993	90.7546
0.018547	7.65	28.2021	2	-1	0.17997	90.6924
0.0185473	7.65	28.1862	3	-1	0.17996	90.6874
0.0185963	7.65	28.2001	4	-1	0.18	90.7075
0.0185963	7.65	28.1999	1	-1	0.18001	90.7126
0.0186453	7.65	28.1916	2	-1	0.18005	90.6505
0.0186457	7.65	28.1759	3	-1	0.18004	90.6455
0.0186947	7.65	28.1893	4	-1	0.18008	90.6656
0.0186947	7.65	28.1891	1	-1	0.18009	90.6706
0.0187437	7.65	28.1809	2	-1	0.18013	90.6087
0.0187441	7.65	28.1653	3	-1	0.18013	90.6087
0.0187931	7.65	28.1786	4	-1	0.18016	90.6237
0.0187931	7.65	28.1784	1	-1	0.18017	90.6288
0.0188422	7.65	28.1702	2	-1	0.18022	90.5719
0.0188425	7.65	28.1548	3	-1	0.18021	90.5669
0.0188917	7.65	28.168	4	-1	0.18024	90.582
0.0188917	7.65	28.1677	1	-1	0.18025	90.587
0.0189408	7.65	28.1594	2	-1	0.1803	90.5302
0.0189411	7.65	28.1443	3	-1	0.18029	90.5252
0.0189903	7.65	28.1574	4	-1	0.18033	90.5453
0.0189903	7.65	28.1572	1	-1	0.18034	90.5503
0.0190394	7.65	28.1491	2	-1	0.18038	90.4886
0.0190398	7.65	28.1342	3	-1	0.18037	90.4836
0.019089	7.65	28.1472	4	-1	0.1804	90.4986
0.019089	7.65	28.147	1	-1	0.18041	90.5037
0.0191382	7.65	28.1389	2	-1	0.18046	90.4516
0.0191385	7.65	28.1241	3	-1	0.18045	90.4466
0.0191878	7.65	28.1368	4	-1	0.18048	90.4616
0.0191878	7.65	28.1366	1	-1	0.18049	90.4666
0.019237	7.65	28.1283	2	-1	0.18054	90.4101
0.0192374	7.65	28.1138	3	-1	0.18053	90.4051
0.0192867	7.65	28.1264	4	-1	0.18057	90.4252
0.0192867	7.65	28.1262	1	-1	0.18058	90.4302
0.019336	7.65	28.1179	2	-1	0.18063	90.3692
0.0193363	7.65	28.1039	3	-1	0.18061	90.3592
0.0193857	7.65	28.1158	4	-1	0.18065	90.3792
0.0193857	7.65	28.1156	1	-1	0.18066	90.3842
0.019435	7.65	28.1075	2	-1	0.18071	90.3279
0.0194353	7.65	28.0939	3	-1	0.18069	90.3179
0.0194847	7.65	28.1051	4	-1	0.18073	90.3379
0.0194847	7.65	28.1049	1	-1	0.18074	90.3429
0.0195341	7.65	28.0969	2	-1	0.18079	90.2867
0.0195344	7.65	28.0836	3	-1	0.18078	90.2817
0.0195839	7.65	28.0946	4	-1	0.18081	90.2966
0.0195839	7.65	28.0944	1	-1	0.18082	90.3016
0.0196333	7.65	28.0863	2	-1	0.18087	90.2455
0.0196337	7.65	28.0731	3	-1	0.18086	90.2405
0.0196831	7.65	28.0841	4	-1	0.1809	90.2605
0.0196831	7.65	28.0839	1	-1	0.18091	90.2654
0.0197326	7.65	28.0758	2	-1	0.18095	90.1999
0.0197329	7.65	28.0629	3	-1	0.18094	90.1949
0.0197825	7.65	28.0735	4	-1	0.18098	90.2148
0.0197825	7.65	28.0733	1	-1	0.18099	90.2198
0.019832	7.65	28.0654	2	-1	0.18103	90.1589
0.0198323	7.65	28.0527	3	-1	0.18102	90.1539
0.0198819	7.65	28.0628	4	-1	0.18106	90.1738
0.0198819	7.65	28.0626	1	-1	0.18107	90.1788
0.0199315	7.65	28.0549	2	-1	0.18111	90.1179
0.0199318	7.65	28.0422	3	-1	0.18111	90.1179
0.0199814	7.65	28.0522	4	-1	0.18114	90.1329
0.0199814	7.65	28.052	1	-1	0.18115	90.1378
0.0200311	7.65	28.0443	2	-1	0.18119	90.0771
0.0200314	7.65	28.0317	3	-1	0.18119	90.0771
0.020081	7.65	28.0417	4	-1	0.18122	90.092
0.020081	7.65	28.0415	1	-1	0.18123	90.0969
0.0201307	7.65	28.0338	2	-1	0.18128	90.0412
0.020131	7.65	28.0214	3	-1	0.18127	90.0363
0.0201807	7.65	28.0313	4	-1	0.1813	90.0512
0.0201807	7.65	28.0311	1	-1	0.18131	90.0561
0.0202305	7.65	28.0232	2	-1	0.18136	90.0005
0.0202308	7.65	28.0111	3	-1	0.18135	89.9955
0.0202805	7.65	28.0209	4	-1	0.18139	90.0154
0.0202805	7.65	28.0207	1	-1	0.1814	90.0203
0.0203303	7.65	28.0129	2	-1	0.18144	89.9554
0.0203306	7.65	28.0009	3	-1	0.18143	89.9504
0.0203804	7.65	28.0104	4	-1	0.18147	89.9703
0.0203804	7.65	28.0102	1	-1	0.18148	89.9752
0.0204302	7.65	28.0025	2	-1	0.18152	89.9148
0.0204305	7.65	27.9908	3	-1	0.18151	89.9098
0.0204804	7.65	27.9997	4	-1	0.18154	89.9247
0.0204804	7.65	27.9995	1	-1	0.18155	89.9297
0.0205302	7.65	27.992	2	-1	0.1816	89.8787
0.0205305	7.65	27.9804	3	-1	0.1816	89.8787
0.0205804	7.65	27.9895	4	-1	0.18163	89.8936
0.0205804	7.65	27.9893	1	-1	0.18164	89.8985
0.0206303	7.65	27.9816	2	-1	0.18169	89.8388
0.0206306	7.65	27.9702	3	-1	0.18168	89.8339
0.0206806	7.65	27.9792	4	-1	0.18171	89.8487
0.0206806	7.65	27.979	1	-1	0.18172	89.8536
0.0207305	7.65	27.9712	2	-1	0.18177	89.7984
0.0207308	7.65	27.9602	3	-1	0.18175	89.7886
0.0207808	7.65	27.9688	4	-1	0.18179	89.8083
0.0207808	7.65	27.9686	1	-1	0.1818	89.8133
0.0208308	7.65	27.9609	2	-1	0.18185	89.7581
0.0208311	7.65	27.9501	3	-1	0.18184	89.7532
0.0208811	7.65	27.9584	4	-1	0.18187	89.768
0.0208812	7.65	27.9582	1	-1	0.18188	89.773
0.0209312	7.65	27.9506	2	-1	0.18193	89.7179
0.0209315	7.65	27.94	3	-1	0.18192	89.713
0.0209816	7.65	27.9481	4	-1	0.18196	89.7327
0.0209816	7.65	27.9479	1	-1	0.18197	89.7376
0.0210317	7.65	27.9403	2	-1	0.18201	89.6734
0.0210319	7.65	27.9299	3	-1	0.182	89.6684
0.0210821	7.65	27.9378	4	-1	0.18204	89.6881
0.0210821	7.65	27.9376	1	-1	0.18205	89.6931
0.0211322	7.65	27.9302	2	-1	0.18209	89.6333
0.0211325	7.65	27.92	3	-1	0.18208	89.6284
0.0211827	7.65	27.9273	4	-1	0.18212	89.648
0.0211827	7.65	27.9271	1	-1	0.18213	89.653
0.0212329	7.65	27.92	2	-1	0.18217	89.5933
0.0212331	7.65	27.91	3	-1	0.18216	89.5884
0.0212834	7.65	27.9169	4	-1	0.18219	89.6031
0.0212834	7.65	27.9167	1	-1	0.1822	89.608
0.0213336	7.65	27.9096	2	-1	0.18225	89.5577
0.0213339	7.65	27.8997	3	-1	0.18225	89.5577
0.0213841	7.65	27.9068	4	-1	0.18228	89.5725
0.0213841	7.65	27.9066	1	-1	0.18229	89.5774
0.0214344	7.65	27.8993	2	-1	0.18234	89.5184
0.0214347	7.65	27.8898	3	-1	0.18232	89.5086
0.021485	7.65	27.8966	4	-1	0.18236	89.5282
0.021485	7.65	27.8964	1	-1	0.18237	89.5331
0.0215353	7.65	27.8891	2	-1	0.18242	89.4786
0.0215356	7.65	27.8801	3	-1	0.1824	89.4688
0.021586	7.65	27.8863	4	-1	0.18244	89.4884
0.021586	7.65	27.8861	1	-1	0.18245	89.4933
0.0216364	7.65	27.879	2	-1	0.1825	89.4389
0.0216366	7.65	27.8702	3	-1	0.18249	89.434
0.021687	7.65	27.8761	4	-1	0.18252	89.4487
0.021687	7.65	27.8759	1	-1	0.18253	89.4536
0.0217374	7.65	27.8688	2	-1	0.18258	89.3992
0.0217377	7.65	27.8602	3	-1	0.18257	89.3943
0.0217881	7.65	27.866	4	-1	0.1826	89.409
0.0217881	7.65	27.8658	1	-1	0.18261	89.4139
0.0218386	7.65	27.8585	2	-1	0.18266	89.3596
0.0218388	7.65	27.8503	3	-1	0.18264	89.3498
0.0218894	7.65	27.8558	4	-1	0.18269	89.3743
0.0218894	7.65	27.8556	1	-1	0.1827	89.3792
0.0219399	7.65	27.8483	2	-1	0.18274	89.3114
0.0219401	7.65	27.8402	3	-1	0.18273	89.3065
0.0219907	7.65	27.8448	4	-1	0.18277	89.326
0.0219907	7.65	27.8446	1	-1	0.18278	89.3309
0.0220413	7.65	27.8379	2	-1	0.18282	89.2719
0.0220415	7.65	27.8299	3	-1	0.18282	89.2719
0.0220921	7.65	27.8342	4	-1	0.18284	89.2817
0.0220921	7.65	27.834	1	-1	0.18285	89.2866
0.0221427	7.65	27.8274	2	-1	0.1829	89.2369
0.0221429	7.65	27.8194	3	-1	0.1829	89.2369
0.0221936	7.65	27.8242	4	-1	0.18293	89.2516
0.0221936	7.65	27.824	1	-1	0.18294	89.2564
0.0222443	7.65	27.817	2	-1	0.18299	89.1981
0.0222445	7.65	27.8093	3	-1	0.18298	89.1933
0.0222952	7.65	27.8143	4	-1	0.18302	89.2128
0.0222952	7.65	27.8141	1	-1	0.18303	89.2176
0.0223459	7.65	27.8071	2	-1	0.18307	89.1546
0.0223461	7.65	27.7997	3	-1	0.18305	89.1448
0.0223969	7.65	27.804	4	-1	0.1831	89.1692
0.0223969	7.65	27.8038	1	-1	0.18311	89.1741
0.0224476	7.65	27.7974	2	-1	0.18315	89.1154
0.0224478	7.65	27.7902	3	-1	0.18314	89.1105
0.0224986	7.65	27.7937	4	-1	0.18317	89.1251
0.0224986	7.65	27.7935	1	-1	0.18318	89.13
0.0225494	7.65	27.7872	2	-1	0.18322	89.0758
0.0225496	7.65	27.7798	3	-1	0.18323	89.0807
0.0226005	7.65	27.7833	4	-1	0.18325	89.0904
0.0226005	7.65	27.7832	1	-1	0.18326	89.0952
0.0226514	7.65	27.7762	2	-1	0.18331	89.0373
0.0226515	7.65	27.769	3	-1	0.1833	89.0324
0.0227024	7.65	27.7731	4	-1	0.18334	89.0519
0.0227024	7.65	27.7729	1	-1	0.18335	89.0567
0.0227534	7.65	27.766	2	-1	0.1834	88.9989
0.0227535	7.65	27.7592	3	-1	0.18338	88.9892
0.0228045	7.65	27.763	1	-1	0.18343	89.0134
0.0228045	7.65	27.763	4	-1	0.18343	89.0134
0.0228555	7.65	27.7563	2	-1	0.18348	88.96
0.0228556	7.65	27.7499	3	-1	0.18346	88.9503
0.0229066	7.65	27.7528	4	-1	0.1835	88.9697
0.0229066	7.65	27.7526	1	-1	0.18351	88.9745
0.0229576	7.65	27.7463	2	-1	0.18356	88.9212
0.0229578	7.65	27.7401	3	-1	0.18355	88.9163
0.0230088	7.65	27.7428	4	-1	0.18358	88.9309
0.0230088	7.65	27.7426	1	-1	0.18359	88.9357
0.0230599	7.65	27.7358	2	-1	0.18364	88.8781
0.0230601	7.65	27.7299	3	-1	0.18363	88.8733
0.0231112	7.65	27.7323	4	-1	0.18367	88.8927
0.0231112	7.65	27.7321	1	-1	0.18368	88.8975
0.0231623	7.65	27.7255	2	-1	0.18372	88.8352
0.0231624	7.65	27.7198	3	-1	0.18371	88.8303
0.0232136	7.65	27.7219	4	-1	0.18375	88.8497
0.0232136	7.65	27.7217	1	-1	0.18376	88.8545
0.0232647	7.65	27.7155	2	-1	0.1838	88.7966
0.0232649	7.65	27.71	3	-1	0.18379	88.7917
0.0233161	7.65	27.7117	4	-1	0.18383	88.8111
0.0233161	7.65	27.7115	1	-1	0.18384	88.8159
0.0233673	7.65	27.7056	2	-1	0.18388	88.758
0.0233674	7.65	27.7001	3	-1	0.18388	88.758
0.0234187	7.65	27.7016	4	-1	0.1839	88.7677
0.0234187	7.65	27.7014	1	-1	0.18391	88.7725
0.0234699	7.65	27.6951	2	-1	0.18396	88.7196
0.0234701	7.65	27.6896	3	-1	0.18396	88.7196
0.0235213	7.65	27.6912	4	-1	0.18399	88.734
0.0235213	7.65	27.691	1	-1	0.184	88.7388
0.0235726	7.65	27.6848	2	-1	0.18405	88.6817
0.0235728	7.65	27.6795	3	-1	0.18404	88.6769
0.0236241	7.65	27.6813	4	-1	0.18408	88.6962
0.0236241	7.65	27.6811	1	-1	0.18409	88.701
0.0236755	7.65	27.6749	2	-1	0.18413	88.6391
0.0236756	7.65	27.6698	3	-1	0.18412	88.6343
0.023727	7.65	27.6711	4	-1	0.18415	88.6487
0.023727	7.65	27.6709	1	-1	0.18416	88.6535
0.0237784	7.65	27.665	2	-1	0.18421	88.6051
0.0237785	7.65	27.6601	3	-1	0.1842	88.6003
0.0238299	7.65	27.6608	4	-1	0.18423	88.6147
0.0238299	7.65	27.6606	1	-1	0.18424	88.6195
0.0238814	7.65	27.6544	2	-1	0.1843	88.5674
0.0238815	7.65	27.6499	3	-1	0.18428	88.5578
0.023933	7.65	27.6509	4	-1	0.18432	88.5771
0.023933	7.65	27.6507	1	-1	0.18433	88.5819
0.0239845	7.65	27.6443	2	-1	0.18438	88.5251
0.0239846	7.65	27.6402	3	-1	0.18436	88.5155
0.0240361	7.65	27.641	1	-1	0.18441	88.5395
0.0240361	7.65	27.641	4	-1	0.18441	88.5395
0.0240877	7.65	27.6348	2	-1	0.18446	88.487
0.0240878	7.65	27.631	3	-1	0.18444	88.4774
0.0241393	7.65	27.631	4	-1	0.18448	88.4966
0.0241393	7.65	27.6308	1	-1	0.18449	88.5014
0.0241909	7.65	27.6247	2	-1	0.18454	88.4448
0.024191	7.65	27.6214	3	-1	0.18452	88.4352
0.0242427	7.65	27.6203	4	-1	0.18456	88.4543
0.0242427	7.65	27.6201	1	-1	0.18457	88.4591
0.0242943	7.65	27.6146	2	-1	0.18462	88.4068
0.0242944	7.65	27.6114	3	-1	0.18461	88.402
0.0243461	7.65	27.6102	4	-1	0.18464	88.4164
0.0243461	7.65	27.6101	1	-1	0.18465	88.4212
0.0243978	7.65	27.6045	2	-1	0.1847	88.369
0.0243979	7.65	27.6015	3	-1	0.18469	88.3642
0.0244496	7.65	27.6006	4	-1	0.18473	88.3833
0.0244496	7.65	27.6004	1	-1	0.18474	88.3881
0.0245013	7.65	27.5945	2	-1	0.18479	88.3275
0.0245014	7.65	27.5919	3	-1	0.18477	88.318
0.0245532	7.65	27.5901	4	-1	0.18481	88.3371
0.0245532	7.65	27.59	1	-1	0.18482	88.3419
0.024605	7.65	27.5845	2	-1	0.18486	88.285
0.024605	7.65	27.5819	3	-1	0.18486	88.285
0.0246569	7.65	27.58	4	-1	0.18489	88.2993
0.0246569	7.65	27.5798	1	-1	0.1849	88.3041
0.0247087	7.65	27.5746	2	-1	0.18494	88.2474
0.0247088	7.65	27.572	3	-1	0.18494	88.2474
0.0247606	7.65	27.5699	4	-1	0.18497	88.2617
0.0247606	7.65	27.5697	1	-1	0.18498	88.2665
0.0248125	7.65	27.5641	2	-1	0.18503	88.2103
0.0248126	7.65	27.5617	3	-1	0.18502	88.2056
0.0248645	7.65	27.56	4	-1	0.18506	88.2246
0.0248645	7.65	27.5598	1	-1	0.18507	88.2294
0.0249165	7.65	27.5542	2	-1	0.18511	88.1686
0.0249165	7.65	27.552	3	-1	0.1851	88.1638
0.0249685	7.65	27.5501	4	-1	0.18514	88.1829
0.0249685	7.65	27.5499	1	-1	0.18515	88.1877
0.0250205	7.65	27.5444	2	-1	0.18519	88.127
0.0250205	7.65	27.5424	3	-1	0.18518	88.1222
0.0250725	7.65	27.5394	4	-1	0.18522	88.1412
0.0250725	7.65	27.5392	1	-1	0.18523	88.146
0.0251246	7.65	27.5345	2	-1	0.18527	88.0896
0.0251246	7.65	27.5325	3	-1	0.18527	88.0896
0.0251767	7.65	27.5293	4	-1	0.18529	88.0991
0.0251767	7.65	27.5291	1	-1	0.1853	88.1038
0.0252288	7.65	27.5244	2	-1	0.18535	88.0564
0.0252288	7.65	27.5222	3	-1	0.18536	88.0612
0.0252809	7.65	27.5197	4	-1	0.18538	88.0707
0.0252809	7.65	27.5195	1	-1	0.18539	88.0754
0.0253331	7.65	27.5138	2	-1	0.18545	88.0203
0.0253331	7.65	27.5122	3	-1	0.18542	88.0061
0.0253853	7.65	27.5101	1	-1	0.18547	88.0298
0.0253853	7.65	27.5099	4	-1	0.18548	88.0346
0.0254374	7.65	27.5043	2	-1	0.18553	87.9831
0.0254375	7.65	27.5032	3	-1	0.1855	87.9689
0.0254897	7.65	27.4999	1	-1	0.18555	87.9926
0.0254897	7.65	27.4996	4	-1	0.18556	87.9973
0.0255419	7.65	27.4944	2	-1	0.18561	87.9418
0.0255419	7.65	27.4938	3	-1	0.18558	87.9276
0.0255942	7.65	27.4898	1	-1	0.18564	87.956
0.0255942	7.65	27.4896	4	-1	0.18563	87.9513
0.0256465	7.65	27.4848	2	-1	0.18569	87.9006
0.0256465	7.65	27.4846	3	-1	0.18567	87.8911
0.0256988	7.65	27.4801	1	-1	0.18572	87.9148
0.0256988	7.65	27.4801	4	-1	0.18571	87.9101
0.0257511	7.65	27.4747	3	-1	0.18575	87.85
0.0257512	7.65	27.4746	2	-1	0.18577	87.8594
0.0258035	7.65	27.4699	1	-1	0.1858	87.8736
0.0258035	7.65	27.4699	4	-1	0.1858	87.8736
0.0258559	7.65	27.4645	3	-1	0.18583	87.8131
0.0258559	7.65	27.4643	2	-1	0.18584	87.8178
0.0259083	7.65	27.46	1	-1	0.18588	87.8367
0.0259083	7.65	27.46	4	-1	0.18588	87.8367
0.0259607	7.65	27.4543	3	-1	0.18591	87.7721
0.0259607	7.65	27.4541	2	-1	0.18592	87.7768
0.0260132	7.65	27.4495	4	-1	0.18596	87.7957
0.0260132	7.65	27.4493	1	-1	0.18597	87.8004
0.0260657	7.65	27.4445	3	-1	0.186	87.7358
0.0260657	7.65	27.4443	2	-1	0.18601	87.7406
0.0261182	7.65	27.4394	4	-1	0.18604	87.7547
0.0261182	7.65	27.4392	1	-1	0.18605	87.7594
0.0261707	7.65	27.4347	2	-1	0.18609	87.6997
0.0261707	7.65	27.4347	3	-1	0.18609	87.6997
0.0262232	7.65	27.4293	4	-1	0.18612	87.7138
0.0262232	7.65	27.4291	1	-1	0.18613	87.7186
0.0262758	7.65	27.4248	2	-1	0.18617	87.663
0.0262758	7.65	27.4248	3	-1	0.18617	87.663
0.0263284	7.65	27.4196	4	-1	0.1862	87.6772
0.0263284	7.65	27.4195	1	-1	0.18621	87.6819
0.026381	7.65	27.4147	3	-1	0.18625	87.6223
0.026381	7.65	27.4145	2	-1	0.18626	87.627
0.0264337	7.65	27.4096	4	-1	0.18629	87.6411
0.0264337	7.65	27.4094	1	-1	0.1863	87.6458
0.0264863	7.65	27.4047	3	-1	0.18633	87.5817
0.0264863	7.65	27.4045	2	-1	0.18634	87.5864
0.026539	7.65	27.3998	4	-1	0.18637	87.6005
0.026539	7.65	27.3997	1	-1	0.18638	87.6052
0.0265917	7.65	27.3947	3	-1	0.18641	87.5411
0.0265917	7.65	27.3945	2	-1	0.18642	87.5458
0.0266445	7.65	27.3895	4	-1	0.18645	87.5599
0.0266445	7.65	27.3894	1	-1	0.18646	87.5646
0.0266972	7.65	27.385	2	-1	0.1865	87.5094
0.0266972	7.65	27.385	3	-1	0.1865	87.5094
0.02675	7.65	27.3796	4	-1	0.18653	87.5235
0.02675	7.65	27.3794	1	-1	0.18654	87.5282
0.0268028	7.65	27.3748	3	-1	0.18658	87.4689
0.0268028	7.65	27.3746	2	-1	0.18659	87.4736
0.0268556	7.65	27.3698	4	-1	0.18661	87.483
0.0268556	7.65	27.3697	1	-1	0.18662	87.4877
0.0269085	7.65	27.3645	3	-1	0.18665	87.428
0.0269085	7.65	27.3644	2	-1	0.18666	87.4327
0.0269613	7.65	27.3601	1	-1	0.1867	87.4514
0.0269613	7.65	27.3599	4	-1	0.18671	87.4561
0.0270142	7.65	27.3544	3	-1	0.18673	87.3877
0.0270142	7.65	27.3543	2	-1	0.18674	87.3924
0.0270672	7.65	27.3503	1	-1	0.18679	87.4158
0.0270672	7.65	27.3501	4	-1	0.18679	87.4158
0.0271201	7.65	27.3449	3	-1	0.18681	87.3434
0.0271201	7.65	27.3447	2	-1	0.18682	87.348
0.0271731	7.65	27.3396	4	-1	0.18686	87.3667
0.0271731	7.65	27.3394	1	-1	0.18688	87.3761
0.0272261	7.65	27.3357	2	-1	0.18691	87.3126
0.0272261	7.65	27.3357	3	-1	0.18691	87.3126
0.0272791	7.65	27.3294	4	-1	0.18692	87.3172
0.0272791	7.65	27.3292	1	-1	0.18693	87.3219
0.0273321	7.65	27.3255	2	-1	0.18698	87.28
0.0273321	7.65	27.3251	3	-1	0.187	87.2894
0.0273851	7.65	27.3199	4	-1	0.18701	87.294
0.0273852	7.65	27.3198	1	-1	0.18702	87.2987
0.0274382	7.65	27.315	2	-1	0.18708	87.2493
0.0274382	7.65	27.3148	3	-1	0.18707	87.2447
0.0274913	7.65	27.3111	1	-1	0.18711	87.2633
0.0274913	7.65	27.3109	4	-1	0.18712	87.268
0.0275445	7.65	27.3046	3	-1	0.18713	87.1913
0.0275445	7.65	27.3044	2	-1	0.18715	87.2006
0.0275976	7.65	27.301	1	-1	0.18718	87.2146
0.0275976	7.65	27.3003	4	-1	0.18721	87.2286
0.0276508	7.65	27.2951	3	-1	0.18721	87.1555
0.0276508	7.65	27.2949	2	-1	0.18722	87.1601
0.027704	7.65	27.29	1	-1	0.18729	87.1927
0.027704	7.65	27.2895	4	-1	0.18728	87.1881
0.0277572	7.65	27.2866	2	-1	0.18731	87.1169
0.0277572	7.65	27.2865	3	-1	0.18732	87.1215
0.0278105	7.65	27.2795	4	-1	0.18733	87.1262
0.0278105	7.65	27.2794	1	-1	0.18737	87.1448
0.0278637	7.65	27.2764	2	-1	0.18738	87.0725
0.0278637	7.65	27.2755	3	-1	0.18742	87.0911
0.027917	7.65	27.2701	4	-1	0.18741	87.0864
0.027917	7.65	27.2699	1	-1	0.18742	87.0911
0.0279703	7.65	27.2655	2	-1	0.18749	87.0589
0.0279703	7.65	27.2646	3	-1	0.18749	87.0589
0.0280237	7.65	27.2615	4	-1	0.18752	87.0728
0.0280237	7.65	27.2613	1	-1	0.18753	87.0775
0.028077	7.65	27.2554	2	-1	0.18759	87.0205
0.028077	7.65	27.2554	3	-1	0.18754	86.9973
0.0281304	7.65	27.252	1	-1	0.1876	87.0251
0.0281304	7.65	27.2517	4	-1	0.18762	87.0344
0.0281838	7.65	27.2456	3	-1	0.18762	86.9618
0.0281838	7.65	27.2454	2	-1	0.18763	86.9664
0.0282372	7.65	27.2413	1	-1	0.18769	86.9942
0.0282373	7.65	27.2409	4	-1	0.18769	86.9942
0.0282907	7.65	27.237	3	-1	0.18772	86.9275
0.0282907	7.65	27.2368	2	-1	0.18773	86.9322
0.0283442	7.65	27.2303	4	-1	0.18775	86.9414
0.0283442	7.65	27.2302	1	-1	0.18778	86.9553
0.0283977	7.65	27.2275	2	-1	0.18779	86.8835
0.0283977	7.65	27.2268	3	-1	0.18783	86.902
0.0284512	7.65	27.2205	4	-1	0.18782	86.8974
0.0284512	7.65	27.2203	1	-1	0.18783	86.902
0.0285047	7.65	27.2164	2	-1	0.18789	86.8655
0.0285048	7.65	27.2154	3	-1	0.18791	86.8747
0.0285583	7.65	27.2124	4	-1	0.18792	86.8793
0.0285583	7.65	27.2123	1	-1	0.18793	86.884
0.0286119	7.65	27.2059	2	-1	0.18801	86.8366
0.0286119	7.65	27.2059	3	-1	0.18795	86.8089
0.0286655	7.65	27.2033	1	-1	0.188	86.832
0.0286655	7.65	27.2026	4	-1	0.18804	86.8505
0.0287192	7.65	27.1962	3	-1	0.18802	86.7731
0.0287192	7.65	27.196	2	-1	0.18803	86.7777
0.0287728	7.65	27.1921	1	-1	0.18809	86.8054
0.0287729	7.65	27.1911	4	-1	0.18811	86.8147
0.0288265	7.65	27.1879	3	-1	0.18813	86.7438
0.0288265	7.65	27.1877	2	-1	0.18814	86.7484
0.0288802	7.65	27.1814	1	-1	0.18821	86.7807
0.0288802	7.65	27.1812	4	-1	0.18816	86.7577
0.028934	7.65	27.1786	2	-1	0.18821	86.6888
0.028934	7.65	27.1781	3	-1	0.18824	86.7026
0.0289877	7.65	27.1718	4	-1	0.18823	86.698
0.0289877	7.65	27.1716	1	-1	0.18825	86.7072
0.0290415	7.65	27.1677	2	-1	0.1883	86.6703
0.0290415	7.65	27.1669	3	-1	0.18832	86.6796
0.0290953	7.65	27.1632	4	-1	0.18833	86.6842
0.0290953	7.65	27.1631	1	-1	0.18834	86.6888
0.0291492	7.65	27.1573	2	-1	0.18841	86.6452
0.0291492	7.65	27.1571	3	-1	0.18837	86.6268
0.029203	7.65	27.1544	1	-1	0.18841	86.6452
0.029203	7.65	27.1539	4	-1	0.18844	86.659
0.0292569	7.65	27.1469	3	-1	0.18843	86.5827
0.0292569	7.65	27.1467	2	-1	0.18845	86.5919
0.0293108	7.65	27.1436	1	-1	0.18849	86.6103
0.0293108	7.65	27.1422	4	-1	0.18854	86.6333
0.0293647	7.65	27.138	3	-1	0.18852	86.5485
0.0293647	7.65	27.1378	2	-1	0.18853	86.5531
0.0294186	7.65	27.1325	1	-1	0.18861	86.5898
0.0294187	7.65	27.1315	4	-1	0.18859	86.5807
0.0294726	7.65	27.1302	2	-1	0.18862	86.5031
0.0294726	7.65	27.1297	3	-1	0.18865	86.5169
0.0295266	7.65	27.1219	4	-1	0.18862	86.5031
0.0295266	7.65	27.1218	1	-1	0.18869	86.5352
0.0295806	7.65	27.1198	2	-1	0.18868	86.4553
0.0295807	7.65	27.118	3	-1	0.18876	86.4919
0.0296347	7.65	27.1126	4	-1	0.18871	86.469
0.0296347	7.65	27.1125	1	-1	0.18872	86.4736
0.0296887	7.65	27.108	2	-1	0.1888	86.4588
0.0296888	7.65	27.106	3	-1	0.18881	86.4633
0.0297428	7.65	27.1059	1	-1	0.18883	86.4725
0.0297428	7.65	27.1057	4	-1	0.18884	86.4771
0.0297969	7.65	27.0974	2	-1	0.18895	86.4404
0.0297969	7.65	27.0974	3	-1	0.18883	86.3855
0.029851	7.65	27.0968	1	-1	0.18886	86.3992
0.0298511	7.65	27.0946	4	-1	0.18898	86.4541
0.0299052	7.65	27.0865	3	-1	0.18888	86.353
0.0299052	7.65	27.0863	2	-1	0.18889	86.3576
0.0299594	7.65	27.084	1	-1	0.18898	86.3988
0.0299595	7.65	27.0805	4	-1	0.18906	86.4353
0.0300136	7.65	27.0805	3	-1	0.18902	86.3263
0.0300136	7.65	27.0804	2	-1	0.18903	86.3308
0.0300678	7.65	27.0714	1	-1	0.18915	86.3856
0.0300679	7.65	27.0696	4	-1	0.18905	86.34
0.030122	7.65	27.0734	2	-1	0.18905	86.2297
0.0301221	7.65	27.0709	3	-1	0.1892	86.2981
0.0301763	7.65	27.0606	4	-1	0.18905	86.2297
0.0301764	7.65	27.0605	1	-1	0.18917	86.2844
0.0302306	7.65	27.0609	2	-1	0.18914	86.2196
0.0302307	7.65	27.0556	3	-1	0.18931	86.2971
0.0302849	7.65	27.0541	4	-1	0.18917	86.2333
0.0302849	7.65	27.054	1	-1	0.18918	86.2379
0.0303393	7.65	27.0462	2	-1	0.18934	86.2675
0.0303394	7.65	27.0418	3	-1	0.18929	86.2448
0.0303936	7.65	27.05	1	-1	0.18925	86.2265
0.0303937	7.65	27.0478	4	-1	0.18939	86.2903
0.0304481	7.65	27.0344	3	-1	0.18922	86.1422
0.0304481	7.65	27.0343	2	-1	0.1895	86.2697
0.0305024	7.65	27.0397	1	-1	0.18926	86.1604
0.0305026	7.65	27.0321	4	-1	0.18958	86.3061
0.0305569	7.65	27.0247	2	-1	0.18929	86.127
0.0306113	7.65	27.0217	1	-1	0.18946	86.2044
0.0306116	7.65	27.0118	4	-1	0.18961	86.2726
0.0306658	7.65	27.0254	3	-1	0.18953	86.1148
0.0307204	7.65	27.0062	1	-1	0.18978	86.2284
0.0308294	7.65	26.996	1	-1	0.18965	86.0013
0.0308838	7.65	27.0004	2	-1	0.18954	85.9592
0.0309386	7.65	26.9974	4	-1	0.18962	85.9955
0.0309386	7.65	26.9972	1	-1	0.18963	86
0.0309932	7.65	26.9793	2	-1	0.18994	86.1054
0.0309935	7.65	26.969	3	-1	0.18972	86.0057
0.0310477	7.65	26.9973	1	-1	0.18957	85.9377
0.0312119	7.65	26.9624	2	-1	0.18963	85.9026
0.0312664	7.65	26.9552	1	-1	0.18996	86.0521
0.0312671	7.65	26.9334	4	-1	0.19016	86.1427
0.0313215	7.65	26.9696	3	-1	0.1901	85.9209
0.0315402	7.65	26.9382	2	-1	0.18983	85.6595
0.0315955	7.65	26.9401	1	-1	0.19	85.7362
0.0318147	7.65	26.932	1	-1	0.18961	85.6143
0.0318702	7.65	26.8928	2	-1	0.18981	85.7124
0.0319803	7.65	26.9183	3	-1	0.19058	85.7464
0.0322556	7.65	26.8751	1	-1	0.19006	85.118
0.0323121	7.65	26.7607	3	-1	0.19076	85.7965
0.0324754	7.65	26.8871	1	-1	0.18937	85.1714
0.0326423	7.65	26.8644	2	-1	0.19066	85.5476
0.0330305	7.65	26.8321	4	-1	0.19123	85.0289
0.0331411	7.65	26.8217	1	-1	0.19063	85.0647
0.03353	7.65	26.7664	2	-1	0.19113	84.6795
0.0336983	7.65	26.7671	4	-1	0.19166	84.9331
0.0336983	7.65	26.767	1	-1	0.19167	84.9375
0.0338098	7.65	26.761	1	-1	0.19145	84.9417
0.0339214	7.65	26.7403	1	-1	0.19157	85.0364
0.0339772	7.65	26.7128	2	-1	0.19235	85.2956
0.034034	7.65	26.6902	4	-1	0.19214	85.2024
0.0340901	7.65	26.6887	3	-1	0.19207	84.9642
0.0342575	7.65	26.6984	1	-1	0.19251	84.9634
0.034313	7.65	26.692	2	-1	0.19211	84.7083
0.0343144	7.65	26.65	3	-1	0.19243	84.8494
0.0343697	7.65	26.7023	1	-1	0.19234	84.8097
0.0343698	7.65	26.6985	4	-1	0.19212	84.7127
0.0344265	7.65	26.6333	3	-1	0.19222	84.7793
0.0344818	7.65	26.7001	1	-1	0.19212	84.7351
0.034594	7.65	26.687	1	-1	0.19209	84.763
0.0346504	7.65	26.6603	2	-1	0.19289	85.0823
0.0347063	7.65	26.6658	1	-1	0.19235	84.8441
0.0347632	7.65	26.6563	3	-1	0.1924	84.7278
0.0348197	7.65	26.6216	4	-1	0.19256	84.7983
0.0348759	7.65	26.6498	3	-1	0.19278	84.705
0.0349317	7.65	26.6357	1	-1	0.19301	84.806
0.034988	7.65	26.6494	2	-1	0.19254	84.4622
0.0350445	7.65	26.6369	1	-1	0.19299	84.6596
0.0351008	7.65	26.6287	2	-1	0.19285	84.5611
0.0351015	7.65	26.6086	3	-1	0.19288	84.5742
0.0351573	7.65	26.6389	1	-1	0.19278	84.5304
0.0351577	7.65	26.6287	4	-1	0.1929	84.583
0.0352701	7.65	26.632	1	-1	0.19263	84.5017
0.0354399	7.65	26.6043	2	-1	0.19278	84.4933
0.0354971	7.65	26.5572	4	-1	0.19322	84.6862
0.0357789	7.65	26.5743	2	-1	0.19276	84.2041
0.0358361	7.65	26.581	1	-1	0.19297	84.2958
0.0361193	7.65	26.504	2	-1	0.19166	84.261
0.0365159	7.65	26.5654	1	-1	0.19191	84.2117
0.0368562	7.65	26.2807	1	-1	0.19479	86.3546
0.0368633	7.65	26.0955	4	-1	0.19456	86.2526
0.0372019	7.65	26.5406	1	-1	0.19334	82.8754
0.0374282	7.65	26.396	1	-1	0.19172	83.9883
0.0377743	7.65	26.3139	1	-1	0.19608	83.9024
0.0381191	7.65	26.3492	1	-1	0.19387	83.5575
0.0381782	7.65	26.324	2	-1	0.19594	84.4533
0.0385246	7.65	26.3215	2	-1	0.19491	83.1315
0.038582	7.65	26.2862	1	-1	0.19573	83.4812
0.0386435	7.65	26.2138	3	-1	0.19522	83.3063
0.0386977	7.65	26.3012	1	-1	0.19518	83.2892
0.0387017	7.65	26.1959	4	-1	0.19546	83.4087
0.0388133	7.65	26.2967	1	-1	0.19487	83.3134
0.0392787	7.65	26.2204	1	-1	0.19665	83.4394
0.0393373	7.65	26.2679	2	-1	0.19548	82.8481
0.0393954	7.65	26.2421	1	-1	0.1963	83.1956
0.0394561	7.65	26.1831	3	-1	0.19583	83.0774
0.0395118	7.65	26.2552	1	-1	0.19576	83.0477
0.0395147	7.65	26.1776	4	-1	0.19611	83.1962
0.0396281	7.65	26.2458	1	-1	0.19555	83.1067
0.0396877	7.65	26.2409	2	-1	0.19664	83.6054
0.0398053	7.65	26.2394	3	-1	0.19595	83.1142
0.040097	7.65	26.1919	1	-1	0.19752	83.1418
0.0404475	7.65	26.2312	1	-1	0.19499	82.6474
0.0405074	7.65	26.1556	2	-1	0.19804	84.1077
0.0413292	7.65	26.0675	2	-1	0.19553	84.3638
0.0416171	7.65	25.4142	3	-1	0.04107	18.0179
0.0417377	7.65	26.7447	2	-1	0.20201	84.3783
0.0423981	7.65	28.2555	4	-1	0.14871	78.0548
0.0427838	7.65	27.8558	3	-1	0.1741	210.902
0.0432725	7.65	33.1002	4	-1	0.09044	104.785
