0.00117473	7.3	25.5572	3	-1	0.21269	84.5283
0.00122244	7.3	26.6756	1	-1	0.19674	78.1893
0.00126841	7.3	27.4089	3	-1	0.18807	94.9992
0.00131354	7.3	27.9049	4	-1	0.18282	92.3473
0.00135788	7.3	28.2406	3	-1	0.17949	97.4747
0.00140195	7.3	28.4726	4	-1	0.17729	96.28
0.00144559	7.3	28.6301	3	-1	0.17583	98.394
0.00148919	7.3	28.7401	4	-1	0.17483	97.8344
0.00153252	7.3	28.8139	3	-1	0.17416	98.775
0.00157592	7.3	28.8648	1	-1	0.17371	98.5197
0.00161912	7.3	28.8975	3	-1	0.17341	98.9275
0.00166243	7.3	28.9206	4	-1	0.1732	98.8077
0.00166244	7.3	28.9203	1	-1	0.17321	98.8134
0.0017056	7.3	28.9325	3	-1	0.17308	98.9707
0.0017489	7.3	28.9417	1	-1	0.173	98.925
0.0017489	7.3	28.9417	4	-1	0.173	98.925
0.00179203	7.3	28.9458	2	-1	0.17296	98.9757
0.00179206	7.3	28.9444	3	-1	0.17296	98.9757
0.00183537	7.3	28.9464	4	-1	0.17294	98.9642
0.00183538	7.3	28.9461	1	-1	0.17295	98.97
0.00187853	7.3	28.9452	2	-1	0.17294	98.9416
0.00187856	7.3	28.9435	3	-1	0.17295	98.9473
0.0019219	7.3	28.9427	4	-1	0.17295	98.9473
0.0019219	7.3	28.9424	1	-1	0.17296	98.953
0.00196509	7.3	28.9389	2	-1	0.17298	98.9079
0.00196512	7.3	28.9372	3	-1	0.17298	98.9079
0.0020085	7.3	28.9346	1	-1	0.17301	98.925
0.0020085	7.3	28.9346	4	-1	0.17301	98.925
0.00205172	7.3	28.9302	2	-1	0.17304	98.8687
0.00205175	7.3	28.9285	3	-1	0.17304	98.8687
0.00209516	7.3	28.9248	4	-1	0.17307	98.8858
0.00209517	7.3	28.9245	1	-1	0.17308	98.8916
0.00213843	7.3	28.9195	2	-1	0.17311	98.8184
0.00213846	7.3	28.9175	3	-1	0.17312	98.8241
0.00218192	7.3	28.914	4	-1	0.17315	98.8412
0.00218192	7.3	28.9137	1	-1	0.17316	98.8469
0.00222521	7.3	28.9082	2	-1	0.17319	98.7682
0.00222525	7.3	28.906	3	-1	0.1732	98.7739
0.00226875	7.3	28.9025	4	-1	0.17323	98.791
0.00226876	7.3	28.9022	1	-1	0.17324	98.7967
0.00231209	7.3	28.8969	2	-1	0.17327	98.7237
0.00231213	7.3	28.8944	3	-1	0.17328	98.7294
0.00235567	7.3	28.8909	4	-1	0.17331	98.7465
0.00235568	7.3	28.8906	1	-1	0.17332	98.7522
0.00239904	7.3	28.8851	2	-1	0.17335	98.6737
0.00239909	7.3	28.8823	3	-1	0.17336	98.6794
0.00244268	7.3	28.879	4	-1	0.1734	98.7022
0.00244268	7.3	28.8787	1	-1	0.17341	98.7079
0.00248609	7.3	28.8731	2	-1	0.17344	98.6239
0.00248614	7.3	28.8701	3	-1	0.17345	98.6296
0.00252977	7.3	28.8673	4	-1	0.17348	98.6467
0.00252977	7.3	28.867	1	-1	0.17349	98.6523
0.00257321	7.3	28.8613	2	-1	0.17352	98.5741
0.00257327	7.3	28.858	3	-1	0.17353	98.5798
0.00261695	7.3	28.8554	4	-1	0.17357	98.6025
0.00261695	7.3	28.8551	1	-1	0.17358	98.6082
0.00266043	7.3	28.8498	2	-1	0.17361	98.5301
0.00266049	7.3	28.8461	3	-1	0.17362	98.5358
0.00270421	7.3	28.8437	4	-1	0.17365	98.5528
0.00270421	7.3	28.8434	1	-1	0.17366	98.5585
0.00274773	7.3	28.8379	2	-1	0.17369	98.4805
0.0027478	7.3	28.834	3	-1	0.1737	98.4861
0.00279155	7.3	28.8321	4	-1	0.17373	98.5031
0.00279155	7.3	28.8318	1	-1	0.17374	98.5088
0.0028351	7.3	28.8262	2	-1	0.17377	98.431
0.00283518	7.3	28.8218	3	-1	0.17379	98.4423
0.00287898	7.3	28.8203	4	-1	0.17382	98.4593
0.00287899	7.3	28.82	1	-1	0.17383	98.4649
0.00292257	7.3	28.8143	2	-1	0.17386	98.3816
0.00292265	7.3	28.8096	3	-1	0.17387	98.3873
0.0029665	7.3	28.8083	4	-1	0.1739	98.4043
0.0029665	7.3	28.8081	1	-1	0.17391	98.4099
0.00301012	7.3	28.8027	2	-1	0.17394	98.3379
0.00301021	7.3	28.7975	3	-1	0.17396	98.3492
0.0030541	7.3	28.7966	4	-1	0.17399	98.3661
0.0030541	7.3	28.7964	1	-1	0.174	98.3718
0.00309776	7.3	28.7909	2	-1	0.17403	98.2887
0.00309786	7.3	28.7854	3	-1	0.17404	98.2944
0.00314178	7.3	28.7852	4	-1	0.17407	98.3113
0.00314179	7.3	28.7849	1	-1	0.17408	98.317
0.00318548	7.3	28.7793	2	-1	0.17411	98.2396
0.00318559	7.3	28.7732	3	-1	0.17413	98.2509
0.00322955	7.3	28.7734	4	-1	0.17415	98.2621
0.00322955	7.3	28.7731	1	-1	0.17416	98.2678
0.00327329	7.3	28.7675	2	-1	0.1742	98.1962
0.0032734	7.3	28.7612	3	-1	0.17421	98.2018
0.00331741	7.3	28.7616	4	-1	0.17424	98.2187
0.00331741	7.3	28.7613	1	-1	0.17425	98.2244
0.00336118	7.3	28.756	2	-1	0.17428	98.1472
0.0033613	7.3	28.7491	3	-1	0.1743	98.1585
0.00340534	7.3	28.7499	4	-1	0.17432	98.1697
0.00340535	7.3	28.7497	1	-1	0.17433	98.1754
0.00344916	7.3	28.7442	2	-1	0.17437	98.104
0.00344929	7.3	28.7371	3	-1	0.17438	98.1096
0.00349337	7.3	28.7382	4	-1	0.17441	98.1265
0.00349337	7.3	28.7379	1	-1	0.17442	98.1321
0.00353723	7.3	28.7324	2	-1	0.17445	98.0497
0.00353737	7.3	28.7248	3	-1	0.17447	98.0609
0.00358148	7.3	28.7267	4	-1	0.17449	98.0722
0.00358148	7.3	28.7264	1	-1	0.1745	98.0778
0.00362538	7.3	28.7208	2	-1	0.17454	98.0066
0.00362552	7.3	28.7129	3	-1	0.17455	98.0122
0.00366968	7.3	28.7151	4	-1	0.17458	98.0291
0.00366968	7.3	28.7148	1	-1	0.17459	98.0347
0.00371361	7.3	28.7091	2	-1	0.17462	97.9525
0.00371376	7.3	28.7007	3	-1	0.17464	97.9638
0.00375796	7.3	28.7033	4	-1	0.17466	97.975
0.00375797	7.3	28.703	1	-1	0.17467	97.9806
0.00380193	7.3	28.6977	2	-1	0.1747	97.9095
0.00380209	7.3	28.6887	3	-1	0.17472	97.9208
0.00384633	7.3	28.6918	4	-1	0.17475	97.9376
0.00384633	7.3	28.6915	1	-1	0.17476	97.9432
0.00389033	7.3	28.6861	2	-1	0.17479	97.8613
0.00389051	7.3	28.6766	3	-1	0.17481	97.8725
0.00393478	7.3	28.6801	4	-1	0.17483	97.8837
0.00393479	7.3	28.6798	1	-1	0.17484	97.8893
0.00397883	7.3	28.6743	2	-1	0.17487	97.813
0.00397901	7.3	28.6643	3	-1	0.17489	97.8241
0.00402332	7.3	28.6684	4	-1	0.17492	97.8409
0.00402333	7.3	28.6681	1	-1	0.17493	97.8465
0.00406741	7.3	28.6626	2	-1	0.17496	97.7649
0.0040676	7.3	28.652	3	-1	0.17498	97.776
0.00411195	7.3	28.657	4	-1	0.175	97.7872
0.00411195	7.3	28.6568	1	-1	0.17501	97.7928
0.00415607	7.3	28.6511	2	-1	0.17504	97.7167
0.00415627	7.3	28.64	3	-1	0.17506	97.7279
0.00420066	7.3	28.6455	4	-1	0.17508	97.7391
0.00420066	7.3	28.6452	1	-1	0.17509	97.7447
0.00424481	7.3	28.6395	2	-1	0.17513	97.6743
0.00424503	7.3	28.6279	3	-1	0.17515	97.6854
0.00428945	7.3	28.6338	4	-1	0.17517	97.6966
0.00428946	7.3	28.6336	1	-1	0.17518	97.7022
0.00433365	7.3	28.6278	2	-1	0.17521	97.6209
0.00433387	7.3	28.6157	3	-1	0.17523	97.632
0.00437834	7.3	28.6221	4	-1	0.17525	97.6432
0.00437834	7.3	28.6219	1	-1	0.17526	97.6488
0.00442257	7.3	28.6161	2	-1	0.1753	97.5786
0.0044228	7.3	28.6035	3	-1	0.17532	97.5898
0.00446731	7.3	28.6105	4	-1	0.17534	97.6009
0.00446731	7.3	28.6102	1	-1	0.17535	97.6065
0.00451157	7.3	28.6048	2	-1	0.17538	97.5309
0.00451182	7.3	28.5917	3	-1	0.1754	97.542
0.00455636	7.3	28.5991	4	-1	0.17542	97.5531
0.00455636	7.3	28.5988	1	-1	0.17543	97.5587
0.00460067	7.3	28.5933	2	-1	0.17547	97.4887
0.00460092	7.3	28.5797	3	-1	0.17549	97.4999
0.0046455	7.3	28.5876	4	-1	0.17551	97.511
0.0046455	7.3	28.5873	1	-1	0.17552	97.5165
0.00468985	7.3	28.5817	2	-1	0.17555	97.4358
0.00469011	7.3	28.5676	3	-1	0.17557	97.4469
0.00473472	7.3	28.576	4	-1	0.17559	97.458
0.00473473	7.3	28.5758	1	-1	0.1756	97.4635
0.00477912	7.3	28.5701	2	-1	0.17564	97.3938
0.00477939	7.3	28.5555	3	-1	0.17566	97.4049
0.00482403	7.3	28.5645	4	-1	0.17568	97.416
0.00482404	7.3	28.5642	1	-1	0.17569	97.4215
0.00486847	7.3	28.5585	2	-1	0.17572	97.341
0.00486875	7.3	28.5433	3	-1	0.17574	97.3521
0.00491343	7.3	28.5529	4	-1	0.17576	97.3632
0.00491344	7.3	28.5526	1	-1	0.17577	97.3687
0.00495791	7.3	28.5469	2	-1	0.17581	97.2992
0.0049582	7.3	28.5312	3	-1	0.17583	97.3103
0.00500292	7.3	28.5414	4	-1	0.17585	97.3214
0.00500292	7.3	28.5411	1	-1	0.17586	97.3269
0.00504744	7.3	28.5353	2	-1	0.17589	97.2466
0.00504774	7.3	28.5191	3	-1	0.17591	97.2577
0.00509249	7.3	28.53	4	-1	0.17593	97.2688
0.00509249	7.3	28.5297	1	-1	0.17594	97.2743
0.00513705	7.3	28.5239	2	-1	0.17598	97.205
0.00513736	7.3	28.5072	3	-1	0.17599	97.2106
0.00518215	7.3	28.5188	4	-1	0.17602	97.2271
0.00518215	7.3	28.5185	1	-1	0.17603	97.2327
0.00522674	7.3	28.5126	2	-1	0.17606	97.1526
0.00522706	7.3	28.4954	3	-1	0.17608	97.1637
0.00527189	7.3	28.5075	4	-1	0.1761	97.1747
0.00527189	7.3	28.5072	1	-1	0.17611	97.1802
0.00531652	7.3	28.5011	2	-1	0.17614	97.1057
0.00531685	7.3	28.4835	3	-1	0.17616	97.1167
0.00536172	7.3	28.496	4	-1	0.17618	97.1277
0.00536172	7.3	28.4958	1	-1	0.17619	97.1332
0.00540639	7.3	28.4897	2	-1	0.17623	97.0643
0.00540673	7.3	28.4715	3	-1	0.17625	97.0753
0.00545163	7.3	28.4846	4	-1	0.17627	97.0864
0.00545164	7.3	28.4844	1	-1	0.17628	97.0919
0.00549634	7.3	28.4782	2	-1	0.17631	97.0122
0.00549669	7.3	28.4596	3	-1	0.17633	97.0232
0.00554163	7.3	28.4732	4	-1	0.17635	97.0342
0.00554164	7.3	28.4729	1	-1	0.17636	97.0397
0.00558638	7.3	28.4668	2	-1	0.1764	96.971
0.00558674	7.3	28.4477	3	-1	0.17642	96.982
0.00563172	7.3	28.4618	4	-1	0.17644	96.993
0.00563173	7.3	28.4616	1	-1	0.17645	96.9985
0.0056765	7.3	28.4554	2	-1	0.17648	96.9191
0.00567687	7.3	28.4358	3	-1	0.1765	96.9301
0.0057219	7.3	28.4504	4	-1	0.17652	96.9411
0.0057219	7.3	28.4502	1	-1	0.17653	96.9466
0.00576671	7.3	28.444	2	-1	0.17656	96.8726
0.0057671	7.3	28.4236	3	-1	0.17659	96.8891
0.00581216	7.3	28.439	4	-1	0.1766	96.8945
0.00581216	7.3	28.4388	1	-1	0.17661	96.9
0.00585701	7.3	28.4326	2	-1	0.17665	96.8317
0.00585741	7.3	28.4117	3	-1	0.17667	96.8426
0.0059025	7.3	28.4275	4	-1	0.17669	96.8536
0.00590251	7.3	28.4272	1	-1	0.1767	96.8591
0.0059474	7.3	28.4211	2	-1	0.17674	96.7855
0.00594781	7.3	28.3994	3	-1	0.17676	96.7965
0.00599294	7.3	28.416	4	-1	0.17678	96.8074
0.00599295	7.3	28.4157	1	-1	0.17679	96.8129
0.00603787	7.3	28.4095	2	-1	0.17682	96.734
0.00603829	7.3	28.3874	3	-1	0.17684	96.7449
0.00608346	7.3	28.4045	4	-1	0.17686	96.7558
0.00608347	7.3	28.4042	1	-1	0.17687	96.7613
0.00612844	7.3	28.3981	2	-1	0.17691	96.6933
0.00612887	7.3	28.3755	3	-1	0.17693	96.7042
0.00617407	7.3	28.3932	4	-1	0.17695	96.7151
0.00617408	7.3	28.3929	1	-1	0.17696	96.7206
0.00621909	7.3	28.3867	2	-1	0.17699	96.6419
0.00621953	7.3	28.3636	3	-1	0.17701	96.6528
0.00626477	7.3	28.3819	4	-1	0.17703	96.6638
0.00626477	7.3	28.3816	1	-1	0.17704	96.6692
0.00630983	7.3	28.3754	2	-1	0.17708	96.6014
0.00631028	7.3	28.3518	3	-1	0.1771	96.6123
0.00635555	7.3	28.3707	4	-1	0.17712	96.6232
0.00635555	7.3	28.3704	1	-1	0.17713	96.6287
0.00640065	7.3	28.3641	2	-1	0.17716	96.5502
0.00640111	7.3	28.3401	3	-1	0.17718	96.5611
0.00644642	7.3	28.3594	4	-1	0.1772	96.572
0.00644642	7.3	28.3592	1	-1	0.17721	96.5775
0.00649156	7.3	28.3528	2	-1	0.17725	96.5099
0.00649202	7.3	28.3286	3	-1	0.17726	96.5153
0.00653737	7.3	28.3482	4	-1	0.17728	96.5262
0.00653737	7.3	28.348	1	-1	0.17729	96.5316
0.00658256	7.3	28.3412	2	-1	0.17733	96.4589
0.00658303	7.3	28.3165	3	-1	0.17735	96.4698
0.00662841	7.3	28.3368	4	-1	0.17737	96.4806
0.00662842	7.3	28.3365	1	-1	0.17738	96.4861
0.00667364	7.3	28.3298	2	-1	0.17742	96.4134
0.00667412	7.3	28.3049	3	-1	0.17743	96.4189
0.00671955	7.3	28.3255	4	-1	0.17746	96.4352
0.00671955	7.3	28.3253	1	-1	0.17747	96.4406
0.00676481	7.3	28.3186	2	-1	0.1775	96.3626
0.0067653	7.3	28.2932	3	-1	0.17752	96.3735
0.00681077	7.3	28.3143	4	-1	0.17754	96.3844
0.00681077	7.3	28.3141	1	-1	0.17755	96.3898
0.00685607	7.3	28.3074	2	-1	0.17759	96.3226
0.00685656	7.3	28.2818	3	-1	0.1776	96.328
0.00690207	7.3	28.3032	4	-1	0.17762	96.3389
0.00690207	7.3	28.3029	1	-1	0.17763	96.3443
0.00694741	7.3	28.2962	2	-1	0.17767	96.2772
0.00694792	7.3	28.2702	3	-1	0.17769	96.2881
0.00699346	7.3	28.2917	4	-1	0.17771	96.2989
0.00699346	7.3	28.2915	1	-1	0.17772	96.3043
0.00703885	7.3	28.2848	2	-1	0.17776	96.2321
0.00703936	7.3	28.2586	3	-1	0.17777	96.2375
0.00708494	7.3	28.2805	4	-1	0.17779	96.2484
0.00708494	7.3	28.2802	1	-1	0.1778	96.2538
0.00713037	7.3	28.2735	2	-1	0.17784	96.1869
0.00713089	7.3	28.2468	3	-1	0.17786	96.1977
0.0071765	7.3	28.2694	4	-1	0.17788	96.2086
0.00717651	7.3	28.2691	1	-1	0.17789	96.214
0.00722198	7.3	28.262	2	-1	0.17793	96.1368
0.0072225	7.3	28.2351	3	-1	0.17794	96.1422
0.00726816	7.3	28.258	4	-1	0.17797	96.1584
0.00726817	7.3	28.2578	1	-1	0.17798	96.1638
0.00731367	7.3	28.2508	2	-1	0.17801	96.0866
0.00731421	7.3	28.2234	3	-1	0.17803	96.0974
0.0073599	7.3	28.2469	4	-1	0.17805	96.1082
0.00735991	7.3	28.2466	1	-1	0.17806	96.1136
0.00740545	7.3	28.2397	2	-1	0.1781	96.047
0.00740599	7.3	28.2121	3	-1	0.17811	96.0524
0.00745173	7.3	28.2358	4	-1	0.17813	96.0632
0.00745174	7.3	28.2356	1	-1	0.17814	96.0686
0.00749732	7.3	28.2286	2	-1	0.17818	96.0022
0.00749787	7.3	28.2006	3	-1	0.1782	96.0129
0.00754365	7.3	28.2245	4	-1	0.17822	96.0237
0.00754365	7.3	28.2242	1	-1	0.17823	96.0291
0.00758928	7.3	28.2173	2	-1	0.17827	95.9576
0.00758984	7.3	28.1891	3	-1	0.17828	95.963
0.00763565	7.3	28.2133	4	-1	0.1783	95.9737
0.00763565	7.3	28.2131	1	-1	0.17831	95.9791
0.00768133	7.3	28.2062	2	-1	0.17835	95.9129
0.00768189	7.3	28.1777	3	-1	0.17836	95.9183
0.00772774	7.3	28.2023	4	-1	0.17839	95.9344
0.00772774	7.3	28.2021	1	-1	0.1784	95.9398
0.00777346	7.3	28.1948	2	-1	0.17844	95.8633
0.00777403	7.3	28.1662	3	-1	0.17845	95.8687
0.00781992	7.3	28.1911	4	-1	0.17847	95.8794
0.00781992	7.3	28.1909	1	-1	0.17848	95.8848
0.00786568	7.3	28.1836	2	-1	0.17852	95.8188
0.00786625	7.3	28.1548	3	-1	0.17853	95.8242
0.00791218	7.3	28.1799	4	-1	0.17856	95.8403
0.00791219	7.3	28.1796	1	-1	0.17857	95.8456
0.00795799	7.3	28.1725	2	-1	0.17861	95.7746
0.00795857	7.3	28.1432	3	-1	0.17862	95.7799
0.00800454	7.3	28.1687	4	-1	0.17864	95.7907
0.00800454	7.3	28.1685	1	-1	0.17865	95.796
0.00805038	7.3	28.1613	2	-1	0.17869	95.7302
0.00805097	7.3	28.1319	3	-1	0.1787	95.7356
0.00809698	7.3	28.1577	4	-1	0.17873	95.7516
0.00809698	7.3	28.1575	1	-1	0.17874	95.757
0.00814287	7.3	28.15	2	-1	0.17878	95.681
0.00814346	7.3	28.1203	3	-1	0.17879	95.6864
0.00818951	7.3	28.1466	4	-1	0.17881	95.6971
0.00818951	7.3	28.1463	1	-1	0.17882	95.7024
0.00823544	7.3	28.1389	2	-1	0.17886	95.6368
0.00823603	7.3	28.109	3	-1	0.17887	95.6422
0.00828213	7.3	28.1354	4	-1	0.1789	95.6582
0.00828213	7.3	28.1352	1	-1	0.17891	95.6636
0.0083281	7.3	28.1279	2	-1	0.17895	95.5929
0.0083287	7.3	28.0975	3	-1	0.17896	95.5983
0.00837483	7.3	28.1243	4	-1	0.17898	95.609
0.00837484	7.3	28.1241	1	-1	0.17899	95.6143
0.00842085	7.3	28.1168	2	-1	0.17903	95.5489
0.00842146	7.3	28.0862	3	-1	0.17904	95.5543
0.00846762	7.3	28.1134	4	-1	0.17907	95.5703
0.00846763	7.3	28.1132	1	-1	0.17908	95.5756
0.00851368	7.3	28.1055	2	-1	0.17912	95.5001
0.0085143	7.3	28.0748	3	-1	0.17913	95.5054
0.00856051	7.3	28.1023	4	-1	0.17915	95.5161
0.00856051	7.3	28.1021	1	-1	0.17916	95.5214
0.00860661	7.3	28.0945	2	-1	0.1792	95.4562
0.00860722	7.3	28.0636	3	-1	0.17921	95.4616
0.00865348	7.3	28.0911	4	-1	0.17924	95.4775
0.00865348	7.3	28.0909	1	-1	0.17925	95.4829
0.00869962	7.3	28.0834	2	-1	0.17929	95.4127
0.00870024	7.3	28.0523	3	-1	0.1793	95.418
0.00874653	7.3	28.0802	4	-1	0.17932	95.4287
0.00874654	7.3	28.0799	1	-1	0.17933	95.434
0.00879272	7.3	28.0721	2	-1	0.17937	95.3639
0.00879335	7.3	28.0408	3	-1	0.17938	95.3692
0.00883968	7.3	28.0691	4	-1	0.17941	95.3852
0.00883969	7.3	28.0689	1	-1	0.17942	95.3905
0.00888591	7.3	28.0612	2	-1	0.17946	95.3206
0.00888654	7.3	28.0297	3	-1	0.17947	95.3259
0.00893291	7.3	28.0579	4	-1	0.17949	95.3365
0.00893292	7.3	28.0577	1	-1	0.1795	95.3418
0.00897919	7.3	28.0501	2	-1	0.17954	95.277
0.00897983	7.3	28.0184	3	-1	0.17955	95.2823
0.00902624	7.3	28.0471	4	-1	0.17958	95.2982
0.00902624	7.3	28.0468	1	-1	0.17959	95.3035
0.00907255	7.3	28.0389	2	-1	0.17963	95.2288
0.00907319	7.3	28.0073	3	-1	0.17963	95.2288
0.00911965	7.3	28.036	4	-1	0.17966	95.2447
0.00911965	7.3	28.0358	1	-1	0.17967	95.25
0.00916601	7.3	28.028	2	-1	0.17971	95.1854
0.00916665	7.3	27.9962	3	-1	0.17972	95.1907
0.00921315	7.3	28.0249	4	-1	0.17975	95.2066
0.00921315	7.3	28.0246	1	-1	0.17976	95.2119
0.00925955	7.3	28.017	2	-1	0.1798	95.1423
0.0092602	7.3	27.985	3	-1	0.17981	95.1476
0.00930673	7.3	28.0141	4	-1	0.17983	95.1582
0.00930674	7.3	28.0139	1	-1	0.17984	95.1635
0.00935318	7.3	28.0058	2	-1	0.17988	95.0941
0.00935383	7.3	27.9736	3	-1	0.17989	95.0994
0.00940041	7.3	28.0032	4	-1	0.17992	95.1152
0.00940042	7.3	28.0029	1	-1	0.17993	95.1205
0.0094469	7.3	27.995	2	-1	0.17997	95.0512
0.00944755	7.3	27.9629	3	-1	0.17997	95.0512
0.00949418	7.3	27.9921	4	-1	0.18	95.0671
0.00949418	7.3	27.9918	1	-1	0.18001	95.0724
0.00954071	7.3	27.9841	2	-1	0.18005	95.0082
0.00954136	7.3	27.9518	3	-1	0.18006	95.0135
0.00958802	7.3	27.9813	4	-1	0.18008	95.024
0.00958803	7.3	27.9811	1	-1	0.18009	95.0293
0.0096346	7.3	27.9729	2	-1	0.18014	94.9655
0.00963526	7.3	27.9407	3	-1	0.18014	94.9655
0.00968196	7.3	27.9702	4	-1	0.18017	94.9813
0.00968197	7.3	27.97	1	-1	0.18018	94.9866
0.00972858	7.3	27.962	2	-1	0.18022	94.9176
0.00972925	7.3	27.9293	3	-1	0.18023	94.9228
0.00977599	7.3	27.9593	4	-1	0.18025	94.9334
0.00977599	7.3	27.9591	1	-1	0.18026	94.9386
0.00982266	7.3	27.9508	2	-1	0.18031	94.875
0.00982333	7.3	27.9182	3	-1	0.18031	94.875
0.00987011	7.3	27.9484	4	-1	0.18034	94.8908
0.00987011	7.3	27.9482	1	-1	0.18035	94.8961
0.00991682	7.3	27.94	2	-1	0.18039	94.8273
0.00991749	7.3	27.9072	3	-1	0.1804	94.8326
0.00996432	7.3	27.9374	4	-1	0.18043	94.8483
0.00996432	7.3	27.9372	1	-1	0.18044	94.8536
0.0100111	7.3	27.9292	2	-1	0.18048	94.7849
0.0100117	7.3	27.8965	3	-1	0.18048	94.7849
0.0100586	7.3	27.9268	4	-1	0.18051	94.8007
0.0100586	7.3	27.9265	1	-1	0.18052	94.8059
0.0101054	7.3	27.9182	2	-1	0.18056	94.7374
0.0101061	7.3	27.8855	3	-1	0.18056	94.7374
0.010153	7.3	27.9156	4	-1	0.1806	94.7584
0.010153	7.3	27.9154	1	-1	0.18061	94.7636
0.0101998	7.3	27.9073	2	-1	0.18065	94.6952
0.0102005	7.3	27.8747	3	-1	0.18065	94.6952
0.0102475	7.3	27.9049	4	-1	0.18068	94.7109
0.0102475	7.3	27.9047	1	-1	0.18069	94.7162
0.0102944	7.3	27.8963	2	-1	0.18073	94.6478
0.010295	7.3	27.8635	3	-1	0.18074	94.6531
0.010342	7.3	27.8939	4	-1	0.18076	94.6635
0.010342	7.3	27.8937	1	-1	0.18077	94.6688
0.010389	7.3	27.8854	2	-1	0.18082	94.6107
0.0103896	7.3	27.8525	3	-1	0.18082	94.6107
0.0104367	7.3	27.8831	4	-1	0.18085	94.6264
0.0104367	7.3	27.8829	1	-1	0.18086	94.6316
0.0104837	7.3	27.8743	2	-1	0.1809	94.5586
0.0104843	7.3	27.8414	3	-1	0.1809	94.5586
0.0105314	7.3	27.8724	4	-1	0.18094	94.5795
0.0105314	7.3	27.8721	1	-1	0.18095	94.5847
0.0105784	7.3	27.8638	2	-1	0.18099	94.5167
0.0105791	7.3	27.831	3	-1	0.18099	94.5167
0.0106262	7.3	27.8615	4	-1	0.18102	94.5324
0.0106263	7.3	27.8612	1	-1	0.18103	94.5376
0.0106733	7.3	27.8527	2	-1	0.18107	94.4697
0.010674	7.3	27.8199	3	-1	0.18107	94.4697
0.0107212	7.3	27.8506	4	-1	0.1811	94.4853
0.0107212	7.3	27.8504	1	-1	0.18111	94.4905
0.0107683	7.3	27.8421	2	-1	0.18116	94.4329
0.0107689	7.3	27.8094	3	-1	0.18116	94.4329
0.0108162	7.3	27.8398	4	-1	0.18119	94.4485
0.0108162	7.3	27.8396	1	-1	0.1812	94.4537
0.0108633	7.3	27.831	2	-1	0.18124	94.3811
0.010864	7.3	27.7983	3	-1	0.18124	94.3811
0.0109113	7.3	27.829	4	-1	0.18127	94.3967
0.0109113	7.3	27.8288	1	-1	0.18128	94.4019
0.0109585	7.3	27.8204	2	-1	0.18133	94.3444
0.0109591	7.3	27.7878	3	-1	0.18133	94.3444
0.0110064	7.3	27.8182	4	-1	0.18136	94.36
0.0110064	7.3	27.818	1	-1	0.18137	94.3652
0.0110537	7.3	27.8094	2	-1	0.18141	94.2928
0.0110544	7.3	27.7768	3	-1	0.18141	94.2928
0.0111017	7.3	27.8075	4	-1	0.18144	94.3084
0.0111017	7.3	27.8072	1	-1	0.18145	94.3136
0.011149	7.3	27.7988	2	-1	0.1815	94.2563
0.0111497	7.3	27.7664	3	-1	0.1815	94.2563
0.0111971	7.3	27.7967	4	-1	0.18152	94.2667
0.0111971	7.3	27.7964	1	-1	0.18153	94.2719
0.0112444	7.3	27.7878	2	-1	0.18158	94.2098
0.0112451	7.3	27.7553	3	-1	0.18158	94.2098
0.0112925	7.3	27.7858	4	-1	0.18161	94.2254
0.0112925	7.3	27.7855	1	-1	0.18162	94.2306
0.0113399	7.3	27.7771	2	-1	0.18167	94.1686
0.0113406	7.3	27.7445	3	-1	0.18167	94.1686
0.0113881	7.3	27.7752	4	-1	0.1817	94.1841
0.0113881	7.3	27.775	1	-1	0.18171	94.1893
0.0114355	7.3	27.7662	2	-1	0.18175	94.1173
0.0114362	7.3	27.7337	3	-1	0.18175	94.1173
0.0114837	7.3	27.7642	4	-1	0.18178	94.1329
0.0114837	7.3	27.764	1	-1	0.18179	94.1381
0.0115312	7.3	27.7555	2	-1	0.18184	94.0811
0.0115319	7.3	27.723	3	-1	0.18184	94.0811
0.0115794	7.3	27.7538	4	-1	0.18187	94.0966
0.0115794	7.3	27.7535	1	-1	0.18188	94.1018
0.0116269	7.3	27.7447	2	-1	0.18192	94.0301
0.0116276	7.3	27.7123	3	-1	0.18192	94.0301
0.0116752	7.3	27.7429	4	-1	0.18195	94.0456
0.0116752	7.3	27.7426	1	-1	0.18196	94.0508
0.0117228	7.3	27.7337	2	-1	0.18201	93.9892
0.0117235	7.3	27.7016	3	-1	0.182	93.984
0.0117711	7.3	27.7322	4	-1	0.18204	94.0046
0.0117711	7.3	27.7319	1	-1	0.18205	94.0098
0.0118187	7.3	27.7233	2	-1	0.18209	93.9431
0.0118194	7.3	27.6912	3	-1	0.18209	93.9431
0.0118671	7.3	27.7214	4	-1	0.18212	93.9586
0.0118671	7.3	27.7212	1	-1	0.18213	93.9638
0.0119148	7.3	27.7124	2	-1	0.18218	93.9024
0.0119154	7.3	27.6804	3	-1	0.18218	93.9024
0.0119632	7.3	27.7106	4	-1	0.18221	93.9178
0.0119632	7.3	27.7103	1	-1	0.18222	93.923
0.0120109	7.3	27.7017	2	-1	0.18226	93.8565
0.0120116	7.3	27.6698	3	-1	0.18226	93.8565
0.0120593	7.3	27.7001	4	-1	0.18229	93.872
0.0120594	7.3	27.6999	1	-1	0.1823	93.8771
0.0121071	7.3	27.691	2	-1	0.18235	93.8159
0.0121078	7.3	27.6594	3	-1	0.18234	93.8108
0.0121556	7.3	27.6894	4	-1	0.18238	93.8314
0.0121556	7.3	27.6891	1	-1	0.18239	93.8365
0.0122034	7.3	27.6801	2	-1	0.18243	93.7654
0.0122041	7.3	27.6486	3	-1	0.18243	93.7654
0.012252	7.3	27.6785	4	-1	0.18246	93.7808
0.012252	7.3	27.6783	1	-1	0.18247	93.786
0.0122998	7.3	27.6696	2	-1	0.18252	93.7298
0.0123005	7.3	27.6381	3	-1	0.18251	93.7246
0.0123484	7.3	27.6681	4	-1	0.18255	93.7452
0.0123484	7.3	27.6679	1	-1	0.18256	93.7503
0.0123963	7.3	27.6589	2	-1	0.1826	93.6795
0.0123969	7.3	27.6274	3	-1	0.1826	93.6795
0.0124449	7.3	27.6573	4	-1	0.18263	93.6948
0.0124449	7.3	27.657	1	-1	0.18264	93.7
0.0124928	7.3	27.648	2	-1	0.18269	93.6392
0.0124935	7.3	27.6169	3	-1	0.18268	93.634
0.0125415	7.3	27.6467	4	-1	0.18272	93.6545
0.0125415	7.3	27.6465	1	-1	0.18273	93.6597
0.0125895	7.3	27.6378	2	-1	0.18277	93.5938
0.0125902	7.3	27.6066	3	-1	0.18277	93.5938
0.0126382	7.3	27.6362	4	-1	0.1828	93.6092
0.0126382	7.3	27.6359	1	-1	0.18281	93.6143
0.0126863	7.3	27.6271	2	-1	0.18286	93.5537
0.0126869	7.3	27.5962	3	-1	0.18285	93.5486
0.012735	7.3	27.6254	4	-1	0.18288	93.5639
0.012735	7.3	27.6251	1	-1	0.18289	93.569
0.0127831	7.3	27.6161	2	-1	0.18294	93.5085
0.0127838	7.3	27.5853	3	-1	0.18294	93.5085
0.0128319	7.3	27.6147	4	-1	0.18297	93.5238
0.0128319	7.3	27.6144	1	-1	0.18298	93.5289
0.01288	7.3	27.6056	2	-1	0.18303	93.4685
0.0128807	7.3	27.5749	3	-1	0.18302	93.4634
0.0129289	7.3	27.6043	4	-1	0.18306	93.4838
0.0129289	7.3	27.6041	1	-1	0.18307	93.4889
0.012977	7.3	27.5951	2	-1	0.18311	93.4187
0.0129777	7.3	27.5644	3	-1	0.18311	93.4187
0.013026	7.3	27.5936	4	-1	0.18314	93.434
0.013026	7.3	27.5934	1	-1	0.18315	93.4391
0.0130742	7.3	27.5844	2	-1	0.1832	93.3789
0.0130748	7.3	27.554	3	-1	0.18319	93.3738
0.0131231	7.3	27.5829	4	-1	0.18323	93.3942
0.0131231	7.3	27.5826	1	-1	0.18324	93.3993
0.0131714	7.3	27.5739	2	-1	0.18329	93.3391
0.013172	7.3	27.5438	3	-1	0.18328	93.334
0.0132204	7.3	27.5727	4	-1	0.18331	93.3493
0.0132204	7.3	27.5724	1	-1	0.18332	93.3544
0.0132687	7.3	27.5634	2	-1	0.18337	93.2943
0.0132693	7.3	27.5336	3	-1	0.18336	93.2892
0.0133177	7.3	27.5621	4	-1	0.1834	93.3096
0.0133177	7.3	27.5619	1	-1	0.18341	93.3147
0.013366	7.3	27.5528	2	-1	0.18345	93.2449
0.0133667	7.3	27.5232	3	-1	0.18344	93.2398
0.0134151	7.3	27.5513	4	-1	0.18348	93.2601
0.0134151	7.3	27.5511	1	-1	0.18349	93.2652
0.0134635	7.3	27.5421	2	-1	0.18354	93.2054
0.0134642	7.3	27.5128	3	-1	0.18353	93.2003
0.0135126	7.3	27.5405	4	-1	0.18357	93.2206
0.0135126	7.3	27.5403	1	-1	0.18358	93.2257
0.0135611	7.3	27.5317	2	-1	0.18363	93.1659
0.0135617	7.3	27.5027	3	-1	0.18362	93.1608
0.0136102	7.3	27.5304	4	-1	0.18365	93.1761
0.0136102	7.3	27.5302	1	-1	0.18366	93.1811
0.0136587	7.3	27.5212	2	-1	0.18371	93.1215
0.0136594	7.3	27.4925	3	-1	0.1837	93.1164
0.0137079	7.3	27.52	4	-1	0.18374	93.1367
0.0137079	7.3	27.5197	1	-1	0.18375	93.1417
0.0137565	7.3	27.5107	2	-1	0.1838	93.0774
0.0137571	7.3	27.4825	3	-1	0.18378	93.0673
0.0138057	7.3	27.5093	4	-1	0.18382	93.0876
0.0138057	7.3	27.509	1	-1	0.18383	93.0926
0.0138543	7.3	27.5	2	-1	0.18388	93.0331
0.0138549	7.3	27.4721	3	-1	0.18387	93.0281
0.0139036	7.3	27.4986	4	-1	0.18391	93.0483
0.0139036	7.3	27.4984	1	-1	0.18392	93.0534
0.0139523	7.3	27.4894	2	-1	0.18397	92.9893
0.0139529	7.3	27.4617	3	-1	0.18396	92.9842
0.0140016	7.3	27.4882	4	-1	0.18399	92.9994
0.0140016	7.3	27.488	1	-1	0.184	93.0044
0.0140503	7.3	27.4793	2	-1	0.18405	92.9499
0.0140509	7.3	27.4519	3	-1	0.18404	92.9448
0.0140996	7.3	27.4779	4	-1	0.18407	92.96
0.0140996	7.3	27.4777	1	-1	0.18408	92.965
0.0141484	7.3	27.4687	2	-1	0.18413	92.9058
0.014149	7.3	27.4416	3	-1	0.18412	92.9008
0.0141978	7.3	27.4674	4	-1	0.18416	92.9209
0.0141978	7.3	27.4672	1	-1	0.18417	92.926
0.0142466	7.3	27.4582	2	-1	0.18422	92.8622
0.0142472	7.3	27.4314	3	-1	0.18421	92.8571
0.014296	7.3	27.4568	4	-1	0.18425	92.8773
0.014296	7.3	27.4566	1	-1	0.18426	92.8823
0.0143449	7.3	27.4477	2	-1	0.18431	92.8187
0.0143455	7.3	27.4214	3	-1	0.18429	92.8086
0.0143944	7.3	27.4462	4	-1	0.18433	92.8287
0.0143944	7.3	27.446	1	-1	0.18434	92.8338
0.0144432	7.3	27.4371	2	-1	0.18439	92.7748
0.0144438	7.3	27.411	3	-1	0.18438	92.7698
0.0144928	7.3	27.4356	4	-1	0.18442	92.7899
0.0144928	7.3	27.4354	1	-1	0.18443	92.795
0.0145417	7.3	27.4269	2	-1	0.18448	92.7361
0.0145423	7.3	27.4013	3	-1	0.18446	92.7261
0.0145913	7.3	27.4256	4	-1	0.1845	92.7462
0.0145913	7.3	27.4254	1	-1	0.18451	92.7512
0.0146403	7.3	27.4167	2	-1	0.18456	92.6925
0.0146409	7.3	27.3913	3	-1	0.18455	92.6875
0.0146899	7.3	27.4153	4	-1	0.18459	92.7075
0.0146899	7.3	27.4151	1	-1	0.1846	92.7126
0.0147389	7.3	27.4063	2	-1	0.18464	92.6443
0.0147395	7.3	27.3812	3	-1	0.18463	92.6392
0.0147886	7.3	27.4048	4	-1	0.18467	92.6593
0.0147886	7.3	27.4046	1	-1	0.18468	92.6643
0.0148377	7.3	27.3959	2	-1	0.18473	92.6058
0.0148382	7.3	27.3711	3	-1	0.18472	92.6008
0.0148874	7.3	27.3942	4	-1	0.18475	92.6158
0.0148874	7.3	27.394	1	-1	0.18476	92.6208
0.0149365	7.3	27.3853	2	-1	0.18481	92.5624
0.0149371	7.3	27.3607	3	-1	0.1848	92.5573
0.0149862	7.3	27.3838	4	-1	0.18484	92.5774
0.0149863	7.3	27.3835	1	-1	0.18485	92.5824
0.0150354	7.3	27.3748	2	-1	0.1849	92.5194
0.015036	7.3	27.3505	3	-1	0.18489	92.5144
0.0150852	7.3	27.3733	4	-1	0.18493	92.5344
0.0150852	7.3	27.3731	1	-1	0.18494	92.5394
0.0151345	7.3	27.3644	2	-1	0.18499	92.4765
0.015135	7.3	27.3406	3	-1	0.18497	92.4665
0.0151843	7.3	27.3627	4	-1	0.18501	92.4865
0.0151843	7.3	27.3625	1	-1	0.18502	92.4915
0.0152336	7.3	27.3539	2	-1	0.18507	92.4333
0.0152341	7.3	27.3304	3	-1	0.18506	92.4283
0.0152834	7.3	27.3523	4	-1	0.1851	92.4483
0.0152834	7.3	27.3521	1	-1	0.18511	92.4533
0.0153328	7.3	27.3435	2	-1	0.18516	92.3906
0.0153333	7.3	27.3202	3	-1	0.18515	92.3856
0.0153827	7.3	27.3418	4	-1	0.18518	92.4006
0.0153827	7.3	27.3416	1	-1	0.18519	92.4056
0.0154321	7.3	27.3329	2	-1	0.18524	92.3476
0.0154326	7.3	27.3099	3	-1	0.18523	92.3426
0.015482	7.3	27.3316	4	-1	0.18527	92.3625
0.015482	7.3	27.3313	1	-1	0.18528	92.3675
0.0155314	7.3	27.323	2	-1	0.18533	92.3096
0.015532	7.3	27.3003	3	-1	0.18531	92.2996
0.0155814	7.3	27.3216	4	-1	0.18535	92.3196
0.0155814	7.3	27.3214	1	-1	0.18536	92.3246
0.0156309	7.3	27.313	2	-1	0.18541	92.2667
0.0156314	7.3	27.2905	3	-1	0.1854	92.2618
0.0156809	7.3	27.3115	4	-1	0.18543	92.2767
0.0156809	7.3	27.3112	1	-1	0.18544	92.2817
0.0157305	7.3	27.3026	2	-1	0.18549	92.2239
0.015731	7.3	27.2804	3	-1	0.18548	92.219
0.0157805	7.3	27.3012	4	-1	0.18552	92.2389
0.0157806	7.3	27.301	1	-1	0.18553	92.2438
0.0158301	7.3	27.2924	2	-1	0.18558	92.1816
0.0158306	7.3	27.2707	3	-1	0.18556	92.1717
0.0158802	7.3	27.2909	4	-1	0.18561	92.1965
0.0158802	7.3	27.2907	1	-1	0.18562	92.2015
0.0159299	7.3	27.2822	2	-1	0.18566	92.1344
0.0159304	7.3	27.2607	3	-1	0.18565	92.1294
0.01598	7.3	27.2805	4	-1	0.18569	92.1493
0.01598	7.3	27.2803	1	-1	0.1857	92.1542
0.0160297	7.3	27.272	2	-1	0.18575	92.0968
0.0160302	7.3	27.2507	3	-1	0.18574	92.0918
0.0160799	7.3	27.2702	4	-1	0.18577	92.1067
0.0160799	7.3	27.2699	1	-1	0.18578	92.1117
0.0161296	7.3	27.2616	2	-1	0.18583	92.0543
0.0161301	7.3	27.2406	3	-1	0.18582	92.0493
0.0161799	7.3	27.2599	4	-1	0.18586	92.0692
0.0161799	7.3	27.2597	1	-1	0.18587	92.0741
0.0162296	7.3	27.2513	2	-1	0.18592	92.0123
0.0162301	7.3	27.2308	3	-1	0.1859	92.0024
0.0162799	7.3	27.2495	4	-1	0.18594	92.0222
0.0162799	7.3	27.2493	1	-1	0.18595	92.0271
0.0163298	7.3	27.241	2	-1	0.186	91.9699
0.0163302	7.3	27.2208	3	-1	0.18599	91.965
0.0163801	7.3	27.2393	4	-1	0.18603	91.9848
0.0163801	7.3	27.2391	1	-1	0.18604	91.9897
0.01643	7.3	27.2308	2	-1	0.18609	91.9281
0.0164304	7.3	27.2108	3	-1	0.18608	91.9231
0.0164803	7.3	27.2291	4	-1	0.18611	91.938
0.0164803	7.3	27.2288	1	-1	0.18612	91.9429
0.0165302	7.3	27.2205	2	-1	0.18617	91.8859
0.0165307	7.3	27.2008	3	-1	0.18616	91.881
0.0165807	7.3	27.2189	4	-1	0.1862	91.9007
0.0165807	7.3	27.2186	1	-1	0.18621	91.9056
0.0166306	7.3	27.2104	2	-1	0.18626	91.8442
0.0166311	7.3	27.1911	3	-1	0.18624	91.8343
0.0166811	7.3	27.2086	4	-1	0.18628	91.854
0.0166811	7.3	27.2084	1	-1	0.18629	91.859
0.0167311	7.3	27.2002	2	-1	0.18634	91.8021
0.0167316	7.3	27.1811	3	-1	0.18633	91.7972
0.0167816	7.3	27.1984	4	-1	0.18637	91.8169
0.0167816	7.3	27.1982	1	-1	0.18638	91.8219
0.0168317	7.3	27.1901	2	-1	0.18643	91.7606
0.0168321	7.3	27.1715	3	-1	0.18641	91.7508
0.0168822	7.3	27.1878	4	-1	0.18645	91.7704
0.0168822	7.3	27.1876	1	-1	0.18646	91.7754
0.0169323	7.3	27.1793	2	-1	0.18652	91.7191
0.0169328	7.3	27.1612	3	-1	0.1865	91.7093
0.0169829	7.3	27.1774	4	-1	0.18655	91.7339
0.0169829	7.3	27.1772	1	-1	0.18656	91.7388
0.0170331	7.3	27.169	2	-1	0.1866	91.6683
0.0170335	7.3	27.1511	3	-1	0.18659	91.6634
0.0170837	7.3	27.167	4	-1	0.18663	91.683
0.0170837	7.3	27.1668	1	-1	0.18664	91.688
0.017134	7.3	27.1589	2	-1	0.18669	91.6315
0.0171344	7.3	27.1412	3	-1	0.18668	91.6266
0.0171846	7.3	27.1568	4	-1	0.18671	91.6413
0.0171846	7.3	27.1566	1	-1	0.18672	91.6462
0.0172349	7.3	27.1486	2	-1	0.18677	91.5898
0.0172353	7.3	27.1312	3	-1	0.18676	91.5849
0.0172856	7.3	27.1467	4	-1	0.1868	91.6046
0.0172856	7.3	27.1465	1	-1	0.18681	91.6095
0.0173359	7.3	27.1385	2	-1	0.18686	91.5487
0.0173363	7.3	27.1216	3	-1	0.18684	91.5389
0.0173867	7.3	27.1366	4	-1	0.18689	91.5634
0.0173867	7.3	27.1364	1	-1	0.1869	91.5683
0.0174371	7.3	27.1286	2	-1	0.18694	91.5027
0.0174375	7.3	27.1119	3	-1	0.18693	91.4978
0.0174879	7.3	27.1265	4	-1	0.18697	91.5174
0.0174879	7.3	27.1263	1	-1	0.18698	91.5223
0.0175383	7.3	27.1186	2	-1	0.18702	91.4613
0.0175387	7.3	27.1019	3	-1	0.18702	91.4613
0.0175891	7.3	27.1164	4	-1	0.18705	91.4759
0.0175891	7.3	27.1162	1	-1	0.18706	91.4808
0.0176396	7.3	27.1085	2	-1	0.18711	91.4248
0.01764	7.3	27.0921	3	-1	0.1871	91.4199
0.0176905	7.3	27.1064	4	-1	0.18713	91.4346
0.0176905	7.3	27.1062	1	-1	0.18714	91.4395
0.017741	7.3	27.0984	2	-1	0.18719	91.3835
0.0177414	7.3	27.0822	3	-1	0.18718	91.3786
0.0177919	7.3	27.0962	4	-1	0.18722	91.3982
0.0177919	7.3	27.096	1	-1	0.18723	91.403
0.0178425	7.3	27.0879	2	-1	0.18728	91.3383
0.0178428	7.3	27.0717	3	-1	0.18727	91.3334
0.0178934	7.3	27.0857	4	-1	0.18731	91.3529
0.0178934	7.3	27.0855	1	-1	0.18732	91.3578
0.017944	7.3	27.0777	2	-1	0.18737	91.2976
0.0179444	7.3	27.0617	3	-1	0.18736	91.2927
0.0179951	7.3	27.0755	4	-1	0.18739	91.3073
0.0179951	7.3	27.0753	1	-1	0.1874	91.3122
0.0180457	7.3	27.0675	2	-1	0.18745	91.2565
0.0180461	7.3	27.0518	3	-1	0.18744	91.2516
0.0180968	7.3	27.0655	4	-1	0.18748	91.2711
0.0180968	7.3	27.0653	1	-1	0.18749	91.276
0.0181475	7.3	27.0575	2	-1	0.18754	91.216
0.0181479	7.3	27.0423	3	-1	0.18752	91.2062
0.0181986	7.3	27.0555	4	-1	0.18756	91.2257
0.0181986	7.3	27.0553	1	-1	0.18757	91.2305
0.0182494	7.3	27.0476	2	-1	0.18762	91.175
0.0182497	7.3	27.0326	3	-1	0.18761	91.1702
0.0183005	7.3	27.0456	4	-1	0.18765	91.1896
0.0183005	7.3	27.0454	1	-1	0.18766	91.1945
0.0183513	7.3	27.0377	2	-1	0.1877	91.1298
0.0183517	7.3	27.023	3	-1	0.18769	91.1249
0.0184025	7.3	27.0352	4	-1	0.18773	91.1443
0.0184025	7.3	27.035	1	-1	0.18774	91.1492
0.0184534	7.3	27.0273	2	-1	0.18779	91.0894
0.0184537	7.3	27.0127	3	-1	0.18778	91.0846
0.0185046	7.3	27.025	4	-1	0.18782	91.104
0.0185046	7.3	27.0248	1	-1	0.18783	91.1088
0.0185555	7.3	27.0172	2	-1	0.18788	91.0492
0.0185558	7.3	27.0029	3	-1	0.18787	91.0443
0.0186068	7.3	27.015	4	-1	0.1879	91.0589
0.0186068	7.3	27.0148	1	-1	0.18791	91.0637
0.0186577	7.3	27.0072	2	-1	0.18796	91.0086
0.0186581	7.3	26.9931	3	-1	0.18795	91.0037
0.0187091	7.3	27.0051	4	-1	0.18799	91.0231
0.0187091	7.3	27.0049	1	-1	0.188	91.0279
0.0187601	7.3	26.9974	2	-1	0.18805	90.9685
0.0187604	7.3	26.9837	3	-1	0.18803	90.9588
0.0188114	7.3	26.9952	4	-1	0.18807	90.9781
0.0188114	7.3	26.995	1	-1	0.18808	90.983
0.0188625	7.3	26.9872	2	-1	0.18813	90.9236
0.0188628	7.3	26.9738	3	-1	0.18812	90.9188
0.0189139	7.3	26.9847	4	-1	0.18816	90.9381
0.0189139	7.3	26.9845	1	-1	0.18817	90.9429
0.018965	7.3	26.9771	2	-1	0.18822	90.8836
0.0189653	7.3	26.964	3	-1	0.18821	90.8788
0.0190164	7.3	26.9747	4	-1	0.18824	90.8933
0.0190165	7.3	26.9745	1	-1	0.18825	90.8981
0.0190676	7.3	26.9671	2	-1	0.1883	90.8433
0.0190679	7.3	26.9541	3	-1	0.18829	90.8385
0.0191191	7.3	26.9648	4	-1	0.18833	90.8578
0.0191191	7.3	26.9646	1	-1	0.18834	90.8626
0.0191703	7.3	26.9573	2	-1	0.18839	90.8035
0.0191706	7.3	26.9448	3	-1	0.18837	90.7938
0.0192218	7.3	26.9548	4	-1	0.18842	90.8179
0.0192218	7.3	26.9546	1	-1	0.18843	90.8228
0.0192731	7.3	26.9472	2	-1	0.18847	90.7546
0.0192734	7.3	26.9347	3	-1	0.18846	90.7497
0.0193247	7.3	26.9445	4	-1	0.1885	90.769
0.0193247	7.3	26.9443	1	-1	0.18851	90.7738
0.019376	7.3	26.9372	2	-1	0.18856	90.7193
0.0193763	7.3	26.9249	3	-1	0.18855	90.7145
0.0194276	7.3	26.9345	4	-1	0.18858	90.7289
0.0194276	7.3	26.9343	1	-1	0.18859	90.7337
0.0194789	7.3	26.9272	2	-1	0.18864	90.6792
0.0194792	7.3	26.9152	3	-1	0.18863	90.6744
0.0195306	7.3	26.9248	4	-1	0.18867	90.6936
0.0195306	7.3	26.9246	1	-1	0.18868	90.6985
0.019582	7.3	26.9172	2	-1	0.18873	90.6354
0.0195823	7.3	26.9053	3	-1	0.18872	90.6306
0.0196337	7.3	26.9145	4	-1	0.18876	90.6498
0.0196337	7.3	26.9143	1	-1	0.18877	90.6546
0.0196852	7.3	26.9072	2	-1	0.18881	90.5911
0.0196855	7.3	26.8954	3	-1	0.18881	90.5911
0.0197369	7.3	26.9045	4	-1	0.18884	90.6055
0.0197369	7.3	26.9043	1	-1	0.18885	90.6103
0.0197884	7.3	26.8974	2	-1	0.1889	90.5561
0.0197887	7.3	26.8858	3	-1	0.18889	90.5513
0.0198402	7.3	26.8947	4	-1	0.18892	90.5657
0.0198402	7.3	26.8945	1	-1	0.18893	90.5705
0.0198918	7.3	26.8872	2	-1	0.18898	90.512
0.0198921	7.3	26.8758	3	-1	0.18897	90.5072
0.0199436	7.3	26.8844	4	-1	0.18901	90.5264
0.0199436	7.3	26.8842	1	-1	0.18902	90.5312
0.0199952	7.3	26.8772	2	-1	0.18907	90.4728
0.0199955	7.3	26.8661	3	-1	0.18906	90.468
0.0200471	7.3	26.8746	4	-1	0.1891	90.4871
0.0200471	7.3	26.8744	1	-1	0.18911	90.4919
0.0200988	7.3	26.8675	2	-1	0.18915	90.4288
0.020099	7.3	26.8564	3	-1	0.18915	90.4288
0.0201507	7.3	26.8648	4	-1	0.18918	90.4432
0.0201507	7.3	26.8646	1	-1	0.18919	90.448
0.0202024	7.3	26.8575	2	-1	0.18924	90.3898
0.0202027	7.3	26.8466	3	-1	0.18923	90.385
0.0202544	7.3	26.8545	4	-1	0.18926	90.3993
0.0202544	7.3	26.8543	1	-1	0.18927	90.4041
0.0203061	7.3	26.8474	2	-1	0.18932	90.3503
0.0203064	7.3	26.8365	3	-1	0.18932	90.3503
0.0203581	7.3	26.8448	4	-1	0.18935	90.3646
0.0203581	7.3	26.8446	1	-1	0.18936	90.3694
0.0204099	7.3	26.8376	2	-1	0.18941	90.3114
0.0204102	7.3	26.827	3	-1	0.1894	90.3066
0.020462	7.3	26.8349	4	-1	0.18944	90.3257
0.020462	7.3	26.8347	1	-1	0.18945	90.3304
0.0205138	7.3	26.8275	2	-1	0.1895	90.2682
0.0205141	7.3	26.8172	3	-1	0.18948	90.2587
0.020566	7.3	26.8249	4	-1	0.18953	90.2825
0.020566	7.3	26.8247	1	-1	0.18954	90.2872
0.0206178	7.3	26.8179	2	-1	0.18958	90.2246
0.0206181	7.3	26.8079	3	-1	0.18957	90.2199
0.02067	7.3	26.8151	4	-1	0.18961	90.2389
0.02067	7.3	26.8149	1	-1	0.18962	90.2437
0.0207219	7.3	26.808	2	-1	0.18966	90.1812
0.0207222	7.3	26.798	3	-1	0.18966	90.1812
0.0207742	7.3	26.8048	4	-1	0.18969	90.1954
0.0207742	7.3	26.8046	1	-1	0.1897	90.2002
0.0208261	7.3	26.7981	2	-1	0.18975	90.1468
0.0208264	7.3	26.7881	3	-1	0.18975	90.1468
0.0208784	7.3	26.7951	4	-1	0.18977	90.1563
0.0208784	7.3	26.7949	1	-1	0.18978	90.1611
0.0209304	7.3	26.7881	2	-1	0.18983	90.1078
0.0209307	7.3	26.7782	3	-1	0.18983	90.1078
0.0209827	7.3	26.7853	4	-1	0.18986	90.122
0.0209827	7.3	26.7851	1	-1	0.18987	90.1267
0.0210348	7.3	26.7779	2	-1	0.18993	90.0697
0.021035	7.3	26.7684	3	-1	0.18991	90.0602
0.0210871	7.3	26.7757	1	-1	0.18996	90.0839
0.0210871	7.3	26.7757	4	-1	0.18996	90.0839
0.0211393	7.3	26.7685	2	-1	0.19001	90.0265
0.0211395	7.3	26.7594	3	-1	0.18999	90.0171
0.0211917	7.3	26.7661	1	-1	0.19004	90.0407
0.0211917	7.3	26.7661	4	-1	0.19004	90.0407
0.0212438	7.3	26.7588	2	-1	0.19009	89.9834
0.0212441	7.3	26.7499	3	-1	0.19008	89.9787
0.0212963	7.3	26.7559	4	-1	0.19012	89.9976
0.0212963	7.3	26.7557	1	-1	0.19013	90.0024
0.0213485	7.3	26.749	2	-1	0.19018	89.9451
0.0213487	7.3	26.7405	3	-1	0.19016	89.9357
0.021401	7.3	26.746	4	-1	0.1902	89.9546
0.021401	7.3	26.7458	1	-1	0.19021	89.9593
0.0214532	7.3	26.7391	2	-1	0.19026	89.9022
0.0214535	7.3	26.7307	3	-1	0.19025	89.8975
0.0215058	7.3	26.7359	4	-1	0.19029	89.9164
0.0215058	7.3	26.7357	1	-1	0.1903	89.9211
0.0215581	7.3	26.7293	2	-1	0.19035	89.864
0.0215583	7.3	26.7212	3	-1	0.19034	89.8593
0.0216107	7.3	26.7262	4	-1	0.19037	89.8735
0.0216107	7.3	26.726	1	-1	0.19038	89.8782
0.021663	7.3	26.7193	2	-1	0.19043	89.8212
0.0216632	7.3	26.7114	3	-1	0.19042	89.8165
0.0217157	7.3	26.7162	4	-1	0.19046	89.8354
0.0217157	7.3	26.716	1	-1	0.19047	89.8401
0.0217681	7.3	26.7096	2	-1	0.19052	89.7832
0.0217683	7.3	26.7019	3	-1	0.19051	89.7785
0.0218207	7.3	26.7065	4	-1	0.19054	89.7926
0.0218207	7.3	26.7063	1	-1	0.19055	89.7974
0.0218732	7.3	26.6997	2	-1	0.1906	89.7406
0.0218734	7.3	26.6922	3	-1	0.19059	89.7359
0.0219259	7.3	26.6965	4	-1	0.19063	89.7547
0.0219259	7.3	26.6963	1	-1	0.19064	89.7594
0.0219784	7.3	26.69	2	-1	0.19069	89.7027
0.0219786	7.3	26.6828	3	-1	0.19068	89.698
0.0220312	7.3	26.687	4	-1	0.19072	89.7168
0.0220312	7.3	26.6868	1	-1	0.19073	89.7215
0.0220837	7.3	26.6803	2	-1	0.19077	89.656
0.0220839	7.3	26.6733	3	-1	0.19076	89.6513
0.0221365	7.3	26.6768	4	-1	0.1908	89.6701
0.0221365	7.3	26.6766	1	-1	0.19081	89.6748
0.0221892	7.3	26.6707	2	-1	0.19085	89.6178
0.0221893	7.3	26.6634	3	-1	0.19086	89.6225
0.022242	7.3	26.6668	4	-1	0.19088	89.6319
0.022242	7.3	26.6666	1	-1	0.19089	89.6366
0.0222947	7.3	26.6604	2	-1	0.19094	89.5801
0.0222949	7.3	26.6532	3	-1	0.19094	89.5801
0.0223476	7.3	26.6573	4	-1	0.19097	89.5942
0.0223476	7.3	26.6571	1	-1	0.19098	89.5989
0.0224003	7.3	26.6508	2	-1	0.19104	89.5472
0.0224005	7.3	26.644	3	-1	0.19102	89.5378
0.0224532	7.3	26.6478	4	-1	0.19106	89.5566
0.0224532	7.3	26.6476	1	-1	0.19107	89.5613
0.022506	7.3	26.6409	2	-1	0.19112	89.5008
0.0225061	7.3	26.6344	3	-1	0.1911	89.4914
0.0225589	7.3	26.6381	1	-1	0.19115	89.5148
0.0225589	7.3	26.6381	4	-1	0.19115	89.5148
0.0226118	7.3	26.6315	2	-1	0.19121	89.4633
0.0226119	7.3	26.6254	3	-1	0.19119	89.454
0.0226648	7.3	26.6281	4	-1	0.19123	89.4727
0.0226648	7.3	26.6279	1	-1	0.19124	89.4774
0.0227177	7.3	26.6218	2	-1	0.19129	89.4213
0.0227178	7.3	26.6159	3	-1	0.19128	89.4166
0.0227707	7.3	26.6186	4	-1	0.19132	89.4353
0.0227707	7.3	26.6184	1	-1	0.19133	89.44
0.0228236	7.3	26.6121	2	-1	0.19137	89.3751
0.0228238	7.3	26.6064	3	-1	0.19136	89.3704
0.0228767	7.3	26.6085	4	-1	0.1914	89.3891
0.0228768	7.3	26.6083	1	-1	0.19141	89.3938
0.0229297	7.3	26.6026	2	-1	0.19146	89.342
0.0229299	7.3	26.5972	3	-1	0.19145	89.3374
0.0229829	7.3	26.5986	4	-1	0.19148	89.3514
0.0229829	7.3	26.5985	1	-1	0.19149	89.356
0.0230359	7.3	26.5925	2	-1	0.19154	89.3002
0.023036	7.3	26.5871	3	-1	0.19154	89.3002
0.0230891	7.3	26.5893	4	-1	0.19157	89.3142
0.0230891	7.3	26.5891	1	-1	0.19158	89.3188
0.0231422	7.3	26.5827	2	-1	0.19164	89.2636
0.0231423	7.3	26.5778	3	-1	0.19161	89.2496
0.0231954	7.3	26.5794	4	-1	0.19166	89.2729
0.0231954	7.3	26.5792	1	-1	0.19167	89.2776
0.0232485	7.3	26.5733	2	-1	0.19172	89.2219
0.0232487	7.3	26.5689	3	-1	0.1917	89.2126
0.0233018	7.3	26.5696	4	-1	0.19175	89.2359
0.0233018	7.3	26.5694	1	-1	0.19176	89.2405
0.023355	7.3	26.5636	2	-1	0.1918	89.1761
0.0233551	7.3	26.5593	3	-1	0.19179	89.1715
0.0234083	7.3	26.5599	4	-1	0.19183	89.1901
0.0234083	7.3	26.5597	1	-1	0.19184	89.1947
0.0234615	7.3	26.5543	2	-1	0.19188	89.1387
0.0234617	7.3	26.55	3	-1	0.19188	89.1387
0.0235149	7.3	26.5502	4	-1	0.19191	89.1527
0.0235149	7.3	26.55	1	-1	0.19192	89.1573
0.0235682	7.3	26.5444	2	-1	0.19197	89.1019
0.0235683	7.3	26.5403	3	-1	0.19196	89.0972
0.0236216	7.3	26.5408	4	-1	0.192	89.1158
0.0236216	7.3	26.5406	1	-1	0.19201	89.1204
0.0236749	7.3	26.5348	2	-1	0.19206	89.061
0.023675	7.3	26.5311	3	-1	0.19204	89.0517
0.0237284	7.3	26.531	4	-1	0.19209	89.0749
0.0237284	7.3	26.5308	1	-1	0.1921	89.0795
0.0237818	7.3	26.5253	2	-1	0.19214	89.0155
0.0237819	7.3	26.5217	3	-1	0.19213	89.0109
0.0238353	7.3	26.5206	4	-1	0.19216	89.0248
0.0238353	7.3	26.5204	1	-1	0.19217	89.0294
0.0238887	7.3	26.5156	2	-1	0.19222	88.9825
0.0238888	7.3	26.5119	3	-1	0.19223	88.9871
0.0239422	7.3	26.5111	4	-1	0.19225	88.9964
0.0239423	7.3	26.5109	1	-1	0.19226	89.001
0.0239957	7.3	26.5055	2	-1	0.19232	88.9464
0.0239958	7.3	26.502	3	-1	0.19231	88.9418
0.0240493	7.3	26.5023	1	-1	0.19235	88.9603
0.0240493	7.3	26.5023	4	-1	0.19235	88.9603
0.0241029	7.3	26.4959	2	-1	0.19241	88.9058
0.0241029	7.3	26.493	3	-1	0.19238	88.892
0.0241565	7.3	26.4925	1	-1	0.19243	88.9151
0.0241565	7.3	26.4924	4	-1	0.19244	88.9197
0.0242101	7.3	26.4868	2	-1	0.19249	88.8689
0.0242101	7.3	26.4844	3	-1	0.19246	88.855
0.0242638	7.3	26.4827	1	-1	0.19252	88.8827
0.0242638	7.3	26.4825	4	-1	0.19252	88.8827
0.0243174	7.3	26.4773	2	-1	0.19257	88.8238
0.0243175	7.3	26.4753	3	-1	0.19255	88.8146
0.0243711	7.3	26.4733	1	-1	0.19261	88.8423
0.0243711	7.3	26.4733	4	-1	0.1926	88.8376
0.0244248	7.3	26.4678	2	-1	0.19265	88.7788
0.0244249	7.3	26.466	3	-1	0.19264	88.7742
0.0244786	7.3	26.4633	4	-1	0.19268	88.7926
0.0244786	7.3	26.4632	1	-1	0.19269	88.7972
0.0245323	7.3	26.4581	2	-1	0.19274	88.7426
0.0245323	7.3	26.4565	3	-1	0.19273	88.738
0.0245861	7.3	26.4534	4	-1	0.19277	88.7564
0.0245861	7.3	26.4532	1	-1	0.19278	88.761
0.0246399	7.3	26.4486	2	-1	0.19282	88.7018
0.0246399	7.3	26.447	3	-1	0.19282	88.7018
0.0246938	7.3	26.4437	4	-1	0.19285	88.7156
0.0246938	7.3	26.4436	1	-1	0.19286	88.7202
0.0247476	7.3	26.4387	2	-1	0.19291	88.6657
0.0247476	7.3	26.4371	3	-1	0.19291	88.6657
0.0248015	7.3	26.4346	4	-1	0.19294	88.6795
0.0248015	7.3	26.4344	1	-1	0.19295	88.6841
0.0248554	7.3	26.4291	2	-1	0.193	88.6256
0.0248554	7.3	26.4279	3	-1	0.19298	88.6164
0.0249093	7.3	26.425	4	-1	0.19303	88.6394
0.0249093	7.3	26.4248	1	-1	0.19304	88.644
0.0249633	7.3	26.4198	2	-1	0.19308	88.581
0.0249633	7.3	26.4187	3	-1	0.19307	88.5764
0.0250173	7.3	26.4148	4	-1	0.19311	88.5948
0.0250173	7.3	26.4146	1	-1	0.19312	88.5993
0.0250713	7.3	26.4106	2	-1	0.19316	88.5446
0.0250713	7.3	26.4094	3	-1	0.19317	88.5492
0.0251253	7.3	26.4051	4	-1	0.19318	88.5537
0.0251253	7.3	26.4049	1	-1	0.19319	88.5583
0.0251793	7.3	26.4005	2	-1	0.19325	88.5128
0.0251794	7.3	26.3992	3	-1	0.19325	88.5128
0.0252334	7.3	26.3961	4	-1	0.19328	88.5265
0.0252334	7.3	26.3959	1	-1	0.19329	88.5311
0.0252875	7.3	26.3905	2	-1	0.19336	88.4781
0.0252875	7.3	26.3899	3	-1	0.19332	88.4598
0.0253416	7.3	26.3869	1	-1	0.19337	88.4827
0.0253416	7.3	26.3866	4	-1	0.19339	88.4918
0.0253958	7.3	26.3809	3	-1	0.19339	88.4149
0.0253958	7.3	26.3807	2	-1	0.19343	88.4332
0.02545	7.3	26.377	1	-1	0.19345	88.4424
0.02545	7.3	26.3761	4	-1	0.19348	88.4561
0.0255042	7.3	26.3718	3	-1	0.19349	88.3839
0.0255042	7.3	26.3716	2	-1	0.1935	88.3885
0.0255584	7.3	26.3668	1	-1	0.19356	88.4159
0.0255584	7.3	26.3663	4	-1	0.19354	88.4067
0.0256126	7.3	26.3628	2	-1	0.19359	88.3408
0.0256126	7.3	26.3628	3	-1	0.19359	88.3408
0.0256669	7.3	26.3573	4	-1	0.19362	88.3545
0.0256669	7.3	26.3571	1	-1	0.19366	88.3727
0.0257212	7.3	26.3536	2	-1	0.19367	88.2967
0.0257212	7.3	26.3532	3	-1	0.19369	88.3058
0.0257755	7.3	26.3477	4	-1	0.1937	88.3104
0.0257755	7.3	26.3476	1	-1	0.19371	88.3149
0.0258298	7.3	26.3435	2	-1	0.19376	88.2733
0.0258298	7.3	26.343	3	-1	0.19377	88.2779
0.0258842	7.3	26.3388	4	-1	0.1938	88.2916
0.0258842	7.3	26.3386	1	-1	0.19381	88.2961
0.0259386	7.3	26.3335	2	-1	0.19386	88.2345
0.0259386	7.3	26.3334	3	-1	0.19384	88.2254
0.025993	7.3	26.3295	1	-1	0.19389	88.2481
0.025993	7.3	26.3294	4	-1	0.1939	88.2527
0.0260474	7.3	26.3239	3	-1	0.19391	88.181
0.0260474	7.3	26.3238	2	-1	0.19393	88.1901
0.0261019	7.3	26.3195	1	-1	0.19398	88.2128
0.0261019	7.3	26.3193	4	-1	0.19398	88.2128
0.0261564	7.3	26.3147	3	-1	0.19401	88.1463
0.0261564	7.3	26.3146	2	-1	0.19402	88.1508
0.0262109	7.3	26.3097	4	-1	0.19405	88.1645
0.0262109	7.3	26.3096	1	-1	0.19407	88.1736
0.0262654	7.3	26.3056	2	-1	0.19411	88.1117
0.0262654	7.3	26.3056	3	-1	0.19411	88.1117
0.02632	7.3	26.3002	4	-1	0.19413	88.1207
0.02632	7.3	26.3	1	-1	0.19414	88.1253
0.0263745	7.3	26.2958	2	-1	0.19419	88.076
0.0263745	7.3	26.2957	3	-1	0.1942	88.0806
0.0264291	7.3	26.291	4	-1	0.19422	88.0896
0.0264291	7.3	26.2908	1	-1	0.19423	88.0942
0.0264838	7.3	26.286	3	-1	0.19427	88.0324
0.0264838	7.3	26.2858	2	-1	0.19429	88.0415
0.0265384	7.3	26.2817	1	-1	0.19432	88.0551
0.0265384	7.3	26.2817	4	-1	0.19432	88.0551
0.0265931	7.3	26.2763	3	-1	0.19435	87.989
0.0265931	7.3	26.2761	2	-1	0.19436	87.9935
0.0266478	7.3	26.2721	1	-1	0.19441	88.0161
0.0266478	7.3	26.2721	4	-1	0.19441	88.0161
0.0267025	7.3	26.2671	3	-1	0.19444	87.9501
0.0267025	7.3	26.267	2	-1	0.19445	87.9546
0.0267573	7.3	26.262	4	-1	0.19448	87.9682
0.0267573	7.3	26.2618	1	-1	0.19449	87.9727
0.0268121	7.3	26.2579	2	-1	0.19454	87.9197
0.0268121	7.3	26.2579	3	-1	0.19454	87.9197
0.0268668	7.3	26.2524	4	-1	0.19456	87.9288
0.0268668	7.3	26.2522	1	-1	0.19457	87.9333
0.0269217	7.3	26.2481	2	-1	0.19462	87.8804
0.0269217	7.3	26.2479	3	-1	0.19463	87.8849
0.0269765	7.3	26.2433	4	-1	0.19465	87.894
0.0269765	7.3	26.2431	1	-1	0.19466	87.8985
0.0270314	7.3	26.2385	3	-1	0.1947	87.8412
0.0270314	7.3	26.2384	2	-1	0.19472	87.8502
0.0270863	7.3	26.2346	1	-1	0.19475	87.8637
0.0270863	7.3	26.2346	4	-1	0.19475	87.8637
0.0271412	7.3	26.2287	3	-1	0.19477	87.7936
0.0271412	7.3	26.2285	2	-1	0.19478	87.7981
0.0271961	7.3	26.2251	1	-1	0.19483	87.8206
0.0271961	7.3	26.2248	4	-1	0.19485	87.8296
0.0272511	7.3	26.2196	3	-1	0.19485	87.7545
0.0272511	7.3	26.2194	2	-1	0.19486	87.759
0.0273061	7.3	26.215	1	-1	0.19493	87.7905
0.0273061	7.3	26.2148	4	-1	0.19492	87.786
0.0273611	7.3	26.2112	2	-1	0.19496	87.721
0.0273611	7.3	26.2112	3	-1	0.19496	87.721
0.0274161	7.3	26.205	4	-1	0.19498	87.73
0.0274161	7.3	26.2048	1	-1	0.195	87.739
0.0274712	7.3	26.2016	2	-1	0.19504	87.686
0.0274712	7.3	26.2013	3	-1	0.19506	87.695
0.0275263	7.3	26.1961	4	-1	0.19507	87.6995
0.0275263	7.3	26.1959	1	-1	0.19508	87.704
0.0275814	7.3	26.1914	2	-1	0.19515	87.6606
0.0275814	7.3	26.1914	3	-1	0.19513	87.6516
0.0276365	7.3	26.1879	1	-1	0.19517	87.6696
0.0276365	7.3	26.1877	4	-1	0.19518	87.6741
0.0276917	7.3	26.1807	3	-1	0.19519	87.5959
0.0276917	7.3	26.1805	2	-1	0.1952	87.6004
0.0277469	7.3	26.1779	1	-1	0.19525	87.6229
0.0277469	7.3	26.177	4	-1	0.19529	87.6408
0.0278021	7.3	26.1721	3	-1	0.19528	87.5617
0.0278021	7.3	26.1719	2	-1	0.19529	87.5661
0.0278573	7.3	26.167	1	-1	0.19537	87.602
0.0278573	7.3	26.1665	4	-1	0.19535	87.593
0.0279126	7.3	26.1645	2	-1	0.19538	87.5162
0.0279126	7.3	26.1639	3	-1	0.19541	87.5297
0.0279679	7.3	26.1565	4	-1	0.19539	87.5207
0.0279679	7.3	26.1564	1	-1	0.19543	87.5386
0.0280231	7.3	26.1544	2	-1	0.19544	87.4765
0.0280232	7.3	26.1524	3	-1	0.19553	87.5168
0.0280785	7.3	26.148	4	-1	0.19548	87.4944
0.0280785	7.3	26.1478	1	-1	0.19549	87.4989
0.0281338	7.3	26.143	2	-1	0.19557	87.4681
0.0281339	7.3	26.1408	3	-1	0.19558	87.4726
0.0281892	7.3	26.1411	1	-1	0.1956	87.4816
0.0281892	7.3	26.1407	4	-1	0.19562	87.4905
0.0282446	7.3	26.1333	2	-1	0.19571	87.4447
0.0282446	7.3	26.133	3	-1	0.1956	87.3956
0.0283	7.3	26.1318	1	-1	0.19565	87.4179
0.0283001	7.3	26.1299	4	-1	0.19574	87.4581
0.0283555	7.3	26.1244	3	-1	0.19568	87.3688
0.0283555	7.3	26.1243	2	-1	0.19571	87.3822
0.028411	7.3	26.1203	1	-1	0.19578	87.4135
0.028411	7.3	26.1181	4	-1	0.1958	87.4224
0.0284665	7.3	26.1177	2	-1	0.19581	87.3333
0.0284665	7.3	26.1175	3	-1	0.19582	87.3378
0.028522	7.3	26.1096	1	-1	0.19593	87.3868
0.028522	7.3	26.1092	4	-1	0.19582	87.3378
0.0285775	7.3	26.1089	2	-1	0.19585	87.25
0.0285776	7.3	26.1069	3	-1	0.19596	87.299
0.0286331	7.3	26.0995	4	-1	0.19587	87.2589
0.0286331	7.3	26.0993	1	-1	0.1959	87.2722
0.0286887	7.3	26.0969	2	-1	0.19597	87.2723
0.0286888	7.3	26.0936	3	-1	0.19605	87.3079
0.0287443	7.3	26.0935	4	-1	0.19601	87.2901
0.0287443	7.3	26.0934	1	-1	0.19602	87.2946
0.0288	7.3	26.085	2	-1	0.19615	87.2631
0.0288	7.3	26.0835	3	-1	0.19604	87.2142
0.0288556	7.3	26.0864	1	-1	0.19604	87.2142
0.0288557	7.3	26.0837	4	-1	0.1962	87.2853
0.0289113	7.3	26.0747	3	-1	0.19605	87.1682
0.0289113	7.3	26.0745	2	-1	0.19615	87.2127
0.028967	7.3	26.0744	1	-1	0.19613	87.2038
0.0289671	7.3	26.0687	4	-1	0.19631	87.2838
0.0290228	7.3	26.0683	3	-1	0.19618	87.1446
0.0290228	7.3	26.0681	2	-1	0.19619	87.1491
0.0290785	7.3	26.0604	1	-1	0.19634	87.2157
0.0290787	7.3	26.0556	4	-1	0.19629	87.1935
0.0291343	7.3	26.0635	2	-1	0.19626	87.0564
0.0291344	7.3	26.0612	3	-1	0.1964	87.1185
0.0291902	7.3	26.0502	4	-1	0.19624	87.0476
0.0291902	7.3	26.0501	1	-1	0.19654	87.1806
0.0292461	7.3	26.0466	3	-1	0.19657	87.0742
0.0293018	7.3	26.0406	4	-1	0.19631	86.959
0.0293018	7.3	26.0404	1	-1	0.19632	86.9635
0.0293576	7.3	26.0378	2	-1	0.19647	87.0723
0.0293579	7.3	26.0284	3	-1	0.19661	87.1344
0.0294136	7.3	26.0396	1	-1	0.19654	87.1034
0.0294136	7.3	26.0396	4	-1	0.19654	87.1034
0.0294696	7.3	26.0239	2	-1	0.19676	87.0735
0.0294697	7.3	26.0191	3	-1	0.19648	86.9496
0.0295254	7.3	26.0333	1	-1	0.19644	86.9319
0.0295815	7.3	26.0144	2	-1	0.19674	87.0569
0.0296374	7.3	26.0177	1	-1	0.19658	86.9861
0.0296935	7.3	26.012	2	-1	0.19666	86.9254
0.0297495	7.3	25.9997	1	-1	0.19691	87.0359
0.0297498	7.3	25.9899	4	-1	0.19679	86.9829
0.0298058	7.3	26.0055	3	-1	0.197	86.9067
0.0298619	7.3	25.9891	1	-1	0.19719	86.9905
0.0299177	7.3	25.9995	2	-1	0.19667	86.6121
0.0299741	7.3	25.9812	1	-1	0.19674	86.6429
0.0300306	7.3	25.9599	3	-1	0.19719	86.9713
0.0300864	7.3	25.9871	1	-1	0.19699	86.8831
0.0300865	7.3	25.9856	4	-1	0.19708	86.9228
0.0301427	7.3	25.9597	2	-1	0.19744	86.9397
0.0301987	7.3	25.982	1	-1	0.19675	86.6358
0.0303112	7.3	25.9597	1	-1	0.19696	86.778
0.0303678	7.3	25.9566	2	-1	0.19709	86.713
0.0304246	7.3	25.9137	4	-1	0.19725	86.7834
0.030537	7.3	25.9231	1	-1	0.19797	86.8366
0.0306497	7.3	25.9187	1	-1	0.1971	86.2469
0.0307627	7.3	25.9333	4	-1	0.19759	86.7498
0.0308191	7.3	25.8885	2	-1	0.19819	86.8416
0.0308753	7.3	25.934	1	-1	0.19692	86.2852
0.0310454	7.3	25.8957	2	-1	0.19734	86.4919
0.0311029	7.3	25.8235	4	-1	0.19787	86.7242
0.0313847	7.3	25.858	2	-1	0.19757	86.1622
0.0314423	7.3	25.8794	1	-1	0.19787	86.2931
0.0316688	7.3	25.8598	1	-1	0.19724	86.2101
0.0317826	7.3	25.8123	1	-1	0.19819	86.5723
0.0320115	7.3	25.7881	1	-1	0.19949	86.2958
0.0320677	7.3	25.8164	2	-1	0.19783	85.4483
0.0321838	7.3	25.7194	3	-1	0.19868	86.0198
0.0323539	7.3	25.8056	1	-1	0.19813	85.938
0.0324113	7.3	25.7681	2	-1	0.1994	86.5076
0.0325263	7.3	25.7649	3	-1	0.19874	85.9974
0.0326978	7.3	25.7467	1	-1	0.19956	86.0692
0.0327547	7.3	25.762	2	-1	0.19868	85.5347
0.0328128	7.3	25.754	1	-1	0.19942	85.8533
0.0328709	7.3	25.6959	3	-1	0.19926	85.7955
0.0329276	7.3	25.7582	1	-1	0.19909	85.7223
0.0329277	7.3	25.7525	4	-1	0.19922	85.7783
0.0330423	7.3	25.7493	1	-1	0.19894	85.7352
0.0330998	7.3	25.7173	2	-1	0.19976	86.1034
0.0331573	7.3	25.7306	1	-1	0.19914	85.8362
0.033215	7.3	25.7219	2	-1	0.1996	85.916
0.0332732	7.3	25.6875	4	-1	0.19946	85.8557
0.0333307	7.3	25.7055	3	-1	0.19961	85.7284
0.0333879	7.3	25.6987	1	-1	0.19987	85.8401
0.0334454	7.3	25.7111	2	-1	0.19934	85.451
0.0335034	7.3	25.6974	1	-1	0.19992	85.6996
0.0335607	7.3	25.6927	2	-1	0.1996	85.5038
0.0335616	7.3	25.665	3	-1	0.19984	85.6066
0.0336189	7.3	25.6992	1	-1	0.19975	85.568
0.033619	7.3	25.6962	4	-1	0.19964	85.5209
0.0336771	7.3	25.6527	3	-1	0.19964	85.5392
0.0337343	7.3	25.6946	1	-1	0.19959	85.5178
0.0337921	7.3	25.6667	2	-1	0.20021	85.7982
0.0338499	7.3	25.6809	1	-1	0.19965	85.5582
0.033908	7.3	25.6676	2	-1	0.20019	85.7271
0.0339656	7.3	25.6617	1	-1	0.19995	85.6244
0.0339662	7.3	25.642	4	-1	0.2001	85.6886
0.0340239	7.3	25.6642	3	-1	0.20001	85.4963
0.0340816	7.3	25.6458	1	-1	0.20032	85.6288
0.0341977	7.3	25.6401	1	-1	0.20049	85.526
0.0342555	7.3	25.6469	2	-1	0.2	85.2115
0.0343138	7.3	25.6394	1	-1	0.20028	85.3308
0.0343716	7.3	25.6259	2	-1	0.20037	85.4019
0.0343722	7.3	25.6081	3	-1	0.20033	85.3849
0.0344299	7.3	25.6419	1	-1	0.20017	85.3167
0.03443	7.3	25.6377	4	-1	0.20045	85.436
0.034488	7.3	25.611	2	-1	0.20078	85.5767
0.0345459	7.3	25.6345	1	-1	0.2	85.2442
0.0346621	7.3	25.6097	1	-1	0.20025	85.369
0.0347207	7.3	25.613	2	-1	0.20038	85.2935
0.0350117	7.3	25.5604	1	-1	0.19982	84.7126
0.0353029	7.3	25.4697	2	-1	0.19805	84.9635
0.0354194	7.3	25.5873	2	-1	0.20008	85.4824
0.0357115	7.3	25.4919	1	-1	0.19777	82.497
0.0364765	7.3	25.054	2	-1	0.20647	85.8575
0.0368877	7.3	24.7802	1	-1	0.19164	78.6893
0.0369544	7.3	24.9767	3	-1	0.20024	87.6132
0.0376747	7.3	27.5749	3	-1	0.0797	50.2681
0.0380394	7.3	43.0321	1	-1	0.06005	58.4827
0.0380862	7.3	48.4132	4	-1	0.05749	58.5975
