0.00116194	8	27.5788	3	-1	0.19746	84.7177
0.00120612	8	28.854	4	-1	0.18229	78.2092
0.00124858	8	29.7124	3	-1	0.17387	94.7417
0.0012902	8	30.3088	4	-1	0.16865	91.8973
0.001331	8	30.7235	3	-1	0.16525	97.2345
0.00137151	8	31.0182	4	-1	0.16296	95.887
0.00141155	8	31.2252	3	-1	0.16139	98.2049
0.00145154	8	31.3735	4	-1	0.1603	97.5417
0.00149123	8	31.4768	3	-1	0.15954	98.6276
0.00153097	8	31.5512	4	-1	0.159	98.2938
0.00157049	8	31.6015	3	-1	0.15863	98.8103
0.00161013	8	31.6373	1	-1	0.15838	98.6545
0.00164958	8	31.6601	3	-1	0.1582	98.875
0.00168918	8	31.6763	1	-1	0.15809	98.8063
0.00168918	8	31.6763	4	-1	0.15809	98.8063
0.00172861	8	31.6857	2	-1	0.15801	98.886
0.00172863	8	31.6844	3	-1	0.15802	98.8923
0.00176822	8	31.6909	4	-1	0.15797	98.861
0.00176823	8	31.6906	1	-1	0.15798	98.8673
0.00180765	8	31.6928	2	-1	0.15795	98.8732
0.00180767	8	31.6916	3	-1	0.15795	98.8732
0.00184728	8	31.6923	4	-1	0.15794	98.867
0.00184729	8	31.692	1	-1	0.15795	98.8732
0.00188673	8	31.6902	2	-1	0.15795	98.8423
0.00188675	8	31.6886	3	-1	0.15796	98.8486
0.0019264	8	31.6868	1	-1	0.15797	98.8548
0.0019264	8	31.6868	4	-1	0.15797	98.8548
0.00196587	8	31.6827	2	-1	0.15799	98.8055
0.0019659	8	31.6809	3	-1	0.158	98.8118
0.00200557	8	31.6777	1	-1	0.15802	98.8243
0.00200557	8	31.6777	4	-1	0.15802	98.8243
0.00204508	8	31.6725	2	-1	0.15805	98.7627
0.00204511	8	31.6706	3	-1	0.15805	98.7627
0.00208482	8	31.6666	4	-1	0.15808	98.7815
0.00208482	8	31.6663	1	-1	0.15809	98.7877
0.00212436	8	31.6605	2	-1	0.15811	98.7077
0.00212439	8	31.6584	3	-1	0.15812	98.7139
0.00216414	8	31.6543	4	-1	0.15815	98.7327
0.00216415	8	31.654	1	-1	0.15816	98.7389
0.00220372	8	31.648	2	-1	0.15819	98.6653
0.00220375	8	31.6458	3	-1	0.15819	98.6653
0.00224354	8	31.6415	4	-1	0.15822	98.684
0.00224354	8	31.6412	1	-1	0.15823	98.6902
0.00228315	8	31.6351	2	-1	0.15826	98.6167
0.00228319	8	31.6327	3	-1	0.15827	98.6229
0.00232302	8	31.6286	4	-1	0.1583	98.6416
0.00232302	8	31.6283	1	-1	0.15831	98.6478
0.00236266	8	31.6221	2	-1	0.15834	98.5682
0.00236271	8	31.6193	3	-1	0.15835	98.5745
0.00240257	8	31.6155	4	-1	0.15838	98.5931
0.00240258	8	31.6152	1	-1	0.15839	98.5994
0.00244225	8	31.609	2	-1	0.15841	98.5137
0.0024423	8	31.6059	3	-1	0.15842	98.5199
0.0024822	8	31.6024	4	-1	0.15845	98.5386
0.00248221	8	31.602	1	-1	0.15846	98.5448
0.00252191	8	31.5958	2	-1	0.15849	98.4716
0.00252197	8	31.5925	3	-1	0.1585	98.4778
0.00256191	8	31.5892	4	-1	0.15853	98.4964
0.00256192	8	31.5889	1	-1	0.15854	98.5026
0.00260166	8	31.5827	2	-1	0.15857	98.4234
0.00260172	8	31.5791	3	-1	0.15858	98.4296
0.0026417	8	31.5761	4	-1	0.15861	98.4483
0.00264171	8	31.5758	1	-1	0.15862	98.4545
0.00268148	8	31.5696	2	-1	0.15865	98.3754
0.00268154	8	31.5657	3	-1	0.15866	98.3816
0.00272157	8	31.563	4	-1	0.15868	98.394
0.00272157	8	31.5627	1	-1	0.15869	98.4002
0.00276138	8	31.5565	2	-1	0.15872	98.3273
0.00276145	8	31.552	3	-1	0.15874	98.3397
0.00280151	8	31.5499	4	-1	0.15876	98.3521
0.00280151	8	31.5496	1	-1	0.15877	98.3583
0.00284136	8	31.5434	2	-1	0.1588	98.2795
0.00284143	8	31.5386	3	-1	0.15881	98.2857
0.00288153	8	31.5369	4	-1	0.15884	98.3042
0.00288153	8	31.5366	1	-1	0.15885	98.3104
0.00292141	8	31.5304	2	-1	0.15888	98.2317
0.0029215	8	31.5253	3	-1	0.15889	98.2379
0.00296163	8	31.5238	4	-1	0.15892	98.2565
0.00296164	8	31.5235	1	-1	0.15893	98.2626
0.00300155	8	31.5174	2	-1	0.15896	98.1841
0.00300164	8	31.512	3	-1	0.15897	98.1902
0.00304181	8	31.5108	4	-1	0.15899	98.2026
0.00304181	8	31.5105	1	-1	0.159	98.2088
0.00308176	8	31.5044	2	-1	0.15903	98.1364
0.00308186	8	31.4984	3	-1	0.15905	98.1487
0.00312206	8	31.4978	4	-1	0.15907	98.1611
0.00312207	8	31.4975	1	-1	0.15908	98.1672
0.00316205	8	31.4914	2	-1	0.15911	98.0889
0.00316215	8	31.4851	3	-1	0.15912	98.0951
0.00320239	8	31.4849	4	-1	0.15915	98.1136
0.0032024	8	31.4846	1	-1	0.15916	98.1197
0.00324241	8	31.4784	2	-1	0.15919	98.0415
0.00324252	8	31.4719	3	-1	0.1592	98.0477
0.0032828	8	31.4719	4	-1	0.15922	98.06
0.00328281	8	31.4716	1	-1	0.15923	98.0661
0.00332286	8	31.4655	2	-1	0.15926	97.9941
0.00332298	8	31.4583	3	-1	0.15928	98.0064
0.00336329	8	31.459	4	-1	0.1593	98.0187
0.00336329	8	31.4587	1	-1	0.15931	98.0249
0.00340338	8	31.4526	2	-1	0.15934	97.9469
0.0034035	8	31.4451	3	-1	0.15935	97.953
0.00344385	8	31.4461	4	-1	0.15938	97.9715
0.00344386	8	31.4458	1	-1	0.15939	97.9776
0.00348398	8	31.4397	2	-1	0.15942	97.8998
0.00348411	8	31.432	3	-1	0.15943	97.9059
0.0035245	8	31.4333	4	-1	0.15945	97.9182
0.0035245	8	31.433	1	-1	0.15946	97.9243
0.00356465	8	31.4268	2	-1	0.15949	97.8526
0.00356479	8	31.4185	3	-1	0.15951	97.8649
0.00360521	8	31.4204	4	-1	0.15953	97.8772
0.00360522	8	31.4201	1	-1	0.15954	97.8833
0.00364541	8	31.414	2	-1	0.15957	97.8057
0.00364556	8	31.4051	3	-1	0.15959	97.818
0.00368601	8	31.4076	4	-1	0.15961	97.8302
0.00368602	8	31.4073	1	-1	0.15962	97.8363
0.00372624	8	31.4012	2	-1	0.15965	97.7589
0.0037264	8	31.392	3	-1	0.15966	97.765
0.00376689	8	31.3948	4	-1	0.15968	97.7772
0.00376689	8	31.3945	1	-1	0.15969	97.7834
0.00380715	8	31.3884	2	-1	0.15972	97.712
0.00380731	8	31.3786	3	-1	0.15974	97.7242
0.00384784	8	31.3821	4	-1	0.15976	97.7364
0.00384784	8	31.3818	1	-1	0.15977	97.7426
0.00388814	8	31.3756	2	-1	0.1598	97.6653
0.00388831	8	31.3653	3	-1	0.15982	97.6775
0.00392887	8	31.3689	4	-1	0.15984	97.6898
0.00392888	8	31.3686	1	-1	0.15985	97.6959
0.00396921	8	31.3621	2	-1	0.15988	97.6128
0.00396939	8	31.3512	3	-1	0.1599	97.625
0.00400999	8	31.3557	4	-1	0.15992	97.6372
0.00400999	8	31.3554	1	-1	0.15993	97.6433
0.00405036	8	31.349	2	-1	0.15996	97.5663
0.00405055	8	31.3378	3	-1	0.15997	97.5724
0.00409118	8	31.3427	4	-1	0.16	97.5907
0.00409119	8	31.3424	1	-1	0.16001	97.5968
0.00413159	8	31.3361	2	-1	0.16004	97.52
0.00413178	8	31.3247	3	-1	0.16005	97.526
0.00417245	8	31.3299	4	-1	0.16007	97.5382
0.00417245	8	31.3296	1	-1	0.16008	97.5443
0.00421289	8	31.3233	2	-1	0.16011	97.4735
0.00421309	8	31.3113	3	-1	0.16013	97.4857
0.0042538	8	31.3171	4	-1	0.16015	97.4979
0.0042538	8	31.3169	1	-1	0.16016	97.504
0.00429427	8	31.3106	2	-1	0.16019	97.4273
0.00429449	8	31.298	3	-1	0.16021	97.4395
0.00433523	8	31.3045	4	-1	0.16023	97.4516
0.00433523	8	31.3042	1	-1	0.16024	97.4577
0.00437574	8	31.298	2	-1	0.16027	97.3812
0.00437595	8	31.2851	3	-1	0.16028	97.3873
0.00441673	8	31.2919	4	-1	0.1603	97.3994
0.00441673	8	31.2916	1	-1	0.16031	97.4055
0.00445727	8	31.2853	2	-1	0.16034	97.335
0.0044575	8	31.272	3	-1	0.16036	97.3472
0.00449831	8	31.2793	4	-1	0.16038	97.3593
0.00449831	8	31.279	1	-1	0.16039	97.3654
0.00453889	8	31.2723	2	-1	0.16042	97.2832
0.00453913	8	31.2584	3	-1	0.16044	97.2953
0.00457997	8	31.266	4	-1	0.16046	97.3075
0.00457998	8	31.2657	1	-1	0.16047	97.3135
0.00462059	8	31.2592	2	-1	0.1605	97.2374
0.00462084	8	31.2447	3	-1	0.16052	97.2495
0.00466172	8	31.2531	4	-1	0.16054	97.2616
0.00466172	8	31.2528	1	-1	0.16055	97.2677
0.00470237	8	31.2464	2	-1	0.16058	97.1916
0.00470262	8	31.2317	3	-1	0.16059	97.1977
0.00474354	8	31.2404	4	-1	0.16061	97.2098
0.00474354	8	31.2401	1	-1	0.16062	97.2158
0.00478422	8	31.2337	2	-1	0.16065	97.1458
0.00478448	8	31.2184	3	-1	0.16067	97.1579
0.00482543	8	31.2278	4	-1	0.16069	97.17
0.00482544	8	31.2275	1	-1	0.1607	97.176
0.00486615	8	31.2212	2	-1	0.16073	97.1002
0.00486643	8	31.2053	3	-1	0.16075	97.1123
0.00490741	8	31.2153	4	-1	0.16076	97.1183
0.00490741	8	31.215	1	-1	0.16077	97.1244
0.00494816	8	31.2086	2	-1	0.1608	97.0546
0.00494844	8	31.1922	3	-1	0.16082	97.0666
0.00498946	8	31.2024	4	-1	0.16084	97.0787
0.00498946	8	31.2021	1	-1	0.16085	97.0847
0.00503025	8	31.1954	2	-1	0.16088	97.0033
0.00503054	8	31.1784	3	-1	0.1609	97.0154
0.00507159	8	31.1895	4	-1	0.16092	97.0274
0.0050716	8	31.1892	1	-1	0.16093	97.0335
0.00511242	8	31.1826	2	-1	0.16096	96.958
0.00511272	8	31.1651	3	-1	0.16098	96.9701
0.00515381	8	31.1768	4	-1	0.161	96.9821
0.00515381	8	31.1765	1	-1	0.16101	96.9881
0.00519467	8	31.17	2	-1	0.16104	96.9128
0.00519498	8	31.152	3	-1	0.16106	96.9248
0.0052361	8	31.1643	4	-1	0.16107	96.9309
0.0052361	8	31.1641	1	-1	0.16108	96.9369
0.005277	8	31.1575	2	-1	0.16112	96.8735
0.00527731	8	31.1392	3	-1	0.16113	96.8795
0.00531846	8	31.152	4	-1	0.16115	96.8915
0.00531847	8	31.1517	1	-1	0.16116	96.8975
0.0053594	8	31.1447	2	-1	0.16119	96.8166
0.00535973	8	31.1258	3	-1	0.16121	96.8286
0.00540092	8	31.1389	4	-1	0.16123	96.8407
0.00540092	8	31.1386	1	-1	0.16124	96.8467
0.00544189	8	31.1318	2	-1	0.16127	96.7717
0.00544222	8	31.1124	3	-1	0.16129	96.7837
0.00548345	8	31.1262	4	-1	0.16131	96.7957
0.00548345	8	31.1259	1	-1	0.16132	96.8017
0.00552445	8	31.1192	2	-1	0.16135	96.7268
0.0055248	8	31.0993	3	-1	0.16137	96.7388
0.00556605	8	31.1137	4	-1	0.16138	96.7448
0.00556606	8	31.1134	1	-1	0.16139	96.7508
0.00560709	8	31.1067	2	-1	0.16142	96.6818
0.00560745	8	31.0863	3	-1	0.16144	96.6938
0.00564874	8	31.1011	4	-1	0.16146	96.7058
0.00564874	8	31.1009	1	-1	0.16147	96.7118
0.00568981	8	31.0938	2	-1	0.1615	96.6314
0.00569018	8	31.0725	3	-1	0.16152	96.6433
0.00573151	8	31.0883	4	-1	0.16154	96.6553
0.00573151	8	31.088	1	-1	0.16155	96.6613
0.00577262	8	31.081	2	-1	0.16158	96.5868
0.005773	8	31.0593	3	-1	0.1616	96.5987
0.00581436	8	31.0757	4	-1	0.16162	96.6107
0.00581436	8	31.0755	1	-1	0.16163	96.6167
0.0058555	8	31.0686	2	-1	0.16166	96.5423
0.00585589	8	31.0463	3	-1	0.16168	96.5542
0.00589728	8	31.0634	4	-1	0.16169	96.5602
0.00589728	8	31.0631	1	-1	0.1617	96.5661
0.00593846	8	31.0558	2	-1	0.16173	96.4919
0.00593886	8	31.033	3	-1	0.16175	96.5038
0.00598028	8	31.0504	4	-1	0.16177	96.5157
0.00598029	8	31.0501	1	-1	0.16178	96.5217
0.0060215	8	31.043	2	-1	0.16181	96.4475
0.00602191	8	31.0197	3	-1	0.16183	96.4594
0.00606337	8	31.0379	4	-1	0.16185	96.4714
0.00606337	8	31.0376	1	-1	0.16186	96.4773
0.00610462	8	31.0306	2	-1	0.16189	96.4033
0.00610504	8	31.0067	3	-1	0.16191	96.4152
0.00614653	8	31.0256	4	-1	0.16192	96.4211
0.00614653	8	31.0253	1	-1	0.16193	96.4271
0.00618782	8	31.0183	2	-1	0.16197	96.3648
0.00618824	8	30.9942	3	-1	0.16198	96.3708
0.00622977	8	31.013	4	-1	0.162	96.3827
0.00622977	8	31.0127	1	-1	0.16201	96.3886
0.0062711	8	31.0054	2	-1	0.16205	96.315
0.00627153	8	30.981	3	-1	0.16206	96.321
0.00631309	8	31.0003	4	-1	0.16208	96.3328
0.0063131	8	31.0001	1	-1	0.16209	96.3388
0.00635446	8	30.9929	2	-1	0.16212	96.2651
0.0063549	8	30.968	3	-1	0.16214	96.2769
0.00639649	8	30.988	4	-1	0.16216	96.2888
0.0063965	8	30.9877	1	-1	0.16217	96.2948
0.0064379	8	30.9806	2	-1	0.1622	96.2212
0.00643835	8	30.9553	3	-1	0.16222	96.233
0.00647997	8	30.9754	4	-1	0.16223	96.239
0.00647998	8	30.9752	1	-1	0.16224	96.2449
0.00652142	8	30.9677	2	-1	0.16228	96.1773
0.00652187	8	30.9421	3	-1	0.16229	96.1833
0.00656353	8	30.9628	4	-1	0.16231	96.1951
0.00656354	8	30.9626	1	-1	0.16232	96.201
0.00660502	8	30.9552	2	-1	0.16236	96.1336
0.00660548	8	30.9294	3	-1	0.16237	96.1395
0.00664717	8	30.9506	4	-1	0.16239	96.1513
0.00664718	8	30.9503	1	-1	0.1624	96.1573
0.00668869	8	30.9426	2	-1	0.16243	96.0783
0.00668916	8	30.9163	3	-1	0.16245	96.0901
0.0067309	8	30.9378	4	-1	0.16247	96.102
0.0067309	8	30.9375	1	-1	0.16248	96.1079
0.00677245	8	30.93	2	-1	0.16251	96.0347
0.00677293	8	30.9032	3	-1	0.16253	96.0466
0.0068147	8	30.9254	4	-1	0.16254	96.0525
0.0068147	8	30.9251	1	-1	0.16255	96.0584
0.00685629	8	30.9177	2	-1	0.16259	95.9969
0.00685678	8	30.8906	3	-1	0.1626	96.0028
0.00689857	8	30.9131	4	-1	0.16262	96.0146
0.00689858	8	30.9128	1	-1	0.16263	96.0205
0.00694021	8	30.905	2	-1	0.16267	95.9479
0.0069407	8	30.8774	3	-1	0.16268	95.9538
0.00698254	8	30.9005	4	-1	0.1627	95.9656
0.00698254	8	30.9002	1	-1	0.16271	95.9715
0.0070242	8	30.8926	2	-1	0.16274	95.8986
0.00702471	8	30.8645	3	-1	0.16276	95.9104
0.00706658	8	30.8883	4	-1	0.16278	95.9222
0.00706658	8	30.888	1	-1	0.16279	95.9281
0.00710828	8	30.88	2	-1	0.16282	95.8498
0.00710879	8	30.8517	3	-1	0.16283	95.8557
0.0071507	8	30.8755	4	-1	0.16285	95.8674
0.0071507	8	30.8752	1	-1	0.16286	95.8733
0.00719244	8	30.8675	2	-1	0.1629	95.8123
0.00719295	8	30.839	3	-1	0.16291	95.8181
0.0072349	8	30.8632	4	-1	0.16293	95.8299
0.0072349	8	30.8629	1	-1	0.16294	95.8358
0.00727668	8	30.8553	2	-1	0.16298	95.7692
0.0072772	8	30.8266	3	-1	0.16299	95.7751
0.00731917	8	30.8508	4	-1	0.16301	95.7868
0.00731918	8	30.8505	1	-1	0.16302	95.7927
0.007361	8	30.8426	2	-1	0.16305	95.7147
0.00736153	8	30.8134	3	-1	0.16307	95.7264
0.00740354	8	30.8384	4	-1	0.16309	95.7382
0.00740354	8	30.8382	1	-1	0.1631	95.7441
0.00744539	8	30.8304	2	-1	0.16313	95.6718
0.00744593	8	30.8009	3	-1	0.16314	95.6777
0.00748797	8	30.8263	4	-1	0.16316	95.6894
0.00748798	8	30.8261	1	-1	0.16317	95.6953
0.00752987	8	30.8179	2	-1	0.16321	95.629
0.00753041	8	30.7883	3	-1	0.16322	95.6349
0.0075725	8	30.8137	4	-1	0.16324	95.6466
0.0075725	8	30.8135	1	-1	0.16325	95.6524
0.00761443	8	30.8056	2	-1	0.16329	95.5863
0.00761498	8	30.7757	3	-1	0.1633	95.5921
0.0076571	8	30.8017	4	-1	0.16332	95.6038
0.0076571	8	30.8014	1	-1	0.16333	95.6097
0.00769907	8	30.7931	2	-1	0.16336	95.5322
0.00769962	8	30.7627	3	-1	0.16338	95.5439
0.00774178	8	30.789	4	-1	0.1634	95.5556
0.00774179	8	30.7888	1	-1	0.16341	95.5614
0.00778379	8	30.7807	2	-1	0.16344	95.4896
0.00778435	8	30.7501	3	-1	0.16345	95.4954
0.00782654	8	30.7769	4	-1	0.16347	95.5071
0.00782654	8	30.7766	1	-1	0.16348	95.513
0.00786859	8	30.7683	2	-1	0.16352	95.4471
0.00786915	8	30.7375	3	-1	0.16353	95.453
0.00791138	8	30.7643	4	-1	0.16355	95.4646
0.00791139	8	30.764	1	-1	0.16356	95.4705
0.00795347	8	30.7559	2	-1	0.1636	95.4047
0.00795404	8	30.7249	3	-1	0.16361	95.4105
0.00799631	8	30.7522	4	-1	0.16363	95.4222
0.00799631	8	30.752	1	-1	0.16364	95.428
0.00803842	8	30.7435	2	-1	0.16367	95.351
0.008039	8	30.712	3	-1	0.16369	95.3627
0.00808131	8	30.7397	4	-1	0.16371	95.3743
0.00808132	8	30.7394	1	-1	0.16372	95.3801
0.00812347	8	30.7312	2	-1	0.16375	95.3088
0.00812405	8	30.6995	3	-1	0.16376	95.3146
0.00816639	8	30.7276	4	-1	0.16378	95.3262
0.0081664	8	30.7274	1	-1	0.16379	95.3321
0.00820859	8	30.7189	2	-1	0.16383	95.2666
0.00820918	8	30.687	3	-1	0.16384	95.2724
0.00825156	8	30.7151	4	-1	0.16386	95.2841
0.00825156	8	30.7149	1	-1	0.16387	95.2899
0.00829379	8	30.7066	2	-1	0.16391	95.2245
0.00829438	8	30.6745	3	-1	0.16392	95.2303
0.0083368	8	30.7032	4	-1	0.16394	95.242
0.00833681	8	30.7029	1	-1	0.16395	95.2478
0.00837907	8	30.6943	2	-1	0.16398	95.1712
0.00837967	8	30.662	3	-1	0.16399	95.177
0.00842212	8	30.6907	4	-1	0.16401	95.1886
0.00842213	8	30.6904	1	-1	0.16402	95.1944
0.00846443	8	30.6821	2	-1	0.16406	95.1348
0.00846504	8	30.6495	3	-1	0.16407	95.1406
0.00850753	8	30.6787	4	-1	0.16409	95.1522
0.00850753	8	30.6784	1	-1	0.1641	95.158
0.00854987	8	30.6698	2	-1	0.16414	95.0875
0.00855048	8	30.6371	3	-1	0.16415	95.0933
0.00859301	8	30.6663	4	-1	0.16417	95.1049
0.00859302	8	30.6661	1	-1	0.16418	95.1106
0.0086354	8	30.6577	2	-1	0.16422	95.0457
0.00863601	8	30.6247	3	-1	0.16423	95.0515
0.00867858	8	30.6543	4	-1	0.16425	95.0631
0.00867858	8	30.654	1	-1	0.16426	95.0689
0.008721	8	30.6452	2	-1	0.16429	94.9928
0.00872162	8	30.6118	3	-1	0.1643	94.9986
0.00876422	8	30.6419	4	-1	0.16432	95.0101
0.00876423	8	30.6417	1	-1	0.16433	95.0159
0.00880668	8	30.6332	2	-1	0.16437	94.9567
0.00880731	8	30.5995	3	-1	0.16438	94.9624
0.00884995	8	30.6297	4	-1	0.1644	94.974
0.00884995	8	30.6295	1	-1	0.16441	94.9798
0.00889245	8	30.6207	2	-1	0.16445	94.9097
0.00889309	8	30.5869	3	-1	0.16446	94.9154
0.00893576	8	30.6177	4	-1	0.16448	94.927
0.00893576	8	30.6174	1	-1	0.16449	94.9328
0.0089783	8	30.6084	2	-1	0.16453	94.8628
0.00897894	8	30.5744	3	-1	0.16454	94.8685
0.00902165	8	30.6053	4	-1	0.16456	94.8801
0.00902165	8	30.605	1	-1	0.16457	94.8858
0.00906423	8	30.5962	2	-1	0.1646	94.8157
0.00906487	8	30.562	3	-1	0.16461	94.8214
0.00910761	8	30.5934	4	-1	0.16463	94.8329
0.00910762	8	30.5931	1	-1	0.16464	94.8387
0.00915023	8	30.5841	2	-1	0.16468	94.7744
0.00915088	8	30.5496	3	-1	0.16469	94.7802
0.00919367	8	30.5811	4	-1	0.16471	94.7917
0.00919367	8	30.5808	1	-1	0.16472	94.7974
0.00923632	8	30.572	2	-1	0.16476	94.7332
0.00923698	8	30.5374	3	-1	0.16477	94.739
0.0092798	8	30.569	4	-1	0.16479	94.7505
0.0092798	8	30.5687	1	-1	0.1648	94.7562
0.0093225	8	30.5596	2	-1	0.16484	94.6867
0.00932315	8	30.5251	3	-1	0.16484	94.6867
0.00936601	8	30.557	4	-1	0.16487	94.7039
0.00936601	8	30.5567	1	-1	0.16488	94.7096
0.00940875	8	30.5475	2	-1	0.16492	94.6402
0.00940941	8	30.513	3	-1	0.16492	94.6402
0.0094523	8	30.5446	4	-1	0.16494	94.6517
0.00945231	8	30.5443	1	-1	0.16495	94.6574
0.00949509	8	30.5354	2	-1	0.16499	94.5989
0.00949574	8	30.5007	3	-1	0.165	94.6047
0.00953868	8	30.5326	4	-1	0.16502	94.6161
0.00953868	8	30.5324	1	-1	0.16503	94.6219
0.0095815	8	30.5231	2	-1	0.16507	94.5526
0.00958217	8	30.488	3	-1	0.16508	94.5584
0.00962513	8	30.5206	4	-1	0.1651	94.5698
0.00962514	8	30.5204	1	-1	0.16511	94.5756
0.00966799	8	30.5113	2	-1	0.16515	94.5118
0.00966866	8	30.4762	3	-1	0.16515	94.5118
0.00971167	8	30.5086	4	-1	0.16518	94.529
0.00971167	8	30.5084	1	-1	0.16519	94.5347
0.00975457	8	30.4991	2	-1	0.16523	94.4657
0.00975524	8	30.4641	3	-1	0.16523	94.4657
0.00979828	8	30.4965	4	-1	0.16525	94.4772
0.00979829	8	30.4963	1	-1	0.16526	94.4829
0.00984123	8	30.4868	2	-1	0.1653	94.4194
0.00984191	8	30.4513	3	-1	0.16531	94.4251
0.00988498	8	30.4844	4	-1	0.16533	94.4365
0.00988499	8	30.4842	1	-1	0.16534	94.4422
0.00992797	8	30.4749	2	-1	0.16538	94.3788
0.00992865	8	30.4395	3	-1	0.16538	94.3788
0.00997176	8	30.4724	4	-1	0.16541	94.3959
0.00997177	8	30.4722	1	-1	0.16542	94.4016
0.0100148	8	30.4627	2	-1	0.16546	94.333
0.0100155	8	30.4274	3	-1	0.16546	94.333
0.0100586	8	30.4604	4	-1	0.16549	94.3501
0.0100586	8	30.4602	1	-1	0.1655	94.3558
0.0101017	8	30.4506	2	-1	0.16554	94.2872
0.0101024	8	30.4151	3	-1	0.16554	94.2872
0.0101456	8	30.4484	4	-1	0.16556	94.2986
0.0101456	8	30.4481	1	-1	0.16557	94.3043
0.0101887	8	30.4384	2	-1	0.16562	94.2469
0.0101894	8	30.4029	3	-1	0.16562	94.2469
0.0102326	8	30.4362	4	-1	0.16564	94.2582
0.0102326	8	30.4359	1	-1	0.16565	94.2639
0.0102757	8	30.4264	2	-1	0.16569	94.2009
0.0102764	8	30.391	3	-1	0.16569	94.2009
0.0103197	8	30.4241	4	-1	0.16572	94.218
0.0103197	8	30.4239	1	-1	0.16573	94.2237
0.0103629	8	30.4142	2	-1	0.16577	94.1554
0.0103636	8	30.3789	3	-1	0.16577	94.1554
0.0104069	8	30.4124	4	-1	0.1658	94.1724
0.0104069	8	30.4121	1	-1	0.16581	94.1781
0.0104501	8	30.4023	2	-1	0.16585	94.11
0.0104508	8	30.3671	3	-1	0.16585	94.11
0.0104942	8	30.4003	4	-1	0.16588	94.127
0.0104942	8	30.4001	1	-1	0.16589	94.1327
0.0105374	8	30.3906	2	-1	0.16593	94.07
0.0105381	8	30.3555	3	-1	0.16593	94.07
0.0105815	8	30.3884	4	-1	0.16595	94.0813
0.0105815	8	30.3882	1	-1	0.16596	94.087
0.0106248	8	30.3785	2	-1	0.166	94.0244
0.0106255	8	30.3433	3	-1	0.166	94.0244
0.0106689	8	30.3763	4	-1	0.16603	94.0413
0.0106689	8	30.3761	1	-1	0.16604	94.047
0.0107123	8	30.3662	2	-1	0.16608	93.9792
0.010713	8	30.3312	3	-1	0.16608	93.9792
0.0107565	8	30.3645	4	-1	0.16611	93.9962
0.0107565	8	30.3643	1	-1	0.16612	94.0018
0.0107999	8	30.3543	2	-1	0.16616	93.9341
0.0108005	8	30.3193	3	-1	0.16616	93.9341
0.0108441	8	30.3525	4	-1	0.16619	93.951
0.0108441	8	30.3522	1	-1	0.1662	93.9567
0.0108875	8	30.3427	2	-1	0.16624	93.8944
0.0108882	8	30.308	3	-1	0.16623	93.8887
0.0109317	8	30.3406	4	-1	0.16626	93.9057
0.0109317	8	30.3404	1	-1	0.16627	93.9113
0.0109752	8	30.3306	2	-1	0.16631	93.8491
0.0109759	8	30.296	3	-1	0.16631	93.8491
0.0110195	8	30.3286	4	-1	0.16634	93.866
0.0110195	8	30.3283	1	-1	0.16635	93.8717
0.011063	8	30.3185	2	-1	0.16639	93.8043
0.0110637	8	30.2839	3	-1	0.16639	93.8043
0.0111073	8	30.3169	4	-1	0.16642	93.8212
0.0111073	8	30.3167	1	-1	0.16643	93.8268
0.0111509	8	30.3067	2	-1	0.16647	93.7595
0.0111516	8	30.2722	3	-1	0.16647	93.7595
0.0111953	8	30.305	4	-1	0.1665	93.7764
0.0111953	8	30.3047	1	-1	0.16651	93.782
0.0112389	8	30.2947	2	-1	0.16655	93.7148
0.0112395	8	30.2606	3	-1	0.16654	93.7092
0.0112833	8	30.2929	4	-1	0.16657	93.7261
0.0112833	8	30.2926	1	-1	0.16658	93.7317
0.0113269	8	30.283	2	-1	0.16662	93.6752
0.0113276	8	30.2489	3	-1	0.16662	93.6752
0.0113713	8	30.2811	4	-1	0.16665	93.692
0.0113714	8	30.2808	1	-1	0.16666	93.6976
0.011415	8	30.271	2	-1	0.1667	93.6306
0.0114157	8	30.237	3	-1	0.1667	93.6306
0.0114595	8	30.2692	4	-1	0.16673	93.6475
0.0114595	8	30.2689	1	-1	0.16674	93.6531
0.0115033	8	30.259	2	-1	0.16678	93.5862
0.0115039	8	30.2251	3	-1	0.16678	93.5862
0.0115478	8	30.2576	4	-1	0.16681	93.6031
0.0115478	8	30.2574	1	-1	0.16682	93.6087
0.0115916	8	30.2473	2	-1	0.16686	93.5419
0.0115922	8	30.2137	3	-1	0.16685	93.5363
0.0116361	8	30.2457	4	-1	0.16688	93.5531
0.0116361	8	30.2455	1	-1	0.16689	93.5587
0.0116799	8	30.2354	2	-1	0.16693	93.4973
0.0116806	8	30.2018	3	-1	0.16693	93.4973
0.0117245	8	30.2337	4	-1	0.16696	93.5141
0.0117245	8	30.2335	1	-1	0.16697	93.5197
0.0117684	8	30.2234	2	-1	0.16701	93.4531
0.0117691	8	30.1899	3	-1	0.16701	93.4531
0.011813	8	30.2218	4	-1	0.16704	93.4699
0.011813	8	30.2215	1	-1	0.16705	93.4755
0.0118569	8	30.2119	2	-1	0.16709	93.4142
0.0118576	8	30.1784	3	-1	0.16709	93.4142
0.0119016	8	30.2101	4	-1	0.16711	93.4254
0.0119016	8	30.2098	1	-1	0.16712	93.431
0.0119455	8	30.2	2	-1	0.16717	93.3754
0.0119462	8	30.1668	3	-1	0.16716	93.3698
0.0119903	8	30.1983	4	-1	0.16719	93.3866
0.0119903	8	30.198	1	-1	0.1672	93.3922
0.0120343	8	30.1881	2	-1	0.16725	93.3315
0.0120349	8	30.1552	3	-1	0.16724	93.3259
0.012079	8	30.1864	4	-1	0.16727	93.3426
0.012079	8	30.1862	1	-1	0.16728	93.3482
0.0121231	8	30.1761	2	-1	0.16733	93.2876
0.0121237	8	30.1436	3	-1	0.16732	93.282
0.0121678	8	30.1749	4	-1	0.16735	93.2988
0.0121678	8	30.1747	1	-1	0.16736	93.3043
0.0122119	8	30.1645	2	-1	0.1674	93.2383
0.0122126	8	30.1323	3	-1	0.16739	93.2327
0.0122567	8	30.1632	4	-1	0.16743	93.255
0.0122567	8	30.163	1	-1	0.16744	93.2606
0.0123009	8	30.1529	2	-1	0.16748	93.1946
0.0123015	8	30.1209	3	-1	0.16747	93.189
0.0123457	8	30.1513	4	-1	0.1675	93.2057
0.0123457	8	30.1511	1	-1	0.16751	93.2113
0.0123899	8	30.141	2	-1	0.16755	93.1506
0.0123905	8	30.1091	3	-1	0.16755	93.1506
0.0124348	8	30.1395	4	-1	0.16758	93.1673
0.0124348	8	30.1392	1	-1	0.16759	93.1728
0.012479	8	30.1292	2	-1	0.16763	93.1071
0.0124797	8	30.0974	3	-1	0.16763	93.1071
0.012524	8	30.1276	4	-1	0.16766	93.1238
0.012524	8	30.1274	1	-1	0.16767	93.1293
0.0125682	8	30.1174	2	-1	0.16771	93.0636
0.0125689	8	30.0856	3	-1	0.16771	93.0636
0.0126132	8	30.1158	4	-1	0.16773	93.0747
0.0126132	8	30.1155	1	-1	0.16774	93.0803
0.0126575	8	30.1059	2	-1	0.16779	93.0306
0.0126581	8	30.0742	3	-1	0.16779	93.0306
0.0127025	8	30.1043	4	-1	0.16781	93.0417
0.0127025	8	30.1041	1	-1	0.16782	93.0472
0.0127469	8	30.0942	2	-1	0.16787	92.9873
0.0127475	8	30.0628	3	-1	0.16786	92.9818
0.0127919	8	30.0928	4	-1	0.16789	92.9984
0.0127919	8	30.0925	1	-1	0.1679	93.0039
0.0128363	8	30.0825	2	-1	0.16795	92.9441
0.0128369	8	30.0514	3	-1	0.16794	92.9386
0.0128814	8	30.0811	4	-1	0.16797	92.9552
0.0128814	8	30.0809	1	-1	0.16798	92.9607
0.0129258	8	30.0707	2	-1	0.16802	92.8954
0.0129265	8	30.04	3	-1	0.16801	92.8899
0.012971	8	30.0694	4	-1	0.16805	92.912
0.012971	8	30.0691	1	-1	0.16806	92.9176
0.0130155	8	30.059	2	-1	0.1681	92.8524
0.0130161	8	30.0286	3	-1	0.16809	92.8469
0.0130606	8	30.0577	4	-1	0.16813	92.869
0.0130606	8	30.0574	1	-1	0.16814	92.8745
0.0131052	8	30.0474	2	-1	0.16818	92.8094
0.0131058	8	30.0172	3	-1	0.16817	92.8039
0.0131504	8	30.0459	4	-1	0.1682	92.8205
0.0131504	8	30.0457	1	-1	0.16821	92.826
0.0131949	8	30.0357	2	-1	0.16826	92.7717
0.0131956	8	30.0058	3	-1	0.16825	92.7662
0.0132402	8	30.0343	4	-1	0.16828	92.7827
0.0132402	8	30.0341	1	-1	0.16829	92.7882
0.0132848	8	30.024	2	-1	0.16834	92.7289
0.0132854	8	29.9946	3	-1	0.16832	92.7179
0.0133301	8	30.0227	4	-1	0.16836	92.7399
0.0133301	8	30.0224	1	-1	0.16837	92.7454
0.0133748	8	30.0124	2	-1	0.16842	92.6861
0.0133754	8	29.9836	3	-1	0.1684	92.6751
0.0134201	8	30.011	4	-1	0.16844	92.6972
0.0134201	8	30.0108	1	-1	0.16845	92.7027
0.0134648	8	30.0007	2	-1	0.16849	92.638
0.0134654	8	29.9723	3	-1	0.16848	92.6325
0.0135101	8	29.9994	4	-1	0.16852	92.6545
0.0135101	8	29.9992	1	-1	0.16853	92.66
0.0135549	8	29.9892	2	-1	0.16857	92.5954
0.0135555	8	29.9612	3	-1	0.16855	92.5845
0.0136003	8	29.9877	4	-1	0.16859	92.6064
0.0136003	8	29.9875	1	-1	0.1686	92.6119
0.0136451	8	29.9776	2	-1	0.16865	92.558
0.0136457	8	29.9502	3	-1	0.16863	92.5471
0.0136905	8	29.9762	4	-1	0.16867	92.569
0.0136905	8	29.9759	1	-1	0.16868	92.5745
0.0137354	8	29.9661	2	-1	0.16873	92.5156
0.0137359	8	29.9392	3	-1	0.16871	92.5047
0.0137808	8	29.9647	4	-1	0.16875	92.5266
0.0137809	8	29.9645	1	-1	0.16876	92.5321
0.0138258	8	29.9546	2	-1	0.1688	92.4678
0.0138263	8	29.9279	3	-1	0.16879	92.4623
0.0138712	8	29.9532	1	-1	0.16883	92.4843
0.0138712	8	29.9532	4	-1	0.16883	92.4843
0.0139162	8	29.9432	2	-1	0.16888	92.4306
0.0139167	8	29.9171	3	-1	0.16886	92.4197
0.0139617	8	29.9418	1	-1	0.16891	92.447
0.0139617	8	29.9418	4	-1	0.16891	92.447
0.0140067	8	29.9319	2	-1	0.16896	92.3885
0.0140073	8	29.9063	3	-1	0.16894	92.3775
0.0140523	8	29.9304	4	-1	0.16898	92.3994
0.0140523	8	29.9301	1	-1	0.16899	92.4049
0.0140973	8	29.9203	2	-1	0.16904	92.3464
0.0140979	8	29.8955	3	-1	0.16901	92.33
0.0141429	8	29.9188	1	-1	0.16906	92.3573
0.0141429	8	29.9188	4	-1	0.16906	92.3573
0.014188	8	29.9089	2	-1	0.16911	92.3039
0.0141885	8	29.8846	3	-1	0.16909	92.293
0.0142337	8	29.9075	1	-1	0.16914	92.3203
0.0142337	8	29.9075	4	-1	0.16914	92.3203
0.0142788	8	29.8972	2	-1	0.16919	92.2569
0.0142793	8	29.8734	3	-1	0.16917	92.246
0.0143245	8	29.8958	1	-1	0.16922	92.2733
0.0143245	8	29.8958	4	-1	0.16922	92.2733
0.0143697	8	29.8858	2	-1	0.16927	92.2151
0.0143702	8	29.8625	3	-1	0.16925	92.2042
0.0144154	8	29.8842	4	-1	0.16929	92.226
0.0144154	8	29.8839	1	-1	0.1693	92.2314
0.0144606	8	29.8742	2	-1	0.16935	92.1733
0.0144611	8	29.8515	3	-1	0.16933	92.1624
0.0145064	8	29.8726	4	-1	0.16937	92.1842
0.0145064	8	29.8724	1	-1	0.16938	92.1896
0.0145516	8	29.8628	2	-1	0.16942	92.1262
0.0145521	8	29.8403	3	-1	0.16941	92.1207
0.0145974	8	29.8611	4	-1	0.16945	92.1425
0.0145974	8	29.8609	1	-1	0.16946	92.1479
0.0146428	8	29.8515	2	-1	0.1695	92.0845
0.0146432	8	29.8296	3	-1	0.16948	92.0737
0.0146886	8	29.8492	4	-1	0.16952	92.0954
0.0146886	8	29.849	1	-1	0.16953	92.1008
0.014734	8	29.8399	2	-1	0.16958	92.048
0.0147344	8	29.8182	3	-1	0.16957	92.0426
0.0147798	8	29.8378	4	-1	0.1696	92.0588
0.0147798	8	29.8376	1	-1	0.16961	92.0643
0.0148252	8	29.8284	2	-1	0.16966	92.0065
0.0148257	8	29.8072	3	-1	0.16964	91.9957
0.0148711	8	29.8265	4	-1	0.16968	92.0174
0.0148711	8	29.8262	1	-1	0.16969	92.0228
0.0149166	8	29.8171	2	-1	0.16974	91.9651
0.014917	8	29.7964	3	-1	0.16972	91.9543
0.0149625	8	29.8152	1	-1	0.16976	91.9759
0.0149625	8	29.8152	4	-1	0.16976	91.9759
0.0150081	8	29.8059	2	-1	0.16981	91.9233
0.0150085	8	29.7857	3	-1	0.16979	91.9125
0.015054	8	29.8041	1	-1	0.16984	91.9396
0.015054	8	29.8041	4	-1	0.16984	91.9396
0.0150996	8	29.7944	2	-1	0.16989	91.8771
0.0151	8	29.7747	3	-1	0.16987	91.8663
0.0151456	8	29.7926	1	-1	0.16992	91.8934
0.0151456	8	29.7926	4	-1	0.16992	91.8934
0.0151912	8	29.7832	2	-1	0.16997	91.836
0.0151916	8	29.764	3	-1	0.16995	91.8252
0.0152372	8	29.7812	4	-1	0.16999	91.8468
0.0152372	8	29.7809	1	-1	0.17	91.8522
0.0152829	8	29.7718	2	-1	0.17004	91.7895
0.0152833	8	29.7529	3	-1	0.17003	91.7841
0.015329	8	29.7694	4	-1	0.17007	91.8057
0.015329	8	29.7691	1	-1	0.17008	91.8111
0.0153747	8	29.7602	2	-1	0.17012	91.7485
0.0153751	8	29.7416	3	-1	0.17011	91.7431
0.0154208	8	29.7579	1	-1	0.17015	91.7646
0.0154208	8	29.7579	4	-1	0.17015	91.7646
0.0154665	8	29.749	2	-1	0.1702	91.7125
0.0154669	8	29.7309	3	-1	0.17018	91.7017
0.0155127	8	29.7468	1	-1	0.17023	91.7286
0.0155127	8	29.7468	4	-1	0.17023	91.7286
0.0155585	8	29.7375	2	-1	0.17028	91.6667
0.0155589	8	29.7199	3	-1	0.17026	91.6559
0.0156047	8	29.7353	4	-1	0.1703	91.6774
0.0156047	8	29.7351	1	-1	0.17031	91.6828
0.0156505	8	29.7262	2	-1	0.17036	91.6259
0.0156509	8	29.709	3	-1	0.17034	91.6151
0.0156968	8	29.7239	4	-1	0.17038	91.6366
0.0156968	8	29.7237	1	-1	0.17039	91.642
0.0157426	8	29.715	2	-1	0.17043	91.5798
0.015743	8	29.6981	3	-1	0.17042	91.5744
0.0157889	8	29.7123	4	-1	0.17046	91.5959
0.0157889	8	29.7121	1	-1	0.17047	91.6013
0.0158348	8	29.7036	2	-1	0.17051	91.5392
0.0158352	8	29.687	3	-1	0.1705	91.5338
0.0158812	8	29.701	1	-1	0.17054	91.5553
0.0158812	8	29.701	4	-1	0.17054	91.5553
0.0159271	8	29.6925	2	-1	0.17059	91.5035
0.0159275	8	29.6764	3	-1	0.17057	91.4928
0.0159735	8	29.69	4	-1	0.17061	91.5142
0.0159735	8	29.6898	1	-1	0.17062	91.5196
0.0160195	8	29.6809	2	-1	0.17067	91.4581
0.0160198	8	29.6653	3	-1	0.17065	91.4474
0.0160659	8	29.6785	4	-1	0.17069	91.4688
0.0160659	8	29.6783	1	-1	0.1707	91.4742
0.016112	8	29.6697	2	-1	0.17074	91.4124
0.0161123	8	29.6543	3	-1	0.17073	91.407
0.0161584	8	29.667	4	-1	0.17077	91.4284
0.0161584	8	29.6668	1	-1	0.17078	91.4338
0.0162045	8	29.6585	2	-1	0.17082	91.372
0.0162048	8	29.6431	3	-1	0.17081	91.3667
0.016251	8	29.6556	4	-1	0.17084	91.3827
0.016251	8	29.6554	1	-1	0.17085	91.3881
0.0162971	8	29.6472	2	-1	0.1709	91.3366
0.0162975	8	29.6321	3	-1	0.17089	91.3313
0.0163436	8	29.6446	4	-1	0.17092	91.3473
0.0163436	8	29.6444	1	-1	0.17093	91.3527
0.0163898	8	29.6357	2	-1	0.17098	91.2916
0.0163901	8	29.621	3	-1	0.17096	91.2809
0.0164364	8	29.6332	4	-1	0.171	91.3023
0.0164364	8	29.633	1	-1	0.17101	91.3076
0.0164826	8	29.6246	2	-1	0.17105	91.2461
0.0164829	8	29.6102	3	-1	0.17104	91.2408
0.0165292	8	29.6217	4	-1	0.17108	91.2621
0.0165292	8	29.6214	1	-1	0.17109	91.2675
0.0165755	8	29.6134	2	-1	0.17113	91.2061
0.0165758	8	29.5992	3	-1	0.17112	91.2008
0.0166221	8	29.6105	4	-1	0.17116	91.2221
0.0166221	8	29.6103	1	-1	0.17117	91.2274
0.0166685	8	29.6019	2	-1	0.17121	91.1613
0.0166688	8	29.5881	3	-1	0.1712	91.156
0.0167151	8	29.5991	4	-1	0.17123	91.1719
0.0167151	8	29.5989	1	-1	0.17124	91.1773
0.0167615	8	29.5908	2	-1	0.17128	91.1209
0.0167618	8	29.5769	3	-1	0.17128	91.1209
0.0168082	8	29.5878	4	-1	0.17131	91.1369
0.0168082	8	29.5876	1	-1	0.17132	91.1422
0.0168546	8	29.5795	2	-1	0.17136	91.0811
0.0168549	8	29.5657	3	-1	0.17135	91.0758
0.0169014	8	29.5766	4	-1	0.17139	91.0971
0.0169014	8	29.5764	1	-1	0.1714	91.1024
0.0169478	8	29.5685	2	-1	0.17144	91.0414
0.0169481	8	29.5549	3	-1	0.17143	91.0361
0.0169946	8	29.5656	4	-1	0.17147	91.0573
0.0169946	8	29.5654	1	-1	0.17148	91.0626
0.0170411	8	29.5573	2	-1	0.17152	90.9969
0.0170414	8	29.5439	3	-1	0.17151	90.9916
0.017088	8	29.5544	4	-1	0.17154	91.0075
0.017088	8	29.5541	1	-1	0.17155	91.0128
0.0171345	8	29.5462	2	-1	0.17159	90.9568
0.0171348	8	29.5329	3	-1	0.17159	90.9568
0.0171814	8	29.543	4	-1	0.17162	90.9727
0.0171814	8	29.5428	1	-1	0.17163	90.978
0.017228	8	29.535	2	-1	0.17167	90.9173
0.0172283	8	29.5219	3	-1	0.17166	90.912
0.0172749	8	29.532	4	-1	0.1717	90.9332
0.0172749	8	29.5318	1	-1	0.17171	90.9385
0.0173215	8	29.5237	2	-1	0.17175	90.873
0.0173218	8	29.5109	3	-1	0.17174	90.8677
0.0173685	8	29.5204	4	-1	0.17178	90.8889
0.0173685	8	29.5202	1	-1	0.17179	90.8942
0.0174152	8	29.5125	2	-1	0.17183	90.8336
0.0174154	8	29.4999	3	-1	0.17182	90.8284
0.0174622	8	29.5092	4	-1	0.17185	90.8442
0.0174622	8	29.509	1	-1	0.17186	90.8495
0.0175089	8	29.501	2	-1	0.1719	90.7891
0.0175092	8	29.4884	3	-1	0.1719	90.7891
0.0175559	8	29.498	4	-1	0.17193	90.8049
0.0175559	8	29.4978	1	-1	0.17194	90.8102
0.0176027	8	29.49	2	-1	0.17198	90.7498
0.017603	8	29.4775	3	-1	0.17198	90.7498
0.0176498	8	29.4867	4	-1	0.17201	90.7657
0.0176498	8	29.4865	1	-1	0.17202	90.7709
0.0176966	8	29.4789	2	-1	0.17206	90.7107
0.0176969	8	29.4664	3	-1	0.17206	90.7107
0.0177437	8	29.4759	4	-1	0.17209	90.7265
0.0177437	8	29.4757	1	-1	0.1721	90.7318
0.0177905	8	29.4676	2	-1	0.17214	90.6668
0.0177908	8	29.4554	3	-1	0.17213	90.6615
0.0178377	8	29.4647	4	-1	0.17216	90.6773
0.0178377	8	29.4645	1	-1	0.17217	90.6826
0.0178846	8	29.4567	2	-1	0.17221	90.6273
0.0178849	8	29.4445	3	-1	0.17221	90.6273
0.0179318	8	29.4534	4	-1	0.17224	90.6431
0.0179318	8	29.4532	1	-1	0.17225	90.6484
0.0179787	8	29.4452	2	-1	0.17229	90.5836
0.017979	8	29.433	3	-1	0.17229	90.5836
0.018026	8	29.4422	4	-1	0.17232	90.5994
0.018026	8	29.442	1	-1	0.17233	90.6046
0.018073	8	29.4343	2	-1	0.17237	90.5447
0.0180733	8	29.4221	3	-1	0.17237	90.5447
0.0181203	8	29.431	4	-1	0.1724	90.5605
0.0181203	8	29.4308	1	-1	0.17241	90.5657
0.0181673	8	29.4233	2	-1	0.17245	90.5059
0.0181676	8	29.4114	3	-1	0.17244	90.5007
0.0182146	8	29.4201	4	-1	0.17247	90.5164
0.0182146	8	29.4199	1	-1	0.17248	90.5217
0.0182617	8	29.4121	2	-1	0.17253	90.4672
0.018262	8	29.4004	3	-1	0.17252	90.462
0.0183091	8	29.4088	4	-1	0.17255	90.4777
0.0183091	8	29.4086	1	-1	0.17256	90.4829
0.0183562	8	29.4009	2	-1	0.17261	90.4285
0.0183564	8	29.3895	3	-1	0.1726	90.4233
0.0184036	8	29.398	4	-1	0.17263	90.439
0.0184036	8	29.3978	1	-1	0.17264	90.4443
0.0184508	8	29.3897	2	-1	0.17269	90.3852
0.018451	8	29.3788	3	-1	0.17267	90.3748
0.0184982	8	29.3868	4	-1	0.17271	90.3957
0.0184982	8	29.3865	1	-1	0.17272	90.4009
0.0185454	8	29.3788	2	-1	0.17276	90.3415
0.0185457	8	29.3678	3	-1	0.17275	90.3362
0.0185929	8	29.3757	4	-1	0.17279	90.3572
0.0185929	8	29.3755	1	-1	0.1728	90.3624
0.0186402	8	29.3677	2	-1	0.17284	90.2983
0.0186404	8	29.357	3	-1	0.17283	90.2931
0.0186877	8	29.3646	4	-1	0.17286	90.3088
0.0186877	8	29.3644	1	-1	0.17287	90.314
0.018735	8	29.3569	2	-1	0.17291	90.2594
0.0187352	8	29.3462	3	-1	0.17291	90.2594
0.0187826	8	29.3535	4	-1	0.17294	90.2751
0.0187826	8	29.3533	1	-1	0.17295	90.2803
0.0188299	8	29.3456	2	-1	0.17299	90.2164
0.0188301	8	29.3349	3	-1	0.17299	90.2164
0.0188775	8	29.3425	4	-1	0.17302	90.2321
0.0188775	8	29.3423	1	-1	0.17303	90.2373
0.0189249	8	29.3348	2	-1	0.17307	90.1782
0.0189251	8	29.3242	3	-1	0.17307	90.1782
0.0189725	8	29.3313	4	-1	0.17309	90.1886
0.0189726	8	29.3311	1	-1	0.1731	90.1938
0.01902	8	29.3235	2	-1	0.17315	90.14
0.0190202	8	29.3128	3	-1	0.17315	90.14
0.0190677	8	29.3204	4	-1	0.17317	90.1505
0.0190677	8	29.3202	1	-1	0.17318	90.1557
0.0191151	8	29.3126	2	-1	0.17323	90.1019
0.0191154	8	29.3022	3	-1	0.17322	90.0967
0.0191629	8	29.3095	4	-1	0.17325	90.1123
0.0191629	8	29.3093	1	-1	0.17326	90.1175
0.0192104	8	29.3014	2	-1	0.17331	90.0592
0.0192106	8	29.2912	3	-1	0.1733	90.054
0.0192582	8	29.2983	4	-1	0.17333	90.0696
0.0192582	8	29.2981	1	-1	0.17334	90.0748
0.0193057	8	29.2905	2	-1	0.17339	90.0213
0.019306	8	29.2806	3	-1	0.17337	90.0109
0.0193536	8	29.2875	4	-1	0.17341	90.0317
0.0193536	8	29.2872	1	-1	0.17342	90.0369
0.0194012	8	29.2794	2	-1	0.17346	89.9735
0.0194014	8	29.2697	3	-1	0.17345	89.9684
0.019449	8	29.2762	4	-1	0.17349	89.9891
0.019449	8	29.276	1	-1	0.1735	89.9943
0.0194967	8	29.2686	2	-1	0.17354	89.9357
0.0194969	8	29.2591	3	-1	0.17353	89.9306
0.0195446	8	29.2654	4	-1	0.17357	89.9513
0.0195446	8	29.2652	1	-1	0.17358	89.9565
0.0195923	8	29.2578	2	-1	0.17362	89.8933
0.0195925	8	29.2485	3	-1	0.17361	89.8882
0.0196402	8	29.2542	4	-1	0.17364	89.9037
0.0196402	8	29.254	1	-1	0.17365	89.9089
0.019688	8	29.2468	2	-1	0.17369	89.8551
0.0196882	8	29.2376	3	-1	0.17369	89.8551
0.0197359	8	29.2436	4	-1	0.17372	89.8707
0.019736	8	29.2434	1	-1	0.17373	89.8758
0.0197837	8	29.2358	2	-1	0.17377	89.8129
0.0197839	8	29.2268	3	-1	0.17376	89.8077
0.0198318	8	29.2325	4	-1	0.1738	89.8284
0.0198318	8	29.2322	1	-1	0.17381	89.8336
0.0198796	8	29.2247	2	-1	0.17385	89.7707
0.0198798	8	29.2159	3	-1	0.17384	89.7656
0.0199277	8	29.2214	4	-1	0.17388	89.7862
0.0199277	8	29.2212	1	-1	0.17389	89.7914
0.0199755	8	29.2142	2	-1	0.17392	89.7281
0.0199757	8	29.2054	3	-1	0.17392	89.7281
0.0200236	8	29.2103	4	-1	0.17395	89.7436
0.0200236	8	29.2101	1	-1	0.17396	89.7487
0.0200715	8	29.2031	2	-1	0.174	89.6907
0.0200718	8	29.1941	3	-1	0.17401	89.6959
0.0201197	8	29.1992	4	-1	0.17403	89.7062
0.0201197	8	29.199	1	-1	0.17404	89.7113
0.0201677	8	29.192	2	-1	0.17408	89.6534
0.0201679	8	29.1831	3	-1	0.17408	89.6534
0.0202159	8	29.1888	4	-1	0.17411	89.6688
0.0202159	8	29.1886	1	-1	0.17412	89.674
0.0202639	8	29.1811	2	-1	0.17416	89.6115
0.0202641	8	29.1724	3	-1	0.17415	89.6064
0.0203121	8	29.1777	4	-1	0.17419	89.627
0.0203121	8	29.1775	1	-1	0.1742	89.6321
0.0203601	8	29.1701	2	-1	0.17424	89.5697
0.0203604	8	29.1617	3	-1	0.17423	89.5646
0.0204084	8	29.1664	4	-1	0.17427	89.5852
0.0204084	8	29.1662	1	-1	0.17428	89.5903
0.0204565	8	29.1594	2	-1	0.17432	89.5326
0.0204567	8	29.151	3	-1	0.17432	89.5326
0.0205049	8	29.1558	4	-1	0.17434	89.5429
0.0205049	8	29.1556	1	-1	0.17435	89.548
0.020553	8	29.1483	2	-1	0.17439	89.4904
0.0205532	8	29.1399	3	-1	0.17439	89.4904
0.0206014	8	29.1449	4	-1	0.17442	89.5058
0.0206014	8	29.1447	1	-1	0.17443	89.511
0.0206495	8	29.1373	2	-1	0.17448	89.454
0.0206497	8	29.1291	3	-1	0.17447	89.4489
0.0206979	8	29.1341	4	-1	0.1745	89.4642
0.0206979	8	29.1339	1	-1	0.17451	89.4694
0.0207462	8	29.1268	2	-1	0.17455	89.4119
0.0207464	8	29.1188	3	-1	0.17454	89.4068
0.0207946	8	29.1233	4	-1	0.17458	89.4273
0.0207946	8	29.1231	1	-1	0.17459	89.4324
0.0208429	8	29.116	2	-1	0.17463	89.3705
0.0208431	8	29.1083	3	-1	0.17462	89.3654
0.0208914	8	29.1121	4	-1	0.17465	89.3808
0.0208914	8	29.1119	1	-1	0.17466	89.3859
0.0209397	8	29.1049	2	-1	0.17471	89.3337
0.0209399	8	29.0972	3	-1	0.17471	89.3337
0.0209882	8	29.1011	4	-1	0.17473	89.344
0.0209882	8	29.1009	1	-1	0.17474	89.3491
0.0210366	8	29.0939	2	-1	0.17479	89.297
0.0210368	8	29.0864	3	-1	0.17478	89.2919
0.0210852	8	29.0909	1	-1	0.17482	89.3124
0.0210852	8	29.0909	4	-1	0.17482	89.3124
0.0211336	8	29.0834	2	-1	0.17487	89.2558
0.0211337	8	29.0763	3	-1	0.17485	89.2456
0.0211822	8	29.0802	1	-1	0.1749	89.2711
0.0211822	8	29.0802	4	-1	0.1749	89.2711
0.0212306	8	29.0727	2	-1	0.17495	89.2147
0.0212308	8	29.066	3	-1	0.17493	89.2045
0.0212793	8	29.069	4	-1	0.17497	89.2249
0.0212793	8	29.0688	1	-1	0.17498	89.23
0.0213278	8	29.062	2	-1	0.17502	89.1731
0.0213279	8	29.0555	3	-1	0.17501	89.168
0.0213765	8	29.0585	4	-1	0.17505	89.1884
0.0213765	8	29.0583	1	-1	0.17506	89.1935
0.021425	8	29.0513	2	-1	0.1751	89.1321
0.0214252	8	29.0451	3	-1	0.17509	89.127
0.0214737	8	29.0475	4	-1	0.17512	89.1423
0.0214738	8	29.0473	1	-1	0.17513	89.1474
0.0215223	8	29.0404	2	-1	0.17518	89.0957
0.0215225	8	29.0344	3	-1	0.17517	89.0906
0.0215711	8	29.0365	4	-1	0.1752	89.1059
0.0215711	8	29.0363	1	-1	0.17521	89.111
0.0216198	8	29.0294	2	-1	0.17526	89.0549
0.0216199	8	29.0235	3	-1	0.17525	89.0498
0.0216686	8	29.0257	1	-1	0.17529	89.0701
0.0216686	8	29.0257	4	-1	0.17529	89.0701
0.0217173	8	29.0189	2	-1	0.17534	89.0186
0.0217174	8	29.0134	3	-1	0.17532	89.0085
0.0217661	8	29.0154	4	-1	0.17536	89.0288
0.0217661	8	29.0152	1	-1	0.17537	89.0339
0.0218149	8	29.0083	2	-1	0.17542	88.9779
0.021815	8	29.0035	3	-1	0.17539	88.9627
0.0218637	8	29.0045	1	-1	0.17544	88.9881
0.0218637	8	29.0045	4	-1	0.17544	88.9881
0.0219125	8	28.9977	2	-1	0.17549	88.9368
0.0219126	8	28.9933	3	-1	0.17547	88.9266
0.0219615	8	28.9936	1	-1	0.17552	88.952
0.0219615	8	28.9936	4	-1	0.17552	88.952
0.0220103	8	28.9869	2	-1	0.17557	88.8962
0.0220104	8	28.9827	3	-1	0.17556	88.8911
0.0220593	8	28.9827	1	-1	0.1756	88.9114
0.0220593	8	28.9827	4	-1	0.1756	88.9114
0.0221081	8	28.9759	2	-1	0.17565	88.8557
0.0221082	8	28.9721	3	-1	0.17563	88.8456
0.0221571	8	28.9722	1	-1	0.17568	88.8709
0.0221571	8	28.9722	4	-1	0.17568	88.8709
0.0222061	8	28.9658	2	-1	0.17573	88.8198
0.0222062	8	28.9625	3	-1	0.17571	88.8097
0.0222551	8	28.9615	4	-1	0.17575	88.8299
0.0222551	8	28.9613	1	-1	0.17576	88.835
0.0223041	8	28.9551	2	-1	0.1758	88.7744
0.0223042	8	28.9519	3	-1	0.17579	88.7694
0.0223532	8	28.9506	4	-1	0.17583	88.7896
0.0223532	8	28.9504	1	-1	0.17584	88.7946
0.0224022	8	28.9443	2	-1	0.17588	88.7342
0.0224023	8	28.9413	3	-1	0.17587	88.7291
0.0224513	8	28.9396	4	-1	0.17591	88.7493
0.0224513	8	28.9394	1	-1	0.17592	88.7544
0.0225004	8	28.9336	2	-1	0.17596	88.694
0.0225005	8	28.9308	3	-1	0.17595	88.6889
0.0225496	8	28.9285	4	-1	0.17598	88.7041
0.0225496	8	28.9283	1	-1	0.17599	88.7091
0.0225987	8	28.9226	2	-1	0.17604	88.6583
0.0225988	8	28.92	3	-1	0.17603	88.6533
0.0226479	8	28.9181	4	-1	0.17606	88.6684
0.0226479	8	28.9179	1	-1	0.17607	88.6734
0.0226971	8	28.9122	2	-1	0.17611	88.6177
0.0226971	8	28.9097	3	-1	0.17611	88.6177
0.0227463	8	28.9077	4	-1	0.17614	88.6328
0.0227463	8	28.9075	1	-1	0.17615	88.6379
0.0227955	8	28.9017	2	-1	0.17619	88.5777
0.0227956	8	28.8993	3	-1	0.17618	88.5727
0.0228448	8	28.8969	4	-1	0.17622	88.5928
0.0228448	8	28.8968	1	-1	0.17623	88.5979
0.0228941	8	28.8911	2	-1	0.17627	88.5378
0.0228941	8	28.889	3	-1	0.17626	88.5328
0.0229434	8	28.886	4	-1	0.17629	88.5479
0.0229434	8	28.8858	1	-1	0.1763	88.5529
0.0229927	8	28.8802	2	-1	0.17634	88.4974
0.0229927	8	28.8781	3	-1	0.17634	88.4974
0.0230421	8	28.8751	4	-1	0.17637	88.5125
0.0230421	8	28.875	1	-1	0.17638	88.5175
0.0230914	8	28.8694	2	-1	0.17643	88.4627
0.0230915	8	28.8675	3	-1	0.17642	88.4577
0.0231408	8	28.8646	4	-1	0.17646	88.4777
0.0231408	8	28.8644	1	-1	0.17647	88.4828
0.0231902	8	28.8588	2	-1	0.17651	88.4186
0.0231903	8	28.857	3	-1	0.1765	88.4136
0.0232397	8	28.8537	4	-1	0.17653	88.4286
0.0232397	8	28.8535	1	-1	0.17654	88.4336
0.0232891	8	28.848	2	-1	0.17658	88.3784
0.0232892	8	28.8462	3	-1	0.17658	88.3784
0.0233386	8	28.8429	4	-1	0.17661	88.3934
0.0233386	8	28.8427	1	-1	0.17662	88.3984
0.0233881	8	28.8372	2	-1	0.17666	88.3388
0.0233882	8	28.8354	3	-1	0.17666	88.3388
0.0234377	8	28.8325	4	-1	0.17669	88.3538
0.0234377	8	28.8323	1	-1	0.1767	88.3588
0.0234872	8	28.8272	2	-1	0.17674	88.3038
0.0234872	8	28.8256	3	-1	0.17673	88.2988
0.0235368	8	28.822	4	-1	0.17676	88.3138
0.0235368	8	28.8218	1	-1	0.17677	88.3188
0.0235863	8	28.8167	2	-1	0.17681	88.2638
0.0235864	8	28.8151	3	-1	0.17681	88.2638
0.023636	8	28.8115	4	-1	0.17684	88.2788
0.023636	8	28.8113	1	-1	0.17685	88.2837
0.0236856	8	28.806	2	-1	0.17689	88.2244
0.0236856	8	28.8045	3	-1	0.17689	88.2244
0.0237353	8	28.8009	4	-1	0.17692	88.2394
0.0237353	8	28.8007	1	-1	0.17693	88.2444
0.0237849	8	28.7954	2	-1	0.17697	88.1852
0.0237849	8	28.7938	3	-1	0.17697	88.1852
0.0238346	8	28.7903	4	-1	0.177	88.2001
0.0238346	8	28.7901	1	-1	0.17701	88.2051
0.0238843	8	28.7848	2	-1	0.17705	88.146
0.0238844	8	28.7834	3	-1	0.17704	88.141
0.0239341	8	28.7796	4	-1	0.17708	88.1609
0.0239341	8	28.7794	1	-1	0.17709	88.1659
0.0239838	8	28.7743	2	-1	0.17713	88.1068
0.0239839	8	28.7732	3	-1	0.17712	88.1019
0.0240336	8	28.7688	4	-1	0.17715	88.1168
0.0240336	8	28.7686	1	-1	0.17716	88.1218
0.0240834	8	28.7635	2	-1	0.1772	88.0672
0.0240835	8	28.7622	3	-1	0.17721	88.0722
0.0241333	8	28.7582	4	-1	0.17723	88.0821
0.0241333	8	28.758	1	-1	0.17724	88.0871
0.0241831	8	28.7527	2	-1	0.17728	88.0282
0.0241831	8	28.7514	3	-1	0.17728	88.0282
0.024233	8	28.7477	4	-1	0.17731	88.0431
0.024233	8	28.7475	1	-1	0.17732	88.0481
0.0242829	8	28.7422	2	-1	0.17737	87.9942
0.0242829	8	28.741	3	-1	0.17736	87.9893
0.0243328	8	28.7372	4	-1	0.17739	88.0042
0.0243328	8	28.737	1	-1	0.1774	88.0091
0.0243828	8	28.7316	2	-1	0.17744	87.9504
0.0243828	8	28.7304	3	-1	0.17744	87.9504
0.0244327	8	28.7266	4	-1	0.17747	87.9653
0.0244327	8	28.7264	1	-1	0.17748	87.9703
0.0244827	8	28.721	2	-1	0.17752	87.9117
0.0244827	8	28.7201	3	-1	0.17751	87.9067
0.0245327	8	28.7159	4	-1	0.17755	87.9265
0.0245327	8	28.7157	1	-1	0.17756	87.9315
0.0245827	8	28.7107	2	-1	0.1776	87.8729
0.0245828	8	28.7099	3	-1	0.17759	87.868
0.0246328	8	28.7051	4	-1	0.17762	87.8828
0.0246328	8	28.705	1	-1	0.17763	87.8878
0.0246829	8	28.7001	2	-1	0.17767	87.8337
0.0246829	8	28.6991	3	-1	0.17768	87.8386
0.024733	8	28.6947	4	-1	0.1777	87.8485
0.024733	8	28.6945	1	-1	0.17771	87.8535
0.0247831	8	28.6894	2	-1	0.17776	87.8001
0.0247831	8	28.6887	3	-1	0.17775	87.7951
0.0248332	8	28.6844	4	-1	0.17778	87.8099
0.0248332	8	28.6842	1	-1	0.17779	87.8149
0.0248834	8	28.6789	2	-1	0.17784	87.7615
0.0248834	8	28.6783	3	-1	0.17783	87.7566
0.0249336	8	28.6742	1	-1	0.17787	87.7764
0.0249336	8	28.6742	4	-1	0.17787	87.7764
0.0249838	8	28.6687	2	-1	0.17792	87.7231
0.0249838	8	28.6685	3	-1	0.1779	87.7132
0.025034	8	28.6637	4	-1	0.17794	87.733
0.025034	8	28.6635	1	-1	0.17795	87.7379
0.0250843	8	28.6583	2	-1	0.17799	87.6798
0.0250843	8	28.6583	3	-1	0.17798	87.6749
0.0251345	8	28.6531	4	-1	0.17802	87.6946
0.0251345	8	28.6529	1	-1	0.17803	87.6995
0.0251848	8	28.6479	3	-1	0.17806	87.6366
0.0251848	8	28.6477	2	-1	0.17807	87.6415
0.0252351	8	28.6422	4	-1	0.17809	87.6513
0.0252352	8	28.642	1	-1	0.1781	87.6563
0.0252855	8	28.6372	3	-1	0.17814	87.6027
0.0252855	8	28.637	2	-1	0.17815	87.6076
0.0253358	8	28.632	4	-1	0.17818	87.6223
0.0253359	8	28.6319	1	-1	0.17819	87.6272
0.0253862	8	28.6265	3	-1	0.17821	87.5553
0.0253862	8	28.6263	2	-1	0.17822	87.5602
0.0254366	8	28.6216	1	-1	0.17826	87.5798
0.0254366	8	28.6216	4	-1	0.17826	87.5798
0.0254871	8	28.6163	3	-1	0.17829	87.5215
0.0254871	8	28.6161	2	-1	0.1783	87.5264
0.0255375	8	28.6111	4	-1	0.17833	87.5411
0.0255375	8	28.6109	1	-1	0.17834	87.546
0.025588	8	28.6056	3	-1	0.17837	87.4792
0.025588	8	28.6054	2	-1	0.17838	87.4841
0.0256385	8	28.5998	4	-1	0.17841	87.4988
0.0256385	8	28.5996	1	-1	0.17842	87.5037
0.025689	8	28.5949	2	-1	0.17846	87.4461
0.025689	8	28.5949	3	-1	0.17846	87.4461
0.0257395	8	28.5894	4	-1	0.17849	87.4608
0.0257395	8	28.5892	1	-1	0.1785	87.4657
0.0257901	8	28.5844	2	-1	0.17854	87.4082
0.0257901	8	28.5844	3	-1	0.17854	87.4082
0.0258407	8	28.5791	4	-1	0.17857	87.4229
0.0258407	8	28.5789	1	-1	0.17858	87.4278
0.0258913	8	28.5739	3	-1	0.17861	87.3655
0.0258913	8	28.5738	2	-1	0.17862	87.3704
0.0259419	8	28.5686	4	-1	0.17865	87.3851
0.0259419	8	28.5685	1	-1	0.17866	87.3899
0.0259926	8	28.5636	3	-1	0.17869	87.3277
0.0259926	8	28.5634	2	-1	0.1787	87.3326
0.0260433	8	28.5583	4	-1	0.17873	87.3473
0.0260433	8	28.5581	1	-1	0.17874	87.3522
0.0260939	8	28.5533	3	-1	0.17877	87.29
0.026094	8	28.5531	2	-1	0.17878	87.2949
0.0261447	8	28.5479	4	-1	0.1788	87.3047
0.0261447	8	28.5477	1	-1	0.17881	87.3096
0.0261954	8	28.5429	3	-1	0.17885	87.2567
0.0261954	8	28.5427	2	-1	0.17886	87.2616
0.0262462	8	28.5379	4	-1	0.17888	87.2713
0.0262462	8	28.5377	1	-1	0.17889	87.2762
0.026297	8	28.5323	3	-1	0.17892	87.2142
0.026297	8	28.5321	2	-1	0.17893	87.2191
0.0263478	8	28.5279	1	-1	0.17897	87.2386
0.0263478	8	28.5279	4	-1	0.17897	87.2386
0.0263986	8	28.5218	3	-1	0.17899	87.1676
0.0263986	8	28.5216	2	-1	0.179	87.1725
0.0264494	8	28.5167	1	-1	0.17905	87.1968
0.0264494	8	28.5167	4	-1	0.17905	87.1968
0.0265003	8	28.5117	3	-1	0.17908	87.1351
0.0265003	8	28.5116	2	-1	0.17909	87.1399
0.0265512	8	28.5057	4	-1	0.17911	87.1497
0.0265512	8	28.5055	1	-1	0.17912	87.1545
0.0266021	8	28.5013	2	-1	0.17917	87.1068
0.0266021	8	28.5013	3	-1	0.17917	87.1068
0.0266531	8	28.4958	4	-1	0.17919	87.1165
0.0266531	8	28.4956	1	-1	0.1792	87.1214
0.026704	8	28.4905	3	-1	0.17924	87.0647
0.026704	8	28.4903	2	-1	0.17925	87.0695
0.026755	8	28.4861	1	-1	0.17928	87.0841
0.026755	8	28.4861	4	-1	0.17928	87.0841
0.026806	8	28.4798	3	-1	0.1793	87.0177
0.026806	8	28.4796	2	-1	0.17931	87.0226
0.026857	8	28.4758	1	-1	0.17936	87.0468
0.026857	8	28.4757	4	-1	0.17937	87.0517
0.0269081	8	28.4698	3	-1	0.17938	86.9763
0.0269081	8	28.4696	2	-1	0.17939	86.9812
0.0269592	8	28.4643	1	-1	0.17945	87.0103
0.0269592	8	28.4643	4	-1	0.17944	87.0054
0.0270103	8	28.4603	2	-1	0.17948	86.9447
0.0270103	8	28.4603	3	-1	0.17948	86.9447
0.0270614	8	28.4533	4	-1	0.17949	86.9496
0.0270614	8	28.4531	1	-1	0.1795	86.9544
0.0271125	8	28.4495	2	-1	0.17955	86.9155
0.0271125	8	28.4491	3	-1	0.17957	86.9252
0.0271637	8	28.4439	4	-1	0.17958	86.93
0.0271637	8	28.4437	1	-1	0.17959	86.9348
0.0272149	8	28.4385	2	-1	0.17965	86.884
0.0272149	8	28.4385	3	-1	0.17963	86.8743
0.0272661	8	28.4348	1	-1	0.17967	86.8936
0.0272661	8	28.4346	4	-1	0.17968	86.8985
0.0273173	8	28.4279	3	-1	0.17969	86.8277
0.0273173	8	28.4278	2	-1	0.1797	86.8326
0.0273686	8	28.4237	1	-1	0.17974	86.8519
0.0273686	8	28.423	4	-1	0.17977	86.8664
0.0274198	8	28.4178	3	-1	0.17977	86.7909
0.0274198	8	28.4176	2	-1	0.17978	86.7957
0.0274711	8	28.4125	1	-1	0.17985	86.8295
0.0274711	8	28.4121	4	-1	0.17983	86.8199
0.0275225	8	28.4086	2	-1	0.17987	86.7512
0.0275225	8	28.4086	3	-1	0.17987	86.7512
0.0275738	8	28.4019	4	-1	0.17989	86.7609
0.0275738	8	28.4017	1	-1	0.17992	86.7753
0.0276252	8	28.3984	2	-1	0.17994	86.7139
0.0276252	8	28.3979	3	-1	0.17997	86.7284
0.0276765	8	28.3919	4	-1	0.17996	86.7235
0.0276765	8	28.3917	1	-1	0.17997	86.7284
0.027728	8	28.387	2	-1	0.18003	86.6904
0.027728	8	28.3864	3	-1	0.18003	86.6904
0.0277794	8	28.3823	4	-1	0.18006	86.7049
0.0277794	8	28.3822	1	-1	0.18007	86.7097
0.0278308	8	28.3761	3	-1	0.18009	86.6359
0.0278309	8	28.3759	2	-1	0.18013	86.6551
0.0278823	8	28.3723	1	-1	0.18014	86.6599
0.0278823	8	28.3719	4	-1	0.18016	86.6696
0.0279338	8	28.3659	3	-1	0.18016	86.5987
0.0279338	8	28.3657	2	-1	0.18017	86.6035
0.0279853	8	28.3615	1	-1	0.18023	86.6324
0.0279854	8	28.3611	4	-1	0.18023	86.6324
0.0280369	8	28.357	3	-1	0.18026	86.5677
0.0280369	8	28.3568	2	-1	0.18027	86.5725
0.0280885	8	28.3506	4	-1	0.18029	86.5821
0.0280885	8	28.3504	1	-1	0.18032	86.5966
0.02814	8	28.3466	2	-1	0.18034	86.5231
0.0281401	8	28.3464	3	-1	0.18035	86.5279
0.0281917	8	28.3402	4	-1	0.18036	86.5326
0.0281917	8	28.34	1	-1	0.18037	86.5374
0.0282433	8	28.3358	2	-1	0.18043	86.504
0.0282433	8	28.3356	3	-1	0.18043	86.504
0.0282949	8	28.3311	4	-1	0.18045	86.5136
0.028295	8	28.3309	1	-1	0.18046	86.5184
0.0283466	8	28.3248	3	-1	0.18048	86.4492
0.0283466	8	28.3246	2	-1	0.1805	86.4588
0.0283983	8	28.3209	1	-1	0.18053	86.4732
0.0283983	8	28.3205	4	-1	0.18055	86.4827
0.0284501	8	28.3141	3	-1	0.18055	86.4082
0.0284501	8	28.3139	2	-1	0.18056	86.413
0.0285018	8	28.3098	1	-1	0.18062	86.4417
0.0285018	8	28.3093	4	-1	0.18063	86.4465
0.0285536	8	28.3052	3	-1	0.18065	86.3775
0.0285536	8	28.305	2	-1	0.18066	86.3823
0.0286054	8	28.299	4	-1	0.18068	86.3919
0.0286054	8	28.2989	1	-1	0.18072	86.411
0.0286572	8	28.2959	2	-1	0.18073	86.3332
0.0286572	8	28.2955	3	-1	0.18075	86.3428
0.028709	8	28.2884	4	-1	0.18074	86.338
0.028709	8	28.2882	1	-1	0.18075	86.3428
0.0287609	8	28.2843	2	-1	0.18082	86.3185
0.0287609	8	28.2838	3	-1	0.18083	86.3233
0.0288128	8	28.28	4	-1	0.18085	86.3328
0.0288128	8	28.2798	1	-1	0.18086	86.3376
0.0288647	8	28.273	3	-1	0.18087	86.2559
0.0288647	8	28.2728	2	-1	0.18091	86.275
0.0289166	8	28.2703	1	-1	0.18091	86.275
0.0289166	8	28.2695	4	-1	0.18096	86.2988
0.0289685	8	28.2624	3	-1	0.18093	86.2187
0.0289685	8	28.2623	2	-1	0.18094	86.2235
0.0290205	8	28.2582	1	-1	0.18101	86.2569
0.0290205	8	28.257	4	-1	0.18103	86.2664
0.0290725	8	28.2544	3	-1	0.18104	86.189
0.0290725	8	28.2543	2	-1	0.18105	86.1938
0.0291245	8	28.2469	4	-1	0.18106	86.1985
0.0291245	8	28.2468	1	-1	0.18114	86.2366
0.0291766	8	28.2453	2	-1	0.1811	86.1233
0.0291766	8	28.2443	3	-1	0.18116	86.1518
0.0292286	8	28.2358	4	-1	0.18111	86.128
0.0292286	8	28.2357	1	-1	0.18112	86.1328
0.0292807	8	28.2327	2	-1	0.18119	86.1292
0.0292808	8	28.2307	3	-1	0.18125	86.1577
0.0293328	8	28.2286	4	-1	0.18123	86.1482
0.0293328	8	28.2284	1	-1	0.18124	86.153
0.029385	8	28.2208	2	-1	0.18134	86.1105
0.029385	8	28.2201	3	-1	0.18126	86.0725
0.0294371	8	28.2204	1	-1	0.18128	86.082
0.0294371	8	28.2189	4	-1	0.18137	86.1247
0.0294893	8	28.2097	3	-1	0.18129	86.0254
0.0294893	8	28.2095	2	-1	0.18134	86.0492
0.0295414	8	28.2076	1	-1	0.18137	86.0634
0.0295415	8	28.2046	4	-1	0.18146	86.1061
0.0295937	8	28.2025	3	-1	0.18141	86.0048
0.0295937	8	28.2023	2	-1	0.18142	86.0096
0.0296459	8	28.1947	1	-1	0.18153	86.0617
0.029646	8	28.1927	4	-1	0.18147	86.0333
0.0296982	8	28.1952	2	-1	0.18148	85.928
0.0296982	8	28.1937	3	-1	0.18157	85.9706
0.0297505	8	28.1834	4	-1	0.18147	85.9233
0.0297505	8	28.1832	1	-1	0.1816	85.9848
0.0298028	8	28.1834	2	-1	0.18154	85.8873
0.0298029	8	28.1795	3	-1	0.18168	85.9535
0.0298551	8	28.1751	4	-1	0.18157	85.9015
0.0298551	8	28.175	1	-1	0.18158	85.9062
0.0299075	8	28.1693	2	-1	0.1817	85.9305
0.0299076	8	28.1654	3	-1	0.1817	85.9305
0.0299599	8	28.1699	1	-1	0.18169	85.9258
0.0299599	8	28.1691	4	-1	0.18174	85.9494
0.0300123	8	28.1574	2	-1	0.18187	85.9215
0.0300123	8	28.1569	3	-1	0.18167	85.827
0.0300646	8	28.1603	1	-1	0.1817	85.8412
0.0300648	8	28.1561	4	-1	0.1819	85.9357
0.0301171	8	28.1471	3	-1	0.18171	85.8013
0.0301171	8	28.1469	2	-1	0.18175	85.8202
0.0301695	8	28.1445	1	-1	0.18184	85.8627
0.0301697	8	28.1384	4	-1	0.18196	85.9194
0.0302221	8	28.1434	3	-1	0.18189	85.785
0.0302221	8	28.1432	2	-1	0.1819	85.7897
0.0302746	8	28.1301	1	-1	0.18206	85.8652
0.0302747	8	28.1268	4	-1	0.18189	85.785
0.0303271	8	28.1365	2	-1	0.18188	85.651
0.0303272	8	28.1327	3	-1	0.18211	85.7594
0.0303797	8	28.12	4	-1	0.18187	85.6463
0.0303797	8	28.1199	1	-1	0.18208	85.7452
0.0304322	8	28.1213	2	-1	0.18198	85.6457
0.0304324	8	28.1139	3	-1	0.1822	85.7492
0.0304849	8	28.1152	4	-1	0.18203	85.6692
0.0304849	8	28.115	1	-1	0.18204	85.6739
0.0305375	8	28.1047	2	-1	0.18222	85.7344
0.0305376	8	28.0986	3	-1	0.18214	85.6968
0.0305901	8	28.1112	1	-1	0.18209	85.6733
0.0305902	8	28.1083	4	-1	0.18227	85.758
0.0306429	8	28.0935	2	-1	0.18242	85.764
0.0306954	8	28.1001	1	-1	0.18211	85.6182
0.0307482	8	28.0839	2	-1	0.18215	85.5847
0.0308009	8	28.0801	1	-1	0.18232	85.6646
0.0308012	8	28.0694	4	-1	0.18246	85.7304
0.0308537	8	28.0851	3	-1	0.18239	85.5729
0.0309065	8	28.0641	1	-1	0.18263	85.6855
0.0310122	8	28.0544	1	-1	0.18255	85.4795
0.0310648	8	28.0593	2	-1	0.18238	85.3919
0.0311179	8	28.0544	4	-1	0.18245	85.4247
0.0311179	8	28.0542	1	-1	0.18246	85.4293
0.0311707	8	28.0369	2	-1	0.18276	85.5618
0.031171	8	28.0256	3	-1	0.18259	85.4822
0.0312236	8	28.0548	1	-1	0.18246	85.4213
0.0312767	8	28.0262	2	-1	0.18305	85.6575
0.0313294	8	28.0417	1	-1	0.18243	85.3673
0.0313826	8	28.0183	2	-1	0.18251	85.3728
0.0314353	8	28.0145	1	-1	0.18275	85.4851
0.031436	8	27.9938	4	-1	0.18302	85.6114
0.0314886	8	28.0272	3	-1	0.18286	85.3648
0.0317541	8	27.9918	1	-1	0.18281	85.0912
0.0318078	8	27.9432	3	-1	0.18308	85.3202
0.0318603	8	28.0003	1	-1	0.18278	85.1804
0.0319137	8	27.9521	2	-1	0.18375	85.6005
0.0319665	8	27.9868	1	-1	0.18262	85.0741
0.0320729	8	27.9485	1	-1	0.18309	85.3129
0.0321267	8	27.9723	3	-1	0.18326	85.1659
0.0322869	8	27.9173	1	-1	0.18417	85.2363
0.0323396	8	27.944	2	-1	0.18289	84.4836
0.0323935	8	27.9235	1	-1	0.18304	84.5528
0.0324478	8	27.8585	3	-1	0.18372	85.2727
0.0325538	8	27.8738	2	-1	0.1844	85.4653
0.0326069	8	27.9358	1	-1	0.18279	84.7191
0.032768	8	27.9032	2	-1	0.18345	84.9463
0.033089	8	27.842	2	-1	0.18373	84.6292
0.0331437	8	27.8833	4	-1	0.18399	84.749
0.0333581	8	27.8457	1	-1	0.18349	84.749
0.0334659	8	27.802	1	-1	0.18435	85.0048
0.0334676	8	27.751	4	-1	0.18441	85.0325
0.0336823	8	27.7889	1	-1	0.18504	84.6478
0.033736	8	27.8001	2	-1	0.18424	84.2279
0.0337903	8	27.8064	1	-1	0.18461	84.397
0.0337907	8	27.7952	4	-1	0.18436	84.2827
0.0338983	8	27.8069	1	-1	0.18421	84.3375
0.0340063	8	27.7865	1	-1	0.18425	84.468
0.0341145	8	27.7554	1	-1	0.18474	84.6344
0.0341159	8	27.7161	4	-1	0.18494	84.726
0.0341694	8	27.7808	3	-1	0.18483	84.4435
0.0343319	8	27.731	1	-1	0.18544	84.4791
0.034386	8	27.7505	2	-1	0.18468	84.0257
0.0344406	8	27.7417	1	-1	0.18523	84.2759
0.0344954	8	27.7001	3	-1	0.18507	84.2414
0.0345492	8	27.7455	1	-1	0.1849	84.164
0.0346578	8	27.7328	1	-1	0.18481	84.2074
0.0348215	8	27.7161	2	-1	0.18518	84.211
0.034985	8	27.6704	1	-1	0.18597	84.3363
0.0351483	8	27.6662	2	-1	0.18541	84.0442
0.0352034	8	27.69	4	-1	0.18554	84.1032
0.0353123	8	27.6916	1	-1	0.18497	83.7992
0.0354766	8	27.6409	2	-1	0.18523	83.9931
0.0355324	8	27.5651	4	-1	0.18592	84.306
0.0357502	8	27.5602	1	-1	0.18433	82.7223
0.0358599	8	27.6542	1	-1	0.1857	84.3707
0.0361335	8	27.5788	2	-1	0.18355	83.9738
0.0365186	8	27.6231	1	-1	0.18455	82.139
0.0367369	8	27.5069	1	-1	0.18387	83.3537
0.0370696	8	27.3962	1	-1	0.18801	83.6902
0.0371807	8	27.4391	1	-1	0.18731	83.2119
0.0372914	8	27.4532	1	-1	0.18646	83.052
0.0374021	8	27.4352	1	-1	0.18628	83.2462
0.0374591	8	27.4143	2	-1	0.18795	84.015
0.037684	8	27.3688	3	-1	0.18733	83.2097
0.037793	8	27.413	2	-1	0.18726	83.0127
0.0377955	8	27.3457	3	-1	0.1875	83.1191
0.0378477	8	27.3692	1	-1	0.18771	83.2122
0.0379592	8	27.3764	1	-1	0.1874	83.0747
0.0379634	8	27.264	4	-1	0.18755	83.1412
0.0380707	8	27.37	1	-1	0.18727	83.0908
0.0381284	8	27.3909	2	-1	0.18805	83.4443
0.038187	8	27.2257	4	-1	0.18782	83.3422
0.0382402	8	27.3988	2	-1	0.18784	83.2255
0.0383531	8	27.3658	3	-1	0.18779	82.9938
0.0384639	8	27.3798	2	-1	0.1876	82.7306
0.0385188	8	27.3092	1	-1	0.18843	83.0967
0.0385759	8	27.3587	2	-1	0.18784	82.7598
0.0385774	8	27.3193	3	-1	0.1881	82.8744
0.0386311	8	27.3169	1	-1	0.18827	82.9493
0.0386895	8	27.3063	3	-1	0.18791	82.8053
0.0387433	8	27.3184	1	-1	0.1881	82.889
0.0387466	8	27.2307	4	-1	0.18809	82.8846
0.0388006	8	27.3361	2	-1	0.18837	83.0299
0.038859	8	27.2184	4	-1	0.18823	82.9682
0.038913	8	27.3384	2	-1	0.18831	82.9413
0.0390264	8	27.3115	3	-1	0.18836	82.8029
0.0392502	8	27.3086	2	-1	0.18801	82.3377
0.039307	8	27.2809	1	-1	0.18902	82.7801
0.0393649	8	27.2284	3	-1	0.18874	82.6538
0.0394198	8	27.2927	1	-1	0.1887	82.6363
0.0394211	8	27.2583	4	-1	0.18836	82.4874
0.0395326	8	27.2908	1	-1	0.18846	82.6072
0.0396456	8	27.2715	1	-1	0.18857	82.6989
0.0397022	8	27.2643	2	-1	0.18897	82.7944
0.0400991	8	27.2446	1	-1	0.18841	82.0244
0.0401573	8	27.1081	3	-1	0.18918	82.7813
0.0404957	8	27.2225	2	-1	0.18797	82.5154
0.0407779	8	27.0385	1	-1	0.18304	78.467
0.0411243	8	26.6736	4	-1	0.18827	78.6359
0.0412263	8	26.4085	1	-1	0.16495	71.905
0.0413325	8	26.2204	3	-1	0.02805	13.6033
0.0417975	8	25.6162	3	-1	0.14834	63.6953
0.0423246	8	28.5814	4	-1	0.15164	96.876
0.0427474	8	31.9071	1	-1	0.07994	56.1692
0.0428595	8	40.0588	1	-1	0.06801	58.8322
0.0429131	8	44.0394	1	-1	0.06546	59.0261
0.042966	8	47.0008	1	-1	0.06397	59.0129
0.0430185	8	49.0679	1	-1	0.06303	58.9286
