0.00115629	8.35	28.5717	3	-1	0.19073	84.8141
0.00119892	8.35	29.9243	4	-1	0.17595	78.2417
0.00123985	8.35	30.8447	3	-1	0.16765	94.632
0.00127992	8.35	31.4917	4	-1	0.16245	91.6968
0.00131919	8.35	31.947	3	-1	0.15904	97.1296
0.00135814	8.35	32.275	1	-1	0.15672	95.7127
0.00139662	8.35	32.508	3	-1	0.15511	98.1212
0.00143503	8.35	32.6777	1	-1	0.15397	97.4001
0.00147314	8.35	32.797	3	-1	0.15317	98.5587
0.00151128	8.35	32.8848	1	-1	0.1526	98.1919
0.00154921	8.35	32.9442	3	-1	0.1522	98.7542
0.00158722	8.35	32.9897	4	-1	0.15191	98.5661
0.00162507	8.35	33.0177	3	-1	0.15171	98.8339
0.00166304	8.35	33.0397	4	-1	0.15157	98.7427
0.00166304	8.35	33.0393	1	-1	0.15158	98.7492
0.00170084	8.35	33.0522	2	-1	0.15149	98.8515
0.00170087	8.35	33.0503	3	-1	0.15149	98.8515
0.00173883	8.35	33.0596	4	-1	0.15143	98.8124
0.00173883	8.35	33.0593	1	-1	0.15144	98.8189
0.00177663	8.35	33.0635	2	-1	0.1514	98.838
0.00177666	8.35	33.0612	3	-1	0.15141	98.8445
0.00181463	8.35	33.0645	1	-1	0.15139	98.8314
0.00181463	8.35	33.0645	4	-1	0.15139	98.8314
0.00185244	8.35	33.0634	2	-1	0.15139	98.8121
0.00185248	8.35	33.0608	3	-1	0.1514	98.8186
0.00189048	8.35	33.0605	4	-1	0.1514	98.8186
0.00189048	8.35	33.0602	1	-1	0.15141	98.8251
0.00192832	8.35	33.0564	2	-1	0.15142	98.7672
0.00192836	8.35	33.0538	3	-1	0.15142	98.7672
0.00196638	8.35	33.052	4	-1	0.15144	98.7802
0.00196639	8.35	33.0516	1	-1	0.15145	98.7868
0.00200425	8.35	33.0467	2	-1	0.15147	98.729
0.00200429	8.35	33.0442	3	-1	0.15147	98.729
0.00204236	8.35	33.041	1	-1	0.1515	98.7485
0.00204236	8.35	33.041	4	-1	0.1515	98.7485
0.00208025	8.35	33.035	2	-1	0.15153	98.6845
0.00208029	8.35	33.0325	3	-1	0.15153	98.6845
0.00211839	8.35	33.0285	4	-1	0.15156	98.704
0.0021184	8.35	33.0282	1	-1	0.15157	98.7105
0.00215633	8.35	33.0223	2	-1	0.1516	98.6401
0.00215637	8.35	33.0197	3	-1	0.1516	98.6401
0.0021945	8.35	33.0158	4	-1	0.15163	98.6596
0.00219451	8.35	33.0155	1	-1	0.15164	98.6661
0.00223247	8.35	33.0091	2	-1	0.15166	98.5829
0.00223252	8.35	33.0062	3	-1	0.15167	98.5894
0.00227069	8.35	33.0022	4	-1	0.1517	98.6089
0.00227069	8.35	33.0019	1	-1	0.15171	98.6154
0.00230869	8.35	32.9953	2	-1	0.15174	98.5389
0.00230874	8.35	32.9921	3	-1	0.15175	98.5454
0.00234695	8.35	32.9887	4	-1	0.15177	98.5583
0.00234695	8.35	32.9884	1	-1	0.15178	98.5648
0.00238498	8.35	32.982	2	-1	0.15181	98.4948
0.00238503	8.35	32.9785	3	-1	0.15182	98.5013
0.00242328	8.35	32.9752	1	-1	0.15185	98.5207
0.00242328	8.35	32.9752	4	-1	0.15185	98.5207
0.00246134	8.35	32.9685	2	-1	0.15188	98.4444
0.0024614	8.35	32.9647	3	-1	0.15189	98.4509
0.00249969	8.35	32.9614	4	-1	0.15192	98.4703
0.00249969	8.35	32.9611	1	-1	0.15193	98.4768
0.00253779	8.35	32.9543	2	-1	0.15196	98.3942
0.00253785	8.35	32.9502	3	-1	0.15197	98.4007
0.00257617	8.35	32.9476	4	-1	0.15199	98.4136
0.00257617	8.35	32.9473	1	-1	0.152	98.4201
0.0026143	8.35	32.9409	2	-1	0.15203	98.3504
0.00261437	8.35	32.9365	3	-1	0.15204	98.3568
0.00265273	8.35	32.934	4	-1	0.15207	98.3762
0.00265273	8.35	32.9337	1	-1	0.15208	98.3827
0.00269089	8.35	32.927	2	-1	0.1521	98.2939
0.00269096	8.35	32.9223	3	-1	0.15211	98.3004
0.00272936	8.35	32.92	4	-1	0.15214	98.3198
0.00272936	8.35	32.9197	1	-1	0.15215	98.3262
0.00276755	8.35	32.913	2	-1	0.15218	98.2504
0.00276763	8.35	32.9079	3	-1	0.15219	98.2568
0.00280607	8.35	32.9064	4	-1	0.15222	98.2762
0.00280607	8.35	32.9061	1	-1	0.15223	98.2827
0.00284429	8.35	32.8997	2	-1	0.15225	98.2005
0.00284437	8.35	32.8943	3	-1	0.15226	98.2069
0.00288285	8.35	32.8928	4	-1	0.15229	98.2263
0.00288285	8.35	32.8925	1	-1	0.1523	98.2327
0.0029211	8.35	32.8859	2	-1	0.15233	98.1571
0.00292119	8.35	32.8803	3	-1	0.15234	98.1635
0.0029597	8.35	32.8789	4	-1	0.15236	98.1764
0.00295971	8.35	32.8786	1	-1	0.15237	98.1829
0.00299799	8.35	32.8719	2	-1	0.1524	98.1074
0.00299808	8.35	32.866	3	-1	0.15241	98.1138
0.00303663	8.35	32.8654	4	-1	0.15244	98.1331
0.00303664	8.35	32.865	1	-1	0.15245	98.1396
0.00307495	8.35	32.8587	2	-1	0.15247	98.0578
0.00307505	8.35	32.8521	3	-1	0.15249	98.0706
0.00311364	8.35	32.8519	4	-1	0.15251	98.0835
0.00311364	8.35	32.8516	1	-1	0.15252	98.0899
0.00315198	8.35	32.845	2	-1	0.15255	98.0146
0.00315209	8.35	32.8382	3	-1	0.15256	98.0211
0.00319071	8.35	32.8381	4	-1	0.15258	98.0339
0.00319072	8.35	32.8377	1	-1	0.15259	98.0403
0.00322909	8.35	32.8311	2	-1	0.15262	97.9652
0.00322921	8.35	32.8236	3	-1	0.15264	97.978
0.00326787	8.35	32.8241	4	-1	0.15266	97.9909
0.00326787	8.35	32.8238	1	-1	0.15267	97.9973
0.00330628	8.35	32.8176	2	-1	0.1527	97.9223
0.00330641	8.35	32.8098	3	-1	0.15271	97.9287
0.00334509	8.35	32.8109	4	-1	0.15273	97.9415
0.0033451	8.35	32.8106	1	-1	0.15274	97.9479
0.00338354	8.35	32.8041	2	-1	0.15277	97.873
0.00338367	8.35	32.7961	3	-1	0.15278	97.8794
0.0034224	8.35	32.7973	4	-1	0.15281	97.8986
0.0034224	8.35	32.797	1	-1	0.15282	97.9051
0.00346088	8.35	32.7904	2	-1	0.15284	97.8176
0.00346102	8.35	32.7817	3	-1	0.15286	97.8304
0.00349977	8.35	32.7835	4	-1	0.15288	97.8432
0.00349978	8.35	32.7832	1	-1	0.15289	97.8496
0.00353829	8.35	32.7765	2	-1	0.15292	97.7749
0.00353843	8.35	32.7676	3	-1	0.15293	97.7813
0.00357723	8.35	32.7696	4	-1	0.15296	97.8005
0.00357724	8.35	32.7693	1	-1	0.15297	97.8069
0.00361578	8.35	32.7631	2	-1	0.15299	97.726
0.00361593	8.35	32.7535	3	-1	0.15301	97.7387
0.00365476	8.35	32.7565	4	-1	0.15303	97.7515
0.00365476	8.35	32.7562	1	-1	0.15304	97.7579
0.00369333	8.35	32.7497	2	-1	0.15306	97.6771
0.0036935	8.35	32.7395	3	-1	0.15308	97.6899
0.00373236	8.35	32.743	4	-1	0.1531	97.7026
0.00373237	8.35	32.7427	1	-1	0.15311	97.709
0.00377097	8.35	32.7361	2	-1	0.15314	97.6347
0.00377114	8.35	32.7253	3	-1	0.15316	97.6474
0.00381004	8.35	32.7293	4	-1	0.15318	97.6602
0.00381005	8.35	32.729	1	-1	0.15319	97.6666
0.00384868	8.35	32.7223	2	-1	0.15321	97.5798
0.00384886	8.35	32.7109	3	-1	0.15323	97.5925
0.0038878	8.35	32.7155	4	-1	0.15325	97.6052
0.0038878	8.35	32.7152	1	-1	0.15326	97.6116
0.00392647	8.35	32.7089	2	-1	0.15329	97.5437
0.00392666	8.35	32.697	3	-1	0.15331	97.5565
0.00396562	8.35	32.7025	4	-1	0.15332	97.5628
0.00396562	8.35	32.7022	1	-1	0.15333	97.5692
0.00400433	8.35	32.6956	2	-1	0.15336	97.4952
0.00400453	8.35	32.6831	3	-1	0.15338	97.5079
0.00404352	8.35	32.6891	4	-1	0.1534	97.5207
0.00404353	8.35	32.6888	1	-1	0.15341	97.527
0.00408226	8.35	32.6821	2	-1	0.15343	97.4406
0.00408247	8.35	32.6689	3	-1	0.15345	97.4533
0.0041215	8.35	32.6755	4	-1	0.15347	97.466
0.0041215	8.35	32.6752	1	-1	0.15348	97.4724
0.00416027	8.35	32.6684	2	-1	0.15351	97.3986
0.0041605	8.35	32.6547	3	-1	0.15353	97.4113
0.00419956	8.35	32.6618	4	-1	0.15355	97.424
0.00419956	8.35	32.6615	1	-1	0.15356	97.4304
0.00423836	8.35	32.6546	2	-1	0.15358	97.3442
0.00423859	8.35	32.6404	3	-1	0.1536	97.3569
0.00427769	8.35	32.6481	4	-1	0.15362	97.3696
0.00427769	8.35	32.6478	1	-1	0.15363	97.3759
0.00431652	8.35	32.6413	2	-1	0.15366	97.3086
0.00431677	8.35	32.6265	3	-1	0.15368	97.3213
0.00435589	8.35	32.6351	4	-1	0.15369	97.3276
0.00435589	8.35	32.6348	1	-1	0.1537	97.3339
0.00439476	8.35	32.6282	2	-1	0.15373	97.2605
0.00439501	8.35	32.6127	3	-1	0.15375	97.2732
0.00443417	8.35	32.6219	4	-1	0.15377	97.2858
0.00443417	8.35	32.6216	1	-1	0.15378	97.2922
0.00447307	8.35	32.6147	2	-1	0.1538	97.2064
0.00447333	8.35	32.5987	3	-1	0.15382	97.2191
0.00451252	8.35	32.6084	4	-1	0.15384	97.2317
0.00451252	8.35	32.6081	1	-1	0.15385	97.238
0.00455146	8.35	32.6012	2	-1	0.15388	97.1649
0.00455173	8.35	32.5846	3	-1	0.1539	97.1775
0.00459095	8.35	32.5948	4	-1	0.15391	97.1838
0.00459095	8.35	32.5945	1	-1	0.15392	97.1901
0.00462992	8.35	32.5875	2	-1	0.15395	97.1171
0.0046302	8.35	32.5703	3	-1	0.15397	97.1297
0.00466945	8.35	32.5812	4	-1	0.15399	97.1423
0.00466946	8.35	32.5809	1	-1	0.154	97.1486
0.00470846	8.35	32.5739	2	-1	0.15403	97.0696
0.00470875	8.35	32.5561	3	-1	0.15405	97.0822
0.00474804	8.35	32.5676	4	-1	0.15406	97.0885
0.00474804	8.35	32.5673	1	-1	0.15407	97.0948
0.00478708	8.35	32.5602	2	-1	0.1541	97.022
0.00478738	8.35	32.5419	3	-1	0.15412	97.0346
0.0048267	8.35	32.5545	4	-1	0.15414	97.0472
0.0048267	8.35	32.5542	1	-1	0.15415	97.0535
0.00486577	8.35	32.5474	2	-1	0.15418	96.9808
0.00486607	8.35	32.5289	3	-1	0.15419	96.987
0.00490543	8.35	32.5415	4	-1	0.15421	96.9996
0.00490543	8.35	32.5412	1	-1	0.15422	97.0059
0.00494453	8.35	32.5343	2	-1	0.15425	96.9333
0.00494485	8.35	32.5151	3	-1	0.15427	96.9459
0.00498423	8.35	32.5282	4	-1	0.15428	96.9522
0.00498424	8.35	32.5279	1	-1	0.15429	96.9585
0.00502337	8.35	32.5209	2	-1	0.15432	96.886
0.0050237	8.35	32.5012	3	-1	0.15434	96.8985
0.00506311	8.35	32.5149	4	-1	0.15436	96.9111
0.00506312	8.35	32.5146	1	-1	0.15437	96.9174
0.00510229	8.35	32.5074	2	-1	0.1544	96.8389
0.00510262	8.35	32.4875	3	-1	0.15441	96.8452
0.00514207	8.35	32.5014	4	-1	0.15443	96.8578
0.00514208	8.35	32.5011	1	-1	0.15444	96.864
0.00518128	8.35	32.494	2	-1	0.15447	96.7918
0.00518162	8.35	32.4734	3	-1	0.15449	96.8043
0.00522111	8.35	32.488	4	-1	0.15451	96.8168
0.00522111	8.35	32.4877	1	-1	0.15452	96.8231
0.00526035	8.35	32.4805	2	-1	0.15455	96.7449
0.0052607	8.35	32.4597	3	-1	0.15456	96.7512
0.00530022	8.35	32.4746	4	-1	0.15458	96.7637
0.00530022	8.35	32.4743	1	-1	0.15459	96.77
0.0053395	8.35	32.467	2	-1	0.15462	96.6979
0.00533985	8.35	32.4457	3	-1	0.15464	96.7104
0.00537941	8.35	32.4612	4	-1	0.15466	96.723
0.00537941	8.35	32.4609	1	-1	0.15467	96.7292
0.00541872	8.35	32.4536	2	-1	0.1547	96.6513
0.00541908	8.35	32.432	3	-1	0.15471	96.6575
0.00545867	8.35	32.4477	4	-1	0.15473	96.67
0.00545868	8.35	32.4475	1	-1	0.15474	96.6762
0.00549802	8.35	32.4401	2	-1	0.15477	96.6045
0.00549839	8.35	32.418	3	-1	0.15479	96.6169
0.00553802	8.35	32.4344	4	-1	0.15481	96.6294
0.00553802	8.35	32.4341	1	-1	0.15482	96.6357
0.0055774	8.35	32.4268	2	-1	0.15485	96.558
0.00557777	8.35	32.4044	3	-1	0.15486	96.5642
0.00561743	8.35	32.421	4	-1	0.15488	96.5767
0.00561744	8.35	32.4207	1	-1	0.15489	96.5829
0.00565685	8.35	32.4134	2	-1	0.15492	96.5113
0.00565724	8.35	32.3904	3	-1	0.15494	96.5238
0.00569693	8.35	32.4079	4	-1	0.15495	96.53
0.00569693	8.35	32.4076	1	-1	0.15496	96.5363
0.00573637	8.35	32.4006	2	-1	0.15499	96.4708
0.00573677	8.35	32.3768	3	-1	0.15501	96.4833
0.00577649	8.35	32.3953	4	-1	0.15502	96.4895
0.00577649	8.35	32.395	1	-1	0.15503	96.4957
0.00581597	8.35	32.3877	2	-1	0.15506	96.4244
0.00581638	8.35	32.3634	3	-1	0.15508	96.4368
0.00585613	8.35	32.3824	4	-1	0.1551	96.4492
0.00585613	8.35	32.3821	1	-1	0.15511	96.4554
0.00589564	8.35	32.3747	2	-1	0.15514	96.3782
0.00589606	8.35	32.3498	3	-1	0.15516	96.3906
0.00593584	8.35	32.3693	4	-1	0.15517	96.3968
0.00593585	8.35	32.369	1	-1	0.15518	96.4031
0.00597539	8.35	32.3615	2	-1	0.15521	96.3319
0.00597582	8.35	32.3361	3	-1	0.15523	96.3443
0.00601563	8.35	32.3562	4	-1	0.15524	96.3505
0.00601564	8.35	32.3559	1	-1	0.15525	96.3568
0.00605522	8.35	32.3483	2	-1	0.15528	96.2857
0.00605566	8.35	32.3223	3	-1	0.1553	96.2981
0.0060955	8.35	32.343	4	-1	0.15532	96.3105
0.00609551	8.35	32.3427	1	-1	0.15533	96.3167
0.00613512	8.35	32.3351	2	-1	0.15536	96.2399
0.00613557	8.35	32.3086	3	-1	0.15538	96.2522
0.00617544	8.35	32.3299	4	-1	0.15539	96.2584
0.00617545	8.35	32.3296	1	-1	0.1554	96.2646
0.0062151	8.35	32.3218	2	-1	0.15543	96.1938
0.00621556	8.35	32.2948	3	-1	0.15545	96.2062
0.00625546	8.35	32.3167	4	-1	0.15547	96.2186
0.00625547	8.35	32.3165	1	-1	0.15548	96.2248
0.00629515	8.35	32.3087	2	-1	0.15551	96.1481
0.00629562	8.35	32.2814	3	-1	0.15552	96.1543
0.00633556	8.35	32.3036	4	-1	0.15554	96.1667
0.00633557	8.35	32.3033	1	-1	0.15555	96.1729
0.00637528	8.35	32.2955	2	-1	0.15558	96.1023
0.00637576	8.35	32.2677	3	-1	0.1556	96.1146
0.00641573	8.35	32.2905	4	-1	0.15561	96.1208
0.00641574	8.35	32.2902	1	-1	0.15562	96.127
0.00645549	8.35	32.2824	2	-1	0.15566	96.0627
0.00645597	8.35	32.2543	3	-1	0.15567	96.0689
0.00649598	8.35	32.2774	4	-1	0.15569	96.0812
0.00649598	8.35	32.2772	1	-1	0.1557	96.0874
0.00653578	8.35	32.2692	2	-1	0.15573	96.0111
0.00653627	8.35	32.2407	3	-1	0.15575	96.0234
0.0065763	8.35	32.2644	4	-1	0.15576	96.0296
0.00657631	8.35	32.2641	1	-1	0.15577	96.0358
0.00661614	8.35	32.2561	2	-1	0.1558	95.9655
0.00661664	8.35	32.227	3	-1	0.15582	95.9778
0.00665671	8.35	32.2514	4	-1	0.15584	95.9901
0.00665671	8.35	32.2511	1	-1	0.15585	95.9963
0.00669657	8.35	32.2426	2	-1	0.15588	95.9143
0.00669708	8.35	32.213	3	-1	0.1559	95.9267
0.00673719	8.35	32.2378	4	-1	0.15591	95.9328
0.00673719	8.35	32.2375	1	-1	0.15592	95.939
0.00677709	8.35	32.2291	2	-1	0.15595	95.8689
0.00677761	8.35	32.1987	3	-1	0.15597	95.8812
0.00681775	8.35	32.2243	4	-1	0.15599	95.8935
0.00681775	8.35	32.224	1	-1	0.156	95.8997
0.00685768	8.35	32.2157	2	-1	0.15603	95.8239
0.00685822	8.35	32.1848	3	-1	0.15605	95.8361
0.00689839	8.35	32.211	4	-1	0.15606	95.8423
0.00689839	8.35	32.2107	1	-1	0.15607	95.8484
0.00693836	8.35	32.2025	2	-1	0.15611	95.7848
0.0069389	8.35	32.1714	3	-1	0.15612	95.7909
0.0069791	8.35	32.198	4	-1	0.15614	95.8032
0.0069791	8.35	32.1977	1	-1	0.15615	95.8093
0.00701911	8.35	32.1894	2	-1	0.15618	95.7337
0.00701966	8.35	32.1578	3	-1	0.1562	95.746
0.00705989	8.35	32.185	4	-1	0.15621	95.7521
0.00705989	8.35	32.1847	1	-1	0.15622	95.7582
0.00709993	8.35	32.1764	2	-1	0.15626	95.6948
0.00710049	8.35	32.1445	3	-1	0.15627	95.7009
0.00714076	8.35	32.1721	4	-1	0.15629	95.7131
0.00714076	8.35	32.1718	1	-1	0.1563	95.7193
0.00718084	8.35	32.1634	2	-1	0.15633	95.6439
0.0071814	8.35	32.1314	3	-1	0.15634	95.65
0.0072217	8.35	32.1592	4	-1	0.15636	95.6623
0.0072217	8.35	32.1589	1	-1	0.15637	95.6684
0.00726181	8.35	32.1505	2	-1	0.1564	95.599
0.00726238	8.35	32.1179	3	-1	0.15642	95.6112
0.00730272	8.35	32.1464	4	-1	0.15643	95.6174
0.00730272	8.35	32.1461	1	-1	0.15644	95.6235
0.00734287	8.35	32.1376	2	-1	0.15648	95.5603
0.00734344	8.35	32.1048	3	-1	0.15649	95.5664
0.00738381	8.35	32.1336	4	-1	0.15651	95.5786
0.00738382	8.35	32.1333	1	-1	0.15652	95.5847
0.007424	8.35	32.1248	2	-1	0.15655	95.5097
0.00742458	8.35	32.0917	3	-1	0.15656	95.5158
0.00746498	8.35	32.1208	4	-1	0.15658	95.528
0.00746499	8.35	32.1205	1	-1	0.15659	95.5341
0.00750521	8.35	32.1119	2	-1	0.15662	95.4651
0.00750579	8.35	32.0784	3	-1	0.15664	95.4773
0.00754623	8.35	32.108	4	-1	0.15665	95.4834
0.00754623	8.35	32.1077	1	-1	0.15666	95.4895
0.00758649	8.35	32.0991	2	-1	0.1567	95.4266
0.00758708	8.35	32.0653	3	-1	0.15671	95.4327
0.00762755	8.35	32.0948	4	-1	0.15673	95.4449
0.00762755	8.35	32.0945	1	-1	0.15674	95.4509
0.00766785	8.35	32.0855	2	-1	0.15677	95.3705
0.00766846	8.35	32.0512	3	-1	0.15679	95.3826
0.00770896	8.35	32.0816	4	-1	0.15681	95.3948
0.00770896	8.35	32.0813	1	-1	0.15682	95.4009
0.0077493	8.35	32.0723	2	-1	0.15685	95.3264
0.0077499	8.35	32.0379	3	-1	0.15686	95.3324
0.00779044	8.35	32.0686	4	-1	0.15688	95.3446
0.00779044	8.35	32.0683	1	-1	0.15689	95.3507
0.00783081	8.35	32.0594	2	-1	0.15692	95.282
0.00783143	8.35	32.0244	3	-1	0.15694	95.2942
0.007872	8.35	32.0557	4	-1	0.15695	95.3003
0.007872	8.35	32.0554	1	-1	0.15696	95.3063
0.00791241	8.35	32.0465	2	-1	0.157	95.2439
0.00791303	8.35	32.0113	3	-1	0.15701	95.2499
0.00795363	8.35	32.043	4	-1	0.15703	95.2621
0.00795364	8.35	32.0428	1	-1	0.15704	95.2681
0.00799408	8.35	32.0338	2	-1	0.15707	95.1939
0.00799471	8.35	31.9984	3	-1	0.15708	95.2
0.00803534	8.35	32.0304	4	-1	0.1571	95.2121
0.00803535	8.35	32.0301	1	-1	0.15711	95.2182
0.00807582	8.35	32.0211	2	-1	0.15714	95.1499
0.00807646	8.35	31.9855	3	-1	0.15715	95.1559
0.00811712	8.35	32.0174	4	-1	0.15717	95.168
0.00811713	8.35	32.0172	1	-1	0.15718	95.1741
0.00815765	8.35	32.0077	2	-1	0.15722	95.1062
0.00815829	8.35	31.9716	3	-1	0.15723	95.1122
0.00819899	8.35	32.0042	4	-1	0.15725	95.1243
0.008199	8.35	32.004	1	-1	0.15726	95.1304
0.00823955	8.35	31.9947	2	-1	0.1573	95.0625
0.0082402	8.35	31.9584	3	-1	0.15731	95.0686
0.00828094	8.35	31.9914	4	-1	0.15733	95.0807
0.00828095	8.35	31.9911	1	-1	0.15734	95.0867
0.00832154	8.35	31.9818	2	-1	0.15737	95.013
0.00832219	8.35	31.9453	3	-1	0.15738	95.019
0.00836296	8.35	31.9787	4	-1	0.1574	95.0311
0.00836297	8.35	31.9784	1	-1	0.15741	95.0371
0.00840359	8.35	31.9691	2	-1	0.15744	94.9692
0.00840425	8.35	31.9324	3	-1	0.15745	94.9753
0.00844506	8.35	31.9661	4	-1	0.15747	94.9873
0.00844506	8.35	31.9658	1	-1	0.15748	94.9934
0.00848573	8.35	31.9565	2	-1	0.15752	94.9316
0.00848639	8.35	31.9196	3	-1	0.15753	94.9376
0.00852723	8.35	31.9533	4	-1	0.15754	94.9437
0.00852723	8.35	31.953	1	-1	0.15755	94.9497
0.00856794	8.35	31.9432	2	-1	0.15759	94.8823
0.00856861	8.35	31.9058	3	-1	0.1576	94.8883
0.00860948	8.35	31.9402	4	-1	0.15762	94.9004
0.00860949	8.35	31.9399	1	-1	0.15763	94.9064
0.00865023	8.35	31.9303	2	-1	0.15767	94.8391
0.0086509	8.35	31.8929	3	-1	0.15767	94.8391
0.00869181	8.35	31.9274	4	-1	0.1577	94.8571
0.00869182	8.35	31.9271	1	-1	0.15771	94.8632
0.0087326	8.35	31.9176	2	-1	0.15774	94.79
0.00873328	8.35	31.88	3	-1	0.15775	94.796
0.00877422	8.35	31.9148	4	-1	0.15777	94.808
0.00877423	8.35	31.9145	1	-1	0.15778	94.814
0.00881505	8.35	31.905	2	-1	0.15782	94.7526
0.00881572	8.35	31.8676	3	-1	0.15782	94.7526
0.0088567	8.35	31.9021	4	-1	0.15784	94.7646
0.00885671	8.35	31.9018	1	-1	0.15785	94.7707
0.00889757	8.35	31.8919	2	-1	0.15789	94.7037
0.00889825	8.35	31.8539	3	-1	0.1579	94.7097
0.00893927	8.35	31.8891	4	-1	0.15792	94.7217
0.00893928	8.35	31.8888	1	-1	0.15793	94.7277
0.00898017	8.35	31.879	2	-1	0.15797	94.6608
0.00898086	8.35	31.8411	3	-1	0.15797	94.6608
0.00902191	8.35	31.8763	4	-1	0.15799	94.6728
0.00902192	8.35	31.8761	1	-1	0.158	94.6788
0.00906285	8.35	31.8663	2	-1	0.15804	94.6177
0.00906354	8.35	31.8285	3	-1	0.15804	94.6177
0.00910463	8.35	31.8639	4	-1	0.15807	94.6357
0.00910463	8.35	31.8636	1	-1	0.15808	94.6417
0.00914561	8.35	31.8538	2	-1	0.15811	94.5691
0.0091463	8.35	31.8158	3	-1	0.15812	94.575
0.00918742	8.35	31.851	4	-1	0.15814	94.587
0.00918743	8.35	31.8507	1	-1	0.15815	94.593
0.00922844	8.35	31.8407	2	-1	0.15819	94.5264
0.00922914	8.35	31.8027	3	-1	0.15819	94.5264
0.0092703	8.35	31.8382	4	-1	0.15822	94.5444
0.00927031	8.35	31.8379	1	-1	0.15823	94.5503
0.00931136	8.35	31.8279	2	-1	0.15826	94.4779
0.00931205	8.35	31.7898	3	-1	0.15827	94.4839
0.00935325	8.35	31.8256	4	-1	0.15829	94.4959
0.00935326	8.35	31.8253	1	-1	0.1583	94.5018
0.00939435	8.35	31.8155	2	-1	0.15834	94.4411
0.00939505	8.35	31.7774	3	-1	0.15834	94.4411
0.00943628	8.35	31.8132	4	-1	0.15836	94.4531
0.00943628	8.35	31.8129	1	-1	0.15837	94.459
0.00947741	8.35	31.8026	2	-1	0.15841	94.3928
0.00947811	8.35	31.7647	3	-1	0.15841	94.3928
0.00951939	8.35	31.8002	4	-1	0.15844	94.4107
0.0095194	8.35	31.7999	1	-1	0.15845	94.4166
0.00956056	8.35	31.7899	2	-1	0.15849	94.3505
0.00956126	8.35	31.752	3	-1	0.15849	94.3505
0.00960258	8.35	31.7876	4	-1	0.15851	94.3624
0.00960258	8.35	31.7873	1	-1	0.15852	94.3684
0.00964379	8.35	31.7773	2	-1	0.15856	94.308
0.00964449	8.35	31.7395	3	-1	0.15856	94.308
0.00968584	8.35	31.7752	4	-1	0.15859	94.3258
0.00968584	8.35	31.775	1	-1	0.1586	94.3318
0.00972709	8.35	31.7646	2	-1	0.15863	94.2543
0.00972779	8.35	31.7265	3	-1	0.15864	94.2602
0.00976918	8.35	31.7622	4	-1	0.15866	94.2721
0.00976919	8.35	31.7619	1	-1	0.15867	94.2781
0.00981047	8.35	31.7518	2	-1	0.15871	94.2179
0.00981117	8.35	31.7138	3	-1	0.15871	94.2179
0.0098526	8.35	31.7496	4	-1	0.15873	94.2297
0.0098526	8.35	31.7493	1	-1	0.15874	94.2357
0.00989393	8.35	31.7393	2	-1	0.15878	94.1756
0.00989464	8.35	31.7011	3	-1	0.15879	94.1815
0.0099361	8.35	31.7374	4	-1	0.15881	94.1934
0.0099361	8.35	31.7371	1	-1	0.15882	94.1993
0.00997746	8.35	31.7266	2	-1	0.15886	94.1281
0.00997817	8.35	31.6885	3	-1	0.15886	94.1281
0.0100197	8.35	31.7244	4	-1	0.15888	94.14
0.0100197	8.35	31.7241	1	-1	0.15889	94.1459
0.0100611	8.35	31.7138	2	-1	0.15893	94.086
0.0100618	8.35	31.6758	3	-1	0.15893	94.086
0.0101033	8.35	31.7119	4	-1	0.15896	94.1037
0.0101033	8.35	31.7116	1	-1	0.15897	94.1096
0.0101448	8.35	31.7015	2	-1	0.15901	94.0442
0.0101455	8.35	31.6636	3	-1	0.15901	94.0442
0.0101871	8.35	31.6994	4	-1	0.15903	94.0561
0.0101871	8.35	31.6992	1	-1	0.15904	94.062
0.0102285	8.35	31.6886	2	-1	0.15908	93.9967
0.0102293	8.35	31.6505	3	-1	0.15908	93.9967
0.0102709	8.35	31.6867	4	-1	0.15911	94.0144
0.0102709	8.35	31.6865	1	-1	0.15912	94.0203
0.0103124	8.35	31.6761	2	-1	0.15916	93.9551
0.0103131	8.35	31.6381	3	-1	0.15916	93.9551
0.0103548	8.35	31.6744	4	-1	0.15918	93.9669
0.0103548	8.35	31.6741	1	-1	0.15919	93.9728
0.0103963	8.35	31.6638	2	-1	0.15923	93.9133
0.010397	8.35	31.6258	3	-1	0.15923	93.9133
0.0104387	8.35	31.6618	4	-1	0.15925	93.9251
0.0104387	8.35	31.6615	1	-1	0.15926	93.931
0.0104803	8.35	31.6509	2	-1	0.15931	93.8719
0.010481	8.35	31.6133	3	-1	0.1593	93.866
0.0105228	8.35	31.6492	4	-1	0.15933	93.8837
0.0105228	8.35	31.649	1	-1	0.15934	93.8896
0.0105644	8.35	31.6385	2	-1	0.15938	93.8247
0.0105651	8.35	31.6009	3	-1	0.15938	93.8247
0.0106069	8.35	31.6367	4	-1	0.1594	93.8365
0.0106069	8.35	31.6365	1	-1	0.15941	93.8424
0.0106486	8.35	31.6257	2	-1	0.15946	93.7834
0.0106493	8.35	31.5882	3	-1	0.15945	93.7776
0.0106911	8.35	31.6241	4	-1	0.15948	93.7952
0.0106911	8.35	31.6238	1	-1	0.15949	93.8011
0.0107328	8.35	31.6132	2	-1	0.15953	93.7364
0.0107335	8.35	31.5761	3	-1	0.15952	93.7305
0.0107754	8.35	31.6118	4	-1	0.15955	93.7482
0.0107754	8.35	31.6115	1	-1	0.15956	93.754
0.0108171	8.35	31.6006	2	-1	0.1596	93.6895
0.0108178	8.35	31.5635	3	-1	0.1596	93.6895
0.0108597	8.35	31.599	4	-1	0.15963	93.7071
0.0108597	8.35	31.5987	1	-1	0.15964	93.7129
0.0109015	8.35	31.5882	2	-1	0.15968	93.6485
0.0109022	8.35	31.5514	3	-1	0.15967	93.6426
0.0109442	8.35	31.5867	4	-1	0.1597	93.6602
0.0109442	8.35	31.5864	1	-1	0.15971	93.6661
0.010986	8.35	31.576	2	-1	0.15975	93.6072
0.0109867	8.35	31.5393	3	-1	0.15975	93.6072
0.0110287	8.35	31.5743	4	-1	0.15978	93.6248
0.0110287	8.35	31.574	1	-1	0.15979	93.6306
0.0110706	8.35	31.5633	2	-1	0.15983	93.5608
0.0110713	8.35	31.5269	3	-1	0.15982	93.555
0.0111133	8.35	31.5618	4	-1	0.15985	93.5726
0.0111133	8.35	31.5616	1	-1	0.15986	93.5784
0.0111552	8.35	31.5511	2	-1	0.1599	93.5197
0.0111559	8.35	31.5148	3	-1	0.1599	93.5197
0.011198	8.35	31.5493	4	-1	0.15992	93.5314
0.011198	8.35	31.549	1	-1	0.15993	93.5373
0.0112399	8.35	31.5383	2	-1	0.15998	93.479
0.0112406	8.35	31.5023	3	-1	0.15997	93.4732
0.0112827	8.35	31.5369	4	-1	0.16	93.4907
0.0112827	8.35	31.5367	1	-1	0.16001	93.4966
0.0113247	8.35	31.526	2	-1	0.16005	93.4326
0.0113254	8.35	31.4904	3	-1	0.16004	93.4267
0.0113675	8.35	31.5244	4	-1	0.16008	93.4501
0.0113675	8.35	31.5242	1	-1	0.16009	93.4559
0.0114096	8.35	31.5134	2	-1	0.16013	93.3866
0.0114103	8.35	31.4781	3	-1	0.16012	93.3808
0.0114524	8.35	31.512	4	-1	0.16015	93.3983
0.0114525	8.35	31.5118	1	-1	0.16016	93.4041
0.0114946	8.35	31.5013	2	-1	0.1602	93.3458
0.0114952	8.35	31.4663	3	-1	0.16019	93.3399
0.0115374	8.35	31.4996	4	-1	0.16022	93.3574
0.0115374	8.35	31.4993	1	-1	0.16023	93.3632
0.0115796	8.35	31.4886	2	-1	0.16028	93.3054
0.0115803	8.35	31.4539	3	-1	0.16027	93.2996
0.0116225	8.35	31.4873	4	-1	0.1603	93.317
0.0116225	8.35	31.487	1	-1	0.16031	93.3229
0.0116647	8.35	31.4764	2	-1	0.16035	93.2593
0.0116654	8.35	31.4421	3	-1	0.16034	93.2535
0.0117077	8.35	31.4748	4	-1	0.16037	93.2709
0.0117077	8.35	31.4746	1	-1	0.16038	93.2767
0.0117499	8.35	31.4638	2	-1	0.16043	93.2191
0.0117506	8.35	31.4301	3	-1	0.16041	93.2074
0.0117929	8.35	31.4626	4	-1	0.16045	93.2307
0.0117929	8.35	31.4623	1	-1	0.16046	93.2365
0.0118352	8.35	31.4518	2	-1	0.1605	93.1731
0.0118358	8.35	31.4183	3	-1	0.16049	93.1673
0.0118782	8.35	31.4502	4	-1	0.16052	93.1847
0.0118782	8.35	31.4499	1	-1	0.16053	93.1905
0.0119205	8.35	31.4392	2	-1	0.16057	93.1272
0.0119212	8.35	31.406	3	-1	0.16056	93.1214
0.0119636	8.35	31.4379	4	-1	0.1606	93.1446
0.0119636	8.35	31.4377	1	-1	0.16061	93.1504
0.0120059	8.35	31.4273	2	-1	0.16065	93.0873
0.0120066	8.35	31.3944	3	-1	0.16064	93.0815
0.012049	8.35	31.4256	4	-1	0.16067	93.0989
0.012049	8.35	31.4254	1	-1	0.16068	93.1046
0.0120915	8.35	31.4147	2	-1	0.16072	93.0416
0.0120921	8.35	31.3822	3	-1	0.16071	93.0358
0.0121346	8.35	31.4134	4	-1	0.16074	93.0531
0.0121346	8.35	31.4131	1	-1	0.16075	93.0589
0.012177	8.35	31.4023	2	-1	0.1608	93.0017
0.0121777	8.35	31.3701	3	-1	0.16079	92.996
0.0122202	8.35	31.4008	4	-1	0.16082	93.0133
0.0122202	8.35	31.4006	1	-1	0.16083	93.0191
0.0122627	8.35	31.3901	2	-1	0.16087	92.9562
0.0122633	8.35	31.3582	3	-1	0.16086	92.9504
0.0123059	8.35	31.3888	4	-1	0.16089	92.9678
0.0123059	8.35	31.3885	1	-1	0.1609	92.9735
0.0123484	8.35	31.3778	2	-1	0.16094	92.9107
0.0123491	8.35	31.3462	3	-1	0.16093	92.905
0.0123917	8.35	31.3763	4	-1	0.16097	92.9281
0.0123917	8.35	31.3761	1	-1	0.16098	92.9338
0.0124343	8.35	31.3657	2	-1	0.16102	92.8712
0.0124349	8.35	31.3345	3	-1	0.16101	92.8654
0.0124775	8.35	31.364	4	-1	0.16104	92.8827
0.0124775	8.35	31.3637	1	-1	0.16105	92.8885
0.0125202	8.35	31.3531	2	-1	0.16109	92.8259
0.0125208	8.35	31.3222	3	-1	0.16108	92.8201
0.0125635	8.35	31.3518	4	-1	0.16112	92.8431
0.0125635	8.35	31.3516	1	-1	0.16113	92.8489
0.0126062	8.35	31.3413	2	-1	0.16117	92.7864
0.0126068	8.35	31.3107	3	-1	0.16116	92.7807
0.0126495	8.35	31.3396	4	-1	0.16119	92.7979
0.0126495	8.35	31.3394	1	-1	0.1612	92.8037
0.0126922	8.35	31.3289	2	-1	0.16124	92.7413
0.0126928	8.35	31.2986	3	-1	0.16123	92.7355
0.0127356	8.35	31.3275	4	-1	0.16126	92.7528
0.0127356	8.35	31.3273	1	-1	0.16127	92.7585
0.0127783	8.35	31.3166	2	-1	0.16131	92.6962
0.0127789	8.35	31.2863	3	-1	0.16131	92.6962
0.0128218	8.35	31.3151	4	-1	0.16134	92.7135
0.0128218	8.35	31.3148	1	-1	0.16135	92.7192
0.0128646	8.35	31.3045	2	-1	0.16139	92.657
0.0128652	8.35	31.2746	3	-1	0.16138	92.6513
0.012908	8.35	31.3028	4	-1	0.16141	92.6685
0.012908	8.35	31.3025	1	-1	0.16142	92.6742
0.0129509	8.35	31.292	2	-1	0.16146	92.6121
0.0129515	8.35	31.2621	3	-1	0.16146	92.6121
0.0129944	8.35	31.2908	4	-1	0.16149	92.6293
0.0129944	8.35	31.2905	1	-1	0.1615	92.6351
0.0130372	8.35	31.2798	2	-1	0.16154	92.5678
0.0130378	8.35	31.2502	3	-1	0.16153	92.562
0.0130808	8.35	31.2783	4	-1	0.16156	92.5792
0.0130808	8.35	31.278	1	-1	0.16157	92.585
0.0131237	8.35	31.2678	2	-1	0.16161	92.5283
0.0131243	8.35	31.2382	3	-1	0.16161	92.5283
0.0131673	8.35	31.266	4	-1	0.16163	92.5398
0.0131673	8.35	31.2658	1	-1	0.16164	92.5455
0.0132102	8.35	31.2553	2	-1	0.16169	92.4894
0.0132108	8.35	31.2261	3	-1	0.16168	92.4837
0.0132538	8.35	31.2541	4	-1	0.16171	92.5009
0.0132539	8.35	31.2538	1	-1	0.16172	92.5066
0.0132969	8.35	31.2431	2	-1	0.16176	92.4396
0.0132974	8.35	31.2141	3	-1	0.16175	92.4339
0.0133405	8.35	31.2417	4	-1	0.16179	92.4567
0.0133405	8.35	31.2415	1	-1	0.1618	92.4624
0.0133836	8.35	31.2312	2	-1	0.16184	92.4008
0.0133841	8.35	31.2026	3	-1	0.16183	92.3951
0.0134272	8.35	31.2295	4	-1	0.16186	92.4122
0.0134272	8.35	31.2293	1	-1	0.16187	92.4179
0.0134703	8.35	31.2189	2	-1	0.16191	92.3564
0.0134709	8.35	31.1906	3	-1	0.1619	92.3507
0.0135141	8.35	31.2176	4	-1	0.16193	92.3678
0.0135141	8.35	31.2173	1	-1	0.16194	92.3735
0.0135572	8.35	31.2068	2	-1	0.16199	92.3178
0.0135578	8.35	31.1787	3	-1	0.16198	92.3121
0.013601	8.35	31.2053	4	-1	0.16201	92.3292
0.013601	8.35	31.2051	1	-1	0.16202	92.3349
0.0136441	8.35	31.1949	2	-1	0.16206	92.2735
0.0136447	8.35	31.1671	3	-1	0.16205	92.2678
0.0136879	8.35	31.1932	4	-1	0.16208	92.2849
0.0136879	8.35	31.193	1	-1	0.16209	92.2906
0.0137311	8.35	31.1825	2	-1	0.16213	92.2294
0.0137317	8.35	31.1551	3	-1	0.16212	92.2237
0.013775	8.35	31.1813	4	-1	0.16216	92.2464
0.013775	8.35	31.1811	1	-1	0.16217	92.2521
0.0138182	8.35	31.1706	2	-1	0.16221	92.1857
0.0138188	8.35	31.1435	3	-1	0.1622	92.18
0.0138621	8.35	31.169	4	-1	0.16223	92.1971
0.0138621	8.35	31.1688	1	-1	0.16224	92.2028
0.0139054	8.35	31.1588	2	-1	0.16228	92.147
0.013906	8.35	31.1319	3	-1	0.16227	92.1413
0.0139493	8.35	31.157	4	-1	0.1623	92.1583
0.0139493	8.35	31.1567	1	-1	0.16231	92.164
0.0139927	8.35	31.1465	2	-1	0.16236	92.1087
0.0139932	8.35	31.12	3	-1	0.16235	92.103
0.0140366	8.35	31.145	4	-1	0.16238	92.12
0.0140366	8.35	31.1448	1	-1	0.16239	92.1257
0.01408	8.35	31.1343	2	-1	0.16243	92.0596
0.0140805	8.35	31.1078	3	-1	0.16242	92.054
0.014124	8.35	31.1329	4	-1	0.16245	92.071
0.014124	8.35	31.1327	1	-1	0.16246	92.0766
0.0141674	8.35	31.1222	2	-1	0.16251	92.0215
0.014168	8.35	31.096	3	-1	0.1625	92.0159
0.0142114	8.35	31.1207	4	-1	0.16253	92.0328
0.0142115	8.35	31.1205	1	-1	0.16254	92.0385
0.0142549	8.35	31.1104	2	-1	0.16258	91.9778
0.0142554	8.35	31.0845	3	-1	0.16257	91.9722
0.014299	8.35	31.1087	4	-1	0.1626	91.9891
0.014299	8.35	31.1085	1	-1	0.16261	91.9948
0.0143425	8.35	31.0983	2	-1	0.16266	91.9399
0.014343	8.35	31.0729	3	-1	0.16264	91.9286
0.0143866	8.35	31.0968	4	-1	0.16268	91.9512
0.0143866	8.35	31.0965	1	-1	0.16269	91.9568
0.0144302	8.35	31.0862	2	-1	0.16273	91.8911
0.0144307	8.35	31.0609	3	-1	0.16272	91.8855
0.0144743	8.35	31.0848	4	-1	0.16275	91.9024
0.0144743	8.35	31.0846	1	-1	0.16276	91.9081
0.0145179	8.35	31.0741	2	-1	0.1628	91.8477
0.0145184	8.35	31.0491	3	-1	0.16279	91.842
0.0145621	8.35	31.0726	4	-1	0.16283	91.8646
0.0145621	8.35	31.0724	1	-1	0.16284	91.8702
0.0146057	8.35	31.0625	2	-1	0.16288	91.8099
0.0146062	8.35	31.0378	3	-1	0.16287	91.8043
0.0146499	8.35	31.0607	4	-1	0.1629	91.8212
0.0146499	8.35	31.0605	1	-1	0.16291	91.8268
0.0146936	8.35	31.0504	2	-1	0.16295	91.7666
0.0146941	8.35	31.026	3	-1	0.16294	91.761
0.0147378	8.35	31.0486	4	-1	0.16297	91.7779
0.0147379	8.35	31.0483	1	-1	0.16298	91.7835
0.0147816	8.35	31.0382	2	-1	0.16303	91.729
0.0147821	8.35	31.0141	3	-1	0.16302	91.7234
0.0148259	8.35	31.0369	4	-1	0.16305	91.7403
0.0148259	8.35	31.0367	1	-1	0.16306	91.7459
0.0148696	8.35	31.0263	2	-1	0.1631	91.6807
0.0148701	8.35	31.0025	3	-1	0.16309	91.6751
0.014914	8.35	31.0248	4	-1	0.16312	91.692
0.014914	8.35	31.0246	1	-1	0.16313	91.6976
0.0149578	8.35	31.0143	2	-1	0.16317	91.6377
0.0149583	8.35	30.9905	3	-1	0.16317	91.6377
0.0150021	8.35	31.0127	4	-1	0.1632	91.6545
0.0150021	8.35	31.0124	1	-1	0.16321	91.6601
0.015046	8.35	31.0026	2	-1	0.16325	91.6003
0.0150465	8.35	30.9791	3	-1	0.16324	91.5947
0.0150904	8.35	31.0008	4	-1	0.16327	91.6115
0.0150904	8.35	31.0006	1	-1	0.16328	91.6171
0.0151343	8.35	30.9906	2	-1	0.16332	91.5573
0.0151348	8.35	30.9674	3	-1	0.16331	91.5517
0.0151787	8.35	30.9889	4	-1	0.16335	91.5742
0.0151787	8.35	30.9886	1	-1	0.16336	91.5798
0.0152227	8.35	30.9786	2	-1	0.1634	91.515
0.0152232	8.35	30.9557	3	-1	0.16339	91.5094
0.0152671	8.35	30.9768	4	-1	0.16342	91.5262
0.0152672	8.35	30.9765	1	-1	0.16343	91.5318
0.0153111	8.35	30.9665	2	-1	0.16347	91.4722
0.0153116	8.35	30.9438	3	-1	0.16346	91.4666
0.0153556	8.35	30.9651	4	-1	0.1635	91.489
0.0153557	8.35	30.9649	1	-1	0.16351	91.4946
0.0153997	8.35	30.9548	2	-1	0.16355	91.43
0.0154001	8.35	30.9324	3	-1	0.16354	91.4244
0.0154442	8.35	30.9531	4	-1	0.16357	91.4412
0.0154442	8.35	30.9529	1	-1	0.16358	91.4468
0.0154883	8.35	30.9429	2	-1	0.16362	91.3874
0.0154888	8.35	30.9208	3	-1	0.16361	91.3818
0.0155329	8.35	30.941	4	-1	0.16364	91.3986
0.0155329	8.35	30.9408	1	-1	0.16365	91.4042
0.015577	8.35	30.9308	2	-1	0.16369	91.3449
0.0155775	8.35	30.9088	3	-1	0.16369	91.3449
0.0156216	8.35	30.929	4	-1	0.16372	91.3616
0.0156216	8.35	30.9288	1	-1	0.16373	91.3672
0.0156658	8.35	30.9193	2	-1	0.16377	91.308
0.0156662	8.35	30.8975	3	-1	0.16376	91.3024
0.0157104	8.35	30.9173	4	-1	0.16379	91.3191
0.0157105	8.35	30.9171	1	-1	0.1638	91.3247
0.0157546	8.35	30.9074	2	-1	0.16384	91.2656
0.0157551	8.35	30.8856	3	-1	0.16384	91.2656
0.0157994	8.35	30.9055	4	-1	0.16387	91.2823
0.0157994	8.35	30.9053	1	-1	0.16388	91.2879
0.0158436	8.35	30.8955	2	-1	0.16392	91.2238
0.015844	8.35	30.874	3	-1	0.16391	91.2182
0.0158883	8.35	30.8936	4	-1	0.16394	91.2349
0.0158883	8.35	30.8933	1	-1	0.16395	91.2405
0.0159326	8.35	30.8834	2	-1	0.16399	91.1815
0.0159331	8.35	30.8622	3	-1	0.16398	91.176
0.0159774	8.35	30.8816	4	-1	0.16402	91.1982
0.0159774	8.35	30.8814	1	-1	0.16403	91.2038
0.0160217	8.35	30.8715	2	-1	0.16407	91.1399
0.0160222	8.35	30.8506	3	-1	0.16406	91.1343
0.0160665	8.35	30.8698	4	-1	0.16409	91.151
0.0160665	8.35	30.8696	1	-1	0.1641	91.1565
0.0161109	8.35	30.8597	2	-1	0.16414	91.0978
0.0161114	8.35	30.8388	3	-1	0.16413	91.0922
0.0161558	8.35	30.8582	4	-1	0.16417	91.1144
0.0161558	8.35	30.8579	1	-1	0.16418	91.12
0.0162002	8.35	30.8482	2	-1	0.16422	91.0563
0.0162006	8.35	30.8275	3	-1	0.16421	91.0507
0.0162451	8.35	30.8464	4	-1	0.16424	91.0674
0.0162451	8.35	30.8461	1	-1	0.16425	91.0729
0.0162895	8.35	30.8364	2	-1	0.16429	91.0143
0.01629	8.35	30.8161	3	-1	0.16428	91.0088
0.0163345	8.35	30.8344	4	-1	0.16431	91.0254
0.0163345	8.35	30.8342	1	-1	0.16432	91.031
0.0163789	8.35	30.8245	2	-1	0.16436	90.9725
0.0163794	8.35	30.8042	3	-1	0.16436	90.9725
0.0164239	8.35	30.8225	4	-1	0.16438	90.9836
0.0164239	8.35	30.8223	1	-1	0.16439	90.9891
0.0164685	8.35	30.8126	2	-1	0.16444	90.9362
0.0164689	8.35	30.7923	3	-1	0.16444	90.9362
0.0165135	8.35	30.8108	4	-1	0.16446	90.9473
0.0165135	8.35	30.8105	1	-1	0.16447	90.9528
0.016558	8.35	30.8007	2	-1	0.16451	90.8895
0.0165585	8.35	30.7805	3	-1	0.16451	90.8895
0.0166031	8.35	30.799	4	-1	0.16454	90.9061
0.0166031	8.35	30.7987	1	-1	0.16455	90.9116
0.0166477	8.35	30.789	2	-1	0.16459	90.8484
0.0166482	8.35	30.769	3	-1	0.16458	90.8429
0.0166928	8.35	30.787	4	-1	0.16461	90.8594
0.0166928	8.35	30.7868	1	-1	0.16462	90.8649
0.0167375	8.35	30.7772	2	-1	0.16466	90.8068
0.0167379	8.35	30.7573	3	-1	0.16466	90.8068
0.0167826	8.35	30.7752	4	-1	0.16468	90.8178
0.0167826	8.35	30.7749	1	-1	0.16469	90.8234
0.0168273	8.35	30.7653	2	-1	0.16474	90.7708
0.0168277	8.35	30.7455	3	-1	0.16474	90.7708
0.0168725	8.35	30.7635	4	-1	0.16476	90.7819
0.0168725	8.35	30.7633	1	-1	0.16477	90.7874
0.0169172	8.35	30.7535	2	-1	0.16481	90.7244
0.0169177	8.35	30.7337	3	-1	0.16481	90.7244
0.0169625	8.35	30.7517	4	-1	0.16483	90.7354
0.0169625	8.35	30.7515	1	-1	0.16484	90.7409
0.0170072	8.35	30.7417	2	-1	0.16489	90.6886
0.0170077	8.35	30.7222	3	-1	0.16488	90.6831
0.0170525	8.35	30.74	4	-1	0.16491	90.6996
0.0170525	8.35	30.7397	1	-1	0.16492	90.7051
0.0170973	8.35	30.73	2	-1	0.16496	90.6423
0.0170977	8.35	30.7105	3	-1	0.16496	90.6423
0.0171426	8.35	30.7282	4	-1	0.16498	90.6533
0.0171426	8.35	30.728	1	-1	0.16499	90.6588
0.0171875	8.35	30.7183	2	-1	0.16504	90.6066
0.0171879	8.35	30.6991	3	-1	0.16503	90.6012
0.0172328	8.35	30.7166	4	-1	0.16506	90.6176
0.0172328	8.35	30.7163	1	-1	0.16507	90.6231
0.0172777	8.35	30.7067	2	-1	0.16511	90.5606
0.0172781	8.35	30.6875	3	-1	0.16511	90.5606
0.0173231	8.35	30.7049	4	-1	0.16513	90.5715
0.0173231	8.35	30.7046	1	-1	0.16514	90.577
0.017368	8.35	30.6949	2	-1	0.16518	90.5195
0.0173685	8.35	30.6757	3	-1	0.16518	90.5195
0.0174135	8.35	30.6932	4	-1	0.16521	90.5359
0.0174135	8.35	30.693	1	-1	0.16522	90.5414
0.0174584	8.35	30.6834	2	-1	0.16526	90.4791
0.0174589	8.35	30.6642	3	-1	0.16526	90.4791
0.0175039	8.35	30.6815	4	-1	0.16528	90.49
0.0175039	8.35	30.6813	1	-1	0.16529	90.4955
0.0175489	8.35	30.6717	2	-1	0.16533	90.4382
0.0175494	8.35	30.6526	3	-1	0.16533	90.4382
0.0175944	8.35	30.6698	4	-1	0.16535	90.4491
0.0175944	8.35	30.6696	1	-1	0.16536	90.4546
0.0176395	8.35	30.66	2	-1	0.16541	90.4028
0.0176399	8.35	30.6412	3	-1	0.1654	90.3973
0.0176851	8.35	30.6583	4	-1	0.16543	90.4137
0.0176851	8.35	30.6581	1	-1	0.16544	90.4192
0.0177302	8.35	30.6484	2	-1	0.16548	90.3571
0.0177306	8.35	30.6297	3	-1	0.16548	90.3571
0.0177757	8.35	30.6467	4	-1	0.1655	90.368
0.0177757	8.35	30.6465	1	-1	0.16551	90.3735
0.0178209	8.35	30.6368	2	-1	0.16555	90.3164
0.0178213	8.35	30.6181	3	-1	0.16555	90.3164
0.0178665	8.35	30.6349	4	-1	0.16558	90.3328
0.0178665	8.35	30.6346	1	-1	0.16559	90.3382
0.0179117	8.35	30.6251	2	-1	0.16563	90.2763
0.0179121	8.35	30.6062	3	-1	0.16563	90.2763
0.0179574	8.35	30.6231	4	-1	0.16565	90.2872
0.0179574	8.35	30.6228	1	-1	0.16566	90.2927
0.0180026	8.35	30.6133	2	-1	0.16571	90.2412
0.018003	8.35	30.5946	3	-1	0.1657	90.2358
0.0180483	8.35	30.6116	4	-1	0.16573	90.2521
0.0180483	8.35	30.6114	1	-1	0.16574	90.2576
0.0180936	8.35	30.6016	2	-1	0.16578	90.1959
0.018094	8.35	30.5832	3	-1	0.16577	90.1904
0.0181393	8.35	30.6001	4	-1	0.16581	90.2122
0.0181393	8.35	30.5999	1	-1	0.16582	90.2176
0.0181846	8.35	30.5902	2	-1	0.16586	90.156
0.018185	8.35	30.5721	3	-1	0.16585	90.1506
0.0182304	8.35	30.5885	4	-1	0.16588	90.1669
0.0182304	8.35	30.5883	1	-1	0.16589	90.1723
0.0182758	8.35	30.5788	2	-1	0.16593	90.1157
0.0182762	8.35	30.5609	3	-1	0.16592	90.1102
0.0183216	8.35	30.577	4	-1	0.16595	90.1265
0.0183216	8.35	30.5768	1	-1	0.16596	90.132
0.018367	8.35	30.5669	2	-1	0.16601	90.076
0.0183674	8.35	30.5493	3	-1	0.166	90.0705
0.0184129	8.35	30.5654	4	-1	0.16603	90.0868
0.0184129	8.35	30.5651	1	-1	0.16604	90.0922
0.0184583	8.35	30.5553	2	-1	0.16608	90.0309
0.0184587	8.35	30.5379	3	-1	0.16607	90.0255
0.0185042	8.35	30.5537	4	-1	0.1661	90.0417
0.0185042	8.35	30.5534	1	-1	0.16611	90.0472
0.0185497	8.35	30.5439	2	-1	0.16616	89.9962
0.0185501	8.35	30.5268	3	-1	0.16615	89.9908
0.0185956	8.35	30.5421	4	-1	0.16617	90.0016
0.0185957	8.35	30.5419	1	-1	0.16618	90.007
0.0186412	8.35	30.5324	2	-1	0.16623	89.9562
0.0186416	8.35	30.5156	3	-1	0.16622	89.9508
0.0186872	8.35	30.5304	4	-1	0.16625	89.967
0.0186872	8.35	30.5302	1	-1	0.16626	89.9724
0.0187327	8.35	30.5207	2	-1	0.16631	89.9167
0.0187331	8.35	30.5043	3	-1	0.16629	89.9059
0.0187788	8.35	30.519	4	-1	0.16633	89.9276
0.0187788	8.35	30.5188	1	-1	0.16634	89.933
0.0188244	8.35	30.5093	2	-1	0.16638	89.872
0.0188248	8.35	30.4931	3	-1	0.16637	89.8666
0.0188704	8.35	30.5075	4	-1	0.1664	89.8828
0.0188704	8.35	30.5073	1	-1	0.16641	89.8882
0.0189161	8.35	30.498	2	-1	0.16646	89.8376
0.0189165	8.35	30.4823	3	-1	0.16644	89.8268
0.0189622	8.35	30.4963	4	-1	0.16648	89.8483
0.0189622	8.35	30.496	1	-1	0.16649	89.8537
0.0190079	8.35	30.4863	2	-1	0.16653	89.7881
0.0190083	8.35	30.4711	3	-1	0.16651	89.7773
0.019054	8.35	30.4845	4	-1	0.16655	89.7989
0.019054	8.35	30.4843	1	-1	0.16656	89.8043
0.0190998	8.35	30.475	2	-1	0.1666	89.7484
0.0191001	8.35	30.46	3	-1	0.16659	89.743
0.0191459	8.35	30.4729	4	-1	0.16662	89.7592
0.019146	8.35	30.4726	1	-1	0.16663	89.7646
0.0191918	8.35	30.4637	2	-1	0.16668	89.7142
0.0191921	8.35	30.449	3	-1	0.16667	89.7088
0.019238	8.35	30.4612	4	-1	0.1667	89.725
0.019238	8.35	30.461	1	-1	0.16671	89.7303
0.0192838	8.35	30.452	2	-1	0.16675	89.6698
0.0192841	8.35	30.4376	3	-1	0.16674	89.6644
0.01933	8.35	30.45	4	-1	0.16678	89.686
0.01933	8.35	30.4497	1	-1	0.16679	89.6913
0.0193759	8.35	30.4408	2	-1	0.16683	89.6309
0.0193763	8.35	30.4268	3	-1	0.16681	89.6202
0.0194222	8.35	30.4386	4	-1	0.16685	89.6416
0.0194222	8.35	30.4384	1	-1	0.16686	89.647
0.0194682	8.35	30.4292	2	-1	0.1669	89.5867
0.0194685	8.35	30.4155	3	-1	0.16689	89.5813
0.0195145	8.35	30.4269	4	-1	0.16692	89.5974
0.0195145	8.35	30.4267	1	-1	0.16693	89.6028
0.0195605	8.35	30.4179	2	-1	0.16698	89.5527
0.0195608	8.35	30.4044	3	-1	0.16697	89.5474
0.0196068	8.35	30.4152	4	-1	0.167	89.5634
0.0196068	8.35	30.415	1	-1	0.16701	89.5688
0.0196528	8.35	30.4063	2	-1	0.16705	89.5087
0.0196531	8.35	30.393	3	-1	0.16704	89.5033
0.0196992	8.35	30.404	4	-1	0.16708	89.5247
0.0196992	8.35	30.4038	1	-1	0.16709	89.5301
0.0197453	8.35	30.3951	2	-1	0.16713	89.47
0.0197456	8.35	30.3822	3	-1	0.16711	89.4593
0.0197917	8.35	30.3927	4	-1	0.16715	89.4807
0.0197917	8.35	30.3924	1	-1	0.16716	89.4861
0.0198378	8.35	30.3836	2	-1	0.1672	89.4261
0.0198381	8.35	30.371	3	-1	0.16719	89.4208
0.0198843	8.35	30.381	4	-1	0.16722	89.4368
0.0198843	8.35	30.3808	1	-1	0.16723	89.4422
0.0199305	8.35	30.3722	2	-1	0.16727	89.3871
0.0199308	8.35	30.3597	3	-1	0.16727	89.3871
0.019977	8.35	30.3694	4	-1	0.1673	89.4031
0.019977	8.35	30.3692	1	-1	0.16731	89.4084
0.0200232	8.35	30.3608	2	-1	0.16735	89.3486
0.0200235	8.35	30.3484	3	-1	0.16734	89.3433
0.0200697	8.35	30.3581	4	-1	0.16737	89.3593
0.0200697	8.35	30.3579	1	-1	0.16738	89.3647
0.020116	8.35	30.3495	2	-1	0.16743	89.3151
0.0201163	8.35	30.3374	3	-1	0.16742	89.3097
0.0201626	8.35	30.3471	4	-1	0.16745	89.3257
0.0201626	8.35	30.3469	1	-1	0.16746	89.3311
0.0202089	8.35	30.3379	2	-1	0.1675	89.2667
0.0202091	8.35	30.3261	3	-1	0.16749	89.2614
0.0202555	8.35	30.3358	4	-1	0.16753	89.2827
0.0202555	8.35	30.3355	1	-1	0.16754	89.288
0.0203018	8.35	30.3269	2	-1	0.16757	89.2232
0.0203021	8.35	30.3153	3	-1	0.16756	89.2178
0.0203485	8.35	30.3238	4	-1	0.16759	89.2338
0.0203485	8.35	30.3235	1	-1	0.1676	89.2391
0.0203949	8.35	30.3156	2	-1	0.16765	89.1945
0.0203951	8.35	30.3042	3	-1	0.16764	89.1892
0.0204416	8.35	30.3126	4	-1	0.16767	89.2052
0.0204416	8.35	30.3124	1	-1	0.16768	89.2105
0.020488	8.35	30.3038	2	-1	0.16772	89.1464
0.0204883	8.35	30.2924	3	-1	0.16772	89.1464
0.0205347	8.35	30.3014	4	-1	0.16775	89.1623
0.0205347	8.35	30.3012	1	-1	0.16776	89.1676
0.0205812	8.35	30.2927	2	-1	0.1678	89.1084
0.0205815	8.35	30.2816	3	-1	0.16779	89.1031
0.020628	8.35	30.2897	4	-1	0.16782	89.119
0.020628	8.35	30.2895	1	-1	0.16783	89.1243
0.0206745	8.35	30.2814	2	-1	0.16787	89.0699
0.0206748	8.35	30.2703	3	-1	0.16787	89.0699
0.0207213	8.35	30.2785	4	-1	0.16789	89.0805
0.0207213	8.35	30.2783	1	-1	0.1679	89.0858
0.0207679	8.35	30.2697	2	-1	0.16795	89.032
0.0207681	8.35	30.2588	3	-1	0.16794	89.0267
0.0208147	8.35	30.2673	4	-1	0.16797	89.0426
0.0208147	8.35	30.2671	1	-1	0.16798	89.0479
0.0208613	8.35	30.2586	2	-1	0.16803	88.9942
0.0208616	8.35	30.2482	3	-1	0.16801	88.9836
0.0209082	8.35	30.2558	4	-1	0.16805	89.0048
0.0209082	8.35	30.2556	1	-1	0.16806	89.0101
0.0209549	8.35	30.2474	2	-1	0.1681	88.9512
0.0209551	8.35	30.2373	3	-1	0.16809	88.9459
0.0210018	8.35	30.2446	4	-1	0.16812	88.9618
0.0210018	8.35	30.2444	1	-1	0.16813	88.9671
0.0210485	8.35	30.2361	2	-1	0.16818	88.9136
0.0210487	8.35	30.2263	3	-1	0.16816	88.903
0.0210955	8.35	30.2334	4	-1	0.1682	88.9241
0.0210955	8.35	30.2332	1	-1	0.16821	88.9294
0.0211422	8.35	30.2251	2	-1	0.16825	88.8707
0.0211424	8.35	30.2156	3	-1	0.16824	88.8654
0.0211892	8.35	30.2219	4	-1	0.16827	88.8813
0.0211892	8.35	30.2217	1	-1	0.16828	88.8865
0.021236	8.35	30.2138	2	-1	0.16832	88.8326
0.0212362	8.35	30.2046	3	-1	0.16831	88.8273
0.021283	8.35	30.2107	4	-1	0.16834	88.8431
0.021283	8.35	30.2105	1	-1	0.16835	88.8484
0.0213299	8.35	30.2024	2	-1	0.1684	88.7951
0.0213301	8.35	30.1933	3	-1	0.16839	88.7899
0.021377	8.35	30.1992	4	-1	0.16842	88.8057
0.021377	8.35	30.199	1	-1	0.16843	88.811
0.0214238	8.35	30.191	2	-1	0.16848	88.7578
0.0214241	8.35	30.1824	3	-1	0.16846	88.7472
0.021471	8.35	30.1882	4	-1	0.1685	88.7683
0.021471	8.35	30.188	1	-1	0.16851	88.7736
0.0215179	8.35	30.1797	2	-1	0.16855	88.7105
0.0215181	8.35	30.1715	3	-1	0.16853	88.7
0.021565	8.35	30.1769	1	-1	0.16858	88.7263
0.021565	8.35	30.1769	4	-1	0.16858	88.7263
0.021612	8.35	30.1691	2	-1	0.16862	88.6727
0.0216122	8.35	30.1611	3	-1	0.16861	88.6674
0.0216592	8.35	30.1653	4	-1	0.16864	88.6832
0.0216592	8.35	30.1651	1	-1	0.16865	88.6885
0.0217062	8.35	30.1579	2	-1	0.1687	88.6402
0.0217064	8.35	30.1501	3	-1	0.16869	88.6349
0.0217535	8.35	30.1545	4	-1	0.16872	88.6507
0.0217535	8.35	30.1543	1	-1	0.16873	88.6559
0.0218005	8.35	30.1463	2	-1	0.16877	88.5932
0.0218007	8.35	30.1388	3	-1	0.16876	88.5879
0.0218478	8.35	30.1431	4	-1	0.1688	88.6089
0.0218478	8.35	30.1429	1	-1	0.16881	88.6142
0.0218949	8.35	30.1353	2	-1	0.16885	88.5561
0.0218951	8.35	30.1281	3	-1	0.16883	88.5457
0.0219422	8.35	30.1318	4	-1	0.16887	88.5666
0.0219422	8.35	30.1316	1	-1	0.16888	88.5719
0.0219894	8.35	30.1241	2	-1	0.16892	88.5139
0.0219895	8.35	30.1172	3	-1	0.16891	88.5087
0.0220367	8.35	30.1202	4	-1	0.16895	88.5297
0.0220367	8.35	30.12	1	-1	0.16896	88.5349
0.0220839	8.35	30.113	2	-1	0.169	88.477
0.0220841	8.35	30.1063	3	-1	0.16899	88.4718
0.0221313	8.35	30.1092	4	-1	0.16902	88.4875
0.0221313	8.35	30.109	1	-1	0.16903	88.4927
0.0221785	8.35	30.1016	2	-1	0.16907	88.435
0.0221787	8.35	30.0951	3	-1	0.16906	88.4298
0.022226	8.35	30.0981	4	-1	0.1691	88.4507
0.022226	8.35	30.0979	1	-1	0.16911	88.4559
0.0222732	8.35	30.0908	2	-1	0.16914	88.393
0.0222734	8.35	30.0843	3	-1	0.16914	88.393
0.0223207	8.35	30.0867	4	-1	0.16917	88.4087
0.0223207	8.35	30.0865	1	-1	0.16918	88.4139
0.022368	8.35	30.0795	2	-1	0.16922	88.3563
0.0223682	8.35	30.0731	3	-1	0.16922	88.3563
0.0224156	8.35	30.0754	4	-1	0.16924	88.3668
0.0224156	8.35	30.0752	1	-1	0.16925	88.372
0.0224629	8.35	30.0684	2	-1	0.16929	88.3191
0.0224631	8.35	30.0619	3	-1	0.16929	88.3191
0.0225105	8.35	30.0643	4	-1	0.16932	88.3347
0.0225105	8.35	30.0641	1	-1	0.16933	88.3399
0.0225579	8.35	30.0569	2	-1	0.16937	88.2779
0.022558	8.35	30.0507	3	-1	0.16936	88.2727
0.0226055	8.35	30.0531	4	-1	0.16939	88.2883
0.0226055	8.35	30.0529	1	-1	0.1694	88.2935
0.0226529	8.35	30.046	2	-1	0.16944	88.2408
0.0226531	8.35	30.0398	3	-1	0.16944	88.2408
0.0227006	8.35	30.0419	4	-1	0.16947	88.2564
0.0227006	8.35	30.0417	1	-1	0.16948	88.2616
0.0227481	8.35	30.0347	2	-1	0.16952	88.1998
0.0227482	8.35	30.0285	3	-1	0.16952	88.1998
0.0227958	8.35	30.0307	4	-1	0.16954	88.2102
0.0227958	8.35	30.0305	1	-1	0.16955	88.2154
0.0228433	8.35	30.0237	2	-1	0.16959	88.1628
0.0228434	8.35	30.0175	3	-1	0.16959	88.1628
0.022891	8.35	30.0195	4	-1	0.16961	88.1732
0.022891	8.35	30.0193	1	-1	0.16962	88.1784
0.0229386	8.35	30.0121	2	-1	0.16967	88.1265
0.0229387	8.35	30.0062	3	-1	0.16966	88.1213
0.0229863	8.35	30.0083	4	-1	0.16969	88.1369
0.0229864	8.35	30.0081	1	-1	0.1697	88.1421
0.023034	8.35	30.0011	2	-1	0.16975	88.0903
0.0230341	8.35	29.9952	3	-1	0.16974	88.0851
0.0230818	8.35	29.9975	4	-1	0.16977	88.1007
0.0230818	8.35	29.9973	1	-1	0.16978	88.1059
0.0231294	8.35	29.9899	2	-1	0.16982	88.0444
0.0231296	8.35	29.9841	3	-1	0.16981	88.0392
0.0231773	8.35	29.9862	4	-1	0.16985	88.0599
0.0231773	8.35	29.986	1	-1	0.16986	88.0651
0.023225	8.35	29.9791	2	-1	0.1699	88.0083
0.0232251	8.35	29.9738	3	-1	0.16988	87.9979
0.0232729	8.35	29.9751	4	-1	0.16992	88.0186
0.0232729	8.35	29.975	1	-1	0.16993	88.0238
0.0233206	8.35	29.9681	2	-1	0.16997	87.9671
0.0233208	8.35	29.963	3	-1	0.16996	87.9619
0.0233686	8.35	29.9637	4	-1	0.16999	87.9774
0.0233686	8.35	29.9635	1	-1	0.17	87.9826
0.0234164	8.35	29.9566	2	-1	0.17004	87.926
0.0234165	8.35	29.9515	3	-1	0.17004	87.926
0.0234643	8.35	29.9527	4	-1	0.17007	87.9415
0.0234643	8.35	29.9525	1	-1	0.17008	87.9466
0.0235122	8.35	29.9459	2	-1	0.17012	87.8901
0.0235123	8.35	29.941	3	-1	0.17011	87.8849
0.0235602	8.35	29.9415	4	-1	0.17014	87.9004
0.0235602	8.35	29.9413	1	-1	0.17015	87.9056
0.0236081	8.35	29.9346	2	-1	0.17019	87.8491
0.0236082	8.35	29.9297	3	-1	0.17019	87.8491
0.0236561	8.35	29.9305	4	-1	0.17022	87.8646
0.0236561	8.35	29.9303	1	-1	0.17023	87.8697
0.023704	8.35	29.924	2	-1	0.17027	87.8133
0.0237042	8.35	29.9193	3	-1	0.17026	87.8081
0.0237521	8.35	29.9194	4	-1	0.17029	87.8236
0.0237521	8.35	29.9192	1	-1	0.1703	87.8288
0.0238001	8.35	29.9128	2	-1	0.17034	87.7725
0.0238002	8.35	29.9081	3	-1	0.17034	87.7725
0.0238482	8.35	29.9081	4	-1	0.17036	87.7828
0.0238482	8.35	29.9079	1	-1	0.17037	87.7879
0.0238962	8.35	29.9012	2	-1	0.17042	87.7368
0.0238964	8.35	29.8965	3	-1	0.17042	87.7368
0.0239444	8.35	29.8973	4	-1	0.17044	87.7471
0.0239444	8.35	29.8971	1	-1	0.17045	87.7523
0.0239925	8.35	29.8904	2	-1	0.1705	87.7012
0.0239926	8.35	29.8859	3	-1	0.17049	87.6961
0.0240407	8.35	29.8864	4	-1	0.17052	87.7115
0.0240407	8.35	29.8863	1	-1	0.17053	87.7167
0.0240888	8.35	29.8794	2	-1	0.17058	87.6612
0.0240889	8.35	29.8753	3	-1	0.17056	87.651
0.024137	8.35	29.8753	4	-1	0.1706	87.6715
0.0241371	8.35	29.8751	1	-1	0.17061	87.6767
0.0241852	8.35	29.8686	2	-1	0.17065	87.6207
0.0241853	8.35	29.8648	3	-1	0.17064	87.6155
0.0242335	8.35	29.8645	4	-1	0.17067	87.6309
0.0242335	8.35	29.8643	1	-1	0.17068	87.6361
0.0242817	8.35	29.8577	2	-1	0.17072	87.5802
0.0242818	8.35	29.8541	3	-1	0.17071	87.575
0.02433	8.35	29.8534	4	-1	0.17075	87.5955
0.02433	8.35	29.8532	1	-1	0.17076	87.6007
0.0243783	8.35	29.8467	2	-1	0.1708	87.5404
0.0243784	8.35	29.8433	3	-1	0.17079	87.5352
0.0244266	8.35	29.8419	4	-1	0.17082	87.5506
0.0244266	8.35	29.8417	1	-1	0.17083	87.5557
0.0244749	8.35	29.8358	2	-1	0.17087	87.5045
0.024475	8.35	29.8323	3	-1	0.17087	87.5045
0.0245233	8.35	29.8313	4	-1	0.17089	87.5147
0.0245233	8.35	29.8311	1	-1	0.1709	87.5198
0.0245717	8.35	29.8247	2	-1	0.17095	87.4693
0.0245718	8.35	29.8214	3	-1	0.17094	87.4642
0.0246201	8.35	29.8205	4	-1	0.17097	87.4795
0.0246201	8.35	29.8203	1	-1	0.17098	87.4847
0.0246685	8.35	29.8135	2	-1	0.17103	87.4297
0.0246686	8.35	29.8106	3	-1	0.17101	87.4195
0.024717	8.35	29.8093	4	-1	0.17105	87.4399
0.024717	8.35	29.8091	1	-1	0.17106	87.445
0.0247654	8.35	29.8028	2	-1	0.1711	87.3896
0.0247655	8.35	29.8003	3	-1	0.17108	87.3793
0.0248139	8.35	29.7986	1	-1	0.17113	87.4049
0.0248139	8.35	29.7986	4	-1	0.17113	87.4049
0.0248624	8.35	29.7923	2	-1	0.17117	87.3495
0.0248625	8.35	29.79	3	-1	0.17116	87.3444
0.024911	8.35	29.7875	4	-1	0.1712	87.3648
0.024911	8.35	29.7873	1	-1	0.17121	87.3699
0.0249595	8.35	29.7814	2	-1	0.17125	87.3101
0.0249595	8.35	29.7793	3	-1	0.17124	87.305
0.0250081	8.35	29.7761	4	-1	0.17127	87.3203
0.0250081	8.35	29.7759	1	-1	0.17128	87.3254
0.0250567	8.35	29.77	2	-1	0.17132	87.2701
0.0250567	8.35	29.768	3	-1	0.17132	87.2701
0.0251053	8.35	29.7653	4	-1	0.17135	87.2854
0.0251053	8.35	29.7651	1	-1	0.17136	87.2905
0.0251539	8.35	29.7596	2	-1	0.1714	87.2353
0.025154	8.35	29.7577	3	-1	0.17139	87.2303
0.0252026	8.35	29.7544	4	-1	0.17142	87.2455
0.0252026	8.35	29.7542	1	-1	0.17143	87.2506
0.0252513	8.35	29.7486	2	-1	0.17147	87.1955
0.0252513	8.35	29.7469	3	-1	0.17146	87.1904
0.0253	8.35	29.7432	4	-1	0.17149	87.2057
0.0253	8.35	29.743	1	-1	0.1715	87.2108
0.0253487	8.35	29.7374	2	-1	0.17155	87.1609
0.0253487	8.35	29.7359	3	-1	0.17154	87.1558
0.0253974	8.35	29.7322	4	-1	0.17157	87.171
0.0253974	8.35	29.732	1	-1	0.17158	87.1761
0.0254462	8.35	29.7262	2	-1	0.17163	87.1218
0.0254462	8.35	29.7249	3	-1	0.17162	87.1168
0.025495	8.35	29.7216	4	-1	0.17165	87.132
0.025495	8.35	29.7214	1	-1	0.17166	87.1371
0.0255438	8.35	29.7157	2	-1	0.1717	87.0822
0.0255438	8.35	29.7146	3	-1	0.17169	87.0771
0.0255926	8.35	29.7107	4	-1	0.17172	87.0924
0.0255926	8.35	29.7105	1	-1	0.17173	87.0974
0.0256415	8.35	29.7049	2	-1	0.17177	87.0427
0.0256415	8.35	29.704	3	-1	0.17176	87.0376
0.0256904	8.35	29.6996	4	-1	0.1718	87.0579
0.0256904	8.35	29.6994	1	-1	0.17181	87.0629
0.0257392	8.35	29.6941	2	-1	0.17185	87.0038
0.0257393	8.35	29.6934	3	-1	0.17184	86.9988
0.0257882	8.35	29.6883	4	-1	0.17187	87.014
0.0257882	8.35	29.6882	1	-1	0.17188	87.019
0.0258371	8.35	29.6829	2	-1	0.17192	86.9644
0.0258371	8.35	29.6822	3	-1	0.17192	86.9644
0.0258861	8.35	29.6777	4	-1	0.17195	86.9796
0.0258861	8.35	29.6775	1	-1	0.17196	86.9847
0.025935	8.35	29.6726	2	-1	0.172	86.9302
0.025935	8.35	29.672	3	-1	0.17199	86.9251
0.025984	8.35	29.6669	4	-1	0.17202	86.9403
0.025984	8.35	29.6667	1	-1	0.17203	86.9453
0.026033	8.35	29.6618	2	-1	0.17207	86.8909
0.0260331	8.35	29.6612	3	-1	0.17207	86.8909
0.0260821	8.35	29.656	4	-1	0.17209	86.901
0.0260821	8.35	29.6558	1	-1	0.1721	86.906
0.0261312	8.35	29.6506	2	-1	0.17215	86.8567
0.0261312	8.35	29.6502	3	-1	0.17214	86.8517
0.0261802	8.35	29.6452	4	-1	0.17217	86.8668
0.0261802	8.35	29.645	1	-1	0.17218	86.8718
0.0262293	8.35	29.6395	2	-1	0.17223	86.8182
0.0262293	8.35	29.6395	3	-1	0.17221	86.8081
0.0262785	8.35	29.6344	4	-1	0.17226	86.8334
0.0262785	8.35	29.6342	1	-1	0.17227	86.8384
0.0263276	8.35	29.6287	3	-1	0.17229	86.7654
0.0263276	8.35	29.6285	2	-1	0.1723	86.7704
0.0263768	8.35	29.6228	4	-1	0.17233	86.7855
0.0263768	8.35	29.6227	1	-1	0.17234	86.7906
0.026426	8.35	29.6182	2	-1	0.17237	86.7358
0.026426	8.35	29.6182	3	-1	0.17237	86.7358
0.0264752	8.35	29.6124	4	-1	0.1724	86.7509
0.0264752	8.35	29.6122	1	-1	0.17241	86.7559
0.0265244	8.35	29.6078	2	-1	0.17245	86.7019
0.0265244	8.35	29.6078	3	-1	0.17245	86.7019
0.0265737	8.35	29.6017	4	-1	0.17247	86.7119
0.0265737	8.35	29.6016	1	-1	0.17248	86.7169
0.026623	8.35	29.5966	2	-1	0.17252	86.663
0.026623	8.35	29.5966	3	-1	0.17252	86.663
0.0266723	8.35	29.5911	4	-1	0.17255	86.6781
0.0266723	8.35	29.5909	1	-1	0.17256	86.6831
0.0267216	8.35	29.5855	3	-1	0.17259	86.6198
0.0267216	8.35	29.5853	2	-1	0.1726	86.6248
0.026771	8.35	29.5801	4	-1	0.17263	86.6399
0.026771	8.35	29.5799	1	-1	0.17264	86.6449
0.0268203	8.35	29.5747	3	-1	0.17267	86.5818
0.0268203	8.35	29.5745	2	-1	0.17268	86.5868
0.0268697	8.35	29.5689	4	-1	0.1727	86.5968
0.0268697	8.35	29.5687	1	-1	0.17271	86.6018
0.0269191	8.35	29.5637	3	-1	0.17275	86.5481
0.0269191	8.35	29.5635	2	-1	0.17276	86.5531
0.0269685	8.35	29.5582	4	-1	0.17278	86.5631
0.0269686	8.35	29.558	1	-1	0.17279	86.5681
0.027018	8.35	29.5524	3	-1	0.17282	86.5052
0.027018	8.35	29.5522	2	-1	0.17283	86.5102
0.0270675	8.35	29.5475	4	-1	0.17286	86.5252
0.0270675	8.35	29.5473	1	-1	0.17287	86.5302
0.027117	8.35	29.5414	3	-1	0.17289	86.4623
0.027117	8.35	29.5412	2	-1	0.1729	86.4673
0.0271665	8.35	29.5363	4	-1	0.17294	86.4873
0.0271665	8.35	29.5362	1	-1	0.17295	86.4923
0.027216	8.35	29.5313	3	-1	0.17297	86.4288
0.027216	8.35	29.5311	2	-1	0.17298	86.4338
0.0272656	8.35	29.5256	4	-1	0.173	86.4438
0.0272656	8.35	29.5254	1	-1	0.17301	86.4488
0.0273152	8.35	29.521	2	-1	0.17305	86.3997
0.0273152	8.35	29.521	3	-1	0.17305	86.3997
0.0273648	8.35	29.5152	4	-1	0.17307	86.4097
0.0273648	8.35	29.515	1	-1	0.17308	86.4147
0.0274144	8.35	29.5099	3	-1	0.17312	86.3614
0.0274144	8.35	29.5097	2	-1	0.17313	86.3664
0.027464	8.35	29.5049	4	-1	0.17316	86.3813
0.027464	8.35	29.5047	1	-1	0.17317	86.3863
0.0275137	8.35	29.4988	3	-1	0.17319	86.3145
0.0275137	8.35	29.4987	2	-1	0.1732	86.3195
0.0275634	8.35	29.4942	1	-1	0.17324	86.3394
0.0275634	8.35	29.4942	4	-1	0.17324	86.3394
0.0276131	8.35	29.4883	3	-1	0.17326	86.2763
0.0276131	8.35	29.4882	2	-1	0.17327	86.2812
0.0276628	8.35	29.4829	4	-1	0.17331	86.3012
0.0276628	8.35	29.4828	1	-1	0.17332	86.3061
0.0277126	8.35	29.478	3	-1	0.17335	86.2438
0.0277126	8.35	29.4779	2	-1	0.17336	86.2488
0.0277624	8.35	29.4717	4	-1	0.17337	86.2537
0.0277624	8.35	29.4715	1	-1	0.17338	86.2587
0.0278122	8.35	29.467	2	-1	0.17343	86.215
0.0278122	8.35	29.467	3	-1	0.17343	86.215
0.027862	8.35	29.4615	4	-1	0.17345	86.2249
0.027862	8.35	29.4613	1	-1	0.17346	86.2299
0.0279118	8.35	29.4554	3	-1	0.17349	86.1677
0.0279118	8.35	29.4553	2	-1	0.1735	86.1726
0.0279617	8.35	29.4512	1	-1	0.17354	86.1925
0.0279617	8.35	29.4512	4	-1	0.17354	86.1925
0.0280116	8.35	29.4446	3	-1	0.17356	86.1254
0.0280116	8.35	29.4444	2	-1	0.17357	86.1304
0.0280615	8.35	29.4402	1	-1	0.17362	86.1552
0.0280615	8.35	29.4402	4	-1	0.17362	86.1552
0.0281114	8.35	29.4345	3	-1	0.17364	86.0882
0.0281114	8.35	29.4344	2	-1	0.17365	86.0932
0.0281614	8.35	29.4286	4	-1	0.17368	86.1081
0.0281614	8.35	29.4285	1	-1	0.17369	86.113
0.0282113	8.35	29.4242	2	-1	0.17373	86.0603
0.0282113	8.35	29.4242	3	-1	0.17373	86.0603
0.0282613	8.35	29.4179	4	-1	0.17375	86.0702
0.0282613	8.35	29.4177	1	-1	0.17376	86.0752
0.0283113	8.35	29.4133	2	-1	0.17381	86.0275
0.0283113	8.35	29.4133	3	-1	0.17381	86.0275
0.0283614	8.35	29.4079	4	-1	0.17383	86.0374
0.0283614	8.35	29.4077	1	-1	0.17384	86.0424
0.0284114	8.35	29.4018	3	-1	0.17387	85.9806
0.0284114	8.35	29.4016	2	-1	0.17388	85.9856
0.0284615	8.35	29.3976	1	-1	0.17392	86.0053
0.0284615	8.35	29.3976	4	-1	0.17392	86.0053
0.0285116	8.35	29.3909	3	-1	0.17393	85.9338
0.0285116	8.35	29.3907	2	-1	0.17394	85.9387
0.0285617	8.35	29.3865	1	-1	0.174	85.9684
0.0285617	8.35	29.3865	4	-1	0.174	85.9684
0.0286119	8.35	29.3813	3	-1	0.17402	85.9019
0.0286119	8.35	29.3811	2	-1	0.17403	85.9068
0.028662	8.35	29.3747	4	-1	0.17405	85.9167
0.028662	8.35	29.3745	1	-1	0.17406	85.9216
0.0287122	8.35	29.3709	2	-1	0.1741	85.8735
0.0287122	8.35	29.3705	3	-1	0.17412	85.8834
0.0287624	8.35	29.3643	4	-1	0.17412	85.8834
0.0287624	8.35	29.3641	1	-1	0.17413	85.8883
0.0288127	8.35	29.3595	2	-1	0.17419	85.8459
0.0288127	8.35	29.3591	3	-1	0.17419	85.8459
0.0288629	8.35	29.3551	4	-1	0.17421	85.8558
0.0288629	8.35	29.3549	1	-1	0.17422	85.8607
0.0289132	8.35	29.3478	3	-1	0.17423	85.7853
0.0289132	8.35	29.3477	2	-1	0.17426	85.8001
0.0289635	8.35	29.3445	1	-1	0.17428	85.8099
0.0289635	8.35	29.344	4	-1	0.17431	85.8247
0.0290138	8.35	29.3374	3	-1	0.1743	85.7522
0.0290138	8.35	29.3372	2	-1	0.17431	85.7572
0.0290641	8.35	29.3329	1	-1	0.17438	85.7916
0.0290642	8.35	29.3324	4	-1	0.17438	85.7916
0.0291145	8.35	29.3287	3	-1	0.1744	85.7171
0.0291145	8.35	29.3285	2	-1	0.17441	85.722
0.0291649	8.35	29.3213	4	-1	0.17442	85.7269
0.0291649	8.35	29.3211	1	-1	0.17446	85.7466
0.0292153	8.35	29.3184	2	-1	0.17447	85.6757
0.0292153	8.35	29.3179	3	-1	0.1745	85.6904
0.0292657	8.35	29.3106	4	-1	0.17448	85.6806
0.0292657	8.35	29.3104	1	-1	0.17449	85.6855
0.0293162	8.35	29.3061	2	-1	0.17456	85.661
0.0293162	8.35	29.3054	3	-1	0.17457	85.6659
0.0293666	8.35	29.3015	4	-1	0.17459	85.6757
0.0293666	8.35	29.3013	1	-1	0.1746	85.6806
0.0294171	8.35	29.294	3	-1	0.17461	85.5973
0.0294171	8.35	29.2938	2	-1	0.17466	85.6218
0.0294676	8.35	29.2913	1	-1	0.17466	85.6218
0.0294677	8.35	29.2906	4	-1	0.1747	85.6415
0.0295182	8.35	29.2831	3	-1	0.17467	85.5596
0.0295182	8.35	29.2829	2	-1	0.17468	85.5645
0.0295687	8.35	29.279	1	-1	0.17475	85.5988
0.0295688	8.35	29.278	4	-1	0.17477	85.6086
0.0296193	8.35	29.275	3	-1	0.17478	85.5339
0.0296193	8.35	29.2748	2	-1	0.17479	85.5388
0.0296699	8.35	29.2673	4	-1	0.1748	85.5437
0.0296699	8.35	29.2671	1	-1	0.17487	85.578
0.0297205	8.35	29.2655	2	-1	0.17484	85.4713
0.0297206	8.35	29.2645	3	-1	0.1749	85.5006
0.0297712	8.35	29.256	4	-1	0.17485	85.4761
0.0297712	8.35	29.2558	1	-1	0.17486	85.481
0.0298219	8.35	29.2529	2	-1	0.17492	85.4728
0.0298219	8.35	29.251	3	-1	0.17497	85.4972
0.0298725	8.35	29.2481	4	-1	0.17495	85.4874
0.0298726	8.35	29.248	1	-1	0.17496	85.4923
0.0299233	8.35	29.2404	2	-1	0.17506	85.4577
0.0299233	8.35	29.2398	3	-1	0.17499	85.4235
0.029974	8.35	29.2398	1	-1	0.17502	85.4381
0.029974	8.35	29.2387	4	-1	0.17509	85.4723
0.0300248	8.35	29.2291	3	-1	0.17502	85.3714
0.0300248	8.35	29.229	2	-1	0.17507	85.3958
0.0300755	8.35	29.2272	1	-1	0.17509	85.4056
0.0300756	8.35	29.2246	4	-1	0.17518	85.4495
0.0301263	8.35	29.221	3	-1	0.17512	85.3453
0.0301263	8.35	29.2208	2	-1	0.17513	85.3502
0.0301771	8.35	29.213	1	-1	0.17525	85.4086
0.0301772	8.35	29.2113	4	-1	0.17519	85.3794
0.030228	8.35	29.2136	2	-1	0.1752	85.2762
0.030228	8.35	29.2123	3	-1	0.17528	85.3152
0.0302789	8.35	29.2008	4	-1	0.17519	85.2714
0.0302789	8.35	29.2007	1	-1	0.1753	85.3249
0.0303297	8.35	29.2014	2	-1	0.17525	85.2383
0.0303298	8.35	29.1976	3	-1	0.1754	85.3113
0.0303806	8.35	29.1922	4	-1	0.17528	85.2529
0.0303806	8.35	29.1921	1	-1	0.17529	85.2578
0.0304315	8.35	29.1862	2	-1	0.17541	85.2788
0.0304317	8.35	29.1822	3	-1	0.17542	85.2837
0.0304825	8.35	29.1875	1	-1	0.1754	85.274
0.0304825	8.35	29.1866	4	-1	0.17545	85.2983
0.0305335	8.35	29.1741	2	-1	0.17558	85.2744
0.0305335	8.35	29.1735	3	-1	0.17538	85.1773
0.0305844	8.35	29.1778	1	-1	0.17541	85.1918
0.0305846	8.35	29.1737	4	-1	0.17561	85.289
0.0306355	8.35	29.1637	3	-1	0.17542	85.1512
0.0306355	8.35	29.1636	2	-1	0.17547	85.1755
0.0306865	8.35	29.1611	1	-1	0.17554	85.2095
0.0306867	8.35	29.1551	4	-1	0.17566	85.2677
0.0307376	8.35	29.1596	3	-1	0.17559	85.1345
0.0307376	8.35	29.1595	2	-1	0.1756	85.1394
0.0307887	8.35	29.1459	1	-1	0.17576	85.217
0.0307888	8.35	29.1425	4	-1	0.1756	85.1394
0.0308397	8.35	29.1523	2	-1	0.17559	85.0027
0.0308398	8.35	29.1489	3	-1	0.1758	85.1043
0.0308909	8.35	29.1357	4	-1	0.17558	84.9978
0.0308909	8.35	29.1355	1	-1	0.1758	85.1043
0.030942	8.35	29.1376	2	-1	0.17568	84.9886
0.0309422	8.35	29.1307	3	-1	0.17589	85.0902
0.0309932	8.35	29.1296	4	-1	0.17571	85.0031
0.0309932	8.35	29.1295	1	-1	0.17572	85.008
0.0310444	8.35	29.12	2	-1	0.17589	85.082
0.0310446	8.35	29.1136	3	-1	0.17586	85.0675
0.0310956	8.35	29.1266	1	-1	0.17581	85.0433
0.0310957	8.35	29.1245	4	-1	0.17594	85.1062
0.0311469	8.35	29.1079	2	-1	0.1761	85.1012
0.031198	8.35	29.115	1	-1	0.1758	84.9563
0.0312494	8.35	29.0979	2	-1	0.17589	84.9628
0.0313006	8.35	29.0954	1	-1	0.17599	85.0111
0.0313009	8.35	29.0855	4	-1	0.17615	85.0884
0.031352	8.35	29.0985	2	-1	0.17606	84.926
0.0314034	8.35	29.0787	1	-1	0.17627	85.0273
0.0314035	8.35	29.0732	4	-1	0.176	84.897
0.0315577	8.35	29.0633	3	-1	0.1764	84.873
0.031609	8.35	29.0664	4	-1	0.17614	84.7479
0.031609	8.35	29.0663	1	-1	0.17615	84.7527
0.0316604	8.35	29.053	2	-1	0.17638	84.8879
0.0316606	8.35	29.0437	3	-1	0.1763	84.8494
0.0317119	8.35	29.0656	1	-1	0.17621	84.806
0.031712	8.35	29.0619	4	-1	0.17644	84.9167
0.0317635	8.35	29.0409	2	-1	0.17663	84.9428
0.0318148	8.35	29.0538	1	-1	0.17618	84.7264
0.0318665	8.35	29.0323	2	-1	0.17631	84.7563
0.0319179	8.35	29.0295	1	-1	0.17642	84.8092
0.0319183	8.35	29.0147	4	-1	0.17665	84.9197
0.0319696	8.35	29.0378	2	-1	0.17651	84.714
0.0320212	8.35	29.0097	1	-1	0.1768	84.8531
0.0322279	8.35	29.0016	1	-1	0.17653	84.4682
0.0322799	8.35	28.969	3	-1	0.17678	84.6729
0.0323313	8.35	29.0064	1	-1	0.1766	84.5866
0.0323832	8.35	28.97	2	-1	0.17721	84.8098
0.0324346	8.35	28.9949	1	-1	0.17649	84.4652
0.0324867	8.35	28.9637	2	-1	0.17677	84.5992
0.0325382	8.35	28.9638	1	-1	0.1768	84.6135
0.0325904	8.35	28.9769	2	-1	0.17692	84.5052
0.0328499	8.35	28.9335	1	-1	0.17681	84.0831
0.0329025	8.35	28.8858	3	-1	0.17732	84.567
0.033006	8.35	28.8913	2	-1	0.17788	84.729
0.0330575	8.35	28.9404	1	-1	0.17664	84.1383
0.0331615	8.35	28.8986	1	-1	0.17704	84.4173
0.0332142	8.35	28.9143	2	-1	0.17722	84.3022
0.0333708	8.35	28.8498	1	-1	0.17842	84.4712
0.033475	8.35	28.8573	1	-1	0.177	83.5655
0.033841	8.35	28.8401	2	-1	0.1772	84.0886
0.0342082	8.35	28.8282	1	-1	0.17775	83.6274
0.0344174	8.35	28.7971	1	-1	0.17704	83.7623
0.0345767	8.35	28.789	3	-1	0.17837	83.8796
0.0347343	8.35	28.704	1	-1	0.17934	83.89
0.0347869	8.35	28.741	2	-1	0.17807	83.1714
0.03484	8.35	28.7353	1	-1	0.17883	83.5264
0.0349455	8.35	28.7465	1	-1	0.17819	83.3871
0.0350509	8.35	28.7266	1	-1	0.17809	83.5476
0.0351048	8.35	28.7082	2	-1	0.17929	84.1105
0.0352108	8.35	28.7247	3	-1	0.17873	83.5929
0.0353693	8.35	28.6496	1	-1	0.17961	83.6952
0.0354224	8.35	28.6915	2	-1	0.17859	83.0651
0.0354756	8.35	28.6665	1	-1	0.1794	83.4419
0.0355296	8.35	28.6296	3	-1	0.17917	83.3737
0.0355817	8.35	28.6778	1	-1	0.17896	83.2759
0.0355826	8.35	28.6523	4	-1	0.17922	83.3969
0.0356878	8.35	28.6674	1	-1	0.17877	83.3194
0.0357417	8.35	28.6449	2	-1	0.17969	83.7794
0.0358481	8.35	28.6554	2	-1	0.17923	83.4093
0.0361147	8.35	28.605	1	-1	0.18006	83.3148
0.0362215	8.35	28.6231	1	-1	0.17965	83.0944
0.0362216	8.35	28.6221	4	-1	0.1794	82.9787
0.0363282	8.35	28.6232	1	-1	0.17926	83.033
0.0364349	8.35	28.5999	1	-1	0.1793	83.1594
0.0364888	8.35	28.58	2	-1	0.18013	83.4863
0.0365429	8.35	28.5373	4	-1	0.17997	83.4121
0.036596	8.35	28.5884	3	-1	0.17994	83.1516
0.0368639	8.35	28.5524	1	-1	0.17968	82.8133
0.0371321	8.35	28.4686	2	-1	0.17872	82.8289
0.0375078	8.35	28.4963	1	-1	0.17824	82.0664
0.0378851	8.35	28.5578	3	-1	0.17991	83.4656
0.038371	8.35	28.3792	1	-1	0.17964	82.2678
0.0384241	8.35	28.2397	2	-1	0.18244	83.6766
0.0385382	8.35	28.1713	3	-1	0.18102	82.5031
0.0387494	8.35	28.3083	2	-1	0.1801	81.4453
0.0388073	8.35	28.3645	1	-1	0.18185	82.2367
0.0389162	8.35	28.3758	1	-1	0.1812	82.1098
0.0389173	8.35	28.3471	4	-1	0.18101	82.0237
0.0390251	8.35	28.3489	1	-1	0.18104	82.2386
0.0391864	8.35	28.2183	2	-1	0.18197	82.4999
0.0392957	8.35	28.2319	2	-1	0.18158	82.0997
0.0393019	8.35	28.0752	3	-1	0.18179	82.1947
0.0393533	8.35	28.2986	1	-1	0.18211	82.3394
0.039405	8.35	28.2218	2	-1	0.18154	81.9631
0.0394628	8.35	28.3098	1	-1	0.18198	82.1617
0.039521	8.35	28.0329	3	-1	0.18179	82.0834
0.0395723	8.35	28.3099	1	-1	0.18167	82.0292
0.0395728	8.35	28.2969	4	-1	0.18176	82.0698
0.0396818	8.35	28.2926	1	-1	0.18148	82.0174
0.0397913	8.35	28.266	1	-1	0.18157	82.0878
0.0398449	8.35	28.1619	2	-1	0.18293	82.6279
0.0399551	8.35	28.1799	2	-1	0.18269	82.3559
0.0400127	8.35	28.1794	4	-1	0.18222	82.144
0.0400652	8.35	28.1847	2	-1	0.18251	82.1045
0.0401211	8.35	28.2176	1	-1	0.18237	82.0415
0.0401227	8.35	28.1775	4	-1	0.18214	81.938
0.0401755	8.35	28.1724	2	-1	0.18264	82.078
0.0402312	8.35	28.2198	1	-1	0.18222	81.8893
0.0402328	8.35	28.1774	4	-1	0.1824	81.9702
0.0403412	8.35	28.2176	1	-1	0.18193	81.7736
0.0404511	8.35	28.2044	1	-1	0.18179	81.7769
0.0405075	8.35	28.1663	2	-1	0.18343	82.5258
0.0406182	8.35	28.1919	2	-1	0.18313	82.2686
0.0406752	8.35	28.0554	4	-1	0.18283	82.1339
0.0407295	8.35	28.1873	3	-1	0.1825	81.7469
0.0408934	8.35	28.1144	1	-1	0.18328	81.8543
0.0409501	8.35	28.165	2	-1	0.18283	81.5477
0.040951	8.35	28.141	3	-1	0.18301	81.628
0.0410043	8.35	28.1318	1	-1	0.18299	81.6191
0.041007	8.35	28.0653	4	-1	0.18281	81.5388
0.0411149	8.35	28.1468	1	-1	0.18244	81.4392
0.0412827	8.35	28.133	2	-1	0.18217	81.4969
0.0413406	8.35	27.9474	4	-1	0.1834	82.0472
0.0416708	8.35	28.1003	1	-1	0.18082	79.9028
0.0417306	8.35	27.7747	3	-1	0.18385	82.6218
0.04206	8.35	28.174	3	-1	0.18297	82.5342
0.042337	8.35	27.9623	1	-1	0.18378	83.0119
0.0424141	8.35	29.4898	4	-1	0.11353	50.2034
0.0429655	8.35	26.4825	4	-1	0.11737	102.569
0.0439389	8.35	27.067	1	-1	0.17669	95.7462
0.0441165	8.35	31.9055	4	-1	0.08151	34.9124
0.0442967	8.35	32.2268	4	-1	0.08221	63.1899
