0.0011075	8.7	27.4212	4	-1	0.21616	21402
0.00115103	8.7	29.5548	3	-1	0.18449	84.9128
0.00119225	8.7	30.9826	1	-1	0.1701	78.2897
0.00123176	8.7	31.9646	3	-1	0.16193	94.5301
0.00127044	8.7	32.6629	4	-1	0.15676	91.512
0.00130828	8.7	33.1595	3	-1	0.15334	97.0261
0.00134581	8.7	33.5217	4	-1	0.15098	95.5328
0.00138285	8.7	33.7816	3	-1	0.14934	98.0372
0.00141981	8.7	33.9734	4	-1	0.14816	97.2625
0.00145646	8.7	34.1101	3	-1	0.14732	98.4825
0.00149315	8.7	34.2122	4	-1	0.14672	98.0814
0.0015296	8.7	34.2828	3	-1	0.14629	98.6979
0.00156615	8.7	34.3358	1	-1	0.14598	98.4887
0.00160251	8.7	34.371	3	-1	0.14576	98.7869
0.001639	8.7	34.3979	4	-1	0.1456	98.6784
0.00163901	8.7	34.3976	1	-1	0.14561	98.6852
0.00167531	8.7	34.415	2	-1	0.1455	98.8115
0.00167533	8.7	34.4133	3	-1	0.1455	98.8115
0.00171181	8.7	34.4257	1	-1	0.14543	98.764
0.00171181	8.7	34.4257	4	-1	0.14543	98.764
0.00174811	8.7	34.4318	2	-1	0.14539	98.8039
0.00174813	8.7	34.4301	3	-1	0.14539	98.8039
0.00178461	8.7	34.4346	1	-1	0.14537	98.7903
0.00178461	8.7	34.4346	4	-1	0.14537	98.7903
0.00182093	8.7	34.4348	2	-1	0.14536	98.7768
0.00182095	8.7	34.4331	3	-1	0.14536	98.7768
0.00185745	8.7	34.4327	4	-1	0.14536	98.7768
0.00185746	8.7	34.4324	1	-1	0.14537	98.7836
0.0018938	8.7	34.4296	2	-1	0.14538	98.7435
0.00189382	8.7	34.4279	3	-1	0.14538	98.7435
0.00193035	8.7	34.4253	4	-1	0.14539	98.7503
0.00193035	8.7	34.4249	1	-1	0.1454	98.757
0.00196672	8.7	34.42	2	-1	0.14542	98.6969
0.00196674	8.7	34.4183	3	-1	0.14542	98.6969
0.00200331	8.7	34.4145	4	-1	0.14544	98.7105
0.00200331	8.7	34.4142	1	-1	0.14545	98.7173
0.0020397	8.7	34.4084	2	-1	0.14547	98.6505
0.00203973	8.7	34.4064	3	-1	0.14548	98.6573
0.00207633	8.7	34.4018	4	-1	0.1455	98.6708
0.00207633	8.7	34.4015	1	-1	0.14551	98.6776
0.00211276	8.7	34.3955	2	-1	0.14554	98.611
0.00211279	8.7	34.3935	3	-1	0.14554	98.611
0.00214942	8.7	34.3887	1	-1	0.14557	98.6313
0.00214942	8.7	34.3887	4	-1	0.14557	98.6313
0.00218588	8.7	34.3818	2	-1	0.1456	98.5582
0.00218592	8.7	34.3795	3	-1	0.14561	98.5649
0.00222258	8.7	34.375	4	-1	0.14563	98.5785
0.00222258	8.7	34.3746	1	-1	0.14564	98.5853
0.00225907	8.7	34.3679	2	-1	0.14567	98.5122
0.00225911	8.7	34.3652	3	-1	0.14568	98.519
0.00229581	8.7	34.3606	4	-1	0.1457	98.5325
0.00229581	8.7	34.3602	1	-1	0.14571	98.5393
0.00233234	8.7	34.3536	2	-1	0.14574	98.4663
0.00233238	8.7	34.3506	3	-1	0.14575	98.4731
0.00236911	8.7	34.3464	4	-1	0.14577	98.4866
0.00236911	8.7	34.3461	1	-1	0.14578	98.4933
0.00240567	8.7	34.339	2	-1	0.14581	98.4139
0.00240572	8.7	34.3358	3	-1	0.14582	98.4206
0.00244248	8.7	34.3321	1	-1	0.14585	98.4409
0.00244248	8.7	34.3321	4	-1	0.14585	98.4409
0.00247907	8.7	34.3251	2	-1	0.14588	98.3682
0.00247913	8.7	34.3215	3	-1	0.14589	98.3749
0.00251593	8.7	34.3177	1	-1	0.14592	98.3951
0.00251593	8.7	34.3177	4	-1	0.14592	98.3951
0.00255255	8.7	34.3109	2	-1	0.14595	98.3226
0.00255261	8.7	34.307	3	-1	0.14596	98.3293
0.00258944	8.7	34.3037	1	-1	0.14599	98.3495
0.00258944	8.7	34.3037	4	-1	0.14599	98.3495
0.0026261	8.7	34.2964	2	-1	0.14602	98.2704
0.00262616	8.7	34.2922	3	-1	0.14603	98.2771
0.00266303	8.7	34.2894	1	-1	0.14606	98.2973
0.00266303	8.7	34.2894	4	-1	0.14606	98.2973
0.00269972	8.7	34.2823	2	-1	0.14609	98.225
0.00269979	8.7	34.2777	3	-1	0.1461	98.2317
0.00273668	8.7	34.2749	4	-1	0.14613	98.2519
0.00273669	8.7	34.2746	1	-1	0.14614	98.2586
0.00277341	8.7	34.2678	2	-1	0.14616	98.173
0.00277348	8.7	34.2629	3	-1	0.14617	98.1797
0.00281041	8.7	34.2606	4	-1	0.1462	98.1999
0.00281042	8.7	34.2603	1	-1	0.14621	98.2066
0.00284717	8.7	34.2532	2	-1	0.14623	98.1212
0.00284725	8.7	34.248	3	-1	0.14624	98.1279
0.00288422	8.7	34.2463	4	-1	0.14627	98.148
0.00288422	8.7	34.2459	1	-1	0.14628	98.1547
0.002921	8.7	34.2391	2	-1	0.1463	98.076
0.00292108	8.7	34.2335	3	-1	0.14631	98.0827
0.00295809	8.7	34.2318	4	-1	0.14634	98.1028
0.0029581	8.7	34.2314	1	-1	0.14635	98.1095
0.0029949	8.7	34.2248	2	-1	0.14638	98.0376
0.00299499	8.7	34.219	3	-1	0.14639	98.0443
0.00303203	8.7	34.2177	4	-1	0.14641	98.0577
0.00303204	8.7	34.2174	1	-1	0.14642	98.0644
0.00306888	8.7	34.2104	2	-1	0.14645	97.9861
0.00306898	8.7	34.2042	3	-1	0.14646	97.9928
0.00310605	8.7	34.203	4	-1	0.14648	98.0062
0.00310606	8.7	34.2027	1	-1	0.14649	98.0128
0.00314293	8.7	34.196	2	-1	0.14652	97.9412
0.00314303	8.7	34.1895	3	-1	0.14653	97.9479
0.00318014	8.7	34.1889	4	-1	0.14655	97.9612
0.00318014	8.7	34.1886	1	-1	0.14656	97.9679
0.00321706	8.7	34.1815	2	-1	0.14659	97.8898
0.00321716	8.7	34.1747	3	-1	0.1466	97.8965
0.0032543	8.7	34.1747	4	-1	0.14662	97.9098
0.0032543	8.7	34.1744	1	-1	0.14663	97.9165
0.00329125	8.7	34.1675	2	-1	0.14666	97.8451
0.00329135	8.7	34.1604	3	-1	0.14667	97.8518
0.00332853	8.7	34.1603	4	-1	0.14669	97.8651
0.00332853	8.7	34.16	1	-1	0.1467	97.8718
0.00336551	8.7	34.1529	2	-1	0.14673	97.7939
0.00336562	8.7	34.1455	3	-1	0.14674	97.8006
0.00340284	8.7	34.146	4	-1	0.14677	97.8206
0.00340284	8.7	34.1457	1	-1	0.14678	97.8272
0.00343985	8.7	34.1388	2	-1	0.1468	97.7429
0.00343996	8.7	34.1311	3	-1	0.14681	97.7495
0.00347722	8.7	34.1317	4	-1	0.14684	97.7695
0.00347722	8.7	34.1313	1	-1	0.14685	97.7762
0.00351425	8.7	34.1247	2	-1	0.14687	97.6984
0.00351438	8.7	34.1164	3	-1	0.14689	97.7117
0.00355167	8.7	34.1178	4	-1	0.14691	97.725
0.00355167	8.7	34.1174	1	-1	0.14692	97.7317
0.00358873	8.7	34.1104	2	-1	0.14694	97.6475
0.00358887	8.7	34.1015	3	-1	0.14696	97.6608
0.00362619	8.7	34.1032	4	-1	0.14698	97.6741
0.00362619	8.7	34.1029	1	-1	0.14699	97.6808
0.00366329	8.7	34.0962	2	-1	0.14702	97.6099
0.00366343	8.7	34.087	3	-1	0.14703	97.6165
0.00370078	8.7	34.0893	4	-1	0.14705	97.6298
0.00370078	8.7	34.089	1	-1	0.14706	97.6364
0.00373791	8.7	34.0819	2	-1	0.14709	97.5592
0.00373806	8.7	34.0724	3	-1	0.1471	97.5658
0.00377545	8.7	34.0753	4	-1	0.14712	97.5791
0.00377545	8.7	34.075	1	-1	0.14713	97.5857
0.00381261	8.7	34.0681	2	-1	0.14716	97.5151
0.00381276	8.7	34.0582	3	-1	0.14717	97.5217
0.00385018	8.7	34.0611	4	-1	0.14719	97.535
0.00385019	8.7	34.0608	1	-1	0.1472	97.5416
0.00388738	8.7	34.0537	2	-1	0.14723	97.4646
0.00388754	8.7	34.0435	3	-1	0.14724	97.4712
0.00392499	8.7	34.047	4	-1	0.14726	97.4844
0.00392499	8.7	34.0467	1	-1	0.14727	97.4911
0.00396222	8.7	34.0398	2	-1	0.1473	97.4206
0.00396238	8.7	34.0293	3	-1	0.14731	97.4272
0.00399987	8.7	34.0328	4	-1	0.14733	97.4405
0.00399987	8.7	34.0325	1	-1	0.14734	97.4471
0.00403713	8.7	34.0253	2	-1	0.14737	97.3703
0.0040373	8.7	34.0146	3	-1	0.14738	97.3769
0.00407482	8.7	34.0187	4	-1	0.1474	97.3902
0.00407483	8.7	34.0184	1	-1	0.14741	97.3968
0.00411211	8.7	34.0115	2	-1	0.14744	97.3266
0.00411229	8.7	34.0004	3	-1	0.14745	97.3332
0.00414984	8.7	34.0045	4	-1	0.14747	97.3464
0.00414985	8.7	34.0042	1	-1	0.14748	97.353
0.00418717	8.7	33.9971	2	-1	0.14751	97.2764
0.00418735	8.7	33.9854	3	-1	0.14753	97.2896
0.00422494	8.7	33.9905	4	-1	0.14755	97.3028
0.00422495	8.7	33.9902	1	-1	0.14756	97.3094
0.0042623	8.7	33.9833	2	-1	0.14758	97.2264
0.00426249	8.7	33.971	3	-1	0.1476	97.2396
0.00430012	8.7	33.9764	4	-1	0.14762	97.2528
0.00430012	8.7	33.9761	1	-1	0.14763	97.2594
0.0043375	8.7	33.9689	2	-1	0.14765	97.1765
0.0043377	8.7	33.956	3	-1	0.14767	97.1897
0.00437536	8.7	33.9624	4	-1	0.14769	97.2028
0.00437537	8.7	33.9621	1	-1	0.1477	97.2094
0.00441277	8.7	33.9552	2	-1	0.14772	97.1331
0.00441298	8.7	33.9417	3	-1	0.14774	97.1462
0.00445067	8.7	33.9484	4	-1	0.14776	97.1594
0.00445068	8.7	33.9481	1	-1	0.14777	97.166
0.00448811	8.7	33.9409	2	-1	0.14779	97.0834
0.00448833	8.7	33.9268	3	-1	0.14781	97.0965
0.00452606	8.7	33.9339	4	-1	0.14783	97.1096
0.00452607	8.7	33.9336	1	-1	0.14784	97.1162
0.00456353	8.7	33.9268	2	-1	0.14787	97.0467
0.00456376	8.7	33.9124	3	-1	0.14788	97.0532
0.00460152	8.7	33.9202	4	-1	0.1479	97.0664
0.00460153	8.7	33.9199	1	-1	0.14791	97.0729
0.00463903	8.7	33.9127	2	-1	0.14794	96.9971
0.00463926	8.7	33.898	3	-1	0.14795	97.0037
0.00467705	8.7	33.9059	4	-1	0.14797	97.0168
0.00467706	8.7	33.9056	1	-1	0.14798	97.0233
0.00471459	8.7	33.8987	2	-1	0.14801	96.954
0.00471484	8.7	33.8835	3	-1	0.14803	96.9671
0.00475265	8.7	33.8923	4	-1	0.14804	96.9737
0.00475266	8.7	33.892	1	-1	0.14805	96.9802
0.00479023	8.7	33.8847	2	-1	0.14808	96.9047
0.00479048	8.7	33.8689	3	-1	0.1481	96.9177
0.00482833	8.7	33.8781	4	-1	0.14811	96.9243
0.00482833	8.7	33.8778	1	-1	0.14812	96.9308
0.00486594	8.7	33.8704	2	-1	0.14815	96.8554
0.0048662	8.7	33.8539	3	-1	0.14817	96.8685
0.00490408	8.7	33.8641	4	-1	0.14818	96.875
0.00490408	8.7	33.8638	1	-1	0.14819	96.8815
0.00494172	8.7	33.8566	2	-1	0.14822	96.8125
0.00494199	8.7	33.8396	3	-1	0.14824	96.8256
0.0049799	8.7	33.8502	4	-1	0.14826	96.8387
0.00497991	8.7	33.8499	1	-1	0.14827	96.8452
0.00501757	8.7	33.8425	2	-1	0.14829	96.7571
0.00501786	8.7	33.8248	3	-1	0.14831	96.7702
0.0050558	8.7	33.8359	4	-1	0.14833	96.7832
0.00505581	8.7	33.8356	1	-1	0.14834	96.7898
0.0050935	8.7	33.8285	2	-1	0.14836	96.7145
0.00509379	8.7	33.8103	3	-1	0.14838	96.7275
0.00513177	8.7	33.8223	4	-1	0.1484	96.7405
0.00513177	8.7	33.822	1	-1	0.14841	96.7471
0.0051695	8.7	33.8146	2	-1	0.14843	96.6656
0.0051698	8.7	33.7958	3	-1	0.14845	96.6786
0.00520781	8.7	33.8082	4	-1	0.14847	96.6916
0.00520782	8.7	33.8079	1	-1	0.14848	96.6981
0.00524558	8.7	33.8004	2	-1	0.14851	96.6233
0.00524589	8.7	33.781	3	-1	0.14853	96.6363
0.00528393	8.7	33.7944	4	-1	0.14854	96.6428
0.00528393	8.7	33.7941	1	-1	0.14855	96.6493
0.00532172	8.7	33.7868	2	-1	0.14858	96.5809
0.00532204	8.7	33.7668	3	-1	0.1486	96.5939
0.00536011	8.7	33.7806	4	-1	0.14861	96.6004
0.00536012	8.7	33.7803	1	-1	0.14862	96.6069
0.00539794	8.7	33.7727	2	-1	0.14865	96.5322
0.00539827	8.7	33.7522	3	-1	0.14867	96.5452
0.00543637	8.7	33.7665	4	-1	0.14868	96.5517
0.00543638	8.7	33.7662	1	-1	0.14869	96.5582
0.00547424	8.7	33.7589	2	-1	0.14872	96.49
0.00547458	8.7	33.7378	3	-1	0.14874	96.503
0.0055127	8.7	33.753	4	-1	0.14875	96.5094
0.00551271	8.7	33.7527	1	-1	0.14876	96.5159
0.0055506	8.7	33.745	2	-1	0.14879	96.4415
0.00555095	8.7	33.7234	3	-1	0.14881	96.4545
0.00558911	8.7	33.739	4	-1	0.14882	96.461
0.00558911	8.7	33.7387	1	-1	0.14883	96.4675
0.00562704	8.7	33.7309	2	-1	0.14886	96.3932
0.0056274	8.7	33.7086	3	-1	0.14888	96.4061
0.00566559	8.7	33.7251	4	-1	0.1489	96.4191
0.00566559	8.7	33.7248	1	-1	0.14891	96.4256
0.00570354	8.7	33.7172	2	-1	0.14893	96.3449
0.00570392	8.7	33.6941	3	-1	0.14895	96.3579
0.00574214	8.7	33.7115	4	-1	0.14897	96.3708
0.00574214	8.7	33.7112	1	-1	0.14898	96.3773
0.00578013	8.7	33.7034	2	-1	0.149	96.2968
0.00578051	8.7	33.6797	3	-1	0.14902	96.3097
0.00581877	8.7	33.6976	4	-1	0.14904	96.3226
0.00581877	8.7	33.6973	1	-1	0.14905	96.3291
0.00585679	8.7	33.6893	2	-1	0.14908	96.2552
0.00585718	8.7	33.6653	3	-1	0.14909	96.2616
0.00589547	8.7	33.6836	4	-1	0.14911	96.2745
0.00589547	8.7	33.6833	1	-1	0.14912	96.281
0.00593352	8.7	33.6757	2	-1	0.14915	96.2134
0.00593392	8.7	33.6512	3	-1	0.14916	96.2198
0.00597224	8.7	33.6701	4	-1	0.14918	96.2327
0.00597224	8.7	33.6698	1	-1	0.14919	96.2392
0.00601032	8.7	33.6619	2	-1	0.14922	96.1655
0.00601073	8.7	33.6371	3	-1	0.14923	96.1719
0.00604908	8.7	33.6562	4	-1	0.14925	96.1848
0.00604908	8.7	33.6559	1	-1	0.14926	96.1913
0.0060872	8.7	33.6478	2	-1	0.14929	96.1177
0.00608761	8.7	33.6225	3	-1	0.14931	96.1306
0.006126	8.7	33.6421	4	-1	0.14932	96.137
0.006126	8.7	33.6418	1	-1	0.14933	96.1434
0.00616415	8.7	33.6341	2	-1	0.14936	96.0762
0.00616458	8.7	33.6082	3	-1	0.14938	96.089
0.00620298	8.7	33.6288	4	-1	0.14939	96.0955
0.00620299	8.7	33.6285	1	-1	0.1494	96.1019
0.00624117	8.7	33.6204	2	-1	0.14943	96.0285
0.00624161	8.7	33.594	3	-1	0.14945	96.0414
0.00628005	8.7	33.615	4	-1	0.14946	96.0478
0.00628005	8.7	33.6147	1	-1	0.14947	96.0542
0.00631827	8.7	33.6064	2	-1	0.1495	95.981
0.00631872	8.7	33.5794	3	-1	0.14952	95.9938
0.00635719	8.7	33.601	4	-1	0.14954	96.0067
0.00635719	8.7	33.6007	1	-1	0.14955	96.0131
0.00639545	8.7	33.5924	2	-1	0.14958	95.9338
0.0063959	8.7	33.5651	3	-1	0.14959	95.9402
0.0064344	8.7	33.5875	4	-1	0.14961	95.9531
0.00643441	8.7	33.5872	1	-1	0.14962	95.9595
0.00647269	8.7	33.579	2	-1	0.14964	95.8862
0.00647315	8.7	33.5513	3	-1	0.14966	95.899
0.00651169	8.7	33.5739	4	-1	0.14968	95.9118
0.00651169	8.7	33.5736	1	-1	0.14969	95.9182
0.00655	8.7	33.5653	2	-1	0.14971	95.8389
0.00655047	8.7	33.537	3	-1	0.14973	95.8517
0.00658904	8.7	33.5601	4	-1	0.14975	95.8645
0.00658905	8.7	33.5598	1	-1	0.14976	95.8709
0.00662739	8.7	33.5514	2	-1	0.14979	95.7982
0.00662787	8.7	33.5228	3	-1	0.1498	95.8046
0.00666648	8.7	33.5462	4	-1	0.14982	95.8173
0.00666648	8.7	33.5459	1	-1	0.14983	95.8237
0.00670486	8.7	33.5378	2	-1	0.14986	95.7572
0.00670535	8.7	33.5087	3	-1	0.14988	95.77
0.00674398	8.7	33.533	4	-1	0.14989	95.7764
0.00674398	8.7	33.5327	1	-1	0.1499	95.7827
0.0067824	8.7	33.5243	2	-1	0.14993	95.7102
0.00678289	8.7	33.4947	3	-1	0.14995	95.7229
0.00682156	8.7	33.5194	4	-1	0.14996	95.7293
0.00682156	8.7	33.5191	1	-1	0.14997	95.7357
0.00686001	8.7	33.5105	2	-1	0.15	95.6633
0.00686051	8.7	33.4803	3	-1	0.15002	95.676
0.00689921	8.7	33.5056	4	-1	0.15003	95.6824
0.00689921	8.7	33.5053	1	-1	0.15004	95.6888
0.00693769	8.7	33.4965	2	-1	0.15007	95.6164
0.00693821	8.7	33.4658	3	-1	0.15009	95.6292
0.00697693	8.7	33.4917	4	-1	0.1501	95.6356
0.00697694	8.7	33.4914	1	-1	0.15011	95.6419
0.00701546	8.7	33.4825	2	-1	0.15015	95.5761
0.00701598	8.7	33.4516	3	-1	0.15016	95.5824
0.00705474	8.7	33.4782	4	-1	0.15018	95.5952
0.00705474	8.7	33.4779	1	-1	0.15019	95.6015
0.00709329	8.7	33.4694	2	-1	0.15021	95.5231
0.00709382	8.7	33.4379	3	-1	0.15023	95.5358
0.0071326	8.7	33.4648	4	-1	0.15024	95.5421
0.00713261	8.7	33.4645	1	-1	0.15025	95.5485
0.00717119	8.7	33.4558	2	-1	0.15029	95.4889
0.00717173	8.7	33.4241	3	-1	0.1503	95.4953
0.00721055	8.7	33.4513	4	-1	0.15032	95.508
0.00721056	8.7	33.451	1	-1	0.15033	95.5143
0.00724918	8.7	33.442	2	-1	0.15036	95.4364
0.00724972	8.7	33.4101	3	-1	0.15037	95.4427
0.00728857	8.7	33.4375	4	-1	0.15039	95.4554
0.00728858	8.7	33.4372	1	-1	0.1504	95.4618
0.00732723	8.7	33.4282	2	-1	0.15043	95.39
0.00732778	8.7	33.396	3	-1	0.15044	95.3963
0.00736667	8.7	33.4237	4	-1	0.15046	95.409
0.00736668	8.7	33.4234	1	-1	0.15047	95.4153
0.00740536	8.7	33.4143	2	-1	0.1505	95.3437
0.00740592	8.7	33.3816	3	-1	0.15052	95.3564
0.00744484	8.7	33.4103	4	-1	0.15053	95.3627
0.00744485	8.7	33.41	1	-1	0.15054	95.369
0.00748356	8.7	33.4012	2	-1	0.15057	95.3035
0.00748413	8.7	33.368	3	-1	0.15059	95.3162
0.00752308	8.7	33.3971	4	-1	0.1506	95.3225
0.00752309	8.7	33.3968	1	-1	0.15061	95.3288
0.00756184	8.7	33.3877	2	-1	0.15064	95.2574
0.00756241	8.7	33.354	3	-1	0.15066	95.27
0.00760139	8.7	33.3836	4	-1	0.15067	95.2763
0.0076014	8.7	33.3833	1	-1	0.15068	95.2827
0.00764019	8.7	33.374	2	-1	0.15071	95.2113
0.00764077	8.7	33.3398	3	-1	0.15073	95.224
0.00767978	8.7	33.3699	4	-1	0.15074	95.2303
0.00767979	8.7	33.3696	1	-1	0.15075	95.2366
0.00771862	8.7	33.3603	2	-1	0.15079	95.1717
0.0077192	8.7	33.3258	3	-1	0.1508	95.178
0.00775825	8.7	33.3563	4	-1	0.15082	95.1906
0.00775825	8.7	33.356	1	-1	0.15083	95.1969
0.00779712	8.7	33.3465	2	-1	0.15086	95.1198
0.00779771	8.7	33.3118	3	-1	0.15087	95.1261
0.00783679	8.7	33.3426	4	-1	0.15089	95.1387
0.0078368	8.7	33.3423	1	-1	0.1509	95.145
0.00787569	8.7	33.3328	2	-1	0.15093	95.074
0.00787629	8.7	33.2978	3	-1	0.15094	95.0803
0.00791541	8.7	33.3291	4	-1	0.15096	95.0929
0.00791541	8.7	33.3288	1	-1	0.15097	95.0992
0.00795434	8.7	33.3196	2	-1	0.151	95.0343
0.00795495	8.7	33.2842	3	-1	0.15101	95.0406
0.00799409	8.7	33.3161	4	-1	0.15103	95.0532
0.0079941	8.7	33.3158	1	-1	0.15104	95.0595
0.00803306	8.7	33.3064	2	-1	0.15107	94.9887
0.00803367	8.7	33.2707	3	-1	0.15108	94.995
0.00807285	8.7	33.3028	4	-1	0.1511	95.0075
0.00807286	8.7	33.3025	1	-1	0.15111	95.0138
0.00811185	8.7	33.2929	2	-1	0.15114	94.9431
0.00811247	8.7	33.2571	3	-1	0.15115	94.9494
0.00815169	8.7	33.2893	4	-1	0.15117	94.962
0.00815169	8.7	33.289	1	-1	0.15118	94.9683
0.00819072	8.7	33.2794	2	-1	0.15121	94.8977
0.00819135	8.7	33.2433	3	-1	0.15122	94.904
0.00823059	8.7	33.2758	4	-1	0.15124	94.9165
0.0082306	8.7	33.2755	1	-1	0.15125	94.9228
0.00826966	8.7	33.2657	2	-1	0.15128	94.8523
0.0082703	8.7	33.2291	3	-1	0.1513	94.8649
0.00830958	8.7	33.2622	4	-1	0.15131	94.8712
0.00830958	8.7	33.2619	1	-1	0.15132	94.8774
0.00834869	8.7	33.2521	2	-1	0.15136	94.8133
0.00834932	8.7	33.2153	3	-1	0.15137	94.8196
0.00838863	8.7	33.2487	4	-1	0.15138	94.8259
0.00838864	8.7	33.2484	1	-1	0.15139	94.8321
0.00842778	8.7	33.2385	2	-1	0.15143	94.7681
0.00842843	8.7	33.2014	3	-1	0.15144	94.7744
0.00846777	8.7	33.2352	4	-1	0.15146	94.7869
0.00846777	8.7	33.2349	1	-1	0.15147	94.7932
0.00850695	8.7	33.2249	2	-1	0.1515	94.7171
0.0085076	8.7	33.1876	3	-1	0.15151	94.7234
0.00854698	8.7	33.2216	4	-1	0.15153	94.7359
0.00854698	8.7	33.2214	1	-1	0.15154	94.7421
0.0085862	8.7	33.2113	2	-1	0.15157	94.6721
0.00858685	8.7	33.1738	3	-1	0.15158	94.6783
0.00862626	8.7	33.2081	4	-1	0.1516	94.6908
0.00862627	8.7	33.2078	1	-1	0.15161	94.6971
0.00866552	8.7	33.1978	2	-1	0.15165	94.6334
0.00866618	8.7	33.1601	3	-1	0.15166	94.6396
0.00870562	8.7	33.1949	4	-1	0.15167	94.6459
0.00870563	8.7	33.1946	1	-1	0.15168	94.6521
0.00874491	8.7	33.1849	2	-1	0.15172	94.5944
0.00874558	8.7	33.147	3	-1	0.15172	94.5944
0.00878505	8.7	33.1822	4	-1	0.15174	94.6069
0.00878505	8.7	33.1819	1	-1	0.15175	94.6131
0.00882438	8.7	33.1719	2	-1	0.15179	94.5496
0.00882504	8.7	33.1341	3	-1	0.15179	94.5496
0.00886455	8.7	33.1691	4	-1	0.15181	94.5621
0.00886456	8.7	33.1688	1	-1	0.15182	94.5683
0.00890392	8.7	33.1587	2	-1	0.15186	94.5049
0.00890459	8.7	33.1209	3	-1	0.15186	94.5049
0.00894413	8.7	33.1559	4	-1	0.15188	94.5174
0.00894413	8.7	33.1556	1	-1	0.15189	94.5236
0.00898354	8.7	33.1454	2	-1	0.15193	94.4603
0.0089842	8.7	33.1077	3	-1	0.15193	94.4603
0.00902378	8.7	33.1426	4	-1	0.15195	94.4728
0.00902378	8.7	33.1423	1	-1	0.15196	94.479
0.00906323	8.7	33.132	2	-1	0.152	94.4158
0.00906389	8.7	33.0944	3	-1	0.152	94.4158
0.0091035	8.7	33.1292	4	-1	0.15202	94.4282
0.00910351	8.7	33.129	1	-1	0.15203	94.4344
0.00914299	8.7	33.1186	2	-1	0.15207	94.3714
0.00914366	8.7	33.0811	3	-1	0.15207	94.3714
0.00918331	8.7	33.116	4	-1	0.1521	94.39
0.00918331	8.7	33.1157	1	-1	0.15211	94.3962
0.00922283	8.7	33.1053	2	-1	0.15214	94.3211
0.0092235	8.7	33.0676	3	-1	0.15215	94.3273
0.00926318	8.7	33.1027	4	-1	0.15217	94.3397
0.00926319	8.7	33.1024	1	-1	0.15218	94.3459
0.00930274	8.7	33.092	2	-1	0.15221	94.2769
0.00930342	8.7	33.0541	3	-1	0.15222	94.2831
0.00934314	8.7	33.0894	4	-1	0.15224	94.2954
0.00934314	8.7	33.0891	1	-1	0.15225	94.3016
0.00938273	8.7	33.0787	2	-1	0.15228	94.2327
0.00938341	8.7	33.0405	3	-1	0.15229	94.2389
0.00942316	8.7	33.0762	4	-1	0.15231	94.2512
0.00942317	8.7	33.0759	1	-1	0.15232	94.2574
0.0094628	8.7	33.0654	2	-1	0.15236	94.1947
0.00946348	8.7	33.0273	3	-1	0.15236	94.1947
0.00950326	8.7	33.0629	4	-1	0.15238	94.2071
0.00950327	8.7	33.0627	1	-1	0.15239	94.2133
0.00954294	8.7	33.0521	2	-1	0.15243	94.1507
0.00954362	8.7	33.0141	3	-1	0.15243	94.1507
0.00958344	8.7	33.0497	4	-1	0.15245	94.1631
0.00958344	8.7	33.0494	1	-1	0.15246	94.1692
0.00962315	8.7	33.0389	2	-1	0.1525	94.1068
0.00962383	8.7	33.0009	3	-1	0.1525	94.1068
0.00966369	8.7	33.0365	4	-1	0.15252	94.1191
0.00966369	8.7	33.0362	1	-1	0.15253	94.1253
0.00970344	8.7	33.0256	2	-1	0.15257	94.0629
0.00970412	8.7	32.9878	3	-1	0.15257	94.0629
0.00974402	8.7	33.0234	4	-1	0.1526	94.0814
0.00974402	8.7	33.0231	1	-1	0.15261	94.0875
0.0097838	8.7	33.0125	2	-1	0.15264	94.0133
0.00978448	8.7	32.9747	3	-1	0.15264	94.0133
0.00982442	8.7	33.0103	4	-1	0.15267	94.0318
0.00982442	8.7	33.01	1	-1	0.15268	94.0379
0.00986424	8.7	32.9993	2	-1	0.15271	93.9696
0.00986493	8.7	32.9614	3	-1	0.15272	93.9758
0.0099049	8.7	32.9972	4	-1	0.15274	93.9881
0.0099049	8.7	32.9969	1	-1	0.15275	93.9942
0.00994475	8.7	32.9862	2	-1	0.15278	93.926
0.00994544	8.7	32.948	3	-1	0.15279	93.9321
0.00998545	8.7	32.9838	4	-1	0.15281	93.9444
0.00998545	8.7	32.9836	1	-1	0.15282	93.9506
0.0100253	8.7	32.9724	2	-1	0.15286	93.8828
0.010026	8.7	32.934	3	-1	0.15286	93.8828
0.0100661	8.7	32.9701	4	-1	0.15288	93.8951
0.0100661	8.7	32.9698	1	-1	0.15289	93.9012
0.010106	8.7	32.9588	2	-1	0.15293	93.8394
0.0101067	8.7	32.9205	3	-1	0.15293	93.8394
0.0101468	8.7	32.9567	4	-1	0.15296	93.8578
0.0101468	8.7	32.9564	1	-1	0.15297	93.8639
0.0101868	8.7	32.9455	2	-1	0.153	93.7902
0.0101875	8.7	32.9072	3	-1	0.153	93.7902
0.0102276	8.7	32.9435	4	-1	0.15303	93.8086
0.0102276	8.7	32.9432	1	-1	0.15304	93.8147
0.0102676	8.7	32.9323	2	-1	0.15307	93.7469
0.0102683	8.7	32.8939	3	-1	0.15308	93.7531
0.0103084	8.7	32.9304	4	-1	0.1531	93.7653
0.0103084	8.7	32.9301	1	-1	0.15311	93.7714
0.0103485	8.7	32.9192	2	-1	0.15314	93.7037
0.0103492	8.7	32.8806	3	-1	0.15315	93.7098
0.0103894	8.7	32.9174	4	-1	0.15317	93.7221
0.0103894	8.7	32.9171	1	-1	0.15318	93.7282
0.0104294	8.7	32.9062	2	-1	0.15322	93.6667
0.0104301	8.7	32.8677	3	-1	0.15322	93.6667
0.0104704	8.7	32.9045	4	-1	0.15324	93.6789
0.0104704	8.7	32.9042	1	-1	0.15325	93.685
0.0105105	8.7	32.8932	2	-1	0.15329	93.6236
0.0105112	8.7	32.8548	3	-1	0.15329	93.6236
0.0105515	8.7	32.8916	4	-1	0.15331	93.6359
0.0105515	8.7	32.8913	1	-1	0.15332	93.642
0.0105916	8.7	32.8803	2	-1	0.15336	93.5807
0.0105923	8.7	32.8419	3	-1	0.15336	93.5807
0.0106326	8.7	32.8786	4	-1	0.15338	93.5929
0.0106326	8.7	32.8784	1	-1	0.15339	93.599
0.0106728	8.7	32.8673	2	-1	0.15343	93.5378
0.0106735	8.7	32.829	3	-1	0.15343	93.5378
0.0107138	8.7	32.8658	4	-1	0.15345	93.55
0.0107138	8.7	32.8655	1	-1	0.15346	93.5561
0.0107541	8.7	32.8544	2	-1	0.1535	93.4949
0.0107548	8.7	32.8161	3	-1	0.1535	93.4949
0.0107951	8.7	32.8526	4	-1	0.15352	93.5071
0.0107951	8.7	32.8524	1	-1	0.15353	93.5132
0.0108354	8.7	32.8408	2	-1	0.15357	93.4465
0.0108361	8.7	32.8023	3	-1	0.15357	93.4465
0.0108765	8.7	32.8392	4	-1	0.1536	93.4648
0.0108765	8.7	32.8389	1	-1	0.15361	93.4709
0.0109168	8.7	32.8275	2	-1	0.15365	93.4043
0.0109175	8.7	32.7894	3	-1	0.15364	93.3982
0.010958	8.7	32.826	4	-1	0.15367	93.4164
0.010958	8.7	32.8257	1	-1	0.15368	93.4225
0.0109983	8.7	32.8145	2	-1	0.15372	93.3617
0.010999	8.7	32.7765	3	-1	0.15372	93.3617
0.0110395	8.7	32.8131	4	-1	0.15374	93.3738
0.0110395	8.7	32.8128	1	-1	0.15375	93.3799
0.0110799	8.7	32.8016	2	-1	0.15379	93.3192
0.0110806	8.7	32.7636	3	-1	0.15379	93.3192
0.0111211	8.7	32.8003	4	-1	0.15381	93.3313
0.0111211	8.7	32.8	1	-1	0.15382	93.3374
0.0111616	8.7	32.7887	2	-1	0.15386	93.2768
0.0111623	8.7	32.7508	3	-1	0.15386	93.2768
0.0112028	8.7	32.7875	4	-1	0.15388	93.2889
0.0112028	8.7	32.7872	1	-1	0.15389	93.2949
0.0112433	8.7	32.7759	2	-1	0.15393	93.2344
0.011244	8.7	32.7381	3	-1	0.15393	93.2344
0.0112846	8.7	32.7747	4	-1	0.15395	93.2465
0.0112846	8.7	32.7745	1	-1	0.15396	93.2526
0.0113251	8.7	32.7626	2	-1	0.154	93.1865
0.0113258	8.7	32.7249	3	-1	0.154	93.1865
0.0113664	8.7	32.7613	4	-1	0.15403	93.2046
0.0113664	8.7	32.761	1	-1	0.15404	93.2107
0.011407	8.7	32.7494	2	-1	0.15407	93.1387
0.0114077	8.7	32.7117	3	-1	0.15407	93.1387
0.0114483	8.7	32.7482	4	-1	0.1541	93.1568
0.0114483	8.7	32.7479	1	-1	0.15411	93.1629
0.0114889	8.7	32.7365	2	-1	0.15415	93.1026
0.0114896	8.7	32.6992	3	-1	0.15414	93.0966
0.0115303	8.7	32.7354	4	-1	0.15417	93.1147
0.0115303	8.7	32.7351	1	-1	0.15418	93.1207
0.011571	8.7	32.7238	2	-1	0.15422	93.0606
0.0115717	8.7	32.6868	3	-1	0.15421	93.0545
0.0116124	8.7	32.7226	4	-1	0.15424	93.0727
0.0116124	8.7	32.7224	1	-1	0.15425	93.0787
0.0116531	8.7	32.7111	2	-1	0.15429	93.0186
0.0116538	8.7	32.6744	3	-1	0.15428	93.0126
0.0116945	8.7	32.71	4	-1	0.15431	93.0307
0.0116945	8.7	32.7097	1	-1	0.15432	93.0367
0.0117352	8.7	32.698	2	-1	0.15436	92.9711
0.0117359	8.7	32.6617	3	-1	0.15435	92.9651
0.0117768	8.7	32.6966	4	-1	0.15438	92.9832
0.0117768	8.7	32.6963	1	-1	0.15439	92.9892
0.0118175	8.7	32.6849	2	-1	0.15443	92.9294
0.0118182	8.7	32.6486	3	-1	0.15443	92.9294
0.0118591	8.7	32.6836	4	-1	0.15445	92.9414
0.0118591	8.7	32.6833	1	-1	0.15446	92.9474
0.0118998	8.7	32.672	2	-1	0.1545	92.8876
0.0119005	8.7	32.6358	3	-1	0.1545	92.8876
0.0119414	8.7	32.6709	4	-1	0.15452	92.8997
0.0119414	8.7	32.6706	1	-1	0.15453	92.9057
0.0119822	8.7	32.6592	2	-1	0.15457	92.846
0.0119829	8.7	32.6231	3	-1	0.15457	92.846
0.0120239	8.7	32.6583	4	-1	0.15459	92.858
0.0120239	8.7	32.658	1	-1	0.1546	92.864
0.0120647	8.7	32.6466	2	-1	0.15464	92.8044
0.0120654	8.7	32.6105	3	-1	0.15464	92.8044
0.0121064	8.7	32.6453	4	-1	0.15467	92.8224
0.0121064	8.7	32.6451	1	-1	0.15468	92.8284
0.0121473	8.7	32.6334	2	-1	0.15472	92.7578
0.012148	8.7	32.5976	3	-1	0.15471	92.7518
0.012189	8.7	32.6323	4	-1	0.15474	92.7698
0.012189	8.7	32.6321	1	-1	0.15475	92.7758
0.0122299	8.7	32.6205	2	-1	0.15479	92.7164
0.0122306	8.7	32.5851	3	-1	0.15478	92.7104
0.0122717	8.7	32.6196	4	-1	0.15481	92.7284
0.0122717	8.7	32.6193	1	-1	0.15482	92.7344
0.0123127	8.7	32.6079	2	-1	0.15486	92.675
0.0123133	8.7	32.5729	3	-1	0.15485	92.6691
0.0123544	8.7	32.607	4	-1	0.15488	92.687
0.0123544	8.7	32.6068	1	-1	0.15489	92.693
0.0123954	8.7	32.595	2	-1	0.15493	92.6282
0.0123961	8.7	32.5602	3	-1	0.15492	92.6223
0.0124372	8.7	32.5937	4	-1	0.15495	92.6402
0.0124372	8.7	32.5935	1	-1	0.15496	92.6462
0.0124783	8.7	32.582	2	-1	0.155	92.5871
0.012479	8.7	32.5473	3	-1	0.155	92.5871
0.0125201	8.7	32.5809	4	-1	0.15502	92.599
0.0125201	8.7	32.5807	1	-1	0.15503	92.605
0.0125612	8.7	32.5692	2	-1	0.15507	92.546
0.0125619	8.7	32.5346	3	-1	0.15507	92.546
0.0126031	8.7	32.5684	4	-1	0.15509	92.5579
0.0126031	8.7	32.5681	1	-1	0.1551	92.5639
0.0126443	8.7	32.5567	2	-1	0.15514	92.5049
0.0126449	8.7	32.5221	3	-1	0.15514	92.5049
0.0126862	8.7	32.5556	4	-1	0.15517	92.5228
0.0126862	8.7	32.5553	1	-1	0.15518	92.5288
0.0127274	8.7	32.5436	2	-1	0.15522	92.4589
0.012728	8.7	32.5094	3	-1	0.15521	92.4529
0.0127693	8.7	32.5427	4	-1	0.15524	92.4708
0.0127693	8.7	32.5424	1	-1	0.15525	92.4768
0.0128105	8.7	32.5309	2	-1	0.15529	92.418
0.0128112	8.7	32.497	3	-1	0.15528	92.4121
0.0128525	8.7	32.5301	4	-1	0.15531	92.4299
0.0128525	8.7	32.5298	1	-1	0.15532	92.4359
0.0128938	8.7	32.5184	2	-1	0.15536	92.3772
0.0128944	8.7	32.4849	3	-1	0.15535	92.3713
0.0129358	8.7	32.5172	4	-1	0.15538	92.3891
0.0129358	8.7	32.517	1	-1	0.15539	92.3951
0.0129771	8.7	32.5052	2	-1	0.15543	92.331
0.0129778	8.7	32.472	3	-1	0.15542	92.3251
0.0130192	8.7	32.5043	4	-1	0.15545	92.3429
0.0130192	8.7	32.5041	1	-1	0.15546	92.3488
0.0130605	8.7	32.4926	2	-1	0.1555	92.2903
0.0130612	8.7	32.4594	3	-1	0.1555	92.2903
0.0131026	8.7	32.4918	4	-1	0.15552	92.3022
0.0131026	8.7	32.4916	1	-1	0.15553	92.3081
0.013144	8.7	32.4801	2	-1	0.15557	92.2498
0.0131446	8.7	32.447	3	-1	0.15557	92.2498
0.0131861	8.7	32.4791	4	-1	0.1556	92.2676
0.0131861	8.7	32.4789	1	-1	0.15561	92.2735
0.0132276	8.7	32.4671	2	-1	0.15565	92.2043
0.0132282	8.7	32.4343	3	-1	0.15564	92.1983
0.0132697	8.7	32.4664	4	-1	0.15567	92.2161
0.0132697	8.7	32.4661	1	-1	0.15568	92.222
0.0133112	8.7	32.4546	2	-1	0.15572	92.1638
0.0133118	8.7	32.4221	3	-1	0.15571	92.1579
0.0133534	8.7	32.4539	4	-1	0.15574	92.1757
0.0133534	8.7	32.4537	1	-1	0.15575	92.1816
0.0133949	8.7	32.4418	2	-1	0.15579	92.118
0.0133955	8.7	32.4097	3	-1	0.15578	92.1121
0.0134371	8.7	32.4408	4	-1	0.15581	92.1298
0.0134371	8.7	32.4406	1	-1	0.15582	92.1358
0.0134787	8.7	32.429	2	-1	0.15586	92.0777
0.0134793	8.7	32.3972	3	-1	0.15585	92.0718
0.013521	8.7	32.4282	4	-1	0.15588	92.0896
0.013521	8.7	32.428	1	-1	0.15589	92.0955
0.0135626	8.7	32.4166	2	-1	0.15593	92.0375
0.0135632	8.7	32.3851	3	-1	0.15592	92.0316
0.0136049	8.7	32.4159	4	-1	0.15595	92.0493
0.0136049	8.7	32.4156	1	-1	0.15596	92.0552
0.0136465	8.7	32.4039	2	-1	0.156	91.992
0.0136471	8.7	32.3727	3	-1	0.15599	91.9861
0.0136888	8.7	32.4029	4	-1	0.15602	92.0038
0.0136888	8.7	32.4026	1	-1	0.15603	92.0097
0.0137305	8.7	32.3912	2	-1	0.15607	91.9519
0.0137311	8.7	32.3601	3	-1	0.15607	91.9519
0.0137729	8.7	32.3904	4	-1	0.15609	91.9637
0.0137729	8.7	32.3902	1	-1	0.1561	91.9696
0.0138146	8.7	32.3789	2	-1	0.15615	91.9178
0.0138152	8.7	32.3481	3	-1	0.15614	91.9119
0.013857	8.7	32.3779	4	-1	0.15617	91.9296
0.013857	8.7	32.3777	1	-1	0.15618	91.9355
0.0138988	8.7	32.366	2	-1	0.15622	91.8671
0.0138994	8.7	32.3355	3	-1	0.15621	91.8612
0.0139412	8.7	32.3653	4	-1	0.15624	91.8789
0.0139412	8.7	32.3651	1	-1	0.15625	91.8847
0.013983	8.7	32.3536	2	-1	0.15629	91.8273
0.0139836	8.7	32.3234	3	-1	0.15628	91.8214
0.0140255	8.7	32.3528	4	-1	0.15631	91.839
0.0140255	8.7	32.3525	1	-1	0.15632	91.8449
0.0140674	8.7	32.3408	2	-1	0.15636	91.7821
0.014068	8.7	32.3107	3	-1	0.15635	91.7762
0.0141099	8.7	32.34	4	-1	0.15638	91.7938
0.0141099	8.7	32.3397	1	-1	0.15639	91.7997
0.0141518	8.7	32.3283	2	-1	0.15643	91.7424
0.0141523	8.7	32.2984	3	-1	0.15642	91.7366
0.0141943	8.7	32.3276	4	-1	0.15645	91.7541
0.0141943	8.7	32.3274	1	-1	0.15646	91.76
0.0142362	8.7	32.3156	2	-1	0.1565	91.6974
0.0142368	8.7	32.2861	3	-1	0.15649	91.6916
0.0142788	8.7	32.3147	4	-1	0.15652	91.7091
0.0142788	8.7	32.3144	1	-1	0.15653	91.715
0.0143208	8.7	32.3032	2	-1	0.15658	91.6637
0.0143214	8.7	32.2739	3	-1	0.15657	91.6579
0.0143634	8.7	32.3024	4	-1	0.15659	91.6696
0.0143634	8.7	32.3021	1	-1	0.1566	91.6754
0.0144054	8.7	32.2905	2	-1	0.15665	91.6189
0.014406	8.7	32.2616	3	-1	0.15664	91.6131
0.0144481	8.7	32.2896	4	-1	0.15667	91.6306
0.0144481	8.7	32.2894	1	-1	0.15668	91.6364
0.0144901	8.7	32.278	2	-1	0.15672	91.5741
0.0144907	8.7	32.2494	3	-1	0.15671	91.5683
0.0145328	8.7	32.2773	4	-1	0.15674	91.5858
0.0145328	8.7	32.2771	1	-1	0.15675	91.5917
0.0145749	8.7	32.2654	2	-1	0.15679	91.5295
0.0145755	8.7	32.2371	3	-1	0.15678	91.5236
0.0146177	8.7	32.2644	4	-1	0.15681	91.5412
0.0146177	8.7	32.2642	1	-1	0.15682	91.547
0.0146598	8.7	32.2529	2	-1	0.15686	91.4902
0.0146604	8.7	32.2249	3	-1	0.15685	91.4844
0.0147026	8.7	32.2521	4	-1	0.15688	91.5019
0.0147026	8.7	32.2518	1	-1	0.15689	91.5077
0.0147447	8.7	32.2408	2	-1	0.15693	91.451
0.0147453	8.7	32.2131	3	-1	0.15692	91.4452
0.0147875	8.7	32.2396	4	-1	0.15695	91.4627
0.0147875	8.7	32.2394	1	-1	0.15696	91.4685
0.0148298	8.7	32.2281	2	-1	0.15701	91.4124
0.0148303	8.7	32.201	3	-1	0.15699	91.4008
0.0148726	8.7	32.2274	4	-1	0.15703	91.4241
0.0148726	8.7	32.2271	1	-1	0.15704	91.4299
0.0149149	8.7	32.2161	2	-1	0.15708	91.3681
0.0149154	8.7	32.1895	3	-1	0.15706	91.3564
0.0149577	8.7	32.2149	4	-1	0.1571	91.3797
0.0149577	8.7	32.2146	1	-1	0.15711	91.3855
0.015	8.7	32.2035	2	-1	0.15715	91.3238
0.0150006	8.7	32.1772	3	-1	0.15714	91.318
0.015043	8.7	32.2025	4	-1	0.15717	91.3354
0.015043	8.7	32.2023	1	-1	0.15718	91.3412
0.0150853	8.7	32.1909	2	-1	0.15722	91.2796
0.0150858	8.7	32.1649	3	-1	0.15721	91.2738
0.0151282	8.7	32.1897	4	-1	0.15724	91.2912
0.0151283	8.7	32.1894	1	-1	0.15725	91.297
0.0151706	8.7	32.1785	2	-1	0.15729	91.2408
0.0151712	8.7	32.1528	3	-1	0.15728	91.235
0.0152136	8.7	32.1774	4	-1	0.15731	91.2524
0.0152136	8.7	32.1772	1	-1	0.15732	91.2582
0.015256	8.7	32.166	2	-1	0.15736	91.1968
0.0152566	8.7	32.1406	3	-1	0.15735	91.191
0.0152991	8.7	32.1647	4	-1	0.15738	91.2083
0.0152991	8.7	32.1644	1	-1	0.15739	91.2141
0.0153415	8.7	32.1536	2	-1	0.15743	91.1581
0.015342	8.7	32.1283	3	-1	0.15743	91.1581
0.0153846	8.7	32.1526	4	-1	0.15745	91.1697
0.0153846	8.7	32.1523	1	-1	0.15746	91.1754
0.0154271	8.7	32.1412	2	-1	0.1575	91.1142
0.0154276	8.7	32.1158	3	-1	0.1575	91.1142
0.0154702	8.7	32.1399	4	-1	0.15752	91.1258
0.0154702	8.7	32.1397	1	-1	0.15753	91.1316
0.0155127	8.7	32.1289	2	-1	0.15758	91.0814
0.0155132	8.7	32.1038	3	-1	0.15757	91.0757
0.0155559	8.7	32.1276	4	-1	0.1576	91.093
0.0155559	8.7	32.1273	1	-1	0.15761	91.0988
0.0155985	8.7	32.1162	2	-1	0.15765	91.0325
0.015599	8.7	32.0915	3	-1	0.15764	91.0267
0.0156416	8.7	32.1153	4	-1	0.15767	91.044
0.0156416	8.7	32.115	1	-1	0.15768	91.0498
0.0156843	8.7	32.1042	2	-1	0.15772	90.9941
0.0156848	8.7	32.0797	3	-1	0.15771	90.9883
0.0157275	8.7	32.1029	4	-1	0.15774	91.0056
0.0157275	8.7	32.1027	1	-1	0.15775	91.0114
0.0157701	8.7	32.0916	2	-1	0.15779	90.9505
0.0157706	8.7	32.0674	3	-1	0.15778	90.9447
0.0158134	8.7	32.0906	4	-1	0.15781	90.962
0.0158134	8.7	32.0904	1	-1	0.15782	90.9678
0.0158561	8.7	32.0791	2	-1	0.15786	90.907
0.0158566	8.7	32.0553	3	-1	0.15785	90.9012
0.0158994	8.7	32.0779	4	-1	0.15788	90.9185
0.0158994	8.7	32.0777	1	-1	0.15789	90.9243
0.0159421	8.7	32.0669	2	-1	0.15793	90.8688
0.0159426	8.7	32.0433	3	-1	0.15792	90.8631
0.0159854	8.7	32.0654	4	-1	0.15795	90.8803
0.0159854	8.7	32.0652	1	-1	0.15796	90.8861
0.0160282	8.7	32.0543	2	-1	0.15801	90.8312
0.0160287	8.7	32.031	3	-1	0.158	90.8255
0.0160716	8.7	32.0533	4	-1	0.15803	90.8427
0.0160716	8.7	32.0531	1	-1	0.15804	90.8485
0.0161144	8.7	32.0424	2	-1	0.15808	90.788
0.0161149	8.7	32.0196	3	-1	0.15806	90.7765
0.0161578	8.7	32.0411	4	-1	0.1581	90.7994
0.0161578	8.7	32.0409	1	-1	0.15811	90.8052
0.0162007	8.7	32.03	2	-1	0.15815	90.7448
0.0162012	8.7	32.0076	3	-1	0.15814	90.739
0.0162441	8.7	32.029	4	-1	0.15817	90.7563
0.0162441	8.7	32.0287	1	-1	0.15818	90.762
0.016287	8.7	32.0178	2	-1	0.15822	90.7017
0.0162875	8.7	31.9956	3	-1	0.15821	90.6959
0.0163305	8.7	32.0164	4	-1	0.15824	90.7131
0.0163305	8.7	32.0162	1	-1	0.15825	90.7189
0.0163735	8.7	32.0057	2	-1	0.15829	90.6638
0.0163739	8.7	31.9837	3	-1	0.15828	90.6581
0.0164169	8.7	32.004	4	-1	0.15831	90.6753
0.0164169	8.7	32.0038	1	-1	0.15832	90.681
0.01646	8.7	31.9931	2	-1	0.15836	90.6209
0.0164604	8.7	31.9714	3	-1	0.15835	90.6152
0.0165035	8.7	31.9919	4	-1	0.15838	90.6323
0.0165035	8.7	31.9916	1	-1	0.15839	90.6381
0.0165465	8.7	31.9809	2	-1	0.15844	90.5837
0.016547	8.7	31.9597	3	-1	0.15842	90.5723
0.0165901	8.7	31.9794	4	-1	0.15846	90.5952
0.0165901	8.7	31.9792	1	-1	0.15847	90.6009
0.0166332	8.7	31.9689	2	-1	0.15851	90.5409
0.0166336	8.7	31.9481	3	-1	0.1585	90.5352
0.0166768	8.7	31.9672	4	-1	0.15853	90.5524
0.0166768	8.7	31.967	1	-1	0.15854	90.5581
0.0167199	8.7	31.9565	2	-1	0.15858	90.4982
0.0167204	8.7	31.9359	3	-1	0.15857	90.4925
0.0167636	8.7	31.9552	4	-1	0.1586	90.5096
0.0167636	8.7	31.955	1	-1	0.15861	90.5153
0.0168067	8.7	31.9443	2	-1	0.15865	90.4556
0.0168072	8.7	31.924	3	-1	0.15864	90.4499
0.0168504	8.7	31.9427	4	-1	0.15867	90.467
0.0168504	8.7	31.9425	1	-1	0.15868	90.4727
0.0168936	8.7	31.9323	2	-1	0.15872	90.4181
0.0168941	8.7	31.9123	3	-1	0.15871	90.4124
0.0169373	8.7	31.9304	4	-1	0.15874	90.4295
0.0169373	8.7	31.9302	1	-1	0.15875	90.4352
0.0169806	8.7	31.9198	2	-1	0.15879	90.3756
0.016981	8.7	31.9001	3	-1	0.15878	90.3699
0.0170243	8.7	31.9184	4	-1	0.15881	90.387
0.0170244	8.7	31.9182	1	-1	0.15882	90.3927
0.0170677	8.7	31.9076	2	-1	0.15886	90.3332
0.0170681	8.7	31.8881	3	-1	0.15885	90.3275
0.0171114	8.7	31.9059	4	-1	0.15888	90.3446
0.0171114	8.7	31.9057	1	-1	0.15889	90.3503
0.0171548	8.7	31.8956	2	-1	0.15893	90.296
0.0171552	8.7	31.8762	3	-1	0.15893	90.296
0.0171986	8.7	31.8938	4	-1	0.15895	90.3074
0.0171986	8.7	31.8935	1	-1	0.15896	90.3131
0.017242	8.7	31.8833	2	-1	0.15901	90.2594
0.0172424	8.7	31.8641	3	-1	0.159	90.2537
0.0172858	8.7	31.8816	4	-1	0.15903	90.2708
0.0172858	8.7	31.8814	1	-1	0.15904	90.2764
0.0173293	8.7	31.8708	2	-1	0.15908	90.2121
0.0173297	8.7	31.8519	3	-1	0.15907	90.2064
0.0173732	8.7	31.8696	4	-1	0.1591	90.2234
0.0173732	8.7	31.8693	1	-1	0.15911	90.2291
0.0174166	8.7	31.8587	2	-1	0.15915	90.17
0.017417	8.7	31.8401	3	-1	0.15914	90.1643
0.0174606	8.7	31.8571	4	-1	0.15917	90.1813
0.0174606	8.7	31.8569	1	-1	0.15918	90.187
0.0175041	8.7	31.8469	2	-1	0.15922	90.133
0.0175045	8.7	31.8285	3	-1	0.15921	90.1274
0.017548	8.7	31.845	4	-1	0.15924	90.1444
0.017548	8.7	31.8448	1	-1	0.15925	90.15
0.0175916	8.7	31.8346	2	-1	0.1593	90.0967
0.017592	8.7	31.8168	3	-1	0.15928	90.0854
0.0176356	8.7	31.8329	4	-1	0.15932	90.108
0.0176356	8.7	31.8326	1	-1	0.15933	90.1137
0.0176792	8.7	31.8224	2	-1	0.15937	90.0497
0.0176796	8.7	31.805	3	-1	0.15935	90.0384
0.0177232	8.7	31.8209	4	-1	0.15939	90.061
0.0177232	8.7	31.8206	1	-1	0.1594	90.0667
0.0177669	8.7	31.8105	2	-1	0.15944	90.0079
0.0177673	8.7	31.7936	3	-1	0.15942	89.9966
0.017811	8.7	31.8085	4	-1	0.15946	90.0192
0.017811	8.7	31.8082	1	-1	0.15947	90.0248
0.0178547	8.7	31.7988	2	-1	0.15951	89.9712
0.017855	8.7	31.7822	3	-1	0.1595	89.9656
0.0178988	8.7	31.7965	4	-1	0.15953	89.9825
0.0178988	8.7	31.7963	1	-1	0.15954	89.9882
0.0179425	8.7	31.7866	2	-1	0.15958	89.9296
0.0179428	8.7	31.7702	3	-1	0.15957	89.9239
0.0179866	8.7	31.7843	4	-1	0.1596	89.9408
0.0179866	8.7	31.7841	1	-1	0.15961	89.9465
0.0180304	8.7	31.7742	2	-1	0.15965	89.888
0.0180308	8.7	31.7581	3	-1	0.15964	89.8823
0.0180746	8.7	31.7725	1	-1	0.15968	89.9048
0.0180746	8.7	31.7725	4	-1	0.15968	89.9048
0.0181184	8.7	31.7624	2	-1	0.15972	89.8464
0.0181187	8.7	31.7466	3	-1	0.15971	89.8408
0.0181626	8.7	31.7603	4	-1	0.15974	89.8577
0.0181626	8.7	31.7601	1	-1	0.15975	89.8633
0.0182065	8.7	31.7502	2	-1	0.15979	89.805
0.0182068	8.7	31.7346	3	-1	0.15978	89.7994
0.0182507	8.7	31.7479	4	-1	0.15982	89.8218
0.0182507	8.7	31.7477	1	-1	0.15983	89.8275
0.0182946	8.7	31.7384	2	-1	0.15986	89.7636
0.018295	8.7	31.7228	3	-1	0.15986	89.7636
0.0183389	8.7	31.7358	4	-1	0.15988	89.7748
0.0183389	8.7	31.7356	1	-1	0.15989	89.7804
0.0183829	8.7	31.7262	2	-1	0.15994	89.7329
0.0183832	8.7	31.7109	3	-1	0.15993	89.7273
0.0184272	8.7	31.7239	4	-1	0.15996	89.7442
0.0184272	8.7	31.7236	1	-1	0.15997	89.7498
0.0184712	8.7	31.7139	2	-1	0.16001	89.6867
0.0184715	8.7	31.6989	3	-1	0.16	89.6811
0.0185155	8.7	31.7118	1	-1	0.16004	89.7035
0.0185155	8.7	31.7118	4	-1	0.16004	89.7035
0.0185596	8.7	31.702	2	-1	0.16009	89.6511
0.0185599	8.7	31.6875	3	-1	0.16007	89.6399
0.018604	8.7	31.7002	1	-1	0.16011	89.6623
0.018604	8.7	31.7002	4	-1	0.16011	89.6623
0.018648	8.7	31.6903	2	-1	0.16016	89.61
0.0186483	8.7	31.6762	3	-1	0.16014	89.5988
0.0186925	8.7	31.6881	1	-1	0.16018	89.6212
0.0186925	8.7	31.6881	4	-1	0.16018	89.6212
0.0187366	8.7	31.6784	2	-1	0.16023	89.569
0.0187369	8.7	31.6648	3	-1	0.16021	89.5578
0.018781	8.7	31.676	4	-1	0.16025	89.5802
0.018781	8.7	31.6758	1	-1	0.16026	89.5858
0.0188252	8.7	31.6662	2	-1	0.1603	89.5231
0.0188255	8.7	31.6531	3	-1	0.16028	89.5119
0.0188697	8.7	31.6635	4	-1	0.16032	89.5342
0.0188697	8.7	31.6633	1	-1	0.16033	89.5398
0.0189139	8.7	31.6545	2	-1	0.16037	89.4872
0.0189142	8.7	31.6417	3	-1	0.16036	89.4816
0.0189585	8.7	31.6516	4	-1	0.16039	89.4984
0.0189585	8.7	31.6514	1	-1	0.1604	89.5039
0.0190027	8.7	31.6425	2	-1	0.16044	89.4464
0.019003	8.7	31.6298	3	-1	0.16043	89.4408
0.0190473	8.7	31.6396	4	-1	0.16046	89.4575
0.0190473	8.7	31.6394	1	-1	0.16047	89.4631
0.0190916	8.7	31.6302	2	-1	0.16051	89.4057
0.0190919	8.7	31.6179	3	-1	0.1605	89.4001
0.0191362	8.7	31.6276	4	-1	0.16054	89.4224
0.0191362	8.7	31.6274	1	-1	0.16055	89.428
0.0191805	8.7	31.6183	2	-1	0.16059	89.3656
0.0191808	8.7	31.6064	3	-1	0.16057	89.3545
0.0192252	8.7	31.6154	4	-1	0.16061	89.3767
0.0192252	8.7	31.6152	1	-1	0.16062	89.3823
0.0192696	8.7	31.6064	2	-1	0.16066	89.325
0.0192698	8.7	31.5947	3	-1	0.16065	89.3195
0.0193142	8.7	31.6038	4	-1	0.16068	89.3362
0.0193142	8.7	31.6035	1	-1	0.16069	89.3417
0.0193587	8.7	31.5947	2	-1	0.16073	89.2845
0.0193589	8.7	31.5833	3	-1	0.16072	89.279
0.0194034	8.7	31.5918	4	-1	0.16075	89.2956
0.0194034	8.7	31.5916	1	-1	0.16076	89.3012
0.0194478	8.7	31.5828	2	-1	0.1608	89.2441
0.0194481	8.7	31.5717	3	-1	0.16079	89.2385
0.0194926	8.7	31.5798	4	-1	0.16082	89.2552
0.0194926	8.7	31.5795	1	-1	0.16083	89.2607
0.0195371	8.7	31.5709	2	-1	0.16087	89.2037
0.0195374	8.7	31.5599	3	-1	0.16086	89.1982
0.0195819	8.7	31.5676	4	-1	0.16089	89.2148
0.0195819	8.7	31.5674	1	-1	0.1609	89.2204
0.0196265	8.7	31.5589	2	-1	0.16094	89.1634
0.0196267	8.7	31.548	3	-1	0.16094	89.1634
0.0196713	8.7	31.5556	4	-1	0.16096	89.1745
0.0196713	8.7	31.5554	1	-1	0.16097	89.1801
0.0197159	8.7	31.5468	2	-1	0.16101	89.1232
0.0197161	8.7	31.5359	3	-1	0.16101	89.1232
0.0197608	8.7	31.5435	4	-1	0.16103	89.1343
0.0197608	8.7	31.5433	1	-1	0.16104	89.1398
0.0198054	8.7	31.5346	2	-1	0.16108	89.0831
0.0198056	8.7	31.5238	3	-1	0.16108	89.0831
0.0198503	8.7	31.5316	4	-1	0.16111	89.0997
0.0198503	8.7	31.5314	1	-1	0.16112	89.1052
0.019895	8.7	31.5228	2	-1	0.16116	89.0436
0.0198952	8.7	31.5122	3	-1	0.16115	89.0381
0.0199399	8.7	31.5196	4	-1	0.16118	89.0546
0.0199399	8.7	31.5193	1	-1	0.16119	89.0602
0.0199846	8.7	31.5114	2	-1	0.16123	89.0085
0.0199849	8.7	31.5008	3	-1	0.16123	89.0085
0.0200296	8.7	31.508	4	-1	0.16125	89.0195
0.0200296	8.7	31.5078	1	-1	0.16126	89.0251
0.0200744	8.7	31.4995	2	-1	0.1613	88.9686
0.0200746	8.7	31.4892	3	-1	0.16129	88.963
0.0201194	8.7	31.4963	4	-1	0.16132	88.9796
0.0201194	8.7	31.4961	1	-1	0.16133	88.9851
0.0201642	8.7	31.4876	2	-1	0.16137	88.9287
0.0201644	8.7	31.4774	3	-1	0.16136	88.9232
0.0202093	8.7	31.4846	4	-1	0.1614	88.9452
0.0202093	8.7	31.4844	1	-1	0.16141	88.9507
0.0202541	8.7	31.4759	2	-1	0.16144	88.884
0.0202543	8.7	31.466	3	-1	0.16143	88.8785
0.0202992	8.7	31.4726	4	-1	0.16147	88.9005
0.0202992	8.7	31.4724	1	-1	0.16148	88.906
0.0203441	8.7	31.4642	2	-1	0.16151	88.8443
0.0203443	8.7	31.4543	3	-1	0.16151	88.8443
0.0203892	8.7	31.4605	4	-1	0.16153	88.8553
0.0203892	8.7	31.4603	1	-1	0.16154	88.8608
0.0204341	8.7	31.4522	2	-1	0.16159	88.815
0.0204344	8.7	31.4426	3	-1	0.16158	88.8095
0.0204793	8.7	31.4489	4	-1	0.16161	88.826
0.0204793	8.7	31.4487	1	-1	0.16162	88.8315
0.0205243	8.7	31.4403	2	-1	0.16166	88.7705
0.0205245	8.7	31.4309	3	-1	0.16165	88.765
0.0205695	8.7	31.4372	4	-1	0.16168	88.7815
0.0205695	8.7	31.437	1	-1	0.16169	88.787
0.0206145	8.7	31.4286	2	-1	0.16174	88.7365
0.0206147	8.7	31.4196	3	-1	0.16172	88.7255
0.0206598	8.7	31.4255	1	-1	0.16176	88.7475
0.0206598	8.7	31.4255	4	-1	0.16176	88.7475
0.0207048	8.7	31.4171	2	-1	0.16181	88.697
0.020705	8.7	31.4086	3	-1	0.16179	88.6861
0.0207501	8.7	31.414	1	-1	0.16183	88.708
0.0207501	8.7	31.414	4	-1	0.16183	88.708
0.0207952	8.7	31.405	2	-1	0.16188	88.6528
0.0207954	8.7	31.3969	3	-1	0.16186	88.6418
0.0208405	8.7	31.4019	1	-1	0.1619	88.6637
0.0208405	8.7	31.4019	4	-1	0.1619	88.6637
0.0208857	8.7	31.3931	2	-1	0.16195	88.6135
0.0208859	8.7	31.3855	3	-1	0.16193	88.6025
0.020931	8.7	31.39	1	-1	0.16198	88.6299
0.020931	8.7	31.39	4	-1	0.16198	88.6299
0.0209762	8.7	31.3816	2	-1	0.16202	88.5694
0.0209764	8.7	31.3742	3	-1	0.16201	88.5639
0.0210216	8.7	31.3779	4	-1	0.16204	88.5803
0.0210216	8.7	31.3777	1	-1	0.16205	88.5858
0.0210668	8.7	31.3697	2	-1	0.16209	88.5302
0.021067	8.7	31.3626	3	-1	0.16208	88.5248
0.0211123	8.7	31.3659	4	-1	0.16211	88.5412
0.0211123	8.7	31.3657	1	-1	0.16212	88.5466
0.0211575	8.7	31.358	2	-1	0.16216	88.4911
0.0211577	8.7	31.351	3	-1	0.16215	88.4857
0.021203	8.7	31.3542	4	-1	0.16219	88.5075
0.021203	8.7	31.354	1	-1	0.1622	88.513
0.0212483	8.7	31.3464	2	-1	0.16223	88.4473
0.0212485	8.7	31.3395	3	-1	0.16223	88.4473
0.0212938	8.7	31.3423	4	-1	0.16225	88.4582
0.0212938	8.7	31.3421	1	-1	0.16226	88.4636
0.0213392	8.7	31.3347	2	-1	0.1623	88.4131
0.0213394	8.7	31.3278	3	-1	0.1623	88.4131
0.0213847	8.7	31.3305	4	-1	0.16232	88.424
0.0213847	8.7	31.3303	1	-1	0.16233	88.4295
0.0214301	8.7	31.3228	2	-1	0.16237	88.3742
0.0214303	8.7	31.316	3	-1	0.16237	88.3742
0.0214757	8.7	31.3186	4	-1	0.1624	88.3906
0.0214757	8.7	31.3184	1	-1	0.16241	88.396
0.0215212	8.7	31.3109	2	-1	0.16245	88.3361
0.0215213	8.7	31.3043	3	-1	0.16244	88.3306
0.0215668	8.7	31.3069	4	-1	0.16247	88.3469
0.0215668	8.7	31.3067	1	-1	0.16248	88.3524
0.0216123	8.7	31.2991	2	-1	0.16252	88.2973
0.0216124	8.7	31.2927	3	-1	0.16251	88.2919
0.0216579	8.7	31.2953	4	-1	0.16255	88.3136
0.0216579	8.7	31.2951	1	-1	0.16256	88.319
0.0217035	8.7	31.2878	2	-1	0.1626	88.2592
0.0217036	8.7	31.2818	3	-1	0.16258	88.2484
0.0217492	8.7	31.2837	4	-1	0.16262	88.2701
0.0217492	8.7	31.2835	1	-1	0.16263	88.2755
0.0217947	8.7	31.2764	2	-1	0.16267	88.2206
0.0217949	8.7	31.2706	3	-1	0.16266	88.2152
0.0218405	8.7	31.2722	4	-1	0.16269	88.2315
0.0218405	8.7	31.272	1	-1	0.1627	88.2369
0.0218861	8.7	31.2645	2	-1	0.16274	88.1773
0.0218862	8.7	31.2589	3	-1	0.16273	88.1719
0.0219319	8.7	31.2603	4	-1	0.16276	88.1881
0.0219319	8.7	31.2601	1	-1	0.16277	88.1935
0.0219775	8.7	31.2528	2	-1	0.16281	88.1388
0.0219777	8.7	31.2475	3	-1	0.1628	88.1334
0.0220233	8.7	31.2485	4	-1	0.16283	88.1496
0.0220233	8.7	31.2483	1	-1	0.16284	88.155
0.022069	8.7	31.2413	2	-1	0.16288	88.1004
0.0220692	8.7	31.236	3	-1	0.16288	88.1004
0.0221149	8.7	31.2366	4	-1	0.1629	88.1112
0.0221149	8.7	31.2364	1	-1	0.16291	88.1166
0.0221606	8.7	31.2294	2	-1	0.16295	88.062
0.0221608	8.7	31.2239	3	-1	0.16295	88.062
0.0222065	8.7	31.225	4	-1	0.16298	88.0783
0.0222065	8.7	31.2248	1	-1	0.16299	88.0837
0.0222523	8.7	31.2177	2	-1	0.16303	88.0244
0.0222524	8.7	31.2124	3	-1	0.16302	88.019
0.0222982	8.7	31.2136	4	-1	0.16305	88.0352
0.0222982	8.7	31.2134	1	-1	0.16306	88.0406
0.0223441	8.7	31.2062	2	-1	0.1631	87.9862
0.0223442	8.7	31.2011	3	-1	0.16309	87.9808
0.02239	8.7	31.2021	4	-1	0.16312	87.997
0.02239	8.7	31.2019	1	-1	0.16313	88.0024
0.0224359	8.7	31.1943	2	-1	0.16317	87.9433
0.022436	8.7	31.1894	3	-1	0.16316	87.9379
0.0224819	8.7	31.1903	4	-1	0.1632	87.9595
0.0224819	8.7	31.1901	1	-1	0.16321	87.9649
0.0225278	8.7	31.183	2	-1	0.16324	87.9005
0.0225279	8.7	31.1783	3	-1	0.16323	87.8951
0.0225739	8.7	31.1783	4	-1	0.16326	87.9113
0.0225739	8.7	31.1781	1	-1	0.16327	87.9166
0.0226198	8.7	31.1717	2	-1	0.16331	87.8672
0.0226199	8.7	31.167	3	-1	0.16331	87.8672
0.0226659	8.7	31.1663	4	-1	0.16333	87.878
0.0226659	8.7	31.1661	1	-1	0.16334	87.8834
0.0227119	8.7	31.1596	2	-1	0.16338	87.8293
0.022712	8.7	31.1548	3	-1	0.16339	87.8346
0.022758	8.7	31.1552	4	-1	0.16341	87.8454
0.022758	8.7	31.155	1	-1	0.16342	87.8508
0.0228041	8.7	31.1479	2	-1	0.16346	87.792
0.0228042	8.7	31.1433	3	-1	0.16345	87.7867
0.0228502	8.7	31.1441	1	-1	0.16349	87.8082
0.0228502	8.7	31.1441	4	-1	0.16349	87.8082
0.0228963	8.7	31.1364	2	-1	0.16353	87.7495
0.0228964	8.7	31.132	3	-1	0.16352	87.7442
0.0229425	8.7	31.1324	1	-1	0.16356	87.7656
0.0229425	8.7	31.1324	4	-1	0.16356	87.7656
0.0229886	8.7	31.1252	2	-1	0.1636	87.7118
0.0229887	8.7	31.121	3	-1	0.16359	87.7064
0.0230349	8.7	31.1202	4	-1	0.16362	87.7225
0.0230349	8.7	31.12	1	-1	0.16363	87.7279
0.023081	8.7	31.1133	2	-1	0.16367	87.6741
0.0230811	8.7	31.1091	3	-1	0.16367	87.6741
0.0231273	8.7	31.1088	4	-1	0.1637	87.6902
0.0231273	8.7	31.1086	1	-1	0.16371	87.6955
0.0231735	8.7	31.1018	2	-1	0.16375	87.6371
0.0231736	8.7	31.0978	3	-1	0.16374	87.6318
0.0232198	8.7	31.0975	4	-1	0.16377	87.6478
0.0232198	8.7	31.0973	1	-1	0.16378	87.6532
0.0232661	8.7	31.09	2	-1	0.16382	87.5949
0.0232662	8.7	31.0862	3	-1	0.16381	87.5896
0.0233125	8.7	31.0859	1	-1	0.16385	87.611
0.0233125	8.7	31.0859	4	-1	0.16385	87.611
0.0233587	8.7	31.079	2	-1	0.16389	87.5574
0.0233588	8.7	31.0754	3	-1	0.16388	87.5521
0.0234051	8.7	31.0739	4	-1	0.16391	87.5681
0.0234051	8.7	31.0737	1	-1	0.16392	87.5735
0.0234515	8.7	31.0672	2	-1	0.16396	87.52
0.0234516	8.7	31.0636	3	-1	0.16396	87.52
0.0234979	8.7	31.0626	4	-1	0.16399	87.536
0.0234979	8.7	31.0624	1	-1	0.164	87.5414
0.0235443	8.7	31.0558	2	-1	0.16404	87.4833
0.0235444	8.7	31.0526	3	-1	0.16402	87.4727
0.0235908	8.7	31.0513	4	-1	0.16406	87.494
0.0235908	8.7	31.0511	1	-1	0.16407	87.4993
0.0236372	8.7	31.0443	2	-1	0.16411	87.4414
0.0236373	8.7	31.0415	3	-1	0.16409	87.4307
0.0236837	8.7	31.0395	4	-1	0.16413	87.452
0.0236837	8.7	31.0393	1	-1	0.16414	87.4574
0.0237302	8.7	31.0332	2	-1	0.16418	87.4042
0.0237302	8.7	31.0306	3	-1	0.16417	87.3989
0.0237767	8.7	31.0276	4	-1	0.1642	87.4148
0.0237767	8.7	31.0274	1	-1	0.16421	87.4201
0.0238232	8.7	31.0216	2	-1	0.16425	87.367
0.0238233	8.7	31.0191	3	-1	0.16425	87.367
0.0238698	8.7	31.0164	4	-1	0.16427	87.3777
0.0238698	8.7	31.0162	1	-1	0.16428	87.383
0.0239164	8.7	31.0097	2	-1	0.16433	87.3306
0.0239164	8.7	31.0074	3	-1	0.16432	87.3253
0.023963	8.7	31.0052	4	-1	0.16435	87.3412
0.023963	8.7	31.005	1	-1	0.16436	87.3465
0.0240096	8.7	30.9985	2	-1	0.1644	87.2889
0.0240096	8.7	30.9965	3	-1	0.16438	87.2783
0.0240563	8.7	30.9933	4	-1	0.16442	87.2996
0.0240563	8.7	30.9931	1	-1	0.16443	87.3049
0.0241029	8.7	30.9872	2	-1	0.16447	87.252
0.0241029	8.7	30.9855	3	-1	0.16446	87.2467
0.0241496	8.7	30.9819	4	-1	0.16449	87.2626
0.0241496	8.7	30.9817	1	-1	0.1645	87.2679
0.0241963	8.7	30.9756	2	-1	0.16454	87.2105
0.0241963	8.7	30.974	3	-1	0.16453	87.2052
0.024243	8.7	30.9703	4	-1	0.16456	87.2211
0.024243	8.7	30.9701	1	-1	0.16457	87.2264
0.0242898	8.7	30.9643	2	-1	0.16461	87.1736
0.0242898	8.7	30.9629	3	-1	0.1646	87.1684
0.0243365	8.7	30.9587	4	-1	0.16464	87.1895
0.0243365	8.7	30.9585	1	-1	0.16465	87.1948
0.0243833	8.7	30.9529	2	-1	0.16468	87.1323
0.0243833	8.7	30.9516	3	-1	0.16468	87.1323
0.0244301	8.7	30.9474	4	-1	0.16471	87.1481
0.0244301	8.7	30.9472	1	-1	0.16472	87.1534
0.0244769	8.7	30.9413	2	-1	0.16475	87.091
0.024477	8.7	30.94	3	-1	0.16475	87.091
0.0245238	8.7	30.9358	4	-1	0.16478	87.1068
0.0245238	8.7	30.9356	1	-1	0.16479	87.1121
0.0245706	8.7	30.9302	2	-1	0.16482	87.0543
0.0245707	8.7	30.9286	3	-1	0.16483	87.0596
0.0246175	8.7	30.924	4	-1	0.16484	87.0649
0.0246176	8.7	30.9238	1	-1	0.16485	87.0702
0.0246644	8.7	30.9186	2	-1	0.1649	87.0277
0.0246645	8.7	30.917	3	-1	0.1649	87.0277
0.0247114	8.7	30.9132	4	-1	0.16492	87.0382
0.0247114	8.7	30.913	1	-1	0.16493	87.0435
0.0247583	8.7	30.9067	2	-1	0.16498	86.9872
0.0247583	8.7	30.9056	3	-1	0.16496	86.9767
0.0248053	8.7	30.9018	4	-1	0.165	86.9978
0.0248053	8.7	30.9016	1	-1	0.16501	87.0031
0.0248523	8.7	30.8954	2	-1	0.16505	86.9462
0.0248523	8.7	30.8946	3	-1	0.16503	86.9357
0.0248993	8.7	30.8905	1	-1	0.16508	86.962
0.0248993	8.7	30.8905	4	-1	0.16508	86.962
0.0249463	8.7	30.8844	2	-1	0.16512	86.9053
0.0249463	8.7	30.8839	3	-1	0.16511	86.9
0.0249934	8.7	30.8788	4	-1	0.16514	86.9158
0.0249934	8.7	30.8786	1	-1	0.16515	86.9211
0.0250405	8.7	30.8734	2	-1	0.16519	86.869
0.0250405	8.7	30.873	3	-1	0.16518	86.8637
0.0250876	8.7	30.8671	4	-1	0.16521	86.8795
0.0250876	8.7	30.8669	1	-1	0.16522	86.8847
0.0251347	8.7	30.8619	2	-1	0.16526	86.8327
0.0251347	8.7	30.8616	3	-1	0.16526	86.8327
0.0251818	8.7	30.8561	4	-1	0.16528	86.8432
0.0251818	8.7	30.8559	1	-1	0.16529	86.8485
0.025229	8.7	30.8502	2	-1	0.16534	86.7972
0.025229	8.7	30.8502	3	-1	0.16532	86.7867
0.0252761	8.7	30.8447	4	-1	0.16536	86.8077
0.0252761	8.7	30.8445	1	-1	0.16537	86.813
0.0253233	8.7	30.8386	3	-1	0.16539	86.746
0.0253233	8.7	30.8384	2	-1	0.1654	86.7513
0.0253705	8.7	30.8333	1	-1	0.16544	86.7723
0.0253705	8.7	30.8333	4	-1	0.16544	86.7723
0.0254178	8.7	30.8275	3	-1	0.16547	86.7107
0.0254178	8.7	30.8273	2	-1	0.16548	86.7159
0.025465	8.7	30.8215	4	-1	0.16551	86.7316
0.025465	8.7	30.8213	1	-1	0.16552	86.7369
0.0255123	8.7	30.816	3	-1	0.16554	86.6702
0.0255123	8.7	30.8158	2	-1	0.16555	86.6754
0.0255596	8.7	30.8102	4	-1	0.16558	86.6911
0.0255596	8.7	30.81	1	-1	0.16559	86.6963
0.0256069	8.7	30.8046	3	-1	0.16562	86.6349
0.0256069	8.7	30.8044	2	-1	0.16563	86.6402
0.0256543	8.7	30.799	4	-1	0.16565	86.6506
0.0256543	8.7	30.7988	1	-1	0.16566	86.6559
0.0257016	8.7	30.7935	3	-1	0.16569	86.5991
0.0257016	8.7	30.7933	2	-1	0.1657	86.6043
0.025749	8.7	30.7876	4	-1	0.16572	86.6147
0.025749	8.7	30.7874	1	-1	0.16573	86.62
0.0257964	8.7	30.7817	3	-1	0.16576	86.5587
0.0257964	8.7	30.7815	2	-1	0.16577	86.564
0.0258439	8.7	30.7764	4	-1	0.1658	86.5796
0.0258439	8.7	30.7762	1	-1	0.16581	86.5849
0.0258913	8.7	30.7706	3	-1	0.16583	86.5185
0.0258913	8.7	30.7705	2	-1	0.16584	86.5237
0.0259388	8.7	30.7648	4	-1	0.16587	86.5394
0.0259388	8.7	30.7646	1	-1	0.16588	86.5446
0.0259863	8.7	30.7594	2	-1	0.16591	86.4835
0.0259863	8.7	30.7594	3	-1	0.16591	86.4835
0.0260338	8.7	30.7533	4	-1	0.16593	86.494
0.0260338	8.7	30.7531	1	-1	0.16594	86.4992
0.0260813	8.7	30.7483	2	-1	0.16598	86.4524
0.0260813	8.7	30.7483	3	-1	0.16598	86.4524
0.0261288	8.7	30.7419	4	-1	0.166	86.4628
0.0261288	8.7	30.7417	1	-1	0.16601	86.468
0.0261764	8.7	30.7364	3	-1	0.16605	86.4124
0.0261764	8.7	30.7363	2	-1	0.16606	86.4176
0.026224	8.7	30.7309	4	-1	0.16608	86.428
0.026224	8.7	30.7307	1	-1	0.16609	86.4332
0.0262716	8.7	30.725	3	-1	0.16612	86.3724
0.0262716	8.7	30.7249	2	-1	0.16613	86.3776
0.0263192	8.7	30.7198	4	-1	0.16616	86.3932
0.0263192	8.7	30.7196	1	-1	0.16617	86.3984
0.0263669	8.7	30.7136	3	-1	0.16619	86.328
0.0263669	8.7	30.7134	2	-1	0.1662	86.3332
0.0264146	8.7	30.7082	4	-1	0.16623	86.3488
0.0264146	8.7	30.7081	1	-1	0.16624	86.354
0.0264622	8.7	30.7031	3	-1	0.16627	86.2978
0.0264623	8.7	30.7029	2	-1	0.16628	86.303
0.02651	8.7	30.6966	4	-1	0.16629	86.3082
0.02651	8.7	30.6964	1	-1	0.1663	86.3134
0.0265577	8.7	30.6915	2	-1	0.16635	86.2677
0.0265577	8.7	30.6915	3	-1	0.16635	86.2677
0.0266054	8.7	30.6856	4	-1	0.16637	86.2781
0.0266055	8.7	30.6855	1	-1	0.16638	86.2833
0.0266532	8.7	30.6797	3	-1	0.16641	86.2228
0.0266532	8.7	30.6795	2	-1	0.16642	86.228
0.026701	8.7	30.6751	1	-1	0.16645	86.2435
0.026701	8.7	30.6751	4	-1	0.16645	86.2435
0.0267488	8.7	30.6681	3	-1	0.16647	86.178
0.0267488	8.7	30.6679	2	-1	0.16648	86.1832
0.0267967	8.7	30.6633	1	-1	0.16652	86.2039
0.0267967	8.7	30.6632	4	-1	0.16653	86.209
0.0268445	8.7	30.6574	3	-1	0.16655	86.148
0.0268445	8.7	30.6572	2	-1	0.16656	86.1532
0.0268924	8.7	30.6522	1	-1	0.1666	86.1739
0.0268924	8.7	30.6522	4	-1	0.16659	86.1687
0.0269403	8.7	30.6464	3	-1	0.16662	86.1041
0.0269403	8.7	30.6462	2	-1	0.16663	86.1092
0.0269882	8.7	30.6405	4	-1	0.16666	86.1247
0.0269882	8.7	30.6404	1	-1	0.16667	86.1299
0.0270362	8.7	30.6348	3	-1	0.1667	86.0698
0.0270362	8.7	30.6346	2	-1	0.16671	86.075
0.0270841	8.7	30.6295	4	-1	0.16674	86.0905
0.0270841	8.7	30.6293	1	-1	0.16675	86.0956
0.0271321	8.7	30.6239	3	-1	0.16677	86.0304
0.0271321	8.7	30.6237	2	-1	0.16678	86.0356
0.0271801	8.7	30.6181	4	-1	0.16681	86.0511
0.0271801	8.7	30.618	1	-1	0.16682	86.0562
0.0272282	8.7	30.6127	3	-1	0.16685	85.9963
0.0272282	8.7	30.6125	2	-1	0.16686	86.0014
0.0272762	8.7	30.6067	4	-1	0.16688	86.0118
0.0272762	8.7	30.6065	1	-1	0.16689	86.0169
0.0273243	8.7	30.6014	3	-1	0.16692	85.9615
0.0273243	8.7	30.6012	2	-1	0.16693	85.9666
0.0273724	8.7	30.5961	4	-1	0.16695	85.9769
0.0273724	8.7	30.5959	1	-1	0.16696	85.9821
0.0274205	8.7	30.5896	3	-1	0.16698	85.9172
0.0274205	8.7	30.5894	2	-1	0.16699	85.9223
0.0274686	8.7	30.5848	1	-1	0.16703	85.9429
0.0274686	8.7	30.5846	4	-1	0.16704	85.948
0.0275168	8.7	30.5784	3	-1	0.16705	85.8781
0.0275168	8.7	30.5782	2	-1	0.16706	85.8832
0.0275649	8.7	30.5729	1	-1	0.16711	85.9089
0.0275649	8.7	30.5729	4	-1	0.1671	85.9038
0.0276131	8.7	30.568	3	-1	0.16714	85.8493
0.0276131	8.7	30.5678	2	-1	0.16715	85.8544
0.0276613	8.7	30.562	4	-1	0.16717	85.8647
0.0276613	8.7	30.5618	1	-1	0.16718	85.8698
0.0277096	8.7	30.5566	3	-1	0.16721	85.8103
0.0277096	8.7	30.5564	2	-1	0.16722	85.8155
0.0277578	8.7	30.551	4	-1	0.16724	85.8257
0.0277578	8.7	30.5508	1	-1	0.16725	85.8309
0.0278061	8.7	30.5445	3	-1	0.16727	85.7663
0.0278061	8.7	30.5443	2	-1	0.16728	85.7714
0.0278544	8.7	30.5401	1	-1	0.16733	85.7971
0.0278544	8.7	30.5401	4	-1	0.16733	85.7971
0.0279027	8.7	30.5341	3	-1	0.16734	85.7275
0.0279027	8.7	30.5339	2	-1	0.16735	85.7326
0.0279511	8.7	30.5283	4	-1	0.16739	85.7531
0.0279511	8.7	30.5281	1	-1	0.1674	85.7582
0.0279994	8.7	30.5237	2	-1	0.16743	85.6989
0.0279994	8.7	30.5237	3	-1	0.16743	85.6989
0.0280478	8.7	30.5165	4	-1	0.16745	85.7092
0.0280478	8.7	30.5163	1	-1	0.16746	85.7143
0.0280962	8.7	30.5122	2	-1	0.1675	85.6646
0.0280962	8.7	30.512	3	-1	0.16751	85.6697
0.0281446	8.7	30.5054	4	-1	0.16752	85.6748
0.0281446	8.7	30.5052	1	-1	0.16753	85.6799
0.0281931	8.7	30.5005	2	-1	0.16759	85.6406
0.0281931	8.7	30.5005	3	-1	0.16758	85.6354
0.0282415	8.7	30.4959	4	-1	0.16761	85.6508
0.0282415	8.7	30.4958	1	-1	0.16762	85.6559
0.02829	8.7	30.4886	3	-1	0.16763	85.5779
0.02829	8.7	30.4884	2	-1	0.16764	85.583
0.0283385	8.7	30.4844	1	-1	0.16768	85.6034
0.0283385	8.7	30.4841	4	-1	0.1677	85.6136
0.028387	8.7	30.4779	3	-1	0.1677	85.5438
0.0283871	8.7	30.4777	2	-1	0.16771	85.5489
0.0284356	8.7	30.4721	1	-1	0.16777	85.5795
0.0284356	8.7	30.4721	4	-1	0.16775	85.5693
0.0284842	8.7	30.4681	2	-1	0.16779	85.5112
0.0284842	8.7	30.468	3	-1	0.1678	85.5163
0.0285328	8.7	30.4607	4	-1	0.1678	85.5163
0.0285328	8.7	30.4605	1	-1	0.16781	85.5214
0.0285814	8.7	30.4565	2	-1	0.16786	85.4858
0.0285814	8.7	30.4559	3	-1	0.16788	85.496
0.02863	8.7	30.4507	4	-1	0.16789	85.5011
0.02863	8.7	30.4506	1	-1	0.1679	85.5062
0.0286787	8.7	30.4445	2	-1	0.16796	85.4541
0.0286787	8.7	30.4445	3	-1	0.16793	85.4388
0.0287273	8.7	30.4405	1	-1	0.16797	85.4592
0.0287273	8.7	30.4404	4	-1	0.16798	85.4643
0.028776	8.7	30.4325	3	-1	0.16798	85.3904
0.028776	8.7	30.4323	2	-1	0.16799	85.3955
0.0288247	8.7	30.4284	1	-1	0.16805	85.426
0.0288248	8.7	30.4281	4	-1	0.16806	85.4311
0.0288735	8.7	30.4227	3	-1	0.16807	85.3624
0.0288735	8.7	30.4225	2	-1	0.16808	85.3675
0.0289222	8.7	30.4166	4	-1	0.16811	85.3827
0.0289223	8.7	30.4165	1	-1	0.16814	85.3979
0.028971	8.7	30.4128	2	-1	0.16815	85.3207
0.028971	8.7	30.4126	3	-1	0.16816	85.3258
0.0290198	8.7	30.4047	4	-1	0.16816	85.3258
0.0290198	8.7	30.4045	1	-1	0.16817	85.3308
0.0290686	8.7	30.4009	2	-1	0.16822	85.2999
0.0290687	8.7	30.4002	3	-1	0.16825	85.3151
0.0291175	8.7	30.3946	4	-1	0.16824	85.3101
0.0291175	8.7	30.3944	1	-1	0.16825	85.3151
0.0291664	8.7	30.3884	2	-1	0.16833	85.2779
0.0291664	8.7	30.3882	3	-1	0.1683	85.2627
0.0292152	8.7	30.3852	1	-1	0.16833	85.2779
0.0292152	8.7	30.3849	4	-1	0.16835	85.288
0.0292641	8.7	30.3763	3	-1	0.16834	85.2096
0.0292641	8.7	30.3762	2	-1	0.16836	85.2197
0.029313	8.7	30.3739	1	-1	0.16839	85.2349
0.0293131	8.7	30.3727	4	-1	0.16844	85.2602
0.029362	8.7	30.3663	3	-1	0.16841	85.176
0.029362	8.7	30.3662	2	-1	0.16842	85.1811
0.029411	8.7	30.3608	1	-1	0.16849	85.2165
0.029411	8.7	30.3596	4	-1	0.16849	85.2165
0.02946	8.7	30.3579	2	-1	0.16852	85.1455
0.02946	8.7	30.3579	3	-1	0.16852	85.1455
0.029509	8.7	30.3491	4	-1	0.16852	85.1455
0.029509	8.7	30.349	1	-1	0.1686	85.1859
0.029558	8.7	30.347	2	-1	0.16857	85.0805
0.029558	8.7	30.3461	3	-1	0.16862	85.1057
0.0296071	8.7	30.3377	4	-1	0.16858	85.0855
0.0296071	8.7	30.3375	1	-1	0.16859	85.0906
0.0296561	8.7	30.3334	2	-1	0.16866	85.0873
0.0296562	8.7	30.3321	3	-1	0.16869	85.1024
0.0297052	8.7	30.3292	4	-1	0.16869	85.1024
0.0297052	8.7	30.3291	1	-1	0.1687	85.1075
0.0297544	8.7	30.3213	2	-1	0.16879	85.067
0.0297544	8.7	30.3213	3	-1	0.16871	85.0267
0.0298035	8.7	30.32	1	-1	0.16874	85.0418
0.0298035	8.7	30.3188	4	-1	0.16881	85.0771
0.0298526	8.7	30.3094	3	-1	0.16875	84.9869
0.0298526	8.7	30.3092	2	-1	0.16876	84.9919
0.0299018	8.7	30.3066	1	-1	0.16883	85.0272
0.0299019	8.7	30.3045	4	-1	0.16889	85.0574
0.029951	8.7	30.3015	3	-1	0.16885	84.956
0.029951	8.7	30.3013	2	-1	0.16886	84.961
0.0300003	8.7	30.2929	1	-1	0.16897	85.0164
0.0300003	8.7	30.2919	4	-1	0.1689	84.9811
0.0300495	8.7	30.293	2	-1	0.16891	84.8837
0.0300495	8.7	30.2915	3	-1	0.169	84.9289
0.0300988	8.7	30.2804	4	-1	0.16891	84.8837
0.0300988	8.7	30.2802	1	-1	0.16898	84.9188
0.030148	8.7	30.2795	2	-1	0.16898	84.8719
0.0301481	8.7	30.276	3	-1	0.1691	84.9322
0.0301973	8.7	30.272	4	-1	0.16901	84.887
0.0301973	8.7	30.2719	1	-1	0.16902	84.892
0.0302466	8.7	30.2641	2	-1	0.16913	84.8876
0.0302467	8.7	30.2609	3	-1	0.16911	84.8775
0.030296	8.7	30.2654	1	-1	0.1691	84.8725
0.030296	8.7	30.2642	4	-1	0.16917	84.9076
0.0303454	8.7	30.2525	2	-1	0.16928	84.8862
0.0303454	8.7	30.2525	3	-1	0.16909	84.7909
0.0303947	8.7	30.254	1	-1	0.16914	84.816
0.0303948	8.7	30.2502	4	-1	0.1693	84.8962
0.0304442	8.7	30.2419	3	-1	0.16915	84.7657
0.0304442	8.7	30.2417	2	-1	0.16916	84.7707
0.0304936	8.7	30.2381	1	-1	0.16927	84.8259
0.0304937	8.7	30.2332	4	-1	0.16934	84.8609
0.0305431	8.7	30.2376	3	-1	0.1693	84.7432
0.0305431	8.7	30.2374	2	-1	0.16931	84.7482
0.0305926	8.7	30.2239	1	-1	0.16945	84.8183
0.0305926	8.7	30.2216	4	-1	0.16929	84.7382
0.030642	8.7	30.2287	2	-1	0.1693	84.6246
0.0306421	8.7	30.2258	3	-1	0.16948	84.7146
0.0306916	8.7	30.2134	4	-1	0.1693	84.6246
0.0306916	8.7	30.2132	1	-1	0.16945	84.6996
0.030741	8.7	30.213	2	-1	0.1694	84.6323
0.0307412	8.7	30.2075	3	-1	0.16956	84.7122
0.0307907	8.7	30.2073	4	-1	0.16944	84.6523
0.0307907	8.7	30.2071	1	-1	0.16945	84.6573
0.0308402	8.7	30.1964	2	-1	0.16959	84.6849
0.0308403	8.7	30.192	3	-1	0.16952	84.65
0.0308898	8.7	30.2013	1	-1	0.16951	84.645
0.0308899	8.7	30.1993	4	-1	0.16963	84.7049
0.0309395	8.7	30.1856	2	-1	0.16975	84.6971
0.0309395	8.7	30.1854	3	-1	0.16949	84.5674
0.0309891	8.7	30.1888	1	-1	0.16955	84.5973
0.0309892	8.7	30.1834	4	-1	0.16976	84.7021
0.0310388	8.7	30.1757	2	-1	0.16959	84.5582
0.0310884	8.7	30.1707	1	-1	0.16971	84.6181
0.0310886	8.7	30.1642	4	-1	0.16978	84.653
0.0311382	8.7	30.1729	2	-1	0.16974	84.5235
0.0311382	8.7	30.1727	3	-1	0.16975	84.5284
0.0311879	8.7	30.156	1	-1	0.16992	84.6131
0.031188	8.7	30.1531	4	-1	0.1697	84.5035
0.0312376	8.7	30.1638	2	-1	0.16971	84.3783
0.0312377	8.7	30.1598	3	-1	0.16995	84.4976
0.0312875	8.7	30.1461	4	-1	0.16971	84.3783
0.0312875	8.7	30.1459	1	-1	0.1699	84.4727
0.0313372	8.7	30.1466	2	-1	0.16983	84.4044
0.0313374	8.7	30.1395	3	-1	0.17002	84.4988
0.0313871	8.7	30.1416	4	-1	0.16987	84.4242
0.0313871	8.7	30.1415	1	-1	0.16988	84.4292
0.0314369	8.7	30.1285	2	-1	0.17005	84.4801
0.031437	8.7	30.1231	3	-1	0.16995	84.4304
0.0314867	8.7	30.1367	1	-1	0.16992	84.4155
0.0314868	8.7	30.1338	4	-1	0.1701	84.5049
0.0315367	8.7	30.1178	2	-1	0.17022	84.5058
0.0315864	8.7	30.1232	1	-1	0.16995	84.3717
0.0315867	8.7	30.1159	4	-1	0.17023	84.5107
0.0316365	8.7	30.1085	2	-1	0.16999	84.3372
0.0316863	8.7	30.1027	1	-1	0.17015	84.4166
0.0316866	8.7	30.0939	4	-1	0.17024	84.4612
0.0317364	8.7	30.108	3	-1	0.1702	84.3159
0.0317864	8.7	30.0868	1	-1	0.17041	84.4199
0.0318864	8.7	30.077	1	-1	0.17033	84.23
0.0319363	8.7	30.0801	2	-1	0.17023	84.1723
0.0319366	8.7	30.0691	3	-1	0.17052	84.3157
0.0319865	8.7	30.0764	4	-1	0.17028	84.197
0.0319865	8.7	30.0762	1	-1	0.17029	84.2019
0.0320365	8.7	30.0583	2	-1	0.17053	84.2956
0.0320368	8.7	30.0498	3	-1	0.17038	84.2215
0.0320866	8.7	30.0745	1	-1	0.17029	84.177
0.0320868	8.7	30.0698	4	-1	0.17059	84.3253
0.0321369	8.7	30.0476	2	-1	0.17076	84.3676
0.0321868	8.7	30.06	1	-1	0.17029	84.1354
0.0322372	8.7	30.0393	2	-1	0.17035	84.1235
0.0322872	8.7	30.0335	1	-1	0.17056	84.2272
0.0322877	8.7	30.0184	4	-1	0.17074	84.316
0.0323376	8.7	30.0454	3	-1	0.17064	84.113
0.0323878	8.7	30.0136	1	-1	0.17094	84.2609
0.032589	8.7	30.0094	1	-1	0.17064	83.9021
0.0326397	8.7	29.9701	3	-1	0.17083	84.0492
0.0326896	8.7	30.0143	1	-1	0.17064	83.9557
0.0327402	8.7	29.9727	2	-1	0.17134	84.2587
0.0327902	8.7	29.9995	1	-1	0.17056	83.8751
0.0328409	8.7	29.968	2	-1	0.17079	83.9799
0.0328911	8.7	29.9645	1	-1	0.17091	84.0389
0.0329419	8.7	29.9846	3	-1	0.17103	83.9123
0.0331945	8.7	29.939	1	-1	0.17091	83.4848
0.0332457	8.7	29.8859	3	-1	0.17136	83.9465
0.0333464	8.7	29.8925	2	-1	0.17193	84.1351
0.0333966	8.7	29.9419	1	-1	0.17077	83.5674
0.0335491	8.7	29.9167	2	-1	0.17132	83.7014
0.0337016	8.7	29.8539	1	-1	0.17234	83.8433
0.0340062	8.7	29.887	1	-1	0.17098	83.2262
0.0341595	8.7	29.8389	2	-1	0.17145	83.4672
0.0342114	8.7	29.7448	4	-1	0.17201	83.7398
0.034517	8.7	29.8187	1	-1	0.17189	83.0587
0.0347209	8.7	29.7985	1	-1	0.17139	83.1587
0.0348756	8.7	29.7911	3	-1	0.17242	83.2746
0.0350294	8.7	29.7072	1	-1	0.17338	83.3237
0.0350803	8.7	29.745	2	-1	0.17198	82.5121
0.0351846	8.7	29.6553	3	-1	0.17266	82.9777
0.0353377	8.7	29.7361	1	-1	0.17209	82.919
0.0353897	8.7	29.6944	2	-1	0.17339	83.5816
0.0354929	8.7	29.717	3	-1	0.17271	83.0177
0.0356475	8.7	29.6514	1	-1	0.17363	83.1322
0.0356988	8.7	29.6891	2	-1	0.17253	82.4319
0.035751	8.7	29.6716	1	-1	0.17342	82.8571
0.0358033	8.7	29.6181	3	-1	0.17324	82.8147
0.0358543	8.7	29.6862	1	-1	0.17294	82.6713
0.0358545	8.7	29.6807	4	-1	0.17322	82.8051
0.0359576	8.7	29.6759	1	-1	0.17268	82.6932
0.0360097	8.7	29.6294	2	-1	0.17381	83.2982
0.036061	8.7	29.6426	1	-1	0.17294	82.8812
0.0361133	8.7	29.6431	2	-1	0.17317	82.8485
0.0361657	8.7	29.5736	4	-1	0.17332	82.9203
0.0364765	8.7	29.6262	1	-1	0.17347	82.7072
0.0367364	8.7	29.5565	2	-1	0.17281	82.5657
0.03679	8.7	29.4366	4	-1	0.17405	83.1581
0.0371006	8.7	29.5881	1	-1	0.17319	82.7433
0.0376718	8.7	29.4368	2	-1	0.17168	80.0112
0.0377835	8.7	29.1463	3	-1	0.17447	81.8608
0.0379363	8.7	29.4277	1	-1	0.17331	82.0053
0.0379883	8.7	29.3201	2	-1	0.17568	83.1543
0.0380978	8.7	29.2688	3	-1	0.17466	82.1427
0.0382532	8.7	29.3655	1	-1	0.1758	82.2148
0.0383032	8.7	29.3574	2	-1	0.17379	81.1799
0.0383589	8.7	29.4144	1	-1	0.17522	81.8479
0.0384149	8.7	29.1408	3	-1	0.17485	81.8586
0.0384643	8.7	29.4213	1	-1	0.17459	81.7369
0.0384653	8.7	29.3952	4	-1	0.17475	81.8118
0.0385698	8.7	29.3914	1	-1	0.1745	81.8941
0.0388876	8.7	29.3393	1	-1	0.17564	81.9752
0.0389382	8.7	29.2807	2	-1	0.17497	81.5521
0.0389937	8.7	29.3546	1	-1	0.17544	81.7711
0.0390495	8.7	29.1146	3	-1	0.17525	81.7169
0.0390997	8.7	29.356	1	-1	0.17509	81.6423
0.0391002	8.7	29.3435	4	-1	0.17534	81.7588
0.0392057	8.7	29.3366	1	-1	0.17491	81.6535
0.0393117	8.7	29.3059	1	-1	0.17509	81.7643
0.0393641	8.7	29.2297	2	-1	0.17619	82.1667
0.0394196	8.7	29.2381	4	-1	0.17577	81.9708
0.0395772	8.7	29.2424	2	-1	0.17574	81.584
0.0395804	8.7	29.163	3	-1	0.17577	81.5979
0.0396313	8.7	29.2647	1	-1	0.1759	81.6582
0.039687	8.7	29.1441	3	-1	0.17572	81.5179
0.0397379	8.7	29.2711	1	-1	0.17563	81.4762
0.0397391	8.7	29.2392	4	-1	0.17587	81.5875
0.0398444	8.7	29.2671	1	-1	0.17531	81.3919
0.0399508	8.7	29.2466	1	-1	0.17527	81.4527
0.0400054	8.7	29.2186	2	-1	0.17671	82.0952
0.0401674	8.7	29.1072	4	-1	0.17604	81.5944
0.0402202	8.7	29.2267	3	-1	0.17626	81.4209
0.0403265	8.7	29.222	2	-1	0.17596	81.0913
0.0403794	8.7	29.1731	1	-1	0.17661	81.3908
0.0404348	8.7	29.1632	3	-1	0.1763	81.2405
0.0404866	8.7	29.1941	1	-1	0.17611	81.1529
0.0405936	8.7	29.1979	1	-1	0.17563	81.0775
0.0407008	8.7	29.1442	1	-1	0.17592	81.3503
0.040756	8.7	29.1988	2	-1	0.17603	81.2509
0.0411321	8.7	29.2238	1	-1	0.17615	81.28
0.0419961	8.7	28.8963	1	-1	0.17156	75.5838
0.0422089	8.7	28.4534	3	-1	0.05199	23.154
0.0423197	8.7	29.7946	4	-1	0.18156	84.6749
0.0428562	8.7	42.7784	1	-1	1e-05	0.00725584
