0.00114163	9.4	31.4899	3	-1	0.17331	85.1228
0.0011803	9.4	33.0667	4	-1	0.15962	78.3988
0.0012173	9.4	34.1714	3	-1	0.15172	94.3415
0.00125347	9.4	34.9721	4	-1	0.14663	91.1765
0.00128879	9.4	35.5529	3	-1	0.14321	96.8355
0.0013238	9.4	35.984	1	-1	0.14082	95.2194
0.00135829	9.4	36.3009	3	-1	0.13911	97.8614
0.0013927	9.4	36.539	4	-1	0.13787	96.9891
0.00142676	9.4	36.7138	3	-1	0.13697	98.3485
0.00146087	9.4	36.8457	4	-1	0.13631	97.8746
0.0014947	9.4	36.9416	3	-1	0.13582	98.5774
0.00152866	9.4	37.0135	1	-1	0.13547	98.3234
0.00156237	9.4	37.0649	3	-1	0.13521	98.6934
0.00159624	9.4	37.1035	4	-1	0.13501	98.5474
0.00159625	9.4	37.1032	1	-1	0.13502	98.5547
0.00162992	9.4	37.129	3	-1	0.13488	98.7264
0.00166376	9.4	37.1481	1	-1	0.13479	98.6605
0.00166376	9.4	37.1481	4	-1	0.13479	98.6605
0.0016974	9.4	37.1602	2	-1	0.13472	98.7249
0.00169742	9.4	37.1588	3	-1	0.13473	98.7322
0.00173125	9.4	37.1676	4	-1	0.13468	98.6956
0.00173126	9.4	37.1672	1	-1	0.13469	98.7029
0.0017649	9.4	37.1708	2	-1	0.13466	98.7026
0.00176492	9.4	37.169	3	-1	0.13467	98.71
0.00179877	9.4	37.1717	4	-1	0.13465	98.6953
0.00179878	9.4	37.1713	1	-1	0.13466	98.7026
0.00183243	9.4	37.1705	2	-1	0.13465	98.6736
0.00183246	9.4	37.1684	3	-1	0.13466	98.6809
0.00186632	9.4	37.1675	4	-1	0.13466	98.6809
0.00186633	9.4	37.1671	1	-1	0.13467	98.6883
0.0019	9.4	37.1634	2	-1	0.13468	98.6378
0.00190003	9.4	37.1612	3	-1	0.13468	98.6378
0.00193393	9.4	37.1581	4	-1	0.13469	98.6451
0.00193393	9.4	37.1577	1	-1	0.1347	98.6524
0.00196764	9.4	37.1523	2	-1	0.13472	98.5948
0.00196767	9.4	37.1502	3	-1	0.13472	98.5948
0.00200159	9.4	37.1463	4	-1	0.13474	98.6095
0.00200159	9.4	37.1459	1	-1	0.13475	98.6168
0.00203532	9.4	37.1395	2	-1	0.13477	98.5449
0.00203535	9.4	37.1373	3	-1	0.13477	98.5449
0.00206931	9.4	37.1326	1	-1	0.1348	98.5668
0.00206931	9.4	37.1326	4	-1	0.1348	98.5668
0.00210307	9.4	37.1254	2	-1	0.13483	98.5023
0.0021031	9.4	37.1233	3	-1	0.13483	98.5023
0.0021371	9.4	37.118	1	-1	0.13486	98.5243
0.0021371	9.4	37.118	4	-1	0.13486	98.5243
0.00217089	9.4	37.111	2	-1	0.13489	98.4599
0.00217092	9.4	37.1088	3	-1	0.13489	98.4599
0.00220494	9.4	37.1031	4	-1	0.13492	98.4818
0.00220495	9.4	37.1028	1	-1	0.13493	98.4891
0.00223877	9.4	37.0955	2	-1	0.13495	98.4031
0.0022388	9.4	37.093	3	-1	0.13496	98.4104
0.00227286	9.4	37.088	4	-1	0.13498	98.425
0.00227286	9.4	37.0877	1	-1	0.13499	98.4323
0.00230671	9.4	37.0801	2	-1	0.13501	98.3536
0.00230675	9.4	37.0773	3	-1	0.13502	98.3609
0.00234084	9.4	37.0724	1	-1	0.13505	98.3827
0.00234084	9.4	37.0724	4	-1	0.13505	98.3827
0.00237471	9.4	37.0647	2	-1	0.13508	98.3115
0.00237476	9.4	37.0615	3	-1	0.13509	98.3188
0.00240888	9.4	37.0568	4	-1	0.13511	98.3333
0.00240889	9.4	37.0565	1	-1	0.13512	98.3406
0.00244279	9.4	37.0487	2	-1	0.13514	98.2551
0.00244284	9.4	37.0451	3	-1	0.13515	98.2623
0.002477	9.4	37.0408	4	-1	0.13518	98.2841
0.00247701	9.4	37.0404	1	-1	0.13519	98.2914
0.00251093	9.4	37.0332	2	-1	0.13521	98.2131
0.00251098	9.4	37.0293	3	-1	0.13522	98.2204
0.00254518	9.4	37.0251	4	-1	0.13524	98.2349
0.00254518	9.4	37.0248	1	-1	0.13525	98.2422
0.00257914	9.4	37.0174	2	-1	0.13528	98.1713
0.0025792	9.4	37.0132	3	-1	0.13529	98.1785
0.00261342	9.4	37.0093	4	-1	0.13531	98.193
0.00261343	9.4	37.009	1	-1	0.13532	98.2003
0.00264741	9.4	37.0015	2	-1	0.13534	98.1151
0.00264748	9.4	36.9969	3	-1	0.13535	98.1224
0.00268173	9.4	36.9939	4	-1	0.13537	98.1369
0.00268174	9.4	36.9936	1	-1	0.13538	98.1441
0.00271575	9.4	36.986	2	-1	0.13541	98.0734
0.00271582	9.4	36.9811	3	-1	0.13542	98.0807
0.00275011	9.4	36.9783	4	-1	0.13544	98.0952
0.00275012	9.4	36.978	1	-1	0.13545	98.1024
0.00278416	9.4	36.9703	2	-1	0.13547	98.0175
0.00278423	9.4	36.965	3	-1	0.13548	98.0247
0.00281856	9.4	36.9625	4	-1	0.13551	98.0465
0.00281857	9.4	36.9622	1	-1	0.13552	98.0537
0.00285263	9.4	36.955	2	-1	0.13554	97.976
0.00285271	9.4	36.9494	3	-1	0.13555	97.9832
0.00288707	9.4	36.9471	4	-1	0.13557	97.9977
0.00288707	9.4	36.9467	1	-1	0.13558	98.0049
0.00292117	9.4	36.9394	2	-1	0.1356	97.9273
0.00292125	9.4	36.9335	3	-1	0.13561	97.9346
0.00295565	9.4	36.9315	4	-1	0.13564	97.9562
0.00295565	9.4	36.9311	1	-1	0.13565	97.9635
0.00298978	9.4	36.9237	2	-1	0.13567	97.8789
0.00298987	9.4	36.9175	3	-1	0.13568	97.8862
0.00302429	9.4	36.9157	4	-1	0.1357	97.9006
0.00302429	9.4	36.9154	1	-1	0.13571	97.9078
0.00305845	9.4	36.9079	2	-1	0.13573	97.8305
0.00305855	9.4	36.901	3	-1	0.13575	97.8449
0.003093	9.4	36.9002	4	-1	0.13577	97.8593
0.003093	9.4	36.8998	1	-1	0.13578	97.8665
0.00312718	9.4	36.8923	2	-1	0.1358	97.7823
0.00312729	9.4	36.8847	3	-1	0.13581	97.7895
0.00316177	9.4	36.8848	4	-1	0.13583	97.8039
0.00316178	9.4	36.8845	1	-1	0.13584	97.8111
0.00319599	9.4	36.8768	2	-1	0.13587	97.7412
0.0031961	9.4	36.8689	3	-1	0.13588	97.7484
0.00323062	9.4	36.8693	4	-1	0.1359	97.7628
0.00323062	9.4	36.8689	1	-1	0.13591	97.7699
0.00326486	9.4	36.8612	2	-1	0.13593	97.686
0.00326498	9.4	36.8529	3	-1	0.13594	97.6931
0.00329953	9.4	36.8536	4	-1	0.13596	97.7075
0.00329953	9.4	36.8533	1	-1	0.13597	97.7147
0.0033338	9.4	36.8455	2	-1	0.136	97.645
0.00333392	9.4	36.8369	3	-1	0.13601	97.6522
0.00336851	9.4	36.8379	4	-1	0.13603	97.6666
0.00336851	9.4	36.8376	1	-1	0.13604	97.6738
0.0034028	9.4	36.8298	2	-1	0.13606	97.59
0.00340293	9.4	36.8205	3	-1	0.13608	97.6044
0.00343755	9.4	36.8223	4	-1	0.1361	97.6187
0.00343756	9.4	36.8219	1	-1	0.13611	97.6259
0.00347187	9.4	36.8147	2	-1	0.13613	97.5493
0.00347201	9.4	36.8051	3	-1	0.13614	97.5564
0.00350666	9.4	36.807	4	-1	0.13616	97.5708
0.00350667	9.4	36.8066	1	-1	0.13617	97.5779
0.00354101	9.4	36.7993	2	-1	0.13619	97.5014
0.00354116	9.4	36.789	3	-1	0.13621	97.5158
0.00357584	9.4	36.7916	4	-1	0.13623	97.5301
0.00357584	9.4	36.7912	1	-1	0.13624	97.5372
0.00361021	9.4	36.7838	2	-1	0.13626	97.4539
0.00361037	9.4	36.7732	3	-1	0.13627	97.461
0.00364508	9.4	36.7761	4	-1	0.13629	97.4753
0.00364508	9.4	36.7757	1	-1	0.1363	97.4825
0.00367949	9.4	36.7683	2	-1	0.13633	97.4134
0.00367965	9.4	36.7573	3	-1	0.13634	97.4205
0.00371439	9.4	36.7605	4	-1	0.13636	97.4348
0.00371439	9.4	36.7602	1	-1	0.13637	97.4419
0.00374883	9.4	36.7527	2	-1	0.13639	97.3588
0.003749	9.4	36.7411	3	-1	0.13641	97.3731
0.00378376	9.4	36.745	4	-1	0.13642	97.3803
0.00378377	9.4	36.7446	1	-1	0.13643	97.3874
0.00381824	9.4	36.7371	2	-1	0.13646	97.3185
0.00381841	9.4	36.7252	3	-1	0.13647	97.3256
0.0038532	9.4	36.7295	4	-1	0.13649	97.3399
0.00385321	9.4	36.7291	1	-1	0.1365	97.347
0.00388771	9.4	36.7215	2	-1	0.13652	97.2642
0.00388789	9.4	36.7089	3	-1	0.13654	97.2784
0.00392272	9.4	36.7145	4	-1	0.13656	97.2927
0.00392272	9.4	36.7142	1	-1	0.13657	97.2998
0.00395725	9.4	36.7065	2	-1	0.13659	97.2171
0.00395744	9.4	36.6935	3	-1	0.1366	97.2242
0.00399229	9.4	36.6993	4	-1	0.13662	97.2384
0.0039923	9.4	36.699	1	-1	0.13663	97.2456
0.00402685	9.4	36.6912	2	-1	0.13665	97.1699
0.00402705	9.4	36.6776	3	-1	0.13667	97.1841
0.00406194	9.4	36.684	4	-1	0.13668	97.1912
0.00406194	9.4	36.6837	1	-1	0.13669	97.1983
0.00409652	9.4	36.6758	2	-1	0.13672	97.1299
0.00409673	9.4	36.6616	3	-1	0.13674	97.1441
0.00413165	9.4	36.6687	4	-1	0.13675	97.1512
0.00413165	9.4	36.6684	1	-1	0.13676	97.1583
0.00416626	9.4	36.6604	2	-1	0.13678	97.0759
0.00416648	9.4	36.6456	3	-1	0.1368	97.0901
0.00420143	9.4	36.6533	4	-1	0.13682	97.1043
0.00420143	9.4	36.653	1	-1	0.13683	97.1114
0.00423606	9.4	36.6451	2	-1	0.13685	97.0292
0.00423629	9.4	36.6296	3	-1	0.13687	97.0434
0.00427127	9.4	36.638	4	-1	0.13688	97.0505
0.00427128	9.4	36.6377	1	-1	0.13689	97.0576
0.00430594	9.4	36.6297	2	-1	0.13692	96.9894
0.00430617	9.4	36.6139	3	-1	0.13693	96.9965
0.00434119	9.4	36.6227	4	-1	0.13695	97.0107
0.00434119	9.4	36.6223	1	-1	0.13696	97.0178
0.00437588	9.4	36.6144	2	-1	0.13698	96.9358
0.00437612	9.4	36.5979	3	-1	0.137	96.95
0.00441116	9.4	36.6074	4	-1	0.13701	96.957
0.00441117	9.4	36.607	1	-1	0.13702	96.9641
0.00444588	9.4	36.5991	2	-1	0.13705	96.8962
0.00444614	9.4	36.5819	3	-1	0.13707	96.9104
0.00448121	9.4	36.5921	4	-1	0.13708	96.9174
0.00448122	9.4	36.5918	1	-1	0.13709	96.9245
0.00451596	9.4	36.5837	2	-1	0.13711	96.8428
0.00451622	9.4	36.566	3	-1	0.13713	96.8569
0.00455132	9.4	36.5768	4	-1	0.13714	96.864
0.00455133	9.4	36.5765	1	-1	0.13715	96.871
0.0045861	9.4	36.5684	2	-1	0.13718	96.8033
0.00458637	9.4	36.5501	3	-1	0.1372	96.8174
0.0046215	9.4	36.5616	4	-1	0.13721	96.8245
0.00462151	9.4	36.5613	1	-1	0.13722	96.8316
0.0046563	9.4	36.5532	2	-1	0.13724	96.7501
0.00465658	9.4	36.5341	3	-1	0.13726	96.7642
0.00469175	9.4	36.5464	4	-1	0.13727	96.7712
0.00469175	9.4	36.546	1	-1	0.13728	96.7783
0.00472658	9.4	36.5379	2	-1	0.13731	96.7108
0.00472687	9.4	36.5183	3	-1	0.13733	96.7249
0.00476206	9.4	36.5312	4	-1	0.13734	96.7319
0.00476207	9.4	36.5309	1	-1	0.13735	96.739
0.00479692	9.4	36.5227	2	-1	0.13737	96.6578
0.00479722	9.4	36.5021	3	-1	0.1374	96.6789
0.00483245	9.4	36.5161	4	-1	0.13741	96.6859
0.00483245	9.4	36.5158	1	-1	0.13742	96.6929
0.00486733	9.4	36.5076	2	-1	0.13744	96.6118
0.00486764	9.4	36.4863	3	-1	0.13746	96.6259
0.0049029	9.4	36.5007	4	-1	0.13747	96.6329
0.0049029	9.4	36.5004	1	-1	0.13748	96.64
0.0049378	9.4	36.4922	2	-1	0.13751	96.5728
0.00493814	9.4	36.47	3	-1	0.13753	96.5868
0.00497341	9.4	36.4852	4	-1	0.13754	96.5939
0.00497342	9.4	36.4849	1	-1	0.13755	96.6009
0.00500835	9.4	36.4767	2	-1	0.13757	96.52
0.00500869	9.4	36.4539	3	-1	0.13759	96.5341
0.005044	9.4	36.4699	4	-1	0.1376	96.5411
0.005044	9.4	36.4696	1	-1	0.13761	96.5481
0.00507897	9.4	36.4614	2	-1	0.13764	96.4811
0.00507932	9.4	36.438	3	-1	0.13766	96.4952
0.00511465	9.4	36.4548	4	-1	0.13767	96.5022
0.00511465	9.4	36.4544	1	-1	0.13768	96.5092
0.00514965	9.4	36.4462	2	-1	0.13771	96.4356
0.00515002	9.4	36.4222	3	-1	0.13773	96.4496
0.00518537	9.4	36.4397	4	-1	0.13774	96.4566
0.00518537	9.4	36.4394	1	-1	0.13775	96.4636
0.0052204	9.4	36.4311	2	-1	0.13777	96.3831
0.00522078	9.4	36.4065	3	-1	0.13779	96.3971
0.00525615	9.4	36.4247	4	-1	0.1378	96.4041
0.00525616	9.4	36.4244	1	-1	0.13781	96.4111
0.00529122	9.4	36.4161	2	-1	0.13784	96.3444
0.00529161	9.4	36.3908	3	-1	0.13786	96.3584
0.00532701	9.4	36.4097	4	-1	0.13787	96.3654
0.00532701	9.4	36.4094	1	-1	0.13788	96.3724
0.00536211	9.4	36.401	2	-1	0.1379	96.2922
0.0053625	9.4	36.3752	3	-1	0.13792	96.3061
0.00539793	9.4	36.3948	4	-1	0.13793	96.3131
0.00539793	9.4	36.3944	1	-1	0.13794	96.3201
0.00543306	9.4	36.3855	2	-1	0.13797	96.2469
0.00543346	9.4	36.359	3	-1	0.13799	96.2609
0.00546892	9.4	36.3795	4	-1	0.138	96.2679
0.00546892	9.4	36.3792	1	-1	0.13801	96.2749
0.00550408	9.4	36.3703	2	-1	0.13804	96.2018
0.00550449	9.4	36.3435	3	-1	0.13805	96.2088
0.00553998	9.4	36.3644	4	-1	0.13807	96.2227
0.00553999	9.4	36.3641	1	-1	0.13808	96.2297
0.00557517	9.4	36.3552	2	-1	0.1381	96.1498
0.00557559	9.4	36.3279	3	-1	0.13812	96.1638
0.00561111	9.4	36.3494	4	-1	0.13813	96.1707
0.00561111	9.4	36.3491	1	-1	0.13814	96.1777
0.00564633	9.4	36.3403	2	-1	0.13817	96.1116
0.00564675	9.4	36.3123	3	-1	0.13819	96.1255
0.0056823	9.4	36.3346	4	-1	0.1382	96.1324
0.00568231	9.4	36.3343	1	-1	0.13821	96.1394
0.00571755	9.4	36.3254	2	-1	0.13823	96.0598
0.00571798	9.4	36.2968	3	-1	0.13825	96.0737
0.00575356	9.4	36.3192	4	-1	0.13826	96.0806
0.00575357	9.4	36.3189	1	-1	0.13827	96.0876
0.00578884	9.4	36.3101	2	-1	0.1383	96.0217
0.00578929	9.4	36.281	3	-1	0.13832	96.0355
0.00582489	9.4	36.3042	4	-1	0.13833	96.0425
0.0058249	9.4	36.3038	1	-1	0.13834	96.0494
0.00586021	9.4	36.2951	2	-1	0.13837	95.977
0.00586066	9.4	36.2656	3	-1	0.13838	95.9839
0.00589629	9.4	36.2892	4	-1	0.13839	95.9908
0.00589629	9.4	36.2889	1	-1	0.1384	95.9978
0.00593164	9.4	36.2801	2	-1	0.13843	95.9321
0.0059321	9.4	36.2501	3	-1	0.13845	95.9459
0.00596775	9.4	36.2744	4	-1	0.13846	95.9529
0.00596776	9.4	36.2741	1	-1	0.13847	95.9598
0.00600313	9.4	36.2647	2	-1	0.1385	95.8809
0.0060036	9.4	36.2341	3	-1	0.13852	95.8948
0.00603929	9.4	36.2594	4	-1	0.13853	95.9017
0.00603929	9.4	36.259	1	-1	0.13854	95.9086
0.0060747	9.4	36.2497	2	-1	0.13856	95.8296
0.00607518	9.4	36.2185	3	-1	0.13858	95.8434
0.00611089	9.4	36.2444	4	-1	0.13859	95.8503
0.00611089	9.4	36.2441	1	-1	0.1386	95.8573
0.00614633	9.4	36.2348	2	-1	0.13863	95.7919
0.00614682	9.4	36.203	3	-1	0.13865	95.8057
0.00618256	9.4	36.2297	4	-1	0.13866	95.8126
0.00618257	9.4	36.2294	1	-1	0.13867	95.8195
0.00621802	9.4	36.22	2	-1	0.13869	95.7407
0.00621852	9.4	36.1877	3	-1	0.13871	95.7545
0.0062543	9.4	36.2145	4	-1	0.13872	95.7614
0.0062543	9.4	36.2141	1	-1	0.13873	95.7683
0.00628979	9.4	36.2049	2	-1	0.13876	95.7032
0.0062903	9.4	36.172	3	-1	0.13878	95.7169
0.0063261	9.4	36.1996	4	-1	0.13879	95.7238
0.00632611	9.4	36.1993	1	-1	0.1388	95.7307
0.00636163	9.4	36.19	2	-1	0.13883	95.6591
0.00636215	9.4	36.1569	3	-1	0.13884	95.666
0.00639797	9.4	36.1849	4	-1	0.13885	95.6728
0.00639797	9.4	36.1845	1	-1	0.13886	95.6797
0.00643354	9.4	36.1747	2	-1	0.13889	95.6082
0.00643406	9.4	36.141	3	-1	0.13891	95.6219
0.00646991	9.4	36.1698	4	-1	0.13892	95.6288
0.00646992	9.4	36.1695	1	-1	0.13893	95.6357
0.00650551	9.4	36.1598	2	-1	0.13896	95.5643
0.00650604	9.4	36.1255	3	-1	0.13898	95.578
0.00654193	9.4	36.1551	4	-1	0.13899	95.5849
0.00654193	9.4	36.1548	1	-1	0.139	95.5918
0.00657755	9.4	36.1451	2	-1	0.13902	95.5136
0.00657809	9.4	36.1102	3	-1	0.13904	95.5273
0.006614	9.4	36.14	4	-1	0.13905	95.5342
0.00661401	9.4	36.1396	1	-1	0.13906	95.5411
0.00664966	9.4	36.13	2	-1	0.13909	95.4764
0.00665021	9.4	36.0946	3	-1	0.13911	95.4901
0.00668615	9.4	36.1252	4	-1	0.13912	95.497
0.00668615	9.4	36.1249	1	-1	0.13913	95.5038
0.00672184	9.4	36.1153	2	-1	0.13916	95.4327
0.0067224	9.4	36.0796	3	-1	0.13917	95.4396
0.00675836	9.4	36.1106	4	-1	0.13918	95.4464
0.00675836	9.4	36.1102	1	-1	0.13919	95.4533
0.00679408	9.4	36.1	2	-1	0.13922	95.3823
0.00679465	9.4	36.0638	3	-1	0.13924	95.396
0.00683064	9.4	36.0957	4	-1	0.13925	95.4029
0.00683065	9.4	36.0954	1	-1	0.13926	95.4097
0.0068664	9.4	36.0853	2	-1	0.13929	95.3388
0.00686697	9.4	36.0488	3	-1	0.1393	95.3457
0.006903	9.4	36.0808	4	-1	0.13932	95.3593
0.006903	9.4	36.0805	1	-1	0.13933	95.3662
0.00693878	9.4	36.0705	2	-1	0.13936	95.2954
0.00693937	9.4	36.0334	3	-1	0.13937	95.3022
0.00697542	9.4	36.0659	4	-1	0.13938	95.3091
0.00697542	9.4	36.0656	1	-1	0.13939	95.3159
0.00701124	9.4	36.0556	2	-1	0.13942	95.2518
0.00701183	9.4	36.018	3	-1	0.13944	95.2654
0.00704791	9.4	36.0513	4	-1	0.13945	95.2723
0.00704791	9.4	36.051	1	-1	0.13946	95.2791
0.00708376	9.4	36.0405	2	-1	0.13949	95.202
0.00708436	9.4	36.0027	3	-1	0.1395	95.2088
0.00712047	9.4	36.0365	4	-1	0.13952	95.2225
0.00712047	9.4	36.0362	1	-1	0.13953	95.2293
0.00715634	9.4	36.0258	2	-1	0.13955	95.1521
0.00715695	9.4	35.9874	3	-1	0.13957	95.1657
0.00719309	9.4	36.0217	4	-1	0.13958	95.1725
0.0071931	9.4	36.0214	1	-1	0.13959	95.1793
0.007229	9.4	36.0111	2	-1	0.13962	95.1155
0.00722962	9.4	35.9721	3	-1	0.13963	95.1223
0.00726579	9.4	36.0069	4	-1	0.13965	95.1359
0.00726579	9.4	36.0066	1	-1	0.13966	95.1427
0.00730173	9.4	35.9964	2	-1	0.13969	95.0725
0.00730235	9.4	35.9572	3	-1	0.1397	95.0793
0.00733855	9.4	35.9924	4	-1	0.13971	95.0861
0.00733855	9.4	35.9921	1	-1	0.13972	95.0929
0.00737453	9.4	35.9813	2	-1	0.13975	95.0228
0.00737515	9.4	35.9419	3	-1	0.13976	95.0296
0.00741138	9.4	35.9777	4	-1	0.13978	95.0432
0.00741139	9.4	35.9774	1	-1	0.13979	95.05
0.00744739	9.4	35.9668	2	-1	0.13982	94.98
0.00744802	9.4	35.9271	3	-1	0.13983	94.9868
0.00748428	9.4	35.9627	4	-1	0.13984	94.9935
0.00748429	9.4	35.9624	1	-1	0.13985	95.0003
0.00752032	9.4	35.9519	2	-1	0.13988	94.9369
0.00752097	9.4	35.9117	3	-1	0.1399	94.9505
0.00755725	9.4	35.9482	4	-1	0.13991	94.9572
0.00755726	9.4	35.9478	1	-1	0.13992	94.964
0.00759333	9.4	35.9368	2	-1	0.13995	94.8878
0.00759397	9.4	35.8964	3	-1	0.13996	94.8946
0.00763029	9.4	35.9334	4	-1	0.13998	94.9081
0.0076303	9.4	35.9331	1	-1	0.13999	94.9149
0.0076664	9.4	35.9223	2	-1	0.14002	94.8452
0.00766705	9.4	35.8816	3	-1	0.14003	94.852
0.0077034	9.4	35.9185	4	-1	0.14004	94.8588
0.0077034	9.4	35.9182	1	-1	0.14005	94.8655
0.00773954	9.4	35.9075	2	-1	0.14008	94.8024
0.0077402	9.4	35.8663	3	-1	0.1401	94.8159
0.00777657	9.4	35.904	4	-1	0.14011	94.8227
0.00777658	9.4	35.9037	1	-1	0.14012	94.8295
0.00781275	9.4	35.8925	2	-1	0.14015	94.7536
0.00781342	9.4	35.851	3	-1	0.14016	94.7603
0.00784982	9.4	35.8894	4	-1	0.14018	94.7738
0.00784983	9.4	35.8891	1	-1	0.14019	94.7806
0.00788603	9.4	35.878	2	-1	0.14022	94.7112
0.0078867	9.4	35.8364	3	-1	0.14023	94.718
0.00792314	9.4	35.8748	4	-1	0.14024	94.7248
0.00792314	9.4	35.8745	1	-1	0.14025	94.7315
0.00795937	9.4	35.8635	2	-1	0.14028	94.6686
0.00796006	9.4	35.8213	3	-1	0.14029	94.6754
0.00799652	9.4	35.8603	4	-1	0.14031	94.6889
0.00799653	9.4	35.86	1	-1	0.14032	94.6956
0.00803279	9.4	35.8485	2	-1	0.14035	94.6201
0.00803348	9.4	35.8061	3	-1	0.14036	94.6268
0.00806998	9.4	35.8456	4	-1	0.14037	94.6336
0.00806998	9.4	35.8453	1	-1	0.14038	94.6403
0.00810627	9.4	35.834	2	-1	0.14041	94.5777
0.00810697	9.4	35.7913	3	-1	0.14042	94.5844
0.0081435	9.4	35.8308	4	-1	0.14044	94.5979
0.0081435	9.4	35.8305	1	-1	0.14045	94.6046
0.00817983	9.4	35.8193	2	-1	0.14048	94.5357
0.00818053	9.4	35.7765	3	-1	0.14049	94.5424
0.00821709	9.4	35.8164	4	-1	0.1405	94.5491
0.00821709	9.4	35.8161	1	-1	0.14051	94.5559
0.00825346	9.4	35.8045	2	-1	0.14055	94.4937
0.00825416	9.4	35.7614	3	-1	0.14056	94.5005
0.00829075	9.4	35.8019	4	-1	0.14057	94.5072
0.00829075	9.4	35.8016	1	-1	0.14058	94.5139
0.00832715	9.4	35.7901	2	-1	0.14061	94.4452
0.00832786	9.4	35.7468	3	-1	0.14062	94.4519
0.00836448	9.4	35.7872	4	-1	0.14064	94.4653
0.00836448	9.4	35.7869	1	-1	0.14065	94.4721
0.00840091	9.4	35.7756	2	-1	0.14068	94.4034
0.00840163	9.4	35.7321	3	-1	0.14069	94.4101
0.00843827	9.4	35.773	4	-1	0.1407	94.4169
0.00843828	9.4	35.7727	1	-1	0.14071	94.4236
0.00847474	9.4	35.7608	2	-1	0.14074	94.3551
0.00847546	9.4	35.7171	3	-1	0.14075	94.3618
0.00851214	9.4	35.7585	4	-1	0.14077	94.3752
0.00851214	9.4	35.7582	1	-1	0.14078	94.3819
0.00854864	9.4	35.7465	2	-1	0.14081	94.3135
0.00854936	9.4	35.7026	3	-1	0.14082	94.3202
0.00858607	9.4	35.7439	4	-1	0.14083	94.3269
0.00858608	9.4	35.7436	1	-1	0.14084	94.3336
0.00862261	9.4	35.7316	2	-1	0.14088	94.2719
0.00862334	9.4	35.6877	3	-1	0.14088	94.2719
0.00866008	9.4	35.7293	4	-1	0.1409	94.2853
0.00866009	9.4	35.729	1	-1	0.14091	94.292
0.00869665	9.4	35.7172	2	-1	0.14094	94.2238
0.00869738	9.4	35.6731	3	-1	0.14095	94.2305
0.00873416	9.4	35.7147	4	-1	0.14097	94.2439
0.00873416	9.4	35.7144	1	-1	0.14098	94.2506
0.00877076	9.4	35.7027	2	-1	0.14101	94.1825
0.0087715	9.4	35.6584	3	-1	0.14102	94.1892
0.0088083	9.4	35.7005	4	-1	0.14103	94.1958
0.0088083	9.4	35.7002	1	-1	0.14104	94.2025
0.00884494	9.4	35.6881	2	-1	0.14108	94.1412
0.00884568	9.4	35.6439	3	-1	0.14108	94.1412
0.00888251	9.4	35.6859	4	-1	0.1411	94.1545
0.00888252	9.4	35.6856	1	-1	0.14111	94.1612
0.00891919	9.4	35.6736	2	-1	0.14114	94.0933
0.00891993	9.4	35.6289	3	-1	0.14115	94.1
0.00895679	9.4	35.6715	4	-1	0.14116	94.1067
0.0089568	9.4	35.6712	1	-1	0.14117	94.1133
0.00899351	9.4	35.6589	2	-1	0.14121	94.0522
0.00899425	9.4	35.6142	3	-1	0.14121	94.0522
0.00903115	9.4	35.6571	4	-1	0.14123	94.0655
0.00903115	9.4	35.6568	1	-1	0.14124	94.0722
0.00906789	9.4	35.6446	2	-1	0.14127	94.0045
0.00906864	9.4	35.5998	3	-1	0.14128	94.0112
0.00910557	9.4	35.6426	4	-1	0.1413	94.0245
0.00910558	9.4	35.6423	1	-1	0.14131	94.0311
0.00914235	9.4	35.6298	2	-1	0.14134	93.9573
0.0091431	9.4	35.5848	3	-1	0.14135	93.964
0.00918006	9.4	35.6282	4	-1	0.14136	93.9706
0.00918007	9.4	35.6279	1	-1	0.14137	93.9773
0.00921688	9.4	35.6156	2	-1	0.14141	93.9227
0.00921763	9.4	35.5707	3	-1	0.14141	93.9227
0.00925462	9.4	35.6137	4	-1	0.14143	93.936
0.00925463	9.4	35.6134	1	-1	0.14144	93.9426
0.00929147	9.4	35.6013	2	-1	0.14147	93.8752
0.00929223	9.4	35.5561	3	-1	0.14148	93.8819
0.00932925	9.4	35.5996	4	-1	0.14149	93.8885
0.00932926	9.4	35.5993	1	-1	0.1415	93.8952
0.00936614	9.4	35.5868	2	-1	0.14154	93.8345
0.0093669	9.4	35.5417	3	-1	0.14154	93.8345
0.00940395	9.4	35.585	4	-1	0.14156	93.8478
0.00940396	9.4	35.5847	1	-1	0.14157	93.8544
0.00944088	9.4	35.5724	2	-1	0.14161	93.7939
0.00944164	9.4	35.5274	3	-1	0.14161	93.7939
0.00947872	9.4	35.5709	4	-1	0.14163	93.8071
0.00947873	9.4	35.5706	1	-1	0.14164	93.8138
0.00951568	9.4	35.5579	2	-1	0.14167	93.7405
0.00951644	9.4	35.513	3	-1	0.14167	93.7405
0.00955356	9.4	35.5562	4	-1	0.14169	93.7537
0.00955357	9.4	35.5559	1	-1	0.1417	93.7603
0.00959056	9.4	35.5435	2	-1	0.14174	93.7062
0.00959132	9.4	35.4987	3	-1	0.14174	93.7062
0.00962847	9.4	35.5422	4	-1	0.14176	93.7194
0.00962847	9.4	35.5419	1	-1	0.14177	93.726
0.00966551	9.4	35.5291	2	-1	0.14181	93.6596
0.00966626	9.4	35.4847	3	-1	0.1418	93.653
0.00970345	9.4	35.5276	4	-1	0.14183	93.6728
0.00970346	9.4	35.5273	1	-1	0.14184	93.6794
0.00974053	9.4	35.5148	2	-1	0.14187	93.6127
0.00974128	9.4	35.4705	3	-1	0.14187	93.6127
0.0097785	9.4	35.5135	4	-1	0.14189	93.6259
0.0097785	9.4	35.5132	1	-1	0.1419	93.6325
0.00981561	9.4	35.5005	2	-1	0.14194	93.5724
0.00981637	9.4	35.4562	3	-1	0.14194	93.5724
0.00985362	9.4	35.499	4	-1	0.14196	93.5856
0.00985362	9.4	35.4987	1	-1	0.14197	93.5922
0.00989077	9.4	35.4861	2	-1	0.142	93.5257
0.00989152	9.4	35.442	3	-1	0.142	93.5257
0.00992881	9.4	35.485	4	-1	0.14203	93.5454
0.00992881	9.4	35.4847	1	-1	0.14204	93.552
0.00996599	9.4	35.4719	2	-1	0.14207	93.4794
0.00996675	9.4	35.4278	3	-1	0.14207	93.4794
0.0100041	9.4	35.4705	4	-1	0.14209	93.4926
0.0100041	9.4	35.4702	1	-1	0.1421	93.4991
0.0100413	9.4	35.4577	2	-1	0.14214	93.4455
0.010042	9.4	35.414	3	-1	0.14213	93.439
0.0100794	9.4	35.4566	4	-1	0.14216	93.4587
0.0100794	9.4	35.4563	1	-1	0.14217	93.4653
0.0101167	9.4	35.4434	2	-1	0.1422	93.3929
0.0101174	9.4	35.3998	3	-1	0.1422	93.3929
0.0101548	9.4	35.4421	4	-1	0.14222	93.406
0.0101548	9.4	35.4418	1	-1	0.14223	93.4126
0.0101921	9.4	35.4293	2	-1	0.14227	93.3591
0.0101928	9.4	35.3857	3	-1	0.14227	93.3591
0.0102303	9.4	35.4283	4	-1	0.14229	93.3723
0.0102303	9.4	35.428	1	-1	0.1423	93.3788
0.0102676	9.4	35.415	2	-1	0.14233	93.3067
0.0102683	9.4	35.3715	3	-1	0.14233	93.3067
0.0103058	9.4	35.4139	4	-1	0.14236	93.3263
0.0103058	9.4	35.4136	1	-1	0.14237	93.3329
0.0103432	9.4	35.4004	2	-1	0.1424	93.2609
0.0103439	9.4	35.3571	3	-1	0.1424	93.2609
0.0103814	9.4	35.3996	4	-1	0.14242	93.274
0.0103814	9.4	35.3994	1	-1	0.14243	93.2805
0.0104188	9.4	35.3866	2	-1	0.14247	93.2273
0.0104196	9.4	35.3436	3	-1	0.14246	93.2208
0.0104571	9.4	35.3855	4	-1	0.14249	93.2404
0.0104571	9.4	35.3852	1	-1	0.1425	93.247
0.0104945	9.4	35.3721	2	-1	0.14253	93.1751
0.0104953	9.4	35.3292	3	-1	0.14253	93.1751
0.0105328	9.4	35.3711	4	-1	0.14255	93.1882
0.0105329	9.4	35.3708	1	-1	0.14256	93.1947
0.0105703	9.4	35.3581	2	-1	0.1426	93.1417
0.0105711	9.4	35.315	3	-1	0.1426	93.1417
0.0106087	9.4	35.3572	4	-1	0.14262	93.1548
0.0106087	9.4	35.3569	1	-1	0.14263	93.1613
0.0106462	9.4	35.3438	2	-1	0.14266	93.0897
0.0106469	9.4	35.3008	3	-1	0.14266	93.0897
0.0106846	9.4	35.3428	4	-1	0.14269	93.1093
0.0106846	9.4	35.3425	1	-1	0.1427	93.1158
0.0107221	9.4	35.3298	2	-1	0.14273	93.0504
0.0107228	9.4	35.2868	3	-1	0.14273	93.0504
0.0107605	9.4	35.3291	4	-1	0.14275	93.0634
0.0107605	9.4	35.3288	1	-1	0.14276	93.07
0.0107981	9.4	35.3157	2	-1	0.1428	93.0111
0.0107988	9.4	35.2732	3	-1	0.14279	93.0046
0.0108366	9.4	35.3148	4	-1	0.14282	93.0242
0.0108366	9.4	35.3145	1	-1	0.14283	93.0307
0.0108742	9.4	35.3013	2	-1	0.14286	92.9594
0.0108749	9.4	35.2588	3	-1	0.14286	92.9594
0.0109127	9.4	35.3005	4	-1	0.14288	92.9724
0.0109127	9.4	35.3002	1	-1	0.14289	92.9789
0.0109503	9.4	35.2872	2	-1	0.14293	92.9263
0.010951	9.4	35.2446	3	-1	0.14293	92.9263
0.0109888	9.4	35.2866	4	-1	0.14295	92.9393
0.0109888	9.4	35.2863	1	-1	0.14296	92.9458
0.0110265	9.4	35.2731	2	-1	0.143	92.8813
0.0110273	9.4	35.2308	3	-1	0.14299	92.8748
0.0110651	9.4	35.2724	4	-1	0.14302	92.8943
0.0110651	9.4	35.2721	1	-1	0.14303	92.9008
0.0111028	9.4	35.2587	2	-1	0.14306	92.8298
0.0111035	9.4	35.2164	3	-1	0.14306	92.8298
0.0111414	9.4	35.2583	4	-1	0.14308	92.8428
0.0111414	9.4	35.258	1	-1	0.14309	92.8493
0.0111791	9.4	35.245	2	-1	0.14313	92.7969
0.0111799	9.4	35.2031	3	-1	0.14312	92.7905
0.0112178	9.4	35.2443	4	-1	0.14315	92.8099
0.0112178	9.4	35.2441	1	-1	0.14316	92.8164
0.0112556	9.4	35.2308	2	-1	0.14319	92.7456
0.0112563	9.4	35.189	3	-1	0.14319	92.7456
0.0112942	9.4	35.23	4	-1	0.14321	92.7586
0.0112942	9.4	35.2297	1	-1	0.14322	92.7651
0.0113321	9.4	35.2168	2	-1	0.14326	92.7129
0.0113328	9.4	35.1751	3	-1	0.14326	92.7129
0.0113707	9.4	35.2164	4	-1	0.14328	92.7259
0.0113707	9.4	35.2162	1	-1	0.14329	92.7323
0.0114086	9.4	35.2029	2	-1	0.14333	92.6683
0.0114093	9.4	35.1616	3	-1	0.14332	92.6618
0.0114473	9.4	35.2024	4	-1	0.14335	92.6812
0.0114473	9.4	35.2021	1	-1	0.14336	92.6877
0.0114852	9.4	35.1887	2	-1	0.14339	92.6172
0.011486	9.4	35.1474	3	-1	0.14339	92.6172
0.011524	9.4	35.188	4	-1	0.14341	92.6302
0.011524	9.4	35.1877	1	-1	0.14342	92.6366
0.0115619	9.4	35.1747	2	-1	0.14346	92.5847
0.0115627	9.4	35.1338	3	-1	0.14345	92.5783
0.0116007	9.4	35.1744	4	-1	0.14348	92.5976
0.0116007	9.4	35.1741	1	-1	0.14349	92.6041
0.0116387	9.4	35.1608	2	-1	0.14352	92.5338
0.0116394	9.4	35.12	3	-1	0.14352	92.5338
0.0116775	9.4	35.1603	4	-1	0.14354	92.5467
0.0116775	9.4	35.16	1	-1	0.14355	92.5532
0.0117156	9.4	35.1466	2	-1	0.14359	92.4955
0.0117163	9.4	35.1059	3	-1	0.14359	92.4955
0.0117544	9.4	35.1461	4	-1	0.14361	92.5084
0.0117544	9.4	35.1458	1	-1	0.14362	92.5148
0.0117925	9.4	35.1322	2	-1	0.14366	92.4513
0.0117932	9.4	35.0918	3	-1	0.14365	92.4448
0.0118314	9.4	35.1322	4	-1	0.14368	92.4641
0.0118314	9.4	35.1319	1	-1	0.14369	92.4706
0.0118695	9.4	35.1187	2	-1	0.14372	92.4066
0.0118702	9.4	35.0784	3	-1	0.14372	92.4066
0.0119084	9.4	35.1183	4	-1	0.14374	92.4195
0.0119084	9.4	35.1181	1	-1	0.14375	92.4259
0.0119465	9.4	35.1047	2	-1	0.14379	92.3685
0.0119472	9.4	35.0648	3	-1	0.14378	92.362
0.0119855	9.4	35.1042	4	-1	0.14381	92.3813
0.0119855	9.4	35.104	1	-1	0.14382	92.3877
0.0120236	9.4	35.0905	2	-1	0.14386	92.3245
0.0120244	9.4	35.051	3	-1	0.14385	92.3181
0.0120626	9.4	35.0903	4	-1	0.14388	92.3373
0.0120627	9.4	35.09	1	-1	0.14389	92.3437
0.0121008	9.4	35.0769	2	-1	0.14392	92.2801
0.0121016	9.4	35.0371	3	-1	0.14392	92.2801
0.0121399	9.4	35.0767	4	-1	0.14394	92.2929
0.0121399	9.4	35.0764	1	-1	0.14395	92.2993
0.0121781	9.4	35.0631	2	-1	0.14399	92.2422
0.0121788	9.4	35.0236	3	-1	0.14398	92.2357
0.0122172	9.4	35.0628	4	-1	0.14401	92.255
0.0122172	9.4	35.0625	1	-1	0.14402	92.2614
0.0122555	9.4	35.049	2	-1	0.14405	92.192
0.0122562	9.4	35.0096	3	-1	0.14405	92.192
0.0122946	9.4	35.0485	4	-1	0.14407	92.2048
0.0122946	9.4	35.0483	1	-1	0.14408	92.2112
0.0123329	9.4	35.0347	2	-1	0.14412	92.1542
0.0123336	9.4	34.9954	3	-1	0.14412	92.1542
0.012372	9.4	35.0348	4	-1	0.14414	92.167
0.012372	9.4	35.0346	1	-1	0.14415	92.1734
0.0124103	9.4	35.0214	2	-1	0.14419	92.1165
0.0124111	9.4	34.9824	3	-1	0.14418	92.1101
0.0124495	9.4	35.0212	4	-1	0.1442	92.1229
0.0124495	9.4	35.0209	1	-1	0.14421	92.1293
0.0124879	9.4	35.0074	2	-1	0.14425	92.0725
0.0124886	9.4	34.9686	3	-1	0.14425	92.0725
0.0125271	9.4	35.0072	4	-1	0.14427	92.0853
0.0125271	9.4	35.007	1	-1	0.14428	92.0917
0.0125655	9.4	34.9934	2	-1	0.14432	92.0291
0.0125662	9.4	34.9549	3	-1	0.14431	92.0227
0.0126048	9.4	34.9932	4	-1	0.14434	92.0418
0.0126048	9.4	34.9929	1	-1	0.14435	92.0482
0.0126432	9.4	34.9793	2	-1	0.14439	91.9857
0.0126439	9.4	34.9412	3	-1	0.14438	91.9794
0.0126825	9.4	34.9792	4	-1	0.1444	91.9921
0.0126825	9.4	34.9789	1	-1	0.14441	91.9985
0.012721	9.4	34.9657	2	-1	0.14445	91.9478
0.0127217	9.4	34.9273	3	-1	0.14445	91.9478
0.0127603	9.4	34.9658	4	-1	0.14447	91.9605
0.0127603	9.4	34.9656	1	-1	0.14448	91.9669
0.0127988	9.4	34.952	2	-1	0.14452	91.9046
0.0127995	9.4	34.914	3	-1	0.14451	91.8983
0.0128382	9.4	34.9521	4	-1	0.14454	91.9173
0.0128382	9.4	34.9518	1	-1	0.14455	91.9237
0.0128767	9.4	34.9381	2	-1	0.14458	91.8551
0.0128774	9.4	34.9005	3	-1	0.14457	91.8488
0.0129161	9.4	34.938	4	-1	0.1446	91.8679
0.0129161	9.4	34.9377	1	-1	0.14461	91.8742
0.0129547	9.4	34.9241	2	-1	0.14465	91.818
0.0129554	9.4	34.8869	3	-1	0.14464	91.8116
0.0129941	9.4	34.924	4	-1	0.14467	91.8306
0.0129941	9.4	34.9237	1	-1	0.14468	91.837
0.0130328	9.4	34.9101	2	-1	0.14472	91.775
0.0130335	9.4	34.8732	3	-1	0.14471	91.7687
0.0130722	9.4	34.9105	4	-1	0.14474	91.7877
0.0130722	9.4	34.9102	1	-1	0.14475	91.794
0.0131109	9.4	34.897	2	-1	0.14478	91.7316
0.0131116	9.4	34.8604	3	-1	0.14477	91.7253
0.0131504	9.4	34.8969	4	-1	0.1448	91.7443
0.0131504	9.4	34.8967	1	-1	0.14481	91.7506
0.0131891	9.4	34.8835	2	-1	0.14485	91.6946
0.0131898	9.4	34.8472	3	-1	0.14484	91.6883
0.0132286	9.4	34.8832	4	-1	0.14486	91.701
0.0132286	9.4	34.8829	1	-1	0.14487	91.7073
0.0132674	9.4	34.8695	2	-1	0.14491	91.6514
0.013268	9.4	34.8333	3	-1	0.14491	91.6514
0.0133069	9.4	34.8693	4	-1	0.14493	91.664
0.0133069	9.4	34.8691	1	-1	0.14494	91.6704
0.0133457	9.4	34.8555	2	-1	0.14498	91.6087
0.0133464	9.4	34.8197	3	-1	0.14497	91.6024
0.0133853	9.4	34.8554	4	-1	0.145	91.6214
0.0133853	9.4	34.8551	1	-1	0.14501	91.6277
0.0134241	9.4	34.8417	2	-1	0.14505	91.5662
0.0134248	9.4	34.8061	3	-1	0.14504	91.5599
0.0134637	9.4	34.8415	4	-1	0.14507	91.5788
0.0134637	9.4	34.8412	1	-1	0.14508	91.5851
0.0135026	9.4	34.8278	2	-1	0.14512	91.5237
0.0135033	9.4	34.7926	3	-1	0.14511	91.5174
0.0135422	9.4	34.828	4	-1	0.14513	91.53
0.0135422	9.4	34.8278	1	-1	0.14514	91.5363
0.0135811	9.4	34.8147	2	-1	0.14518	91.4865
0.0135818	9.4	34.7799	3	-1	0.14517	91.4802
0.0136208	9.4	34.8147	4	-1	0.1452	91.4991
0.0136208	9.4	34.8145	1	-1	0.14521	91.5055
0.0136598	9.4	34.8012	2	-1	0.14524	91.4379
0.0136604	9.4	34.7664	3	-1	0.14524	91.4379
0.0136995	9.4	34.8011	4	-1	0.14526	91.4505
0.0136995	9.4	34.8008	1	-1	0.14527	91.4568
0.0137385	9.4	34.7875	2	-1	0.14531	91.4014
0.0137391	9.4	34.7531	3	-1	0.1453	91.3951
0.0137782	9.4	34.7873	4	-1	0.14533	91.414
0.0137782	9.4	34.7871	1	-1	0.14534	91.4203
0.0138172	9.4	34.7738	2	-1	0.14538	91.3593
0.0138179	9.4	34.7397	3	-1	0.14537	91.353
0.013857	9.4	34.7735	4	-1	0.14539	91.3656
0.013857	9.4	34.7733	1	-1	0.1454	91.3718
0.0138961	9.4	34.7598	2	-1	0.14544	91.3166
0.0138967	9.4	34.7258	3	-1	0.14544	91.3166
0.0139359	9.4	34.7597	4	-1	0.14546	91.3292
0.0139359	9.4	34.7595	1	-1	0.14547	91.3355
0.013975	9.4	34.746	2	-1	0.14551	91.2746
0.0139756	9.4	34.7123	3	-1	0.1455	91.2683
0.0140148	9.4	34.7459	4	-1	0.14553	91.2872
0.0140148	9.4	34.7457	1	-1	0.14554	91.2934
0.014054	9.4	34.7323	2	-1	0.14558	91.2327
0.0140546	9.4	34.6989	3	-1	0.14557	91.2264
0.0140938	9.4	34.7322	4	-1	0.1456	91.2452
0.0140938	9.4	34.7319	1	-1	0.14561	91.2515
0.014133	9.4	34.7186	2	-1	0.14565	91.1908
0.0141337	9.4	34.6856	3	-1	0.14564	91.1846
0.0141729	9.4	34.7184	4	-1	0.14566	91.1971
0.0141729	9.4	34.7181	1	-1	0.14567	91.2034
0.0142122	9.4	34.7052	2	-1	0.14571	91.1542
0.0142128	9.4	34.6725	3	-1	0.1457	91.148
0.0142521	9.4	34.7056	4	-1	0.14573	91.1667
0.0142521	9.4	34.7053	1	-1	0.14574	91.173
0.0142914	9.4	34.6922	2	-1	0.14578	91.1125
0.014292	9.4	34.6601	3	-1	0.14576	91.1
0.0143313	9.4	34.6922	4	-1	0.14579	91.1188
0.0143313	9.4	34.6919	1	-1	0.1458	91.125
0.0143706	9.4	34.6788	2	-1	0.14584	91.0703
0.0143712	9.4	34.647	3	-1	0.14583	91.0641
0.0144106	9.4	34.6787	4	-1	0.14586	91.0828
0.0144106	9.4	34.6785	1	-1	0.14587	91.089
0.01445	9.4	34.6654	2	-1	0.14591	91.0288
0.0144506	9.4	34.6339	3	-1	0.1459	91.0225
0.01449	9.4	34.6651	4	-1	0.14592	91.035
0.01449	9.4	34.6649	1	-1	0.14593	91.0412
0.0145294	9.4	34.6517	2	-1	0.14597	90.9867
0.01453	9.4	34.6205	3	-1	0.14596	90.9805
0.0145694	9.4	34.6515	4	-1	0.14599	90.9992
0.0145695	9.4	34.6513	1	-1	0.146	91.0054
0.0146089	9.4	34.6381	2	-1	0.14604	90.9453
0.0146095	9.4	34.6073	3	-1	0.14603	90.9391
0.014649	9.4	34.638	4	-1	0.14606	90.9578
0.014649	9.4	34.6377	1	-1	0.14607	90.964
0.0146884	9.4	34.6246	2	-1	0.14611	90.904
0.014689	9.4	34.5941	3	-1	0.1461	90.8978
0.0147286	9.4	34.6244	4	-1	0.14612	90.9102
0.0147286	9.4	34.6241	1	-1	0.14613	90.9164
0.0147681	9.4	34.611	2	-1	0.14617	90.8622
0.0147687	9.4	34.5808	3	-1	0.14616	90.856
0.0148082	9.4	34.6108	4	-1	0.14619	90.8746
0.0148082	9.4	34.6105	1	-1	0.1462	90.8808
0.0148478	9.4	34.5974	2	-1	0.14624	90.821
0.0148484	9.4	34.5676	3	-1	0.14623	90.8148
0.014888	9.4	34.5973	4	-1	0.14626	90.8334
0.014888	9.4	34.597	1	-1	0.14627	90.8396
0.0149276	9.4	34.584	2	-1	0.14631	90.7799
0.0149281	9.4	34.5547	3	-1	0.14629	90.7675
0.0149678	9.4	34.5836	4	-1	0.14632	90.7861
0.0149678	9.4	34.5834	1	-1	0.14633	90.7923
0.0150074	9.4	34.5705	2	-1	0.14637	90.7383
0.015008	9.4	34.5415	3	-1	0.14636	90.7321
0.0150477	9.4	34.5701	4	-1	0.14639	90.7507
0.0150477	9.4	34.5699	1	-1	0.1464	90.7569
0.0150873	9.4	34.557	2	-1	0.14644	90.6974
0.0150879	9.4	34.5284	3	-1	0.14643	90.6912
0.0151276	9.4	34.5567	4	-1	0.14646	90.7098
0.0151276	9.4	34.5565	1	-1	0.14647	90.716
0.0151673	9.4	34.5437	2	-1	0.14651	90.6565
0.0151679	9.4	34.5156	3	-1	0.14649	90.6441
0.0152076	9.4	34.5432	4	-1	0.14652	90.6627
0.0152076	9.4	34.5429	1	-1	0.14653	90.6689
0.0152474	9.4	34.5302	2	-1	0.14657	90.6151
0.0152479	9.4	34.5024	3	-1	0.14656	90.609
0.0152877	9.4	34.5298	4	-1	0.14659	90.6275
0.0152877	9.4	34.5295	1	-1	0.1466	90.6337
0.0153275	9.4	34.5169	2	-1	0.14664	90.5744
0.0153281	9.4	34.4894	3	-1	0.14663	90.5683
0.0153679	9.4	34.5163	4	-1	0.14665	90.5806
0.0153679	9.4	34.5161	1	-1	0.14666	90.5868
0.0154077	9.4	34.5034	2	-1	0.1467	90.5332
0.0154083	9.4	34.4762	3	-1	0.14669	90.527
0.0154482	9.4	34.5029	4	-1	0.14672	90.5455
0.0154482	9.4	34.5027	1	-1	0.14673	90.5517
0.015488	9.4	34.49	2	-1	0.14677	90.4926
0.0154886	9.4	34.4632	3	-1	0.14676	90.4865
0.0155285	9.4	34.4896	4	-1	0.14679	90.505
0.0155285	9.4	34.4893	1	-1	0.1468	90.5111
0.0155684	9.4	34.4768	2	-1	0.14684	90.4521
0.0155689	9.4	34.4505	3	-1	0.14682	90.4398
0.0156089	9.4	34.4762	4	-1	0.14685	90.4583
0.0156089	9.4	34.4759	1	-1	0.14686	90.4645
0.0156488	9.4	34.4635	2	-1	0.1469	90.4111
0.0156493	9.4	34.4375	3	-1	0.14689	90.405
0.0156893	9.4	34.4629	4	-1	0.14692	90.4234
0.0156893	9.4	34.4626	1	-1	0.14693	90.4296
0.0157293	9.4	34.4503	2	-1	0.14697	90.3708
0.0157298	9.4	34.4246	3	-1	0.14696	90.3646
0.0157699	9.4	34.4497	4	-1	0.14699	90.3831
0.0157699	9.4	34.4494	1	-1	0.147	90.3892
0.0158099	9.4	34.437	2	-1	0.14703	90.3244
0.0158104	9.4	34.4116	3	-1	0.14702	90.3182
0.0158505	9.4	34.4363	4	-1	0.14705	90.3367
0.0158505	9.4	34.436	1	-1	0.14706	90.3428
0.0158905	9.4	34.4238	2	-1	0.1471	90.2897
0.015891	9.4	34.3987	3	-1	0.14709	90.2836
0.0159312	9.4	34.4231	4	-1	0.14712	90.302
0.0159312	9.4	34.4228	1	-1	0.14713	90.3081
0.0159712	9.4	34.4106	2	-1	0.14716	90.2435
0.0159717	9.4	34.3855	3	-1	0.14716	90.2435
0.0160119	9.4	34.4098	4	-1	0.14718	90.2557
0.0160119	9.4	34.4095	1	-1	0.14719	90.2619
0.016052	9.4	34.3973	2	-1	0.14723	90.2089
0.0160525	9.4	34.3726	3	-1	0.14722	90.2028
0.0160927	9.4	34.3963	4	-1	0.14725	90.2212
0.0160927	9.4	34.3961	1	-1	0.14726	90.2273
0.0161329	9.4	34.3834	2	-1	0.1473	90.1634
0.0161334	9.4	34.3588	3	-1	0.14729	90.1573
0.0161736	9.4	34.3825	4	-1	0.14732	90.1757
0.0161736	9.4	34.3822	1	-1	0.14733	90.1818
0.0162138	9.4	34.3699	2	-1	0.14737	90.1235
0.0162143	9.4	34.3455	3	-1	0.14736	90.1174
0.0162546	9.4	34.3689	4	-1	0.14738	90.1296
0.0162546	9.4	34.3687	1	-1	0.14739	90.1358
0.0162948	9.4	34.3563	2	-1	0.14743	90.0831
0.0162953	9.4	34.3322	3	-1	0.14742	90.077
0.0163356	9.4	34.3556	4	-1	0.14745	90.0953
0.0163356	9.4	34.3553	1	-1	0.14746	90.1014
0.0163759	9.4	34.3431	2	-1	0.1475	90.0433
0.0163764	9.4	34.3193	3	-1	0.14749	90.0372
0.0164168	9.4	34.3424	4	-1	0.14752	90.0556
0.0164168	9.4	34.3421	1	-1	0.14753	90.0617
0.0164571	9.4	34.3301	2	-1	0.14757	90.0037
0.0164576	9.4	34.3066	3	-1	0.14756	89.9976
0.016498	9.4	34.3292	4	-1	0.14758	90.0098
0.016498	9.4	34.329	1	-1	0.14759	90.0159
0.0165383	9.4	34.3169	2	-1	0.14763	89.9634
0.0165388	9.4	34.2937	3	-1	0.14762	89.9573
0.0165792	9.4	34.3162	4	-1	0.14765	89.9756
0.0165792	9.4	34.3159	1	-1	0.14766	89.9817
0.0166196	9.4	34.3039	2	-1	0.1477	89.9239
0.0166201	9.4	34.281	3	-1	0.14769	89.9178
0.0166606	9.4	34.3032	4	-1	0.14772	89.9361
0.0166606	9.4	34.303	1	-1	0.14773	89.9422
0.016701	9.4	34.291	2	-1	0.14776	89.8783
0.0167015	9.4	34.2683	3	-1	0.14775	89.8723
0.016742	9.4	34.2901	4	-1	0.14778	89.8905
0.016742	9.4	34.2898	1	-1	0.14779	89.8966
0.0167824	9.4	34.2776	2	-1	0.14783	89.839
0.0167829	9.4	34.2552	3	-1	0.14782	89.8329
0.0168235	9.4	34.2762	4	-1	0.14785	89.8511
0.0168235	9.4	34.276	1	-1	0.14786	89.8572
0.016864	9.4	34.2641	2	-1	0.1479	89.7996
0.0168644	9.4	34.2421	3	-1	0.14789	89.7936
0.016905	9.4	34.2628	4	-1	0.14791	89.8057
0.016905	9.4	34.2625	1	-1	0.14792	89.8118
0.0169456	9.4	34.2506	2	-1	0.14796	89.7598
0.016946	9.4	34.2287	3	-1	0.14796	89.7598
0.0169866	9.4	34.2497	4	-1	0.14798	89.7719
0.0169866	9.4	34.2494	1	-1	0.14799	89.778
0.0170272	9.4	34.2375	2	-1	0.14803	89.7206
0.0170277	9.4	34.2158	3	-1	0.14802	89.7145
0.0170683	9.4	34.2367	4	-1	0.14805	89.7327
0.0170683	9.4	34.2364	1	-1	0.14806	89.7388
0.017109	9.4	34.2247	2	-1	0.1481	89.6815
0.0171094	9.4	34.2033	3	-1	0.14809	89.6754
0.0171501	9.4	34.2237	4	-1	0.14811	89.6875
0.0171501	9.4	34.2234	1	-1	0.14812	89.6936
0.0171908	9.4	34.2117	2	-1	0.14816	89.6418
0.0171912	9.4	34.1905	3	-1	0.14815	89.6358
0.017232	9.4	34.2108	4	-1	0.14818	89.6539
0.017232	9.4	34.2105	1	-1	0.14819	89.66
0.0172727	9.4	34.1984	2	-1	0.14823	89.5974
0.0172731	9.4	34.1776	3	-1	0.14822	89.5914
0.0173139	9.4	34.1971	4	-1	0.14825	89.6095
0.0173139	9.4	34.1968	1	-1	0.14826	89.6156
0.0173547	9.4	34.1851	2	-1	0.1483	89.5585
0.0173551	9.4	34.1646	3	-1	0.14829	89.5525
0.0173959	9.4	34.1838	4	-1	0.14831	89.5646
0.0173959	9.4	34.1835	1	-1	0.14832	89.5706
0.0174367	9.4	34.1719	2	-1	0.14836	89.5191
0.0174371	9.4	34.1516	3	-1	0.14835	89.5131
0.017478	9.4	34.1708	4	-1	0.14838	89.5312
0.017478	9.4	34.1705	1	-1	0.14839	89.5372
0.0175188	9.4	34.159	2	-1	0.14843	89.4803
0.0175192	9.4	34.139	3	-1	0.14842	89.4743
0.0175601	9.4	34.1579	4	-1	0.14845	89.4924
0.0175601	9.4	34.1577	1	-1	0.14846	89.4984
0.017601	9.4	34.1462	2	-1	0.14849	89.4356
0.0176014	9.4	34.1265	3	-1	0.14848	89.4296
0.0176423	9.4	34.1447	4	-1	0.14851	89.4477
0.0176423	9.4	34.1444	1	-1	0.14852	89.4537
0.0176832	9.4	34.1327	2	-1	0.14856	89.397
0.0176836	9.4	34.113	3	-1	0.14855	89.391
0.0177246	9.4	34.1312	4	-1	0.14858	89.4091
0.0177246	9.4	34.131	1	-1	0.14859	89.4151
0.0177656	9.4	34.1195	2	-1	0.14863	89.3585
0.017766	9.4	34.1001	3	-1	0.14862	89.3525
0.017807	9.4	34.1182	4	-1	0.14865	89.3705
0.017807	9.4	34.118	1	-1	0.14866	89.3765
0.017848	9.4	34.1066	2	-1	0.14869	89.314
0.0178484	9.4	34.0875	3	-1	0.14868	89.308
0.0178894	9.4	34.1052	4	-1	0.14871	89.326
0.0178894	9.4	34.105	1	-1	0.14872	89.3321
0.0179304	9.4	34.0938	2	-1	0.14876	89.281
0.0179308	9.4	34.075	3	-1	0.14875	89.275
0.0179719	9.4	34.0923	4	-1	0.14877	89.287
0.0179719	9.4	34.0921	1	-1	0.14878	89.293
0.018013	9.4	34.0805	2	-1	0.14882	89.2367
0.0180134	9.4	34.0617	3	-1	0.14882	89.2367
0.0180545	9.4	34.0788	4	-1	0.14884	89.2487
0.0180545	9.4	34.0786	1	-1	0.14885	89.2547
0.0180956	9.4	34.0671	2	-1	0.14889	89.1984
0.018096	9.4	34.0484	3	-1	0.14889	89.1984
0.0181372	9.4	34.0658	4	-1	0.14891	89.2104
0.0181372	9.4	34.0656	1	-1	0.14892	89.2164
0.0181783	9.4	34.0542	2	-1	0.14896	89.1602
0.0181787	9.4	34.0358	3	-1	0.14895	89.1542
0.0182199	9.4	34.0531	4	-1	0.14898	89.1722
0.0182199	9.4	34.0529	1	-1	0.14899	89.1782
0.0182611	9.4	34.0417	2	-1	0.14903	89.1221
0.0182615	9.4	34.0237	3	-1	0.14901	89.1102
0.0183027	9.4	34.0398	4	-1	0.14904	89.1281
0.0183027	9.4	34.0396	1	-1	0.14905	89.1341
0.0183439	9.4	34.0281	2	-1	0.14909	89.0781
0.0183443	9.4	34.0104	3	-1	0.14908	89.0721
0.0183856	9.4	34.0266	4	-1	0.14911	89.09
0.0183856	9.4	34.0264	1	-1	0.14912	89.096
0.0184269	9.4	34.0152	2	-1	0.14916	89.0401
0.0184272	9.4	33.9977	3	-1	0.14915	89.0341
0.0184686	9.4	34.0138	4	-1	0.14918	89.0521
0.0184686	9.4	34.0136	1	-1	0.14919	89.058
0.0185099	9.4	34.0026	2	-1	0.14923	89.0022
0.0185102	9.4	33.9857	3	-1	0.14921	88.9903
0.0185516	9.4	34.001	4	-1	0.14924	89.0082
0.0185516	9.4	34.0008	1	-1	0.14925	89.0141
0.0185929	9.4	33.9896	2	-1	0.14929	88.9584
0.0185933	9.4	33.9729	3	-1	0.14928	88.9524
0.0186347	9.4	33.9876	4	-1	0.14931	88.9703
0.0186347	9.4	33.9874	1	-1	0.14932	88.9763
0.0186761	9.4	33.9765	2	-1	0.14936	88.9206
0.0186764	9.4	33.9601	3	-1	0.14935	88.9147
0.0187179	9.4	33.9747	4	-1	0.14938	88.9325
0.0187179	9.4	33.9745	1	-1	0.14939	88.9385
0.0187593	9.4	33.9638	2	-1	0.14942	88.877
0.0187596	9.4	33.9474	3	-1	0.14942	88.877
0.0188011	9.4	33.962	4	-1	0.14944	88.8889
0.0188011	9.4	33.9618	1	-1	0.14945	88.8948
0.0188426	9.4	33.9507	2	-1	0.14949	88.8394
0.0188429	9.4	33.9346	3	-1	0.14948	88.8334
0.0188844	9.4	33.9486	4	-1	0.14951	88.8513
0.0188844	9.4	33.9484	1	-1	0.14952	88.8572
0.0189259	9.4	33.9377	2	-1	0.14956	88.8018
0.0189263	9.4	33.9219	3	-1	0.14955	88.7959
0.0189678	9.4	33.9357	4	-1	0.14957	88.8077
0.0189678	9.4	33.9354	1	-1	0.14958	88.8137
0.0190094	9.4	33.9248	2	-1	0.14962	88.7636
0.0190097	9.4	33.909	3	-1	0.14962	88.7636
0.0190513	9.4	33.9231	4	-1	0.14964	88.7755
0.0190513	9.4	33.9229	1	-1	0.14965	88.7814
0.0190929	9.4	33.9118	2	-1	0.14969	88.721
0.0190932	9.4	33.8963	3	-1	0.14968	88.715
0.0191349	9.4	33.9098	4	-1	0.14971	88.7328
0.0191349	9.4	33.9096	1	-1	0.14972	88.7387
0.0191765	9.4	33.8989	2	-1	0.14976	88.6836
0.0191768	9.4	33.8837	3	-1	0.14975	88.6777
0.0192185	9.4	33.8969	4	-1	0.14977	88.6895
0.0192185	9.4	33.8967	1	-1	0.14978	88.6954
0.0192601	9.4	33.8862	2	-1	0.14982	88.6456
0.0192605	9.4	33.8709	3	-1	0.14982	88.6456
0.0193022	9.4	33.8842	4	-1	0.14984	88.6575
0.0193022	9.4	33.884	1	-1	0.14985	88.6634
0.0193439	9.4	33.8729	2	-1	0.14989	88.6032
0.0193442	9.4	33.8577	3	-1	0.14988	88.5973
0.0193859	9.4	33.8711	4	-1	0.14991	88.615
0.019386	9.4	33.8709	1	-1	0.14992	88.6209
0.0194277	9.4	33.8602	2	-1	0.14996	88.566
0.019428	9.4	33.8452	3	-1	0.14995	88.5601
0.0194698	9.4	33.8585	4	-1	0.14998	88.5778
0.0194698	9.4	33.8583	1	-1	0.14999	88.5837
0.0195116	9.4	33.8477	2	-1	0.15002	88.523
0.0195119	9.4	33.8331	3	-1	0.15001	88.5171
0.0195537	9.4	33.8454	4	-1	0.15004	88.5348
0.0195537	9.4	33.8452	1	-1	0.15005	88.5407
0.0195955	9.4	33.8346	2	-1	0.15009	88.486
0.0195958	9.4	33.8201	3	-1	0.15008	88.4801
0.0196377	9.4	33.8326	4	-1	0.15011	88.4978
0.0196377	9.4	33.8323	1	-1	0.15012	88.5037
0.0196796	9.4	33.822	2	-1	0.15016	88.4491
0.0196799	9.4	33.8078	3	-1	0.15015	88.4432
0.0197218	9.4	33.82	4	-1	0.15017	88.455
0.0197218	9.4	33.8198	1	-1	0.15018	88.4609
0.0197637	9.4	33.809	2	-1	0.15022	88.4063
0.019764	9.4	33.7951	3	-1	0.15021	88.4004
0.0198059	9.4	33.8067	4	-1	0.15024	88.4181
0.0198059	9.4	33.8065	1	-1	0.15025	88.424
0.0198479	9.4	33.7962	2	-1	0.15029	88.3695
0.0198482	9.4	33.7825	3	-1	0.15028	88.3636
0.0198901	9.4	33.7941	4	-1	0.15031	88.3813
0.0198901	9.4	33.7939	1	-1	0.15032	88.3871
0.0199321	9.4	33.7838	2	-1	0.15036	88.3327
0.0199324	9.4	33.7705	3	-1	0.15035	88.3269
0.0199744	9.4	33.7813	4	-1	0.15037	88.3386
0.0199744	9.4	33.7811	1	-1	0.15038	88.3445
0.0200164	9.4	33.7705	2	-1	0.15042	88.2902
0.0200167	9.4	33.7574	3	-1	0.15041	88.2843
0.0200588	9.4	33.7685	4	-1	0.15044	88.3019
0.0200588	9.4	33.7683	1	-1	0.15045	88.3078
0.0201009	9.4	33.758	2	-1	0.15049	88.2536
0.0201011	9.4	33.7451	3	-1	0.15048	88.2477
0.0201432	9.4	33.7556	4	-1	0.15051	88.2653
0.0201432	9.4	33.7554	1	-1	0.15052	88.2712
0.0201853	9.4	33.7449	2	-1	0.15056	88.2119
0.0201856	9.4	33.7325	3	-1	0.15054	88.2001
0.0202278	9.4	33.7428	4	-1	0.15058	88.2236
0.0202278	9.4	33.7426	1	-1	0.15059	88.2294
0.0202699	9.4	33.7325	2	-1	0.15062	88.1695
0.0202702	9.4	33.7204	3	-1	0.15061	88.1637
0.0203124	9.4	33.7299	4	-1	0.15064	88.1812
0.0203124	9.4	33.7296	1	-1	0.15065	88.1871
0.0203545	9.4	33.7196	2	-1	0.15069	88.1331
0.0203548	9.4	33.7075	3	-1	0.15068	88.1273
0.020397	9.4	33.717	4	-1	0.15071	88.1448
0.020397	9.4	33.7168	1	-1	0.15072	88.1507
0.0204392	9.4	33.7071	2	-1	0.15076	88.0968
0.0204395	9.4	33.6952	3	-1	0.15075	88.0909
0.0204818	9.4	33.7046	4	-1	0.15077	88.1026
0.0204818	9.4	33.7043	1	-1	0.15078	88.1085
0.020524	9.4	33.6941	2	-1	0.15082	88.0546
0.0205243	9.4	33.6825	3	-1	0.15081	88.0488
0.0205666	9.4	33.6915	4	-1	0.15084	88.0663
0.0205666	9.4	33.6913	1	-1	0.15085	88.0722
0.0206089	9.4	33.6815	2	-1	0.15089	88.0184
0.0206091	9.4	33.6701	3	-1	0.15088	88.0126
0.0206515	9.4	33.679	4	-1	0.15091	88.0301
0.0206515	9.4	33.6788	1	-1	0.15092	88.0359
0.0206938	9.4	33.6688	2	-1	0.15095	87.9713
0.0206941	9.4	33.6574	3	-1	0.15095	87.9713
0.0207364	9.4	33.6658	4	-1	0.15097	87.983
0.0207364	9.4	33.6656	1	-1	0.15098	87.9888
0.0207788	9.4	33.6561	2	-1	0.15102	87.9404
0.0207791	9.4	33.645	3	-1	0.15101	87.9345
0.0208215	9.4	33.6534	4	-1	0.15104	87.952
0.0208215	9.4	33.6532	1	-1	0.15105	87.9578
0.0208639	9.4	33.6434	2	-1	0.15109	87.8992
0.0208641	9.4	33.6325	3	-1	0.15108	87.8934
0.0209066	9.4	33.6404	4	-1	0.15111	87.9109
0.0209066	9.4	33.6402	1	-1	0.15112	87.9167
0.020949	9.4	33.6308	2	-1	0.15115	87.8575
0.0209493	9.4	33.6199	3	-1	0.15115	87.8575
0.0209918	9.4	33.6279	4	-1	0.15117	87.8691
0.0209918	9.4	33.6277	1	-1	0.15118	87.8749
0.0210343	9.4	33.6181	2	-1	0.15122	87.8216
0.0210345	9.4	33.6075	3	-1	0.15121	87.8158
0.0210771	9.4	33.6149	4	-1	0.15124	87.8332
0.0210771	9.4	33.6147	1	-1	0.15125	87.839
0.0211196	9.4	33.6056	2	-1	0.15129	87.7858
0.0211198	9.4	33.5952	3	-1	0.15128	87.78
0.0211624	9.4	33.602	4	-1	0.1513	87.7916
0.0211624	9.4	33.6018	1	-1	0.15131	87.7974
0.021205	9.4	33.5924	2	-1	0.15136	87.75
0.0212052	9.4	33.5823	3	-1	0.15135	87.7442
0.0212478	9.4	33.5897	4	-1	0.15138	87.7616
0.0212478	9.4	33.5895	1	-1	0.15139	87.7674
0.0212904	9.4	33.58	2	-1	0.15142	87.7034
0.0212907	9.4	33.5701	3	-1	0.15141	87.6977
0.0213333	9.4	33.5769	4	-1	0.15144	87.715
0.0213333	9.4	33.5767	1	-1	0.15145	87.7208
0.021376	9.4	33.5672	2	-1	0.15149	87.6678
0.0213762	9.4	33.5576	3	-1	0.15148	87.662
0.0214189	9.4	33.5643	4	-1	0.15151	87.6794
0.0214189	9.4	33.5641	1	-1	0.15152	87.6852
0.0214616	9.4	33.5551	2	-1	0.15156	87.6323
0.0214618	9.4	33.5457	3	-1	0.15155	87.6265
0.0215045	9.4	33.5517	4	-1	0.15157	87.638
0.0215045	9.4	33.5515	1	-1	0.15158	87.6438
0.0215473	9.4	33.5421	2	-1	0.15162	87.591
0.0215475	9.4	33.5329	3	-1	0.15161	87.5852
0.0215902	9.4	33.5392	4	-1	0.15164	87.6025
0.0215902	9.4	33.539	1	-1	0.15165	87.6083
0.021633	9.4	33.5294	2	-1	0.15169	87.5505
0.0216332	9.4	33.5205	3	-1	0.15168	87.5447
0.021676	9.4	33.5263	4	-1	0.15171	87.562
0.021676	9.4	33.5261	1	-1	0.15172	87.5678
0.0217189	9.4	33.5171	2	-1	0.15176	87.5151
0.0217191	9.4	33.5084	3	-1	0.15175	87.5094
0.0217619	9.4	33.5139	4	-1	0.15177	87.5209
0.0217619	9.4	33.5137	1	-1	0.15178	87.5267
0.0218048	9.4	33.5045	2	-1	0.15182	87.4741
0.021805	9.4	33.496	3	-1	0.15181	87.4683
0.0218479	9.4	33.5011	4	-1	0.15184	87.4856
0.0218479	9.4	33.5009	1	-1	0.15185	87.4914
0.0218907	9.4	33.4921	2	-1	0.15189	87.4388
0.0218909	9.4	33.4839	3	-1	0.15188	87.4331
0.0219339	9.4	33.4885	4	-1	0.15191	87.4503
0.0219339	9.4	33.4883	1	-1	0.15192	87.4561
0.0219768	9.4	33.4794	2	-1	0.15196	87.3986
0.021977	9.4	33.4713	3	-1	0.15195	87.3929
0.02202	9.4	33.4762	4	-1	0.15198	87.4101
0.02202	9.4	33.476	1	-1	0.15199	87.4159
0.0220629	9.4	33.4668	2	-1	0.15202	87.3528
0.0220631	9.4	33.459	3	-1	0.15201	87.347
0.0221061	9.4	33.463	4	-1	0.15204	87.3642
0.0221062	9.4	33.4628	1	-1	0.15205	87.37
0.0221492	9.4	33.4545	2	-1	0.15209	87.3227
0.0221493	9.4	33.4469	3	-1	0.15208	87.317
0.0221924	9.4	33.4503	4	-1	0.15211	87.3342
0.0221924	9.4	33.4501	1	-1	0.15212	87.34
0.0222355	9.4	33.4417	2	-1	0.15216	87.2827
0.0222356	9.4	33.4343	3	-1	0.15215	87.277
0.0222787	9.4	33.4381	4	-1	0.15218	87.2942
0.0222787	9.4	33.4379	1	-1	0.15219	87.2999
0.0223218	9.4	33.4295	2	-1	0.15222	87.2421
0.022322	9.4	33.4224	3	-1	0.15221	87.2364
0.0223651	9.4	33.4255	4	-1	0.15224	87.2536
0.0223651	9.4	33.4253	1	-1	0.15225	87.2593
0.0224083	9.4	33.4169	2	-1	0.15229	87.2072
0.0224084	9.4	33.41	3	-1	0.15228	87.2015
0.0224516	9.4	33.4132	4	-1	0.15231	87.2187
0.0224516	9.4	33.413	1	-1	0.15232	87.2244
0.0224948	9.4	33.4045	2	-1	0.15236	87.1675
0.0224949	9.4	33.3979	3	-1	0.15235	87.1617
0.0225381	9.4	33.4004	4	-1	0.15237	87.1732
0.0225382	9.4	33.4002	1	-1	0.15238	87.1789
0.0225814	9.4	33.3921	2	-1	0.15242	87.132
0.0225815	9.4	33.3854	3	-1	0.15242	87.132
0.0226248	9.4	33.388	4	-1	0.15244	87.1434
0.0226248	9.4	33.3877	1	-1	0.15245	87.1491
0.022668	9.4	33.3792	2	-1	0.15249	87.0924
0.0226682	9.4	33.3728	3	-1	0.15248	87.0866
0.0227115	9.4	33.3758	4	-1	0.15251	87.1038
0.0227115	9.4	33.3756	1	-1	0.15252	87.1095
0.0227548	9.4	33.3668	2	-1	0.15256	87.0528
0.0227549	9.4	33.3608	3	-1	0.15254	87.0414
0.0227983	9.4	33.3629	4	-1	0.15258	87.0642
0.0227983	9.4	33.3627	1	-1	0.15259	87.0699
0.0228416	9.4	33.3549	2	-1	0.15262	87.0125
0.0228417	9.4	33.3491	3	-1	0.15261	87.0068
0.0228851	9.4	33.3501	4	-1	0.15264	87.0239
0.0228851	9.4	33.3499	1	-1	0.15265	87.0296
0.0229285	9.4	33.3423	2	-1	0.15269	86.9781
0.0229286	9.4	33.3365	3	-1	0.15269	86.9781
0.022972	9.4	33.3381	4	-1	0.15271	86.9895
0.0229721	9.4	33.3379	1	-1	0.15272	86.9952
0.0230155	9.4	33.3298	2	-1	0.15276	86.9387
0.0230156	9.4	33.3242	3	-1	0.15275	86.933
0.0230591	9.4	33.3256	4	-1	0.15278	86.9501
0.0230591	9.4	33.3254	1	-1	0.15279	86.9558
0.0231025	9.4	33.3171	2	-1	0.15282	86.8937
0.0231026	9.4	33.3118	3	-1	0.15281	86.888
0.0231461	9.4	33.3124	4	-1	0.15284	86.9051
0.0231461	9.4	33.3122	1	-1	0.15285	86.9108
0.0231896	9.4	33.3049	2	-1	0.15289	86.8644
0.0231898	9.4	33.2996	3	-1	0.15289	86.8644
0.0232333	9.4	33.3	4	-1	0.15291	86.8757
0.0232333	9.4	33.2998	1	-1	0.15292	86.8814
0.0232768	9.4	33.2922	2	-1	0.15296	86.8252
0.023277	9.4	33.2871	3	-1	0.15295	86.8195
0.0233205	9.4	33.288	4	-1	0.15298	86.8366
0.0233205	9.4	33.2878	1	-1	0.15299	86.8423
0.0233641	9.4	33.2798	2	-1	0.15303	86.7861
0.0233642	9.4	33.275	3	-1	0.15302	86.7805
0.0234079	9.4	33.2753	4	-1	0.15304	86.7918
0.0234079	9.4	33.2751	1	-1	0.15305	86.7975
0.0234515	9.4	33.2676	2	-1	0.15309	86.7513
0.0234516	9.4	33.263	3	-1	0.15308	86.7456
0.0234952	9.4	33.2629	4	-1	0.15311	86.7626
0.0234952	9.4	33.2627	1	-1	0.15312	86.7683
0.0235389	9.4	33.2551	2	-1	0.15316	86.7123
0.023539	9.4	33.2507	3	-1	0.15315	86.7067
0.0235827	9.4	33.2505	4	-1	0.15318	86.7237
0.0235827	9.4	33.2503	1	-1	0.15319	86.7293
0.0236264	9.4	33.2425	2	-1	0.15323	86.6735
0.0236265	9.4	33.2383	3	-1	0.15322	86.6678
0.0236703	9.4	33.2384	4	-1	0.15325	86.6848
0.0236703	9.4	33.2382	1	-1	0.15326	86.6904
0.023714	9.4	33.2303	2	-1	0.15329	86.629
0.0237141	9.4	33.2263	3	-1	0.15328	86.6233
0.0237579	9.4	33.2255	4	-1	0.15331	86.6403
0.0237579	9.4	33.2253	1	-1	0.15332	86.6459
0.0238017	9.4	33.2184	2	-1	0.15336	86.6
0.0238017	9.4	33.2146	3	-1	0.15335	86.5944
0.0238456	9.4	33.2129	4	-1	0.15337	86.6057
0.0238456	9.4	33.2127	1	-1	0.15338	86.6113
0.0238894	9.4	33.2058	2	-1	0.15343	86.5662
0.0238895	9.4	33.2022	3	-1	0.15342	86.5606
0.0239333	9.4	33.201	4	-1	0.15345	86.5775
0.0239333	9.4	33.2008	1	-1	0.15346	86.5832
0.0239772	9.4	33.1931	2	-1	0.1535	86.5227
0.0239773	9.4	33.1899	3	-1	0.15348	86.5115
0.0240212	9.4	33.189	1	-1	0.15352	86.534
0.0240212	9.4	33.189	4	-1	0.15352	86.534
0.0240651	9.4	33.1814	2	-1	0.15357	86.4891
0.0240652	9.4	33.1788	3	-1	0.15354	86.4722
0.0241091	9.4	33.1763	4	-1	0.15358	86.4947
0.0241091	9.4	33.1761	1	-1	0.15359	86.5003
0.0241531	9.4	33.1691	2	-1	0.15363	86.445
0.0241531	9.4	33.1667	3	-1	0.15362	86.4393
0.0241971	9.4	33.1636	4	-1	0.15365	86.4562
0.0241971	9.4	33.1634	1	-1	0.15366	86.4619
0.0242411	9.4	33.1571	2	-1	0.15369	86.4058
0.0242412	9.4	33.1547	3	-1	0.15369	86.4058
0.0242852	9.4	33.1512	4	-1	0.15371	86.417
0.0242852	9.4	33.151	1	-1	0.15372	86.4227
0.0243292	9.4	33.1444	2	-1	0.15376	86.3723
0.0243293	9.4	33.1422	3	-1	0.15375	86.3667
0.0243733	9.4	33.1389	4	-1	0.15378	86.3836
0.0243734	9.4	33.1387	1	-1	0.15379	86.3892
0.0244174	9.4	33.1318	2	-1	0.15383	86.334
0.0244175	9.4	33.1298	3	-1	0.15382	86.3284
0.0244616	9.4	33.127	4	-1	0.15385	86.3453
0.0244616	9.4	33.1268	1	-1	0.15386	86.3509
0.0245057	9.4	33.1198	2	-1	0.1539	86.2958
0.0245057	9.4	33.1183	3	-1	0.15388	86.2846
0.0245499	9.4	33.1144	4	-1	0.15392	86.3071
0.0245499	9.4	33.1142	1	-1	0.15393	86.3127
0.0245941	9.4	33.1079	2	-1	0.15396	86.2521
0.0245941	9.4	33.1065	3	-1	0.15395	86.2465
0.0246383	9.4	33.1015	4	-1	0.15398	86.2633
0.0246383	9.4	33.1013	1	-1	0.15399	86.2689
0.0246825	9.4	33.0954	2	-1	0.15402	86.2133
0.0246825	9.4	33.0939	3	-1	0.15403	86.2189
0.0247267	9.4	33.0888	4	-1	0.15404	86.2245
0.0247267	9.4	33.0886	1	-1	0.15405	86.2301
0.024771	9.4	33.083	2	-1	0.15409	86.1849
0.024771	9.4	33.0813	3	-1	0.1541	86.1905
0.0248153	9.4	33.077	4	-1	0.15411	86.1961
0.0248153	9.4	33.0768	1	-1	0.15412	86.2017
0.0248596	9.4	33.0704	2	-1	0.15417	86.1526
0.0248596	9.4	33.0688	3	-1	0.15416	86.147
0.0249039	9.4	33.0654	1	-1	0.15419	86.1637
0.0249039	9.4	33.0654	4	-1	0.15419	86.1637
0.0249482	9.4	33.0581	2	-1	0.15424	86.1147
0.0249482	9.4	33.0571	3	-1	0.15421	86.0979
0.0249926	9.4	33.0533	1	-1	0.15426	86.1258
0.0249926	9.4	33.0533	4	-1	0.15426	86.1258
0.025037	9.4	33.0462	2	-1	0.15431	86.0769
0.025037	9.4	33.0458	3	-1	0.15428	86.0601
0.0250814	9.4	33.0413	1	-1	0.15433	86.088
0.0250814	9.4	33.0413	4	-1	0.15433	86.088
0.0251258	9.4	33.0347	2	-1	0.15437	86.0336
0.0251258	9.4	33.0347	3	-1	0.15435	86.0224
0.0251702	9.4	33.0287	4	-1	0.15439	86.0447
0.0251702	9.4	33.0285	1	-1	0.1544	86.0503
0.0252147	9.4	33.0225	3	-1	0.15442	85.9847
0.0252147	9.4	33.0223	2	-1	0.15443	85.9903
0.0252591	9.4	33.0156	4	-1	0.15445	86.0014
0.0252591	9.4	33.0154	1	-1	0.15446	86.007
0.0253036	9.4	33.0099	2	-1	0.15449	85.9519
0.0253036	9.4	33.0097	3	-1	0.1545	85.9575
0.0253481	9.4	33.0033	4	-1	0.15452	85.9686
0.0253481	9.4	33.0031	1	-1	0.15453	85.9742
0.0253927	9.4	32.9974	2	-1	0.15456	85.9144
0.0253927	9.4	32.9972	3	-1	0.15456	85.9144
0.0254372	9.4	32.991	4	-1	0.15459	85.9311
0.0254372	9.4	32.9908	1	-1	0.1546	85.9366
0.0254818	9.4	32.9856	2	-1	0.15463	85.8817
0.0254818	9.4	32.9854	3	-1	0.15463	85.8817
0.0255264	9.4	32.9788	4	-1	0.15465	85.8928
0.0255264	9.4	32.9787	1	-1	0.15466	85.8984
0.025571	9.4	32.9734	2	-1	0.1547	85.8491
0.025571	9.4	32.9732	3	-1	0.1547	85.8491
0.0256156	9.4	32.967	4	-1	0.15472	85.8602
0.0256156	9.4	32.9668	1	-1	0.15473	85.8657
0.0256603	9.4	32.9609	2	-1	0.15477	85.8117
0.0256603	9.4	32.9609	3	-1	0.15476	85.8062
0.0257049	9.4	32.955	4	-1	0.15479	85.8228
0.0257049	9.4	32.9548	1	-1	0.1548	85.8283
0.0257496	9.4	32.9483	3	-1	0.15482	85.7634
0.0257496	9.4	32.9482	2	-1	0.15483	85.7689
0.0257943	9.4	32.9425	4	-1	0.15486	85.7855
0.0257943	9.4	32.9423	1	-1	0.15487	85.791
0.025839	9.4	32.9361	3	-1	0.15489	85.7261
0.0258391	9.4	32.9359	2	-1	0.1549	85.7317
0.0258838	9.4	32.93	4	-1	0.15493	85.7483
0.0258838	9.4	32.9298	1	-1	0.15494	85.7538
0.0259286	9.4	32.924	3	-1	0.15496	85.689
0.0259286	9.4	32.9238	2	-1	0.15497	85.6945
0.0259733	9.4	32.9175	4	-1	0.15499	85.7056
0.0259733	9.4	32.9173	1	-1	0.155	85.7111
0.0260181	9.4	32.9116	3	-1	0.15503	85.6567
0.0260182	9.4	32.9114	2	-1	0.15504	85.6622
0.026063	9.4	32.9055	4	-1	0.15506	85.6732
0.026063	9.4	32.9053	1	-1	0.15507	85.6788
0.0261078	9.4	32.8989	3	-1	0.15509	85.6141
0.0261078	9.4	32.8987	2	-1	0.1551	85.6197
0.0261527	9.4	32.8936	1	-1	0.15514	85.6417
0.0261527	9.4	32.8936	4	-1	0.15514	85.6417
0.0261975	9.4	32.8868	3	-1	0.15515	85.5717
0.0261976	9.4	32.8866	2	-1	0.15516	85.5772
0.0262425	9.4	32.8811	1	-1	0.1552	85.5992
0.0262425	9.4	32.8811	4	-1	0.1552	85.5992
0.0262874	9.4	32.875	3	-1	0.15523	85.545
0.0262874	9.4	32.8748	2	-1	0.15524	85.5505
0.0263323	9.4	32.8688	4	-1	0.15526	85.5616
0.0263323	9.4	32.8686	1	-1	0.15527	85.5671
0.0263773	9.4	32.8627	3	-1	0.1553	85.5082
0.0263773	9.4	32.8625	2	-1	0.15531	85.5137
0.0264222	9.4	32.8569	4	-1	0.15533	85.5247
0.0264222	9.4	32.8567	1	-1	0.15534	85.5302
0.0264673	9.4	32.85	3	-1	0.15536	85.4659
0.0264673	9.4	32.8498	2	-1	0.15537	85.4714
0.0265123	9.4	32.8449	1	-1	0.1554	85.488
0.0265123	9.4	32.8447	4	-1	0.15541	85.4935
0.0265573	9.4	32.8378	3	-1	0.15542	85.4285
0.0265573	9.4	32.8376	2	-1	0.15543	85.434
0.0266023	9.4	32.8325	1	-1	0.15547	85.4559
0.0266024	9.4	32.8322	4	-1	0.15548	85.4614
0.0266474	9.4	32.8261	3	-1	0.15549	85.3918
0.0266474	9.4	32.8259	2	-1	0.1555	85.3973
0.0266925	9.4	32.8201	1	-1	0.15554	85.4193
0.0266925	9.4	32.8198	4	-1	0.15554	85.4193
0.0267376	9.4	32.8143	3	-1	0.15556	85.3553
0.0267376	9.4	32.8141	2	-1	0.15557	85.3608
0.0267828	9.4	32.8081	1	-1	0.15561	85.3827
0.0267828	9.4	32.8079	4	-1	0.1556	85.3772
0.0268279	9.4	32.8021	3	-1	0.15563	85.3188
0.0268279	9.4	32.8019	2	-1	0.15564	85.3243
0.0268731	9.4	32.7963	1	-1	0.15567	85.3407
0.0268731	9.4	32.7961	4	-1	0.15567	85.3407
0.0269183	9.4	32.7896	3	-1	0.15569	85.2816
0.0269183	9.4	32.7894	2	-1	0.1557	85.287
0.0269635	9.4	32.7844	1	-1	0.15574	85.3089
0.0269635	9.4	32.7842	4	-1	0.15574	85.3089
0.0270087	9.4	32.7773	3	-1	0.15575	85.2397
0.0270087	9.4	32.7771	2	-1	0.15576	85.2452
0.027054	9.4	32.7721	1	-1	0.15581	85.2725
0.027054	9.4	32.7719	4	-1	0.15581	85.2725
0.0270992	9.4	32.7659	3	-1	0.15583	85.2089
0.0270993	9.4	32.7657	2	-1	0.15584	85.2143
0.0271445	9.4	32.7599	1	-1	0.15588	85.2362
0.0271445	9.4	32.7599	4	-1	0.15587	85.2308
0.0271898	9.4	32.7541	3	-1	0.1559	85.1726
0.0271899	9.4	32.754	2	-1	0.15591	85.1781
0.0272352	9.4	32.748	4	-1	0.15593	85.189
0.0272352	9.4	32.7478	1	-1	0.15594	85.1945
0.0272805	9.4	32.7414	3	-1	0.15596	85.1357
0.0272805	9.4	32.7413	2	-1	0.15597	85.1411
0.0273259	9.4	32.7363	1	-1	0.15601	85.1629
0.0273259	9.4	32.7363	4	-1	0.15601	85.1629
0.0273713	9.4	32.7293	3	-1	0.15602	85.0941
0.0273713	9.4	32.7291	2	-1	0.15603	85.0995
0.0274167	9.4	32.7241	1	-1	0.15607	85.1214
0.0274167	9.4	32.7239	4	-1	0.15608	85.1268
0.0274621	9.4	32.7172	3	-1	0.15609	85.058
0.0274621	9.4	32.717	2	-1	0.1561	85.0635
0.0275075	9.4	32.7114	1	-1	0.15615	85.0907
0.0275075	9.4	32.7114	4	-1	0.15614	85.0853
0.027553	9.4	32.7058	3	-1	0.15617	85.0229
0.027553	9.4	32.7057	2	-1	0.15618	85.0283
0.0275985	9.4	32.699	4	-1	0.1562	85.0392
0.0275985	9.4	32.6988	1	-1	0.15621	85.0446
0.027644	9.4	32.6938	3	-1	0.15624	84.9916
0.027644	9.4	32.6936	2	-1	0.15625	84.997
0.0276895	9.4	32.6871	4	-1	0.15626	85.0024
0.0276895	9.4	32.6869	1	-1	0.15627	85.0079
0.0277351	9.4	32.6812	3	-1	0.15631	84.9603
0.0277351	9.4	32.681	2	-1	0.15632	84.9658
0.0277806	9.4	32.6759	4	-1	0.15634	84.9766
0.0277806	9.4	32.6757	1	-1	0.15635	84.9821
0.0278262	9.4	32.6687	3	-1	0.15636	84.909
0.0278262	9.4	32.6685	2	-1	0.15637	84.9145
0.0278718	9.4	32.6639	1	-1	0.15641	84.9362
0.0278718	9.4	32.6637	4	-1	0.15642	84.9416
0.0279174	9.4	32.6576	3	-1	0.15643	84.8779
0.0279174	9.4	32.6574	2	-1	0.15644	84.8833
0.0279631	9.4	32.6509	4	-1	0.15647	84.8996
0.0279631	9.4	32.6508	1	-1	0.15649	84.9105
0.0280087	9.4	32.6461	3	-1	0.15651	84.8431
0.0280087	9.4	32.6459	2	-1	0.15652	84.8485
0.0280544	9.4	32.6386	4	-1	0.15653	84.8539
0.0280544	9.4	32.6384	1	-1	0.15654	84.8593
0.0281001	9.4	32.6336	2	-1	0.15658	84.8166
0.0281001	9.4	32.6336	3	-1	0.15658	84.8166
0.0281458	9.4	32.6276	4	-1	0.1566	84.8275
0.0281458	9.4	32.6274	1	-1	0.15661	84.8329
0.0281916	9.4	32.6209	3	-1	0.15664	84.7757
0.0281916	9.4	32.6207	2	-1	0.15665	84.7811
0.0282373	9.4	32.6164	1	-1	0.15668	84.7973
0.0282373	9.4	32.6162	4	-1	0.15669	84.8027
0.0282831	9.4	32.6084	3	-1	0.15669	84.7248
0.0282831	9.4	32.6082	2	-1	0.1567	84.7302
0.0283289	9.4	32.6037	1	-1	0.15675	84.7572
0.0283289	9.4	32.6033	4	-1	0.15676	84.7626
0.0283747	9.4	32.5977	3	-1	0.15677	84.6948
0.0283747	9.4	32.5975	2	-1	0.15678	84.7002
0.0284206	9.4	32.5907	4	-1	0.1568	84.711
0.0284206	9.4	32.5906	1	-1	0.15683	84.7272
0.0284664	9.4	32.5866	2	-1	0.15684	84.6548
0.0284664	9.4	32.5862	3	-1	0.15686	84.6656
0.0285123	9.4	32.578	4	-1	0.15686	84.6656
0.0285123	9.4	32.5779	1	-1	0.15687	84.671
0.0285582	9.4	32.5737	2	-1	0.15691	84.6332
0.0285582	9.4	32.573	3	-1	0.15693	84.644
0.0286041	9.4	32.5672	4	-1	0.15693	84.644
0.0286041	9.4	32.567	1	-1	0.15694	84.6494
0.0286501	9.4	32.5607	2	-1	0.157	84.6088
0.0286501	9.4	32.5603	3	-1	0.15698	84.598
0.028696	9.4	32.5568	1	-1	0.15701	84.6141
0.028696	9.4	32.5567	4	-1	0.15702	84.6195
0.028742	9.4	32.5479	3	-1	0.15702	84.5421
0.028742	9.4	32.5477	2	-1	0.15705	84.5582
0.028788	9.4	32.5443	1	-1	0.15708	84.5744
0.028788	9.4	32.5437	4	-1	0.1571	84.5852
0.028834	9.4	32.537	3	-1	0.1571	84.5123
0.028834	9.4	32.5368	2	-1	0.15711	84.5177
0.02888	9.4	32.5312	1	-1	0.15717	84.55
0.02888	9.4	32.531	4	-1	0.15715	84.5392
0.0289261	9.4	32.5272	2	-1	0.15719	84.479
0.0289261	9.4	32.5272	3	-1	0.15719	84.479
0.0289721	9.4	32.5181	4	-1	0.15719	84.479
0.0289722	9.4	32.5179	1	-1	0.15721	84.4897
0.0290182	9.4	32.5145	2	-1	0.15725	84.4522
0.0290183	9.4	32.5142	3	-1	0.15727	84.4629
0.0290644	9.4	32.5075	4	-1	0.15727	84.4629
0.0290644	9.4	32.5073	1	-1	0.15728	84.4683
0.0291105	9.4	32.5013	2	-1	0.15734	84.428
0.0291105	9.4	32.5013	3	-1	0.15732	84.4173
0.0291566	9.4	32.4976	1	-1	0.15735	84.4334
0.0291566	9.4	32.4975	4	-1	0.15736	84.4387
0.0292028	9.4	32.4877	3	-1	0.15735	84.3564
0.0292028	9.4	32.4876	2	-1	0.15736	84.3618
0.029249	9.4	32.4845	1	-1	0.15741	84.3886
0.029249	9.4	32.4837	4	-1	0.15745	84.41
0.0292952	9.4	32.4775	3	-1	0.15743	84.3315
0.0292952	9.4	32.4774	2	-1	0.15744	84.3368
0.0293415	9.4	32.4708	1	-1	0.15751	84.3743
0.0293415	9.4	32.4703	4	-1	0.15749	84.3636
0.0293877	9.4	32.4683	2	-1	0.15751	84.2885
0.0293877	9.4	32.4678	3	-1	0.15754	84.3046
0.029434	9.4	32.4576	4	-1	0.15751	84.2885
0.029434	9.4	32.4574	1	-1	0.15755	84.3099
0.0294802	9.4	32.4552	2	-1	0.15757	84.262
0.0294803	9.4	32.4537	3	-1	0.15763	84.2941
0.0295266	9.4	32.4475	4	-1	0.15759	84.2727
0.0295266	9.4	32.4473	1	-1	0.1576	84.2781
0.0295729	9.4	32.4405	2	-1	0.15768	84.2533
0.0295729	9.4	32.4393	3	-1	0.15766	84.2426
0.0296192	9.4	32.4385	1	-1	0.15768	84.2533
0.0296193	9.4	32.4381	4	-1	0.1577	84.264
0.0296656	9.4	32.428	3	-1	0.15768	84.1768
0.0296656	9.4	32.4279	2	-1	0.15776	84.2195
0.029712	9.4	32.4258	1	-1	0.15773	84.2035
0.029712	9.4	32.4243	4	-1	0.1578	84.2409
0.0297584	9.4	32.4166	3	-1	0.15775	84.1513
0.0297584	9.4	32.4164	2	-1	0.15776	84.1566
0.0298048	9.4	32.4115	1	-1	0.15783	84.194
0.0298049	9.4	32.4096	4	-1	0.15785	84.2046
0.0298513	9.4	32.4079	3	-1	0.15785	84.1194
0.0298513	9.4	32.4078	2	-1	0.15786	84.1247
0.0298978	9.4	32.3988	1	-1	0.15794	84.1673
0.0298978	9.4	32.3982	4	-1	0.15787	84.13
0.0299443	9.4	32.397	2	-1	0.15791	84.0573
0.0299443	9.4	32.3964	3	-1	0.15795	84.0786
0.0299908	9.4	32.3873	4	-1	0.15792	84.0626
0.0299908	9.4	32.3872	1	-1	0.15797	84.0892
0.0300373	9.4	32.3837	2	-1	0.15798	84.0409
0.0300373	9.4	32.3823	3	-1	0.15802	84.0621
0.0300838	9.4	32.3767	4	-1	0.158	84.0515
0.0300839	9.4	32.3766	1	-1	0.15801	84.0568
0.0301304	9.4	32.37	2	-1	0.15809	84.0413
0.0301304	9.4	32.3692	3	-1	0.15806	84.0253
0.030177	9.4	32.3674	1	-1	0.15809	84.0413
0.030177	9.4	32.367	4	-1	0.15811	84.0519
0.0302236	9.4	32.3573	3	-1	0.15809	83.9609
0.0302236	9.4	32.3571	2	-1	0.15815	83.9928
0.0302702	9.4	32.3549	1	-1	0.15815	83.9928
0.0302703	9.4	32.3538	4	-1	0.1582	84.0193
0.0303169	9.4	32.3466	3	-1	0.15816	83.9312
0.0303169	9.4	32.3464	2	-1	0.15817	83.9365
0.0303636	9.4	32.3404	1	-1	0.15825	83.979
0.0303636	9.4	32.3394	4	-1	0.15824	83.9737
0.0304103	9.4	32.3378	2	-1	0.15826	83.8997
0.0304103	9.4	32.3377	3	-1	0.15827	83.905
0.030457	9.4	32.3276	4	-1	0.15826	83.8997
0.030457	9.4	32.3274	1	-1	0.15833	83.9368
0.0305037	9.4	32.3259	2	-1	0.15831	83.8462
0.0305037	9.4	32.3247	3	-1	0.15837	83.878
0.0305504	9.4	32.3158	4	-1	0.15832	83.8515
0.0305504	9.4	32.3157	1	-1	0.15833	83.8568
0.0305972	9.4	32.3115	2	-1	0.1584	83.8539
0.0305972	9.4	32.3098	3	-1	0.15843	83.8698
0.030644	9.4	32.3072	4	-1	0.15842	83.8645
0.030644	9.4	32.3071	1	-1	0.15843	83.8698
0.0306908	9.4	32.298	2	-1	0.15852	83.8331
0.0306908	9.4	32.2977	3	-1	0.15844	83.7908
0.0307376	9.4	32.2973	1	-1	0.15847	83.8067
0.0307376	9.4	32.2961	4	-1	0.15854	83.8437
0.0307845	9.4	32.2852	3	-1	0.15848	83.7499
0.0307845	9.4	32.2851	2	-1	0.15851	83.7658
0.0308313	9.4	32.2828	1	-1	0.15855	83.7869
0.0308314	9.4	32.2806	4	-1	0.15862	83.8239
0.0308782	9.4	32.277	3	-1	0.15857	83.7223
0.0308782	9.4	32.2768	2	-1	0.15858	83.7276
0.0309251	9.4	32.2676	1	-1	0.15868	83.7804
0.0309252	9.4	32.2663	4	-1	0.15862	83.7487
0.030972	9.4	32.2681	2	-1	0.15864	83.6576
0.0309721	9.4	32.2669	3	-1	0.15871	83.6946
0.031019	9.4	32.2547	4	-1	0.15863	83.6524
0.031019	9.4	32.2546	1	-1	0.15872	83.6998
0.0310659	9.4	32.2544	2	-1	0.1587	83.632
0.031066	9.4	32.2515	3	-1	0.15881	83.6899
0.031113	9.4	32.2453	4	-1	0.15872	83.6425
0.031113	9.4	32.2451	1	-1	0.15873	83.6478
0.03116	9.4	32.2381	2	-1	0.15883	83.6564
0.03116	9.4	32.2353	3	-1	0.15882	83.6511
0.031207	9.4	32.239	1	-1	0.15882	83.6511
0.031207	9.4	32.2384	4	-1	0.15886	83.6722
0.0312541	9.4	32.2253	2	-1	0.15897	83.6464
0.0312541	9.4	32.2253	3	-1	0.1588	83.557
0.0313011	9.4	32.2275	1	-1	0.15885	83.5833
0.0313012	9.4	32.2246	4	-1	0.15899	83.6569
0.0313482	9.4	32.2138	3	-1	0.15885	83.5305
0.0313482	9.4	32.2137	2	-1	0.15886	83.5358
0.0313953	9.4	32.2096	1	-1	0.15897	83.5936
0.0313954	9.4	32.2058	4	-1	0.15903	83.6252
0.0314424	9.4	32.2091	3	-1	0.159	83.5128
0.0314424	9.4	32.2089	2	-1	0.15901	83.518
0.0314896	9.4	32.1942	1	-1	0.15914	83.5863
0.0314896	9.4	32.1929	4	-1	0.15898	83.5023
0.0315367	9.4	32.1997	2	-1	0.15899	83.3937
0.0315368	9.4	32.1968	3	-1	0.15917	83.4881
0.0315839	9.4	32.1818	4	-1	0.15899	83.3937
0.0315839	9.4	32.1816	1	-1	0.15908	83.4409
0.0316311	9.4	32.182	2	-1	0.1591	83.4382
0.0316312	9.4	32.1769	3	-1	0.15924	83.5116
0.0316784	9.4	32.1774	4	-1	0.15913	83.454
0.0316784	9.4	32.1773	1	-1	0.15914	83.4592
0.0317256	9.4	32.1637	2	-1	0.15929	83.4678
0.0317257	9.4	32.1603	3	-1	0.15919	83.4154
0.0317728	9.4	32.1712	1	-1	0.15917	83.4049
0.0317729	9.4	32.1687	4	-1	0.15933	83.4888
0.0318202	9.4	32.1513	2	-1	0.15937	83.4573
0.0318674	9.4	32.1559	1	-1	0.15921	83.3735
0.0318676	9.4	32.1496	4	-1	0.15945	83.4992
0.0319148	9.4	32.1428	2	-1	0.15924	83.3281
0.0319621	9.4	32.1344	1	-1	0.1594	83.4118
0.0319623	9.4	32.1276	4	-1	0.15943	83.4275
0.0320095	9.4	32.1416	2	-1	0.15938	83.2793
0.0320095	9.4	32.1405	3	-1	0.15945	83.3159
0.0320569	9.4	32.1198	1	-1	0.15961	83.3995
0.032057	9.4	32.1175	4	-1	0.15933	83.2532
0.0321042	9.4	32.1307	2	-1	0.15935	83.129
0.0321044	9.4	32.1252	3	-1	0.15963	83.2751
0.0321517	9.4	32.1096	1	-1	0.1595	83.2073
0.0321991	9.4	32.1092	2	-1	0.15949	83.2107
0.0321993	9.4	32.1008	3	-1	0.15968	83.3099
0.0322466	9.4	32.109	4	-1	0.15953	83.2316
0.0322466	9.4	32.1088	1	-1	0.15954	83.2368
0.0322941	9.4	32.0889	2	-1	0.15974	83.2803
0.0322943	9.4	32.0833	3	-1	0.15956	83.1865
0.0323416	9.4	32.1031	1	-1	0.15952	83.1656
0.0323417	9.4	32.099	4	-1	0.15978	83.3012
0.0324366	9.4	32.0862	1	-1	0.15958	83.1666
0.0324843	9.4	32.0713	2	-1	0.15961	83.1129
0.0325318	9.4	32.0615	1	-1	0.15981	83.217
0.0325321	9.4	32.0518	4	-1	0.15986	83.2431
0.0325795	9.4	32.0721	3	-1	0.15986	83.1046
0.0326271	9.4	32.0455	1	-1	0.16007	83.2138
0.0327224	9.4	32.0368	1	-1	0.15996	83.0012
0.0327699	9.4	32.039	2	-1	0.15985	82.9528
0.0327703	9.4	32.0272	3	-1	0.16013	83.0981
0.0328178	9.4	32.0382	4	-1	0.1599	82.9787
0.0328178	9.4	32.038	1	-1	0.15991	82.9839
0.0328655	9.4	32.0152	2	-1	0.16016	83.0921
0.0328657	9.4	32.0063	3	-1	0.15998	82.9987
0.0329132	9.4	32.0358	1	-1	0.1599	82.9572
0.0329611	9.4	32.005	2	-1	0.16036	83.1613
0.0330087	9.4	32.0192	1	-1	0.15992	82.9332
0.0330566	9.4	31.9987	2	-1	0.16001	82.9282
0.0331043	9.4	31.9901	1	-1	0.16018	83.0163
0.0331048	9.4	31.9766	4	-1	0.16031	83.0837
0.0331523	9.4	32.0043	3	-1	0.16025	82.8979
0.0332002	9.4	31.97	1	-1	0.16052	83.0376
0.0333437	9.4	31.9701	2	-1	0.16019	82.6702
0.0333919	9.4	31.9664	1	-1	0.16026	82.7063
0.0334401	9.4	31.9276	3	-1	0.1604	82.8213
0.0334877	9.4	31.9701	1	-1	0.16025	82.7438
0.0335359	9.4	31.928	2	-1	0.16087	83.0254
0.0335836	9.4	31.953	1	-1	0.16021	82.6848
0.0336319	9.4	31.9226	2	-1	0.16037	82.7417
0.0336797	9.4	31.9166	1	-1	0.16053	82.8243
0.0336804	9.4	31.8966	4	-1	0.16081	82.9687
0.0337281	9.4	31.9385	3	-1	0.16062	82.6958
0.0339688	9.4	31.8933	1	-1	0.16054	82.362
0.0340175	9.4	31.8412	3	-1	0.16086	82.6916
0.0340651	9.4	31.9065	1	-1	0.16058	82.5477
0.0341135	9.4	31.8442	2	-1	0.16143	82.9249
0.0341614	9.4	31.8904	1	-1	0.1604	82.3958
0.0342579	9.4	31.844	1	-1	0.1608	82.6395
0.0343066	9.4	31.8711	2	-1	0.16094	82.4995
0.0344519	9.4	31.8041	1	-1	0.1618	82.6016
0.0344996	9.4	31.8411	2	-1	0.16062	81.8362
0.0345486	9.4	31.8146	1	-1	0.16081	81.9331
0.0345978	9.4	31.7501	3	-1	0.16142	82.6185
0.034742	9.4	31.8331	1	-1	0.16054	82.0589
0.0348881	9.4	31.7945	2	-1	0.16111	82.2871
0.0352287	9.4	31.7757	4	-1	0.16161	82.1439
0.0355207	9.4	31.6603	1	-1	0.162	82.4302
0.0355223	9.4	31.6152	4	-1	0.16197	82.4149
0.035717	9.4	31.66	1	-1	0.16272	82.0327
0.0358149	9.4	31.6946	1	-1	0.16204	81.6487
0.0360104	9.4	31.6662	1	-1	0.1616	81.8145
0.03606	9.4	31.6385	2	-1	0.16271	82.3306
0.0361098	9.4	31.5796	4	-1	0.1625	82.2244
0.0361583	9.4	31.6565	3	-1	0.16236	81.8512
0.0363057	9.4	31.5916	1	-1	0.16303	81.8794
0.0363543	9.4	31.6112	2	-1	0.16209	81.3052
0.0364539	9.4	31.5364	3	-1	0.16248	81.6523
0.0366007	9.4	31.6051	1	-1	0.16204	81.546
0.0367492	9.4	31.591	2	-1	0.16265	81.6352
0.0368975	9.4	31.5149	1	-1	0.16355	81.7546
0.0369463	9.4	31.5572	2	-1	0.16228	80.9498
0.0369962	9.4	31.529	1	-1	0.16256	81.0894
0.0370465	9.4	31.4608	3	-1	0.16314	81.7417
0.0373427	9.4	31.5205	2	-1	0.1627	81.46
0.0375905	9.4	31.423	1	-1	0.16139	79.8328
0.037938	9.4	31.4641	2	-1	0.16134	81.3616
0.0379913	9.4	31.0927	4	-1	0.16362	82.5113
0.0385891	9.4	31.1931	4	-1	0.16411	81.5575
0.0387879	9.4	31.3158	1	-1	0.16497	80.943
0.0390889	9.4	31.3087	1	-1	0.16361	80.7711
0.0391376	9.4	31.1643	2	-1	0.16513	81.4572
0.0392426	9.4	31.1057	3	-1	0.1643	80.749
0.0393917	9.4	31.2558	1	-1	0.16497	80.7924
0.0394927	9.4	31.2807	1	-1	0.1646	80.5323
0.0395935	9.4	31.2785	1	-1	0.16413	80.4086
0.0396943	9.4	31.2477	1	-1	0.16399	80.4859
0.0397442	9.4	31.1175	2	-1	0.16569	81.3362
0.0398983	9.4	31.1292	4	-1	0.16488	80.7562
0.0399497	9.4	31.112	3	-1	0.16494	80.5135
0.0400485	9.4	31.157	2	-1	0.16483	80.2835
0.0400998	9.4	31.1739	1	-1	0.16517	80.4491
0.0402012	9.4	31.1889	1	-1	0.1647	80.228
0.0403025	9.4	31.181	1	-1	0.1643	80.1737
0.0404038	9.4	31.1449	1	-1	0.16444	80.3597
0.0405584	9.4	31.1689	3	-1	0.16518	80.3209
0.04071	9.4	31.0535	1	-1	0.16606	80.4281
0.0407617	9.4	31.1125	2	-1	0.16522	79.8936
0.0408122	9.4	31.0908	1	-1	0.16563	80.0919
0.0410682	9.4	31.0644	2	-1	0.16457	80.0282
0.0414258	9.4	31.067	1	-1	0.16383	78.8516
0.0417837	9.4	31.1644	2	-1	0.16418	80.5357
0.0419358	9.4	30.5797	1	-1	0.1692	80.8293
0.0421453	9.4	30.9631	4	-1	0.16582	78.8418
0.0428665	9.4	30.91	1	-1	0.16588	79.3001
0.0430194	9.4	30.6747	2	-1	0.16765	80.0965
0.0431306	9.4	30.5865	3	-1	0.16708	79.4635
0.043227	9.4	30.7417	2	-1	0.1663	78.875
0.0432827	9.4	30.8474	1	-1	0.16746	79.4252
0.0433873	9.4	30.8581	4	-1	0.16661	79.0483
0.0435944	9.4	30.7933	1	-1	0.16632	79.2491
0.0436455	9.4	30.6101	2	-1	0.16869	80.3515
0.043806	9.4	30.6484	4	-1	0.16737	79.4654
0.0438597	9.4	30.6071	3	-1	0.16755	79.2348
0.0439596	9.4	30.6784	2	-1	0.16752	79.0674
0.0439644	9.4	30.5823	3	-1	0.16774	79.1712
0.0440128	9.4	30.7355	1	-1	0.16761	79.1098
0.0444864	9.4	30.7817	3	-1	0.16762	79.0922
0.0446956	9.4	30.6756	2	-1	0.16745	78.2806
0.0450113	9.4	30.6381	2	-1	0.16543	78.619
0.0460109	9.4	31.0834	4	-1	0.17527	81.8674
0.0469489	9.4	29.1413	3	-1	0.12347	57.1409
0.0489778	9.4	42.1152	2	-1	0.10952	82.5009
0.049069	9.4	34.6676	2	-1	0.13535	78.0745
0.0491705	9.4	31.9006	2	-1	0.15587	78.9535
0.0493513	9.4	32.9743	3	-1	0.09649	44.3428
0.0495512	9.4	31.0943	3	-1	0.089	44.5379
0.0502426	9.4	43.2652	2	-1	0.07397	59.61
0.0503033	9.4	46.4061	2	-1	0.07252	59.2726
