0.00113739	9.75	32.4442	3	-1	0.16827	85.2345
0.00117491	9.75	34.0937	4	-1	0.15492	78.4723
0.00121079	9.75	35.2586	3	-1	0.14715	94.2605
0.00124584	9.75	36.1104	4	-1	0.14211	91.032
0.00128005	9.75	36.7334	3	-1	0.1387	96.7494
0.00131392	9.75	37.1997	1	-1	0.13629	95.0684
0.0013473	9.75	37.5457	3	-1	0.13456	97.7836
0.00138056	9.75	37.8085	4	-1	0.1333	96.868
0.00141349	9.75	38.0028	3	-1	0.13237	98.2775
0.00144643	9.75	38.1514	4	-1	0.13168	97.7652
0.00147912	9.75	38.2606	3	-1	0.13117	98.5278
0.00151189	9.75	38.3445	4	-1	0.13079	98.2423
0.00154446	9.75	38.4041	3	-1	0.13051	98.6396
0.00157715	9.75	38.4496	1	-1	0.13031	98.4884
0.00160965	9.75	38.4806	3	-1	0.13016	98.6883
0.0016423	9.75	38.5047	1	-1	0.13005	98.6049
0.0016423	9.75	38.5047	4	-1	0.13005	98.6049
0.00167477	9.75	38.5202	2	-1	0.12997	98.6864
0.00167479	9.75	38.5183	3	-1	0.12998	98.694
0.00170743	9.75	38.5302	4	-1	0.12992	98.6484
0.00170743	9.75	38.5299	1	-1	0.12993	98.656
0.0017399	9.75	38.5359	2	-1	0.12989	98.6706
0.00173993	9.75	38.5337	3	-1	0.1299	98.6782
0.00177257	9.75	38.5382	1	-1	0.12988	98.663
0.00177257	9.75	38.5382	4	-1	0.12988	98.663
0.00180505	9.75	38.5382	2	-1	0.12987	98.6404
0.00180508	9.75	38.5356	3	-1	0.12988	98.648
0.00183774	9.75	38.5363	1	-1	0.12988	98.648
0.00183774	9.75	38.5363	4	-1	0.12988	98.648
0.00187024	9.75	38.5332	2	-1	0.12989	98.6107
0.00187027	9.75	38.5306	3	-1	0.12989	98.6107
0.00190295	9.75	38.5284	4	-1	0.1299	98.6183
0.00190296	9.75	38.528	1	-1	0.12991	98.6259
0.00193548	9.75	38.5227	2	-1	0.12992	98.5586
0.00193552	9.75	38.5197	3	-1	0.12993	98.5662
0.00196822	9.75	38.5168	4	-1	0.12994	98.5738
0.00196823	9.75	38.5164	1	-1	0.12995	98.5814
0.00200078	9.75	38.5103	2	-1	0.12997	98.5218
0.00200082	9.75	38.5073	3	-1	0.12997	98.5218
0.00203355	9.75	38.5031	4	-1	0.12999	98.537
0.00203356	9.75	38.5028	1	-1	0.13	98.5446
0.00206613	9.75	38.4957	2	-1	0.13002	98.4702
0.00206618	9.75	38.4924	3	-1	0.13003	98.4777
0.00209894	9.75	38.4884	1	-1	0.13005	98.4929
0.00209894	9.75	38.4884	4	-1	0.13005	98.4929
0.00213155	9.75	38.4812	2	-1	0.13008	98.4336
0.00213159	9.75	38.4779	3	-1	0.13008	98.4336
0.00216438	9.75	38.4732	1	-1	0.13011	98.4563
0.00216438	9.75	38.4732	4	-1	0.13011	98.4563
0.00219702	9.75	38.4655	2	-1	0.13014	98.3822
0.00219707	9.75	38.4622	3	-1	0.13014	98.3822
0.00222989	9.75	38.4577	1	-1	0.13017	98.4049
0.00222989	9.75	38.4577	4	-1	0.13017	98.4049
0.00226256	9.75	38.4494	2	-1	0.1302	98.3309
0.00226261	9.75	38.4461	3	-1	0.1302	98.3309
0.00229546	9.75	38.4413	4	-1	0.13023	98.3536
0.00229547	9.75	38.4409	1	-1	0.13024	98.3612
0.00232816	9.75	38.4331	2	-1	0.13026	98.2798
0.00232821	9.75	38.4294	3	-1	0.13027	98.2873
0.0023611	9.75	38.4253	4	-1	0.13029	98.3024
0.00236111	9.75	38.4249	1	-1	0.1303	98.3099
0.00239383	9.75	38.4167	2	-1	0.13032	98.2287
0.00239388	9.75	38.4127	3	-1	0.13033	98.2362
0.00242681	9.75	38.4087	1	-1	0.13036	98.2588
0.00242681	9.75	38.4087	4	-1	0.13036	98.2588
0.00245956	9.75	38.4008	2	-1	0.13039	98.1926
0.00245961	9.75	38.3968	3	-1	0.13039	98.1926
0.00249257	9.75	38.3924	4	-1	0.13042	98.2152
0.00249257	9.75	38.392	1	-1	0.13043	98.2228
0.00252535	9.75	38.384	2	-1	0.13045	98.1344
0.00252541	9.75	38.3796	3	-1	0.13046	98.1419
0.0025584	9.75	38.376	4	-1	0.13048	98.1569
0.0025584	9.75	38.3757	1	-1	0.13049	98.1644
0.00259121	9.75	38.368	2	-1	0.13051	98.0909
0.00259127	9.75	38.3633	3	-1	0.13052	98.0985
0.00262429	9.75	38.3597	1	-1	0.13055	98.121
0.00262429	9.75	38.3597	4	-1	0.13055	98.121
0.00265713	9.75	38.3517	2	-1	0.13058	98.0478
0.0026572	9.75	38.347	3	-1	0.13058	98.0478
0.00269025	9.75	38.3438	4	-1	0.13061	98.0703
0.00269025	9.75	38.3434	1	-1	0.13062	98.0778
0.00272311	9.75	38.3352	2	-1	0.13064	97.9898
0.00272318	9.75	38.3301	3	-1	0.13065	97.9973
0.00275627	9.75	38.3271	4	-1	0.13067	98.0123
0.00275627	9.75	38.3267	1	-1	0.13068	98.0198
0.00278916	9.75	38.319	2	-1	0.1307	97.9466
0.00278924	9.75	38.3135	3	-1	0.13071	97.9541
0.00282236	9.75	38.3106	1	-1	0.13074	97.9766
0.00282236	9.75	38.3106	4	-1	0.13074	97.9766
0.00285528	9.75	38.3026	2	-1	0.13077	97.9037
0.00285536	9.75	38.2968	3	-1	0.13078	97.9112
0.0028885	9.75	38.2947	4	-1	0.1308	97.9262
0.00288851	9.75	38.2943	1	-1	0.13081	97.9337
0.00292146	9.75	38.2866	2	-1	0.13083	97.8534
0.00292154	9.75	38.2805	3	-1	0.13084	97.8609
0.00295472	9.75	38.2784	4	-1	0.13086	97.8758
0.00295472	9.75	38.2781	1	-1	0.13087	97.8833
0.0029877	9.75	38.2702	2	-1	0.13089	97.8032
0.00298779	9.75	38.2637	3	-1	0.1309	97.8107
0.00302099	9.75	38.2624	4	-1	0.13092	97.8256
0.003021	9.75	38.262	1	-1	0.13093	97.8331
0.003054	9.75	38.2539	2	-1	0.13096	97.7605
0.0030541	9.75	38.247	3	-1	0.13097	97.768
0.00308734	9.75	38.2459	4	-1	0.13099	97.7829
0.00308734	9.75	38.2455	1	-1	0.131	97.7904
0.00312037	9.75	38.2378	2	-1	0.13102	97.7105
0.00312047	9.75	38.2306	3	-1	0.13103	97.718
0.00315374	9.75	38.2296	4	-1	0.13105	97.7329
0.00315375	9.75	38.2293	1	-1	0.13106	97.7403
0.00318681	9.75	38.2213	2	-1	0.13108	97.6606
0.00318691	9.75	38.2138	3	-1	0.13109	97.668
0.00322021	9.75	38.2136	4	-1	0.13112	97.6904
0.00322022	9.75	38.2133	1	-1	0.13113	97.6978
0.0032533	9.75	38.2051	2	-1	0.13115	97.6109
0.00325341	9.75	38.1972	3	-1	0.13116	97.6183
0.00328675	9.75	38.1972	4	-1	0.13118	97.6332
0.00328676	9.75	38.1968	1	-1	0.13119	97.6407
0.00331987	9.75	38.1891	2	-1	0.13121	97.5684
0.00331998	9.75	38.1809	3	-1	0.13122	97.5758
0.00335335	9.75	38.181	4	-1	0.13124	97.5907
0.00335335	9.75	38.1806	1	-1	0.13125	97.5982
0.00338649	9.75	38.1727	2	-1	0.13127	97.5188
0.00338662	9.75	38.1638	3	-1	0.13129	97.5336
0.00342002	9.75	38.1651	4	-1	0.13131	97.5485
0.00342002	9.75	38.1647	1	-1	0.13132	97.5559
0.00345319	9.75	38.1565	2	-1	0.13134	97.4694
0.00345331	9.75	38.1473	3	-1	0.13135	97.4768
0.00348675	9.75	38.1487	4	-1	0.13137	97.4917
0.00348675	9.75	38.1484	1	-1	0.13138	97.4991
0.00351994	9.75	38.1406	2	-1	0.1314	97.4272
0.00352007	9.75	38.131	3	-1	0.13141	97.4346
0.00355354	9.75	38.1326	4	-1	0.13143	97.4494
0.00355354	9.75	38.1322	1	-1	0.13144	97.4568
0.00358676	9.75	38.1243	2	-1	0.13146	97.3778
0.0035869	9.75	38.114	3	-1	0.13148	97.3926
0.0036204	9.75	38.1168	4	-1	0.1315	97.4074
0.0036204	9.75	38.1164	1	-1	0.13151	97.4148
0.00365365	9.75	38.1082	2	-1	0.13153	97.3287
0.00365379	9.75	38.0976	3	-1	0.13154	97.3361
0.00368732	9.75	38.1005	4	-1	0.13156	97.3509
0.00368733	9.75	38.1002	1	-1	0.13157	97.3583
0.00372059	9.75	38.0924	2	-1	0.13159	97.2867
0.00372075	9.75	38.0815	3	-1	0.1316	97.2941
0.0037543	9.75	38.0845	4	-1	0.13162	97.3089
0.00375431	9.75	38.0841	1	-1	0.13163	97.3163
0.00378761	9.75	38.0762	2	-1	0.13165	97.2376
0.00378777	9.75	38.0645	3	-1	0.13167	97.2524
0.00382135	9.75	38.0687	4	-1	0.13168	97.2598
0.00382136	9.75	38.0684	1	-1	0.13169	97.2672
0.00385468	9.75	38.0602	2	-1	0.13172	97.196
0.00385485	9.75	38.0482	3	-1	0.13173	97.2034
0.00388847	9.75	38.0526	4	-1	0.13175	97.2181
0.00388847	9.75	38.0522	1	-1	0.13176	97.2255
0.00392183	9.75	38.0439	2	-1	0.13178	97.1399
0.003922	9.75	38.0316	3	-1	0.13179	97.1473
0.00395565	9.75	38.0362	4	-1	0.13181	97.162
0.00395565	9.75	38.0358	1	-1	0.13182	97.1694
0.00398903	9.75	38.028	2	-1	0.13184	97.0982
0.00398922	9.75	38.015	3	-1	0.13186	97.113
0.0040229	9.75	38.0202	4	-1	0.13188	97.1277
0.0040229	9.75	38.0198	1	-1	0.13189	97.1351
0.00405631	9.75	38.0118	2	-1	0.13191	97.0497
0.0040565	9.75	37.9985	3	-1	0.13192	97.0571
0.00409021	9.75	38.0044	4	-1	0.13194	97.0718
0.00409021	9.75	38.0041	1	-1	0.13195	97.0792
0.00412364	9.75	37.9958	2	-1	0.13197	97.0011
0.00412384	9.75	37.9818	3	-1	0.13199	97.0158
0.00415758	9.75	37.9884	4	-1	0.132	97.0232
0.00415759	9.75	37.988	1	-1	0.13201	97.0305
0.00419104	9.75	37.9802	2	-1	0.13203	96.9597
0.00419125	9.75	37.9655	3	-1	0.13205	96.9744
0.00422501	9.75	37.9725	4	-1	0.13206	96.9817
0.00422502	9.75	37.9722	1	-1	0.13207	96.9891
0.00425851	9.75	37.9641	2	-1	0.1321	96.9186
0.00425872	9.75	37.9491	3	-1	0.13211	96.9259
0.00429252	9.75	37.9564	4	-1	0.13213	96.9406
0.00429252	9.75	37.9561	1	-1	0.13214	96.9479
0.00432604	9.75	37.9478	2	-1	0.13216	96.8631
0.00432627	9.75	37.9322	3	-1	0.13218	96.8777
0.00436008	9.75	37.9407	4	-1	0.13219	96.8851
0.00436009	9.75	37.9404	1	-1	0.1322	96.8924
0.00439364	9.75	37.9319	2	-1	0.13222	96.8148
0.00439387	9.75	37.9156	3	-1	0.13224	96.8295
0.00442772	9.75	37.9247	4	-1	0.13226	96.8441
0.00442773	9.75	37.9243	1	-1	0.13227	96.8514
0.0044613	9.75	37.9164	2	-1	0.13229	96.774
0.00446153	9.75	37.8997	3	-1	0.1323	96.7813
0.00449542	9.75	37.9089	4	-1	0.13232	96.7959
0.00449542	9.75	37.9086	1	-1	0.13233	96.8032
0.00452902	9.75	37.9004	2	-1	0.13235	96.7259
0.00452927	9.75	37.8831	3	-1	0.13237	96.7405
0.00456318	9.75	37.8929	4	-1	0.13238	96.7478
0.00456318	9.75	37.8926	1	-1	0.13239	96.7551
0.00459681	9.75	37.8842	2	-1	0.13241	96.6779
0.00459707	9.75	37.8663	3	-1	0.13243	96.6925
0.004631	9.75	37.8773	4	-1	0.13244	96.6998
0.00463101	9.75	37.8769	1	-1	0.13245	96.7071
0.00466467	9.75	37.8684	2	-1	0.13248	96.6372
0.00466493	9.75	37.8502	3	-1	0.13249	96.6445
0.0046989	9.75	37.8614	4	-1	0.13251	96.6591
0.0046989	9.75	37.8611	1	-1	0.13252	96.6664
0.00473259	9.75	37.8524	2	-1	0.13254	96.5824
0.00473286	9.75	37.8335	3	-1	0.13256	96.597
0.00476686	9.75	37.8453	4	-1	0.13257	96.6042
0.00476686	9.75	37.845	1	-1	0.13258	96.6115
0.00480057	9.75	37.8368	2	-1	0.1326	96.5417
0.00480085	9.75	37.8172	3	-1	0.13262	96.5562
0.00483487	9.75	37.8296	4	-1	0.13263	96.5635
0.00483488	9.75	37.8292	1	-1	0.13264	96.5708
0.00486862	9.75	37.8208	2	-1	0.13267	96.5013
0.00486891	9.75	37.801	3	-1	0.13268	96.5086
0.00490296	9.75	37.8137	4	-1	0.1327	96.5231
0.00490297	9.75	37.8133	1	-1	0.13271	96.5304
0.00493674	9.75	37.8048	2	-1	0.13273	96.4467
0.00493704	9.75	37.7843	3	-1	0.13275	96.4613
0.00497111	9.75	37.7982	4	-1	0.13276	96.4685
0.00497112	9.75	37.7978	1	-1	0.13277	96.4758
0.00500492	9.75	37.7891	2	-1	0.13279	96.3993
0.00500522	9.75	37.7679	3	-1	0.13281	96.4138
0.00503933	9.75	37.7824	4	-1	0.13282	96.4211
0.00503933	9.75	37.782	1	-1	0.13283	96.4283
0.00507316	9.75	37.7732	2	-1	0.13286	96.3592
0.00507347	9.75	37.7517	3	-1	0.13287	96.3664
0.00510761	9.75	37.7665	4	-1	0.13289	96.3809
0.00510762	9.75	37.7661	1	-1	0.1329	96.3882
0.00514147	9.75	37.7572	2	-1	0.13292	96.3049
0.00514179	9.75	37.7351	3	-1	0.13294	96.3194
0.00517596	9.75	37.7504	4	-1	0.13295	96.3266
0.00517597	9.75	37.7501	1	-1	0.13296	96.3339
0.00520985	9.75	37.7417	2	-1	0.13299	96.2719
0.00521018	9.75	37.7193	3	-1	0.133	96.2791
0.00524437	9.75	37.7348	4	-1	0.13301	96.2864
0.00524438	9.75	37.7345	1	-1	0.13302	96.2936
0.00527829	9.75	37.7259	2	-1	0.13305	96.2248
0.00527863	9.75	37.7028	3	-1	0.13307	96.2392
0.00531285	9.75	37.7191	4	-1	0.13308	96.2465
0.00531286	9.75	37.7187	1	-1	0.13309	96.2537
0.0053468	9.75	37.7099	2	-1	0.13311	96.1708
0.00534715	9.75	37.6863	3	-1	0.13313	96.1852
0.00538139	9.75	37.7037	4	-1	0.13314	96.1925
0.0053814	9.75	37.7034	1	-1	0.13315	96.1997
0.00541538	9.75	37.6944	2	-1	0.13318	96.1311
0.00541573	9.75	37.6705	3	-1	0.13319	96.1383
0.00545	9.75	37.6881	4	-1	0.1332	96.1455
0.00545001	9.75	37.6878	1	-1	0.13321	96.1527
0.00548401	9.75	37.6786	2	-1	0.13324	96.0842
0.00548437	9.75	37.6541	3	-1	0.13326	96.0987
0.00551868	9.75	37.6724	4	-1	0.13327	96.1059
0.00551868	9.75	37.672	1	-1	0.13328	96.1131
0.00555271	9.75	37.6628	2	-1	0.1333	96.0305
0.00555308	9.75	37.6376	3	-1	0.13332	96.045
0.00558742	9.75	37.6565	4	-1	0.13333	96.0522
0.00558742	9.75	37.6562	1	-1	0.13334	96.0594
0.00562148	9.75	37.6469	2	-1	0.13337	95.9911
0.00562186	9.75	37.6214	3	-1	0.13338	95.9983
0.00565623	9.75	37.6407	4	-1	0.1334	96.0127
0.00565623	9.75	37.6403	1	-1	0.13341	96.0199
0.00569032	9.75	37.6315	2	-1	0.13343	95.9445
0.0056907	9.75	37.6054	3	-1	0.13345	95.9589
0.0057251	9.75	37.6253	4	-1	0.13346	95.9661
0.0057251	9.75	37.6249	1	-1	0.13347	95.9733
0.00575922	9.75	37.6159	2	-1	0.13349	95.898
0.00575961	9.75	37.5892	3	-1	0.13351	95.9124
0.00579403	9.75	37.6096	4	-1	0.13352	95.9195
0.00579404	9.75	37.6093	1	-1	0.13353	95.9267
0.00582819	9.75	37.6002	2	-1	0.13356	95.8588
0.00582859	9.75	37.5732	3	-1	0.13357	95.8659
0.00586303	9.75	37.5939	4	-1	0.13359	95.8803
0.00586304	9.75	37.5936	1	-1	0.1336	95.8875
0.00589722	9.75	37.5844	2	-1	0.13362	95.8055
0.00589763	9.75	37.5568	3	-1	0.13364	95.8199
0.0059321	9.75	37.5782	4	-1	0.13365	95.8271
0.00593211	9.75	37.5779	1	-1	0.13366	95.8342
0.00596632	9.75	37.5686	2	-1	0.13369	95.7665
0.00596674	9.75	37.5407	3	-1	0.1337	95.7736
0.00600123	9.75	37.563	4	-1	0.13371	95.7808
0.00600124	9.75	37.5627	1	-1	0.13372	95.788
0.00603548	9.75	37.5532	2	-1	0.13375	95.7203
0.0060359	9.75	37.525	3	-1	0.13376	95.7275
0.00607043	9.75	37.5476	4	-1	0.13378	95.7418
0.00607044	9.75	37.5473	1	-1	0.13379	95.7489
0.00610471	9.75	37.5377	2	-1	0.13381	95.6674
0.00610514	9.75	37.5089	3	-1	0.13383	95.6817
0.0061397	9.75	37.5321	4	-1	0.13384	95.6889
0.0061397	9.75	37.5317	1	-1	0.13385	95.696
0.006174	9.75	37.522	2	-1	0.13387	95.6214
0.00617444	9.75	37.4926	3	-1	0.13389	95.6357
0.00620903	9.75	37.5165	4	-1	0.1339	95.6429
0.00620903	9.75	37.5161	1	-1	0.13391	95.65
0.00624336	9.75	37.5064	2	-1	0.13394	95.5827
0.00624381	9.75	37.4764	3	-1	0.13396	95.5969
0.00627843	9.75	37.5009	4	-1	0.13397	95.6041
0.00627843	9.75	37.5006	1	-1	0.13398	95.6112
0.00631278	9.75	37.4907	2	-1	0.134	95.53
0.00631324	9.75	37.4601	3	-1	0.13402	95.5443
0.00634789	9.75	37.4853	4	-1	0.13403	95.5514
0.0063479	9.75	37.485	1	-1	0.13404	95.5586
0.00638227	9.75	37.4751	2	-1	0.13407	95.4915
0.00638274	9.75	37.4442	3	-1	0.13408	95.4986
0.00641742	9.75	37.4697	4	-1	0.13409	95.5057
0.00641742	9.75	37.4693	1	-1	0.1341	95.5128
0.00645183	9.75	37.4594	2	-1	0.13413	95.4458
0.00645231	9.75	37.4279	3	-1	0.13415	95.46
0.00648702	9.75	37.4541	4	-1	0.13416	95.4672
0.00648702	9.75	37.4538	1	-1	0.13417	95.4743
0.00652145	9.75	37.4438	2	-1	0.13419	95.3935
0.00652194	9.75	37.4117	3	-1	0.13421	95.4077
0.00655668	9.75	37.4386	4	-1	0.13422	95.4148
0.00655668	9.75	37.4382	1	-1	0.13423	95.4219
0.00659114	9.75	37.4287	2	-1	0.13426	95.3619
0.00659163	9.75	37.3964	3	-1	0.13427	95.369
0.0066264	9.75	37.4235	4	-1	0.13428	95.3761
0.0066264	9.75	37.4231	1	-1	0.13429	95.3832
0.0066609	9.75	37.4134	2	-1	0.13432	95.3165
0.0066614	9.75	37.3805	3	-1	0.13434	95.3307
0.00669619	9.75	37.4083	4	-1	0.13435	95.3378
0.00669619	9.75	37.4079	1	-1	0.13436	95.3449
0.00673072	9.75	37.398	2	-1	0.13438	95.2644
0.00673123	9.75	37.3645	3	-1	0.1344	95.2786
0.00676604	9.75	37.3929	4	-1	0.13441	95.2857
0.00676605	9.75	37.3926	1	-1	0.13442	95.2928
0.00680061	9.75	37.3826	2	-1	0.13445	95.2263
0.00680112	9.75	37.3488	3	-1	0.13446	95.2334
0.00683596	9.75	37.3775	4	-1	0.13447	95.2405
0.00683597	9.75	37.3772	1	-1	0.13448	95.2475
0.00687056	9.75	37.3671	2	-1	0.13451	95.1811
0.00687108	9.75	37.3331	3	-1	0.13452	95.1882
0.00690595	9.75	37.3622	4	-1	0.13454	95.2024
0.00690595	9.75	37.3618	1	-1	0.13455	95.2095
0.00694058	9.75	37.3517	2	-1	0.13457	95.1294
0.00694111	9.75	37.317	3	-1	0.13459	95.1435
0.006976	9.75	37.3468	4	-1	0.1346	95.1506
0.00697601	9.75	37.3465	1	-1	0.13461	95.1576
0.00701067	9.75	37.3362	2	-1	0.13464	95.0915
0.0070112	9.75	37.3014	3	-1	0.13465	95.0985
0.00704612	9.75	37.3314	4	-1	0.13466	95.1056
0.00704612	9.75	37.3311	1	-1	0.13467	95.1126
0.00708082	9.75	37.3208	2	-1	0.1347	95.0466
0.00708136	9.75	37.2856	3	-1	0.13471	95.0536
0.0071163	9.75	37.3161	4	-1	0.13473	95.0677
0.00711631	9.75	37.3158	1	-1	0.13474	95.0748
0.00715104	9.75	37.3054	2	-1	0.13477	95.0021
0.00715158	9.75	37.2701	3	-1	0.13478	95.0092
0.00718655	9.75	37.3008	4	-1	0.13479	95.0162
0.00718656	9.75	37.3005	1	-1	0.1348	95.0233
0.00722132	9.75	37.2895	2	-1	0.13483	94.9507
0.00722187	9.75	37.2539	3	-1	0.13484	94.9577
0.00725688	9.75	37.2851	4	-1	0.13486	94.9718
0.00725688	9.75	37.2848	1	-1	0.13487	94.9789
0.00729167	9.75	37.2739	2	-1	0.13489	94.8994
0.00729223	9.75	37.2377	3	-1	0.13491	94.9135
0.00732727	9.75	37.2696	4	-1	0.13492	94.9205
0.00732727	9.75	37.2693	1	-1	0.13493	94.9275
0.00736209	9.75	37.2584	2	-1	0.13496	94.8619
0.00736266	9.75	37.222	3	-1	0.13497	94.8689
0.00739772	9.75	37.2543	4	-1	0.13498	94.8759
0.00739773	9.75	37.254	1	-1	0.13499	94.883
0.00743257	9.75	37.243	2	-1	0.13502	94.8174
0.00743315	9.75	37.206	3	-1	0.13504	94.8315
0.00746824	9.75	37.2391	4	-1	0.13505	94.8385
0.00746825	9.75	37.2387	1	-1	0.13506	94.8455
0.00750313	9.75	37.2278	2	-1	0.13509	94.7734
0.00750371	9.75	37.1905	3	-1	0.1351	94.7804
0.00753883	9.75	37.2239	4	-1	0.13511	94.7874
0.00753884	9.75	37.2236	1	-1	0.13512	94.7944
0.00757374	9.75	37.2125	2	-1	0.13515	94.7291
0.00757433	9.75	37.175	3	-1	0.13516	94.7361
0.00760948	9.75	37.2087	4	-1	0.13517	94.7431
0.00760949	9.75	37.2084	1	-1	0.13518	94.7501
0.00764442	9.75	37.1973	2	-1	0.13521	94.6849
0.00764501	9.75	37.1596	3	-1	0.13522	94.6919
0.0076802	9.75	37.1936	4	-1	0.13524	94.7059
0.00768021	9.75	37.1933	1	-1	0.13525	94.7129
0.00771517	9.75	37.1821	2	-1	0.13527	94.6341
0.00771577	9.75	37.1438	3	-1	0.13529	94.6481
0.00775099	9.75	37.1785	4	-1	0.1353	94.6551
0.00775099	9.75	37.1782	1	-1	0.13531	94.6621
0.00778598	9.75	37.1671	2	-1	0.13534	94.5971
0.00778659	9.75	37.1285	3	-1	0.13535	94.604
0.00782184	9.75	37.1632	4	-1	0.13536	94.611
0.00782184	9.75	37.1629	1	-1	0.13537	94.618
0.00785686	9.75	37.1517	2	-1	0.1354	94.5531
0.00785748	9.75	37.1122	3	-1	0.13542	94.567
0.00789276	9.75	37.1478	4	-1	0.13543	94.574
0.00789276	9.75	37.1475	1	-1	0.13544	94.581
0.00792782	9.75	37.1363	2	-1	0.13547	94.5096
0.00792844	9.75	37.0966	3	-1	0.13548	94.5165
0.00796374	9.75	37.1326	4	-1	0.13549	94.5235
0.00796374	9.75	37.1323	1	-1	0.1355	94.5305
0.00799883	9.75	37.121	2	-1	0.13553	94.4657
0.00799946	9.75	37.0811	3	-1	0.13554	94.4727
0.00803479	9.75	37.1175	4	-1	0.13556	94.4867
0.0080348	9.75	37.1172	1	-1	0.13557	94.4936
0.00806992	9.75	37.1059	2	-1	0.13559	94.4154
0.00807055	9.75	37.0657	3	-1	0.1356	94.4224
0.00810591	9.75	37.1025	4	-1	0.13562	94.4363
0.00810591	9.75	37.1021	1	-1	0.13563	94.4433
0.00814107	9.75	37.0908	2	-1	0.13566	94.3787
0.00814171	9.75	37.0505	3	-1	0.13567	94.3857
0.00817709	9.75	37.0875	4	-1	0.13568	94.3927
0.00817709	9.75	37.0872	1	-1	0.13569	94.3996
0.00821228	9.75	37.0752	2	-1	0.13572	94.3286
0.00821293	9.75	37.0347	3	-1	0.13573	94.3356
0.00824834	9.75	37.0722	4	-1	0.13575	94.3495
0.00824835	9.75	37.0719	1	-1	0.13576	94.3564
0.00828357	9.75	37.0601	2	-1	0.13579	94.2855
0.00828422	9.75	37.0193	3	-1	0.1358	94.2925
0.00831966	9.75	37.0571	4	-1	0.13581	94.2994
0.00831967	9.75	37.0568	1	-1	0.13582	94.3063
0.00835492	9.75	37.045	2	-1	0.13585	94.2421
0.00835557	9.75	37.0039	3	-1	0.13586	94.249
0.00839105	9.75	37.0422	4	-1	0.13587	94.256
0.00839105	9.75	37.0418	1	-1	0.13588	94.2629
0.00842633	9.75	37.03	2	-1	0.13591	94.1988
0.00842699	9.75	36.9887	3	-1	0.13592	94.2057
0.0084625	9.75	37.0267	4	-1	0.13594	94.2196
0.00846251	9.75	37.0264	1	-1	0.13595	94.2265
0.00849782	9.75	37.0147	2	-1	0.13598	94.1559
0.00849848	9.75	36.9732	3	-1	0.13599	94.1629
0.00853402	9.75	37.0117	4	-1	0.136	94.1698
0.00853402	9.75	37.0113	1	-1	0.13601	94.1767
0.00856937	9.75	36.9995	2	-1	0.13604	94.1128
0.00857004	9.75	36.9578	3	-1	0.13605	94.1197
0.0086056	9.75	36.9967	4	-1	0.13606	94.1266
0.00860561	9.75	36.9964	1	-1	0.13607	94.1335
0.00864099	9.75	36.9845	2	-1	0.1361	94.0697
0.00864166	9.75	36.9425	3	-1	0.13611	94.0766
0.00867725	9.75	36.9819	4	-1	0.13613	94.0904
0.00867726	9.75	36.9816	1	-1	0.13614	94.0973
0.00871267	9.75	36.9691	2	-1	0.13617	94.0206
0.00871335	9.75	36.927	3	-1	0.13618	94.0275
0.00874897	9.75	36.9667	4	-1	0.13619	94.0344
0.00874898	9.75	36.9664	1	-1	0.1362	94.0413
0.00878442	9.75	36.954	2	-1	0.13623	93.9776
0.00878511	9.75	36.9116	3	-1	0.13624	93.9845
0.00882076	9.75	36.9517	4	-1	0.13625	93.9914
0.00882076	9.75	36.9514	1	-1	0.13626	93.9983
0.00885624	9.75	36.9391	2	-1	0.1363	93.9417
0.00885693	9.75	36.8968	3	-1	0.1363	93.9417
0.00889261	9.75	36.9365	4	-1	0.13632	93.9555
0.00889262	9.75	36.9361	1	-1	0.13633	93.9624
0.00892813	9.75	36.9239	2	-1	0.13636	93.8924
0.00892882	9.75	36.8814	3	-1	0.13637	93.8993
0.00896453	9.75	36.9215	4	-1	0.13638	93.9062
0.00896454	9.75	36.9212	1	-1	0.13639	93.9131
0.00900009	9.75	36.9089	2	-1	0.13642	93.8498
0.00900078	9.75	36.8661	3	-1	0.13643	93.8566
0.00903652	9.75	36.9067	4	-1	0.13645	93.8704
0.00903652	9.75	36.9064	1	-1	0.13646	93.8773
0.00907211	9.75	36.8936	2	-1	0.13649	93.8011
0.0090728	9.75	36.8509	3	-1	0.13649	93.8011
0.00910858	9.75	36.8916	4	-1	0.13651	93.8149
0.00910858	9.75	36.8913	1	-1	0.13652	93.8217
0.0091442	9.75	36.8787	2	-1	0.13655	93.7586
0.00914489	9.75	36.8357	3	-1	0.13656	93.7654
0.0091807	9.75	36.8768	4	-1	0.13657	93.7723
0.0091807	9.75	36.8764	1	-1	0.13658	93.7792
0.00921635	9.75	36.8638	2	-1	0.13661	93.7161
0.00921705	9.75	36.8207	3	-1	0.13662	93.723
0.00925289	9.75	36.8616	4	-1	0.13664	93.7367
0.00925289	9.75	36.8613	1	-1	0.13665	93.7436
0.00928857	9.75	36.8488	2	-1	0.13668	93.6742
0.00928927	9.75	36.8057	3	-1	0.13668	93.6742
0.00932514	9.75	36.8467	4	-1	0.1367	93.6879
0.00932515	9.75	36.8464	1	-1	0.13671	93.6947
0.00936086	9.75	36.8339	2	-1	0.13674	93.6319
0.00936157	9.75	36.7907	3	-1	0.13675	93.6387
0.00939746	9.75	36.832	4	-1	0.13676	93.6456
0.00939747	9.75	36.8317	1	-1	0.13677	93.6524
0.00943322	9.75	36.8187	2	-1	0.13681	93.5901
0.00943393	9.75	36.7756	3	-1	0.13681	93.5901
0.00946986	9.75	36.8171	4	-1	0.13683	93.6038
0.00946986	9.75	36.8168	1	-1	0.13684	93.6106
0.00950564	9.75	36.8039	2	-1	0.13687	93.5416
0.00950635	9.75	36.7608	3	-1	0.13687	93.5416
0.00954231	9.75	36.8019	4	-1	0.13689	93.5552
0.00954232	9.75	36.8016	1	-1	0.1369	93.5621
0.00957814	9.75	36.7889	2	-1	0.13694	93.5063
0.00957885	9.75	36.7459	3	-1	0.13694	93.5063
0.00961484	9.75	36.7871	4	-1	0.13696	93.52
0.00961485	9.75	36.7868	1	-1	0.13697	93.5268
0.0096507	9.75	36.7742	2	-1	0.137	93.4579
0.00965141	9.75	36.7312	3	-1	0.137	93.4579
0.00968743	9.75	36.7725	4	-1	0.13702	93.4716
0.00968744	9.75	36.7722	1	-1	0.13703	93.4784
0.00972333	9.75	36.759	2	-1	0.13706	93.4097
0.00972404	9.75	36.7162	3	-1	0.13706	93.4097
0.00976009	9.75	36.7576	4	-1	0.13708	93.4233
0.0097601	9.75	36.7573	1	-1	0.13709	93.4301
0.00979603	9.75	36.7443	2	-1	0.13713	93.3746
0.00979673	9.75	36.7016	3	-1	0.13713	93.3746
0.00983282	9.75	36.7425	4	-1	0.13715	93.3883
0.00983283	9.75	36.7422	1	-1	0.13716	93.3951
0.00986879	9.75	36.7294	2	-1	0.13719	93.3265
0.0098695	9.75	36.6867	3	-1	0.13719	93.3265
0.00990562	9.75	36.7278	4	-1	0.13721	93.3401
0.00990562	9.75	36.7275	1	-1	0.13722	93.3469
0.00994163	9.75	36.7142	2	-1	0.13726	93.2853
0.00994233	9.75	36.6717	3	-1	0.13726	93.2853
0.00997849	9.75	36.713	4	-1	0.13728	93.2989
0.00997849	9.75	36.7127	1	-1	0.13729	93.3057
0.0100145	9.75	36.6995	2	-1	0.13732	93.2374
0.0100152	9.75	36.6571	3	-1	0.13732	93.2374
0.0100514	9.75	36.6981	4	-1	0.13734	93.251
0.0100514	9.75	36.6978	1	-1	0.13735	93.2577
0.0100875	9.75	36.6848	2	-1	0.13738	93.1958
0.0100882	9.75	36.6421	3	-1	0.13738	93.1958
0.0101244	9.75	36.6833	4	-1	0.1374	93.2094
0.0101244	9.75	36.683	1	-1	0.13741	93.2162
0.0101605	9.75	36.6701	2	-1	0.13745	93.1612
0.0101612	9.75	36.6275	3	-1	0.13745	93.1612
0.0101975	9.75	36.6689	4	-1	0.13747	93.1747
0.0101975	9.75	36.6686	1	-1	0.13748	93.1815
0.0102336	9.75	36.6551	2	-1	0.13751	93.1072
0.0102343	9.75	36.6126	3	-1	0.13751	93.1072
0.0102706	9.75	36.6542	4	-1	0.13753	93.1207
0.0102706	9.75	36.6539	1	-1	0.13754	93.1275
0.0103068	9.75	36.6405	2	-1	0.13757	93.0659
0.0103075	9.75	36.5981	3	-1	0.13757	93.0659
0.0103438	9.75	36.6391	4	-1	0.13759	93.0794
0.0103438	9.75	36.6388	1	-1	0.1376	93.0862
0.01038	9.75	36.6258	2	-1	0.13764	93.0314
0.0103807	9.75	36.5834	3	-1	0.13764	93.0314
0.0104171	9.75	36.6247	4	-1	0.13766	93.0449
0.0104171	9.75	36.6244	1	-1	0.13767	93.0517
0.0104533	9.75	36.6108	2	-1	0.1377	92.9777
0.010454	9.75	36.5685	3	-1	0.1377	92.9777
0.0104904	9.75	36.6099	4	-1	0.13772	92.9912
0.0104904	9.75	36.6096	1	-1	0.13773	92.998
0.0105267	9.75	36.5962	2	-1	0.13776	92.9367
0.0105274	9.75	36.554	3	-1	0.13776	92.9367
0.0105638	9.75	36.5949	4	-1	0.13778	92.9501
0.0105638	9.75	36.5946	1	-1	0.13779	92.9569
0.0106001	9.75	36.5815	2	-1	0.13783	92.9024
0.0106009	9.75	36.5394	3	-1	0.13783	92.9024
0.0106373	9.75	36.5805	4	-1	0.13785	92.9159
0.0106373	9.75	36.5802	1	-1	0.13786	92.9226
0.0106737	9.75	36.5665	2	-1	0.13789	92.849
0.0106744	9.75	36.5245	3	-1	0.13789	92.849
0.0107109	9.75	36.5659	4	-1	0.13791	92.8624
0.0107109	9.75	36.5656	1	-1	0.13792	92.8692
0.0107472	9.75	36.5521	2	-1	0.13796	92.8149
0.0107479	9.75	36.5105	3	-1	0.13795	92.8081
0.0107845	9.75	36.5511	4	-1	0.13798	92.8283
0.0107845	9.75	36.5508	1	-1	0.13799	92.835
0.0108209	9.75	36.5376	2	-1	0.13802	92.7678
0.0108216	9.75	36.496	3	-1	0.13802	92.7678
0.0108581	9.75	36.5367	4	-1	0.13804	92.7813
0.0108581	9.75	36.5364	1	-1	0.13805	92.788
0.0108946	9.75	36.5227	2	-1	0.13808	92.7209
0.0108953	9.75	36.4812	3	-1	0.13808	92.7209
0.0109319	9.75	36.5218	4	-1	0.1381	92.7344
0.0109319	9.75	36.5215	1	-1	0.13811	92.7411
0.0109684	9.75	36.508	2	-1	0.13815	92.687
0.0109691	9.75	36.4663	3	-1	0.13815	92.687
0.0110057	9.75	36.5072	4	-1	0.13817	92.7004
0.0110057	9.75	36.5069	1	-1	0.13818	92.7071
0.0110422	9.75	36.493	2	-1	0.13821	92.634
0.0110429	9.75	36.4514	3	-1	0.13821	92.634
0.0110796	9.75	36.4925	4	-1	0.13823	92.6475
0.0110796	9.75	36.4922	1	-1	0.13824	92.6542
0.0111161	9.75	36.4786	2	-1	0.13828	92.6003
0.0111168	9.75	36.4374	3	-1	0.13827	92.5936
0.0111535	9.75	36.4777	4	-1	0.13829	92.607
0.0111535	9.75	36.4774	1	-1	0.1383	92.6137
0.0111901	9.75	36.464	2	-1	0.13834	92.5599
0.0111908	9.75	36.4229	3	-1	0.13834	92.5599
0.0112275	9.75	36.4635	4	-1	0.13836	92.5733
0.0112276	9.75	36.4632	1	-1	0.13837	92.58
0.0112642	9.75	36.4492	2	-1	0.1384	92.5072
0.0112649	9.75	36.4082	3	-1	0.1384	92.5072
0.0113016	9.75	36.4486	4	-1	0.13842	92.5206
0.0113016	9.75	36.4484	1	-1	0.13843	92.5272
0.0113383	9.75	36.4347	2	-1	0.13847	92.4736
0.011339	9.75	36.3937	3	-1	0.13846	92.4669
0.0113758	9.75	36.4342	4	-1	0.13849	92.487
0.0113758	9.75	36.4339	1	-1	0.1385	92.4937
0.0114125	9.75	36.4199	2	-1	0.13853	92.4211
0.0114132	9.75	36.379	3	-1	0.13853	92.4211
0.01145	9.75	36.4196	4	-1	0.13855	92.4345
0.01145	9.75	36.4194	1	-1	0.13856	92.4411
0.0114867	9.75	36.4056	2	-1	0.13859	92.381
0.0114875	9.75	36.3647	3	-1	0.13859	92.381
0.0115243	9.75	36.4049	4	-1	0.13861	92.3943
0.0115243	9.75	36.4046	1	-1	0.13862	92.401
0.0115611	9.75	36.3906	2	-1	0.13866	92.3415
0.0115618	9.75	36.3499	3	-1	0.13866	92.3415
0.0115987	9.75	36.3904	4	-1	0.13868	92.3548
0.0115987	9.75	36.3901	1	-1	0.13869	92.3615
0.0116355	9.75	36.3763	2	-1	0.13872	92.2954
0.0116362	9.75	36.3356	3	-1	0.13872	92.2954
0.0116731	9.75	36.3757	4	-1	0.13874	92.3087
0.0116731	9.75	36.3754	1	-1	0.13875	92.3154
0.0117099	9.75	36.3619	2	-1	0.13879	92.2622
0.0117106	9.75	36.3216	3	-1	0.13878	92.2555
0.0117476	9.75	36.3615	4	-1	0.1388	92.2688
0.0117476	9.75	36.3612	1	-1	0.13881	92.2755
0.0117845	9.75	36.3472	2	-1	0.13885	92.2162
0.0117852	9.75	36.307	3	-1	0.13885	92.2162
0.0118222	9.75	36.3468	4	-1	0.13887	92.2295
0.0118222	9.75	36.3465	1	-1	0.13888	92.2362
0.0118591	9.75	36.3328	2	-1	0.13892	92.177
0.0118598	9.75	36.2929	3	-1	0.13891	92.1704
0.0118968	9.75	36.3326	4	-1	0.13893	92.1837
0.0118968	9.75	36.3323	1	-1	0.13894	92.1903
0.0119337	9.75	36.3181	2	-1	0.13898	92.1313
0.0119344	9.75	36.2787	3	-1	0.13897	92.1246
0.0119715	9.75	36.318	4	-1	0.139	92.1445
0.0119715	9.75	36.3177	1	-1	0.13901	92.1511
0.0120085	9.75	36.3038	2	-1	0.13904	92.0856
0.0120092	9.75	36.2641	3	-1	0.13904	92.0856
0.0120463	9.75	36.3037	4	-1	0.13906	92.0988
0.0120463	9.75	36.3034	1	-1	0.13907	92.1054
0.0120833	9.75	36.2892	2	-1	0.13911	92.0466
0.012084	9.75	36.2499	3	-1	0.1391	92.04
0.0121211	9.75	36.2894	4	-1	0.13913	92.0598
0.0121211	9.75	36.2891	1	-1	0.13914	92.0664
0.0121582	9.75	36.2752	2	-1	0.13917	92.0011
0.0121588	9.75	36.2363	3	-1	0.13916	91.9944
0.012196	9.75	36.2749	4	-1	0.13919	92.0143
0.012196	9.75	36.2747	1	-1	0.1392	92.0209
0.0122331	9.75	36.2605	2	-1	0.13923	91.9556
0.0122338	9.75	36.2217	3	-1	0.13923	91.9556
0.012271	9.75	36.2605	4	-1	0.13925	91.9688
0.012271	9.75	36.2603	1	-1	0.13926	91.9754
0.0123081	9.75	36.2465	2	-1	0.1393	91.9229
0.0123088	9.75	36.208	3	-1	0.13929	91.9163
0.012346	9.75	36.2461	4	-1	0.13931	91.9295
0.012346	9.75	36.2458	1	-1	0.13932	91.9361
0.0123832	9.75	36.2317	2	-1	0.13936	91.8776
0.0123839	9.75	36.1933	3	-1	0.13936	91.8776
0.0124211	9.75	36.2315	4	-1	0.13938	91.8908
0.0124212	9.75	36.2312	1	-1	0.13939	91.8974
0.0124583	9.75	36.2174	2	-1	0.13943	91.839
0.012459	9.75	36.179	3	-1	0.13942	91.8324
0.0124963	9.75	36.2173	4	-1	0.13944	91.8456
0.0124963	9.75	36.217	1	-1	0.13945	91.8522
0.0125336	9.75	36.2028	2	-1	0.13949	91.7939
0.0125342	9.75	36.1648	3	-1	0.13948	91.7873
0.0125716	9.75	36.2028	4	-1	0.13951	91.8071
0.0125716	9.75	36.2025	1	-1	0.13952	91.8136
0.0126089	9.75	36.1886	2	-1	0.13955	91.7488
0.0126095	9.75	36.1504	3	-1	0.13955	91.7488
0.0126469	9.75	36.1886	4	-1	0.13957	91.762
0.0126469	9.75	36.1883	1	-1	0.13958	91.7686
0.0126842	9.75	36.1741	2	-1	0.13962	91.7105
0.0126849	9.75	36.1363	3	-1	0.13961	91.7039
0.0127223	9.75	36.174	4	-1	0.13964	91.7236
0.0127223	9.75	36.1737	1	-1	0.13965	91.7302
0.0127596	9.75	36.1598	2	-1	0.13968	91.6656
0.0127603	9.75	36.1224	3	-1	0.13967	91.659
0.0127978	9.75	36.1599	4	-1	0.1397	91.6787
0.0127978	9.75	36.1597	1	-1	0.13971	91.6853
0.0128351	9.75	36.1455	2	-1	0.13974	91.6208
0.0128358	9.75	36.1081	3	-1	0.13974	91.6208
0.0128733	9.75	36.1453	4	-1	0.13976	91.6339
0.0128733	9.75	36.145	1	-1	0.13977	91.6404
0.0129107	9.75	36.1313	2	-1	0.13981	91.5886
0.0129114	9.75	36.0942	3	-1	0.1398	91.5821
0.0129489	9.75	36.1315	4	-1	0.13983	91.6017
0.0129489	9.75	36.1312	1	-1	0.13984	91.6083
0.0129863	9.75	36.1171	2	-1	0.13987	91.538
0.012987	9.75	36.0804	3	-1	0.13986	91.5314
0.0130245	9.75	36.117	4	-1	0.13989	91.551
0.0130245	9.75	36.1167	1	-1	0.1399	91.5576
0.013062	9.75	36.1025	2	-1	0.13994	91.4999
0.0130627	9.75	36.0662	3	-1	0.13993	91.4934
0.0131003	9.75	36.1027	4	-1	0.13995	91.5065
0.0131003	9.75	36.1024	1	-1	0.13996	91.513
0.0131378	9.75	36.0885	2	-1	0.14	91.4614
0.0131385	9.75	36.0525	3	-1	0.13999	91.4549
0.0131761	9.75	36.0885	4	-1	0.14002	91.4745
0.0131761	9.75	36.0882	1	-1	0.14003	91.481
0.0132136	9.75	36.0741	2	-1	0.14006	91.411
0.0132143	9.75	36.0381	3	-1	0.14006	91.411
0.013252	9.75	36.0738	4	-1	0.14008	91.4241
0.013252	9.75	36.0736	1	-1	0.14009	91.4306
0.0132896	9.75	36.0599	2	-1	0.14013	91.3792
0.0132902	9.75	36.0243	3	-1	0.14012	91.3727
0.0133279	9.75	36.0599	4	-1	0.14014	91.3857
0.0133279	9.75	36.0596	1	-1	0.14015	91.3922
0.0133655	9.75	36.0456	2	-1	0.14019	91.3349
0.0133662	9.75	36.0103	3	-1	0.14018	91.3284
0.0134039	9.75	36.0455	4	-1	0.14021	91.348
0.0134039	9.75	36.0453	1	-1	0.14022	91.3545
0.0134416	9.75	36.0311	2	-1	0.14026	91.2913
0.0134422	9.75	35.9962	3	-1	0.14025	91.2848
0.01348	9.75	36.0314	4	-1	0.14027	91.2978
0.01348	9.75	36.0311	1	-1	0.14028	91.3043
0.0135177	9.75	36.0173	2	-1	0.14032	91.2532
0.0135183	9.75	35.9827	3	-1	0.14031	91.2467
0.0135561	9.75	36.0173	4	-1	0.14034	91.2662
0.0135561	9.75	36.017	1	-1	0.14035	91.2727
0.0135939	9.75	36.003	2	-1	0.14038	91.2032
0.0135945	9.75	35.9687	3	-1	0.14037	91.1967
0.0136324	9.75	36.0027	4	-1	0.1404	91.2162
0.0136324	9.75	36.0024	1	-1	0.14041	91.2227
0.0136701	9.75	35.9889	2	-1	0.14045	91.1717
0.0136708	9.75	35.9551	3	-1	0.14044	91.1652
0.0137086	9.75	35.9889	4	-1	0.14046	91.1782
0.0137086	9.75	35.9887	1	-1	0.14047	91.1847
0.0137465	9.75	35.9748	2	-1	0.14051	91.1278
0.0137471	9.75	35.9413	3	-1	0.1405	91.1213
0.013785	9.75	35.9747	4	-1	0.14053	91.1408
0.013785	9.75	35.9744	1	-1	0.14054	91.1473
0.0138229	9.75	35.9605	2	-1	0.14058	91.0846
0.0138235	9.75	35.9273	3	-1	0.14057	91.0781
0.0138614	9.75	35.9604	4	-1	0.14059	91.0911
0.0138614	9.75	35.9601	1	-1	0.1406	91.0976
0.0138993	9.75	35.9465	2	-1	0.14064	91.0468
0.0138999	9.75	35.9134	3	-1	0.14063	91.0403
0.0139379	9.75	35.9466	4	-1	0.14066	91.0598
0.0139379	9.75	35.9463	1	-1	0.14067	91.0662
0.0139759	9.75	35.9324	2	-1	0.1407	90.9973
0.0139765	9.75	35.8996	3	-1	0.14069	90.9908
0.0140145	9.75	35.9322	4	-1	0.14072	91.0102
0.0140145	9.75	35.932	1	-1	0.14073	91.0167
0.0140525	9.75	35.9181	2	-1	0.14077	90.9602
0.0140531	9.75	35.8856	3	-1	0.14076	90.9537
0.0140911	9.75	35.9179	4	-1	0.14078	90.9667
0.0140911	9.75	35.9176	1	-1	0.14079	90.9731
0.0141291	9.75	35.9041	2	-1	0.14083	90.9226
0.0141297	9.75	35.8717	3	-1	0.14082	90.9161
0.0141678	9.75	35.9042	4	-1	0.14085	90.9355
0.0141678	9.75	35.9039	1	-1	0.14086	90.942
0.0142059	9.75	35.8901	2	-1	0.1409	90.8798
0.0142065	9.75	35.8583	3	-1	0.14088	90.8669
0.0142446	9.75	35.8899	4	-1	0.14091	90.8862
0.0142446	9.75	35.8896	1	-1	0.14092	90.8927
0.0142827	9.75	35.8758	2	-1	0.14096	90.8364
0.0142833	9.75	35.8443	3	-1	0.14095	90.83
0.0143215	9.75	35.8757	4	-1	0.14098	90.8493
0.0143215	9.75	35.8754	1	-1	0.14099	90.8558
0.0143596	9.75	35.862	2	-1	0.14102	90.7932
0.0143602	9.75	35.8306	3	-1	0.14101	90.7868
0.0143984	9.75	35.8619	4	-1	0.14104	90.8061
0.0143984	9.75	35.8617	1	-1	0.14105	90.8125
0.0144365	9.75	35.8481	2	-1	0.14109	90.7565
0.0144371	9.75	35.817	3	-1	0.14108	90.75
0.0144754	9.75	35.8478	4	-1	0.1411	90.7629
0.0144754	9.75	35.8475	1	-1	0.14111	90.7693
0.0145136	9.75	35.8337	2	-1	0.14115	90.7134
0.0145141	9.75	35.803	3	-1	0.14114	90.7069
0.0145524	9.75	35.8335	4	-1	0.14117	90.7262
0.0145524	9.75	35.8332	1	-1	0.14118	90.7326
0.0145907	9.75	35.8199	2	-1	0.14122	90.6768
0.0145912	9.75	35.7898	3	-1	0.1412	90.6639
0.0146295	9.75	35.8199	4	-1	0.14123	90.6832
0.0146295	9.75	35.8196	1	-1	0.14124	90.6896
0.0146678	9.75	35.8061	2	-1	0.14128	90.6338
0.0146684	9.75	35.7763	3	-1	0.14127	90.6274
0.0147067	9.75	35.8058	4	-1	0.14129	90.6402
0.0147067	9.75	35.8055	1	-1	0.1413	90.6467
0.014745	9.75	35.7919	2	-1	0.14134	90.5909
0.0147456	9.75	35.7624	3	-1	0.14133	90.5845
0.014784	9.75	35.7916	4	-1	0.14136	90.6038
0.014784	9.75	35.7913	1	-1	0.14137	90.6102
0.0148223	9.75	35.7776	2	-1	0.14141	90.5488
0.0148229	9.75	35.7485	3	-1	0.1414	90.5424
0.0148613	9.75	35.7774	4	-1	0.14142	90.5552
0.0148613	9.75	35.7771	1	-1	0.14143	90.5616
0.0148997	9.75	35.7638	2	-1	0.14147	90.5118
0.0149003	9.75	35.7347	3	-1	0.14146	90.5054
0.0149387	9.75	35.7638	4	-1	0.14149	90.5246
0.0149387	9.75	35.7636	1	-1	0.1415	90.531
0.0149772	9.75	35.75	2	-1	0.14153	90.4634
0.0149777	9.75	35.7212	3	-1	0.14152	90.457
0.0150162	9.75	35.7497	4	-1	0.14155	90.4762
0.0150162	9.75	35.7495	1	-1	0.14156	90.4826
0.0150547	9.75	35.736	2	-1	0.1416	90.4272
0.0150552	9.75	35.7075	3	-1	0.14159	90.4208
0.0150937	9.75	35.7355	4	-1	0.14161	90.4336
0.0150937	9.75	35.7352	1	-1	0.14162	90.44
0.0151322	9.75	35.7216	2	-1	0.14166	90.3847
0.0151328	9.75	35.6935	3	-1	0.14165	90.3784
0.0151714	9.75	35.7214	4	-1	0.14168	90.3975
0.0151714	9.75	35.7212	1	-1	0.14169	90.4039
0.0152099	9.75	35.7081	2	-1	0.14173	90.3487
0.0152104	9.75	35.68	3	-1	0.14172	90.3423
0.015249	9.75	35.7079	4	-1	0.14174	90.3551
0.015249	9.75	35.7077	1	-1	0.14175	90.3614
0.0152876	9.75	35.6943	2	-1	0.14179	90.3063
0.0152882	9.75	35.6665	3	-1	0.14178	90.3
0.0153268	9.75	35.6941	4	-1	0.14181	90.3191
0.0153268	9.75	35.6939	1	-1	0.14182	90.3255
0.0153654	9.75	35.6803	2	-1	0.14185	90.2583
0.0153659	9.75	35.6528	3	-1	0.14184	90.252
0.0154046	9.75	35.6799	4	-1	0.14187	90.2711
0.0154046	9.75	35.6796	1	-1	0.14188	90.2774
0.0154433	9.75	35.6663	2	-1	0.14192	90.2225
0.0154438	9.75	35.6391	3	-1	0.14191	90.2161
0.0154825	9.75	35.6658	4	-1	0.14194	90.2352
0.0154825	9.75	35.6655	1	-1	0.14195	90.2416
0.0155212	9.75	35.6521	2	-1	0.14198	90.1747
0.0155217	9.75	35.6252	3	-1	0.14197	90.1683
0.0155605	9.75	35.652	4	-1	0.142	90.1874
0.0155605	9.75	35.6517	1	-1	0.14201	90.1937
0.0155992	9.75	35.6388	2	-1	0.14204	90.1383
0.0155997	9.75	35.612	3	-1	0.14204	90.1383
0.0156385	9.75	35.6383	4	-1	0.14206	90.151
0.0156385	9.75	35.638	1	-1	0.14207	90.1574
0.0156773	9.75	35.6251	2	-1	0.14211	90.1027
0.0156778	9.75	35.5986	3	-1	0.1421	90.0964
0.0157166	9.75	35.6244	4	-1	0.14212	90.1091
0.0157166	9.75	35.6242	1	-1	0.14213	90.1154
0.0157554	9.75	35.6109	2	-1	0.14217	90.0608
0.0157559	9.75	35.5848	3	-1	0.14216	90.0545
0.0157948	9.75	35.6104	4	-1	0.14219	90.0735
0.0157948	9.75	35.6102	1	-1	0.1422	90.0798
0.0158336	9.75	35.597	2	-1	0.14224	90.0196
0.0158341	9.75	35.5711	3	-1	0.14223	90.0133
0.015873	9.75	35.5963	4	-1	0.14225	90.0259
0.015873	9.75	35.596	1	-1	0.14226	90.0323
0.0159119	9.75	35.5828	2	-1	0.1423	89.9779
0.0159124	9.75	35.5573	3	-1	0.14229	89.9715
0.0159514	9.75	35.5824	4	-1	0.14232	89.9905
0.0159514	9.75	35.5821	1	-1	0.14233	89.9968
0.0159903	9.75	35.5694	2	-1	0.14237	89.9425
0.0159908	9.75	35.544	3	-1	0.14236	89.9362
0.0160297	9.75	35.5691	4	-1	0.14238	89.9488
0.0160297	9.75	35.5689	1	-1	0.14239	89.9551
0.0160687	9.75	35.5559	2	-1	0.14243	89.9009
0.0160692	9.75	35.5307	3	-1	0.14242	89.8946
0.0161082	9.75	35.5556	4	-1	0.14245	89.9135
0.0161082	9.75	35.5553	1	-1	0.14246	89.9198
0.0161472	9.75	35.5421	2	-1	0.14249	89.8537
0.0161477	9.75	35.5173	3	-1	0.14248	89.8474
0.0161867	9.75	35.5416	4	-1	0.14251	89.8663
0.0161867	9.75	35.5413	1	-1	0.14252	89.8726
0.0162257	9.75	35.5284	2	-1	0.14256	89.8185
0.0162262	9.75	35.5038	3	-1	0.14255	89.8122
0.0162653	9.75	35.5276	4	-1	0.14257	89.8248
0.0162653	9.75	35.5273	1	-1	0.14258	89.8311
0.0163044	9.75	35.5143	2	-1	0.14262	89.7772
0.0163049	9.75	35.49	3	-1	0.14261	89.7709
0.016344	9.75	35.5136	4	-1	0.14264	89.7898
0.016344	9.75	35.5134	1	-1	0.14265	89.796
0.0163831	9.75	35.5004	2	-1	0.14269	89.7365
0.0163836	9.75	35.4767	3	-1	0.14267	89.7239
0.0164227	9.75	35.4996	4	-1	0.1427	89.7428
0.0164227	9.75	35.4993	1	-1	0.14271	89.7491
0.0164619	9.75	35.4864	2	-1	0.14275	89.6953
0.0164623	9.75	35.463	3	-1	0.14274	89.689
0.0165015	9.75	35.4856	4	-1	0.14277	89.7078
0.0165015	9.75	35.4854	1	-1	0.14278	89.7141
0.0165407	9.75	35.4731	2	-1	0.14282	89.6604
0.0165412	9.75	35.4503	3	-1	0.1428	89.6478
0.0165804	9.75	35.4726	4	-1	0.14283	89.6666
0.0165804	9.75	35.4723	1	-1	0.14284	89.6729
0.0166196	9.75	35.4599	2	-1	0.14288	89.6193
0.0166201	9.75	35.4376	3	-1	0.14286	89.6067
0.0166594	9.75	35.459	4	-1	0.14289	89.6255
0.0166594	9.75	35.4588	1	-1	0.1429	89.6318
0.0166986	9.75	35.4463	2	-1	0.14294	89.5782
0.0166991	9.75	35.4243	3	-1	0.14293	89.572
0.0167384	9.75	35.4454	4	-1	0.14296	89.5908
0.0167384	9.75	35.4452	1	-1	0.14297	89.597
0.0167777	9.75	35.4326	2	-1	0.143	89.5317
0.0167781	9.75	35.4109	3	-1	0.14299	89.5254
0.0168175	9.75	35.4315	4	-1	0.14302	89.5442
0.0168175	9.75	35.4313	1	-1	0.14303	89.5505
0.0168568	9.75	35.419	2	-1	0.14307	89.4971
0.0168572	9.75	35.3975	3	-1	0.14306	89.4908
0.0168966	9.75	35.4177	4	-1	0.14308	89.5033
0.0168966	9.75	35.4174	1	-1	0.14309	89.5096
0.016936	9.75	35.405	2	-1	0.14313	89.4563
0.0169364	9.75	35.3839	3	-1	0.14312	89.45
0.0169759	9.75	35.4039	4	-1	0.14315	89.4688
0.0169759	9.75	35.4037	1	-1	0.14316	89.475
0.0170153	9.75	35.3913	2	-1	0.1432	89.4162
0.0170157	9.75	35.3705	3	-1	0.14319	89.4099
0.0170552	9.75	35.3901	4	-1	0.14321	89.4224
0.0170552	9.75	35.3899	1	-1	0.14322	89.4287
0.0170946	9.75	35.3775	2	-1	0.14326	89.3755
0.017095	9.75	35.3569	3	-1	0.14325	89.3693
0.0171346	9.75	35.3764	4	-1	0.14328	89.388
0.0171346	9.75	35.3761	1	-1	0.14329	89.3942
0.0171741	9.75	35.3639	2	-1	0.14333	89.3356
0.0171745	9.75	35.3438	3	-1	0.14331	89.3231
0.017214	9.75	35.3625	4	-1	0.14334	89.3418
0.017214	9.75	35.3623	1	-1	0.14335	89.348
0.0172535	9.75	35.3501	2	-1	0.14339	89.2951
0.0172539	9.75	35.3304	3	-1	0.14338	89.2888
0.0172935	9.75	35.3488	4	-1	0.14341	89.3075
0.0172935	9.75	35.3486	1	-1	0.14342	89.3137
0.0173331	9.75	35.3366	2	-1	0.14346	89.2553
0.0173335	9.75	35.3174	3	-1	0.14344	89.2428
0.0173731	9.75	35.3351	4	-1	0.14347	89.2615
0.0173731	9.75	35.3348	1	-1	0.14348	89.2677
0.0174127	9.75	35.3229	2	-1	0.14352	89.2149
0.0174131	9.75	35.304	3	-1	0.14351	89.2087
0.0174528	9.75	35.3214	4	-1	0.14354	89.2273
0.0174528	9.75	35.3212	1	-1	0.14355	89.2335
0.0174924	9.75	35.3093	2	-1	0.14358	89.169
0.0174928	9.75	35.2906	3	-1	0.14357	89.1628
0.0175325	9.75	35.3077	4	-1	0.1436	89.1815
0.0175325	9.75	35.3074	1	-1	0.14361	89.1877
0.0175722	9.75	35.2957	2	-1	0.14365	89.135
0.0175726	9.75	35.2774	3	-1	0.14364	89.1288
0.0176123	9.75	35.2939	4	-1	0.14366	89.1412
0.0176123	9.75	35.2937	1	-1	0.14367	89.1474
0.017652	9.75	35.282	2	-1	0.14371	89.0949
0.0176524	9.75	35.2639	3	-1	0.1437	89.0887
0.0176922	9.75	35.2804	4	-1	0.14373	89.1073
0.0176922	9.75	35.2801	1	-1	0.14374	89.1135
0.017732	9.75	35.2685	2	-1	0.14378	89.0554
0.0177323	9.75	35.2507	3	-1	0.14377	89.0492
0.0177721	9.75	35.2669	4	-1	0.1438	89.0678
0.0177722	9.75	35.2667	1	-1	0.14381	89.074
0.017812	9.75	35.2551	2	-1	0.14384	89.0099
0.0178123	9.75	35.2375	3	-1	0.14383	89.0037
0.0178522	9.75	35.2533	4	-1	0.14386	89.0223
0.0178522	9.75	35.253	1	-1	0.14387	89.0285
0.017892	9.75	35.2415	2	-1	0.1439	88.97
0.0178924	9.75	35.2241	3	-1	0.1439	88.97
0.0179323	9.75	35.2396	4	-1	0.14392	88.9823
0.0179323	9.75	35.2394	1	-1	0.14393	88.9885
0.0179721	9.75	35.228	2	-1	0.14397	88.9362
0.0179725	9.75	35.2108	3	-1	0.14396	88.9301
0.0180124	9.75	35.2262	4	-1	0.14399	88.9486
0.0180124	9.75	35.226	1	-1	0.144	88.9548
0.0180523	9.75	35.2145	2	-1	0.14403	88.8909
0.0180527	9.75	35.1976	3	-1	0.14402	88.8848
0.0180927	9.75	35.2126	4	-1	0.14405	88.9033
0.0180927	9.75	35.2123	1	-1	0.14406	88.9095
0.0181326	9.75	35.2011	2	-1	0.1441	88.8574
0.018133	9.75	35.1845	3	-1	0.14409	88.8512
0.018173	9.75	35.199	4	-1	0.14411	88.8635
0.018173	9.75	35.1988	1	-1	0.14412	88.8697
0.018213	9.75	35.1876	2	-1	0.14416	88.8177
0.0182133	9.75	35.1712	3	-1	0.14415	88.8115
0.0182533	9.75	35.1857	4	-1	0.14418	88.83
0.0182533	9.75	35.1854	1	-1	0.14419	88.8362
0.0182934	9.75	35.1741	2	-1	0.14422	88.7726
0.0182937	9.75	35.158	3	-1	0.14421	88.7665
0.0183338	9.75	35.1721	4	-1	0.14424	88.7849
0.0183338	9.75	35.1718	1	-1	0.14425	88.7911
0.0183739	9.75	35.1608	2	-1	0.14429	88.7392
0.0183742	9.75	35.145	3	-1	0.14428	88.7331
0.0184143	9.75	35.1586	4	-1	0.1443	88.7454
0.0184143	9.75	35.1583	1	-1	0.14431	88.7515
0.0184544	9.75	35.1473	2	-1	0.14435	88.6998
0.0184547	9.75	35.1318	3	-1	0.14434	88.6936
0.0184949	9.75	35.1453	4	-1	0.14437	88.7121
0.0184949	9.75	35.145	1	-1	0.14438	88.7182
0.018535	9.75	35.1341	2	-1	0.14442	88.6611
0.0185354	9.75	35.1188	3	-1	0.14441	88.6549
0.0185756	9.75	35.1319	4	-1	0.14443	88.6672
0.0185756	9.75	35.1317	1	-1	0.14444	88.6733
0.0186157	9.75	35.1207	2	-1	0.14448	88.6217
0.0186161	9.75	35.1057	3	-1	0.14447	88.6156
0.0186563	9.75	35.1187	4	-1	0.1445	88.634
0.0186563	9.75	35.1184	1	-1	0.14451	88.6401
0.0186965	9.75	35.1074	2	-1	0.14454	88.577
0.0186968	9.75	35.0927	3	-1	0.14453	88.5709
0.0187371	9.75	35.1052	4	-1	0.14456	88.5893
0.0187371	9.75	35.105	1	-1	0.14457	88.5954
0.0187774	9.75	35.0943	2	-1	0.14461	88.544
0.0187777	9.75	35.0798	3	-1	0.1446	88.5378
0.018818	9.75	35.0919	4	-1	0.14462	88.5501
0.018818	9.75	35.0916	1	-1	0.14463	88.5562
0.0188583	9.75	35.0809	2	-1	0.14467	88.5048
0.0188586	9.75	35.0667	3	-1	0.14466	88.4987
0.0188989	9.75	35.0787	4	-1	0.14469	88.5171
0.0188989	9.75	35.0785	1	-1	0.1447	88.5232
0.0189393	9.75	35.0677	2	-1	0.14473	88.4604
0.0189395	9.75	35.0537	3	-1	0.14472	88.4543
0.0189799	9.75	35.0653	4	-1	0.14475	88.4726
0.0189799	9.75	35.0651	1	-1	0.14476	88.4787
0.0190203	9.75	35.0546	2	-1	0.1448	88.4275
0.0190206	9.75	35.0409	3	-1	0.14479	88.4214
0.019061	9.75	35.0517	4	-1	0.14481	88.4336
0.019061	9.75	35.0515	1	-1	0.14482	88.4397
0.0191014	9.75	35.0405	2	-1	0.14486	88.3832
0.0191017	9.75	35.0266	3	-1	0.14486	88.3832
0.0191422	9.75	35.0379	4	-1	0.14488	88.3954
0.0191422	9.75	35.0377	1	-1	0.14489	88.4015
0.0191826	9.75	35.0267	2	-1	0.14493	88.345
0.0191829	9.75	35.0131	3	-1	0.14492	88.3389
0.0192234	9.75	35.0245	4	-1	0.14495	88.3572
0.0192234	9.75	35.0243	1	-1	0.14496	88.3633
0.0192639	9.75	35.0134	2	-1	0.14499	88.3009
0.0192642	9.75	35	3	-1	0.14498	88.2948
0.0193047	9.75	35.011	4	-1	0.14501	88.313
0.0193047	9.75	35.0107	1	-1	0.14502	88.3191
0.0193453	9.75	35.0003	2	-1	0.14506	88.2682
0.0193455	9.75	34.9872	3	-1	0.14505	88.2621
0.0193861	9.75	34.9977	4	-1	0.14507	88.2743
0.0193861	9.75	34.9974	1	-1	0.14508	88.2804
0.0194267	9.75	34.987	2	-1	0.14512	88.2296
0.019427	9.75	34.9742	3	-1	0.14511	88.2235
0.0194676	9.75	34.9846	4	-1	0.14514	88.2417
0.0194676	9.75	34.9844	1	-1	0.14515	88.2478
0.0195082	9.75	34.9739	2	-1	0.14518	88.1856
0.0195084	9.75	34.9613	3	-1	0.14517	88.1796
0.0195491	9.75	34.9714	4	-1	0.1452	88.1978
0.0195491	9.75	34.9711	1	-1	0.14521	88.2039
0.0195897	9.75	34.961	2	-1	0.14525	88.1532
0.01959	9.75	34.9487	3	-1	0.14524	88.1471
0.0196307	9.75	34.9582	4	-1	0.14526	88.1593
0.0196307	9.75	34.958	1	-1	0.14527	88.1653
0.0196714	9.75	34.9474	2	-1	0.14531	88.1094
0.0196716	9.75	34.9353	3	-1	0.1453	88.1033
0.0197123	9.75	34.9443	4	-1	0.14533	88.1215
0.0197124	9.75	34.9441	1	-1	0.14534	88.1276
0.0197531	9.75	34.9338	2	-1	0.14538	88.0717
0.0197533	9.75	34.922	3	-1	0.14537	88.0657
0.0197941	9.75	34.931	4	-1	0.1454	88.0838
0.0197941	9.75	34.9308	1	-1	0.14541	88.0899
0.0198348	9.75	34.9206	2	-1	0.14544	88.0281
0.0198351	9.75	34.9091	3	-1	0.14543	88.022
0.0198759	9.75	34.9177	4	-1	0.14546	88.0402
0.0198759	9.75	34.9174	1	-1	0.14547	88.0462
0.0199167	9.75	34.9075	2	-1	0.1455	87.9898
0.0199169	9.75	34.896	3	-1	0.1455	87.9898
0.0199578	9.75	34.9044	4	-1	0.14552	88.0019
0.0199578	9.75	34.9042	1	-1	0.14553	88.008
0.0199986	9.75	34.8945	2	-1	0.14557	87.9577
0.0199989	9.75	34.8832	3	-1	0.14556	87.9517
0.0200397	9.75	34.8914	4	-1	0.14558	87.9637
0.0200397	9.75	34.8912	1	-1	0.14559	87.9698
0.0200806	9.75	34.8813	2	-1	0.14563	87.9196
0.0200809	9.75	34.8701	3	-1	0.14563	87.9196
0.0201218	9.75	34.8781	4	-1	0.14565	87.9317
0.0201218	9.75	34.8779	1	-1	0.14566	87.9377
0.0201627	9.75	34.8675	2	-1	0.1457	87.877
0.0201629	9.75	34.8565	3	-1	0.14569	87.8709
0.0202039	9.75	34.8647	4	-1	0.14572	87.889
0.0202039	9.75	34.8645	1	-1	0.14573	87.8951
0.0202448	9.75	34.8544	2	-1	0.14577	87.8397
0.0202451	9.75	34.8439	3	-1	0.14575	87.8277
0.020286	9.75	34.8514	4	-1	0.14578	87.8457
0.0202861	9.75	34.8512	1	-1	0.14579	87.8518
0.020327	9.75	34.8414	2	-1	0.14583	87.8018
0.0203273	9.75	34.8312	3	-1	0.14582	87.7958
0.0203683	9.75	34.8383	4	-1	0.14584	87.8078
0.0203683	9.75	34.8381	1	-1	0.14585	87.8138
0.0204093	9.75	34.8284	2	-1	0.14589	87.7639
0.0204095	9.75	34.8183	3	-1	0.14588	87.7579
0.0204506	9.75	34.8255	4	-1	0.14591	87.776
0.0204506	9.75	34.8252	1	-1	0.14592	87.782
0.0204917	9.75	34.8152	2	-1	0.14596	87.7216
0.0204919	9.75	34.8056	3	-1	0.14594	87.7096
0.020533	9.75	34.8116	4	-1	0.14597	87.7276
0.020533	9.75	34.8113	1	-1	0.14598	87.7336
0.0205741	9.75	34.8018	2	-1	0.14602	87.6839
0.0205743	9.75	34.7925	3	-1	0.14601	87.6779
0.0206155	9.75	34.7983	4	-1	0.14604	87.6959
0.0206155	9.75	34.7981	1	-1	0.14605	87.7019
0.0206566	9.75	34.7887	2	-1	0.14608	87.641
0.0206568	9.75	34.7794	3	-1	0.14608	87.641
0.020698	9.75	34.7853	4	-1	0.1461	87.653
0.020698	9.75	34.7851	1	-1	0.14611	87.659
0.0207392	9.75	34.7759	2	-1	0.14615	87.6094
0.0207394	9.75	34.7668	3	-1	0.14614	87.6034
0.0207806	9.75	34.7726	4	-1	0.14617	87.6214
0.0207806	9.75	34.7724	1	-1	0.14618	87.6274
0.0208218	9.75	34.7626	2	-1	0.14621	87.5614
0.020822	9.75	34.7538	3	-1	0.1462	87.5554
0.0208633	9.75	34.7587	4	-1	0.14623	87.5734
0.0208633	9.75	34.7585	1	-1	0.14624	87.5794
0.0209046	9.75	34.7493	2	-1	0.14627	87.5239
0.0209048	9.75	34.7405	3	-1	0.14627	87.5239
0.0209461	9.75	34.7453	4	-1	0.14629	87.5359
0.0209461	9.75	34.7451	1	-1	0.1463	87.5419
0.0209873	9.75	34.7362	2	-1	0.14634	87.4925
0.0209875	9.75	34.7275	3	-1	0.14634	87.4925
0.0210289	9.75	34.7326	4	-1	0.14636	87.5045
0.0210289	9.75	34.7324	1	-1	0.14637	87.5105
0.0210702	9.75	34.7233	2	-1	0.1464	87.45
0.0210704	9.75	34.7145	3	-1	0.1464	87.45
0.0211118	9.75	34.7194	4	-1	0.14642	87.4619
0.0211118	9.75	34.7192	1	-1	0.14643	87.4679
0.0211532	9.75	34.7096	2	-1	0.14647	87.4135
0.0211533	9.75	34.7011	3	-1	0.14646	87.4075
0.0211948	9.75	34.7061	4	-1	0.14649	87.4254
0.0211948	9.75	34.7059	1	-1	0.1465	87.4314
0.0212362	9.75	34.6967	2	-1	0.14654	87.377
0.0212364	9.75	34.6884	3	-1	0.14653	87.3711
0.0212778	9.75	34.6932	4	-1	0.14655	87.383
0.0212778	9.75	34.6929	1	-1	0.14656	87.3889
0.0213193	9.75	34.6839	2	-1	0.1466	87.3399
0.0213194	9.75	34.6759	3	-1	0.14659	87.3339
0.0213609	9.75	34.6805	4	-1	0.14662	87.3518
0.0213609	9.75	34.6803	1	-1	0.14663	87.3578
0.0214024	9.75	34.6708	2	-1	0.14666	87.2924
0.0214026	9.75	34.663	3	-1	0.14665	87.2865
0.0214441	9.75	34.6667	4	-1	0.14668	87.3043
0.0214441	9.75	34.6665	1	-1	0.14669	87.3103
0.0214856	9.75	34.6578	2	-1	0.14673	87.2614
0.0214858	9.75	34.6502	3	-1	0.14672	87.2554
0.0215274	9.75	34.6536	4	-1	0.14674	87.2673
0.0215274	9.75	34.6534	1	-1	0.14675	87.2733
0.0215689	9.75	34.6447	2	-1	0.14679	87.2244
0.0215691	9.75	34.6372	3	-1	0.14679	87.2244
0.0216107	9.75	34.6411	4	-1	0.14681	87.2363
0.0216107	9.75	34.6408	1	-1	0.14682	87.2423
0.0216523	9.75	34.6316	2	-1	0.14686	87.1831
0.0216525	9.75	34.6243	3	-1	0.14685	87.1772
0.0216941	9.75	34.6277	4	-1	0.14688	87.195
0.0216941	9.75	34.6275	1	-1	0.14689	87.2009
0.0217358	9.75	34.6186	2	-1	0.14692	87.1412
0.0217359	9.75	34.6115	3	-1	0.14691	87.1352
0.0217776	9.75	34.6145	4	-1	0.14694	87.153
0.0217776	9.75	34.6143	1	-1	0.14695	87.159
0.0218193	9.75	34.6058	2	-1	0.14698	87.1044
0.0218195	9.75	34.5988	3	-1	0.14698	87.1044
0.0218612	9.75	34.6012	4	-1	0.147	87.1163
0.0218612	9.75	34.601	1	-1	0.14701	87.1222
0.0219029	9.75	34.5922	2	-1	0.14705	87.0685
0.0219031	9.75	34.5854	3	-1	0.14704	87.0626
0.0219448	9.75	34.5881	4	-1	0.14707	87.0803
0.0219448	9.75	34.5879	1	-1	0.14708	87.0863
0.0219866	9.75	34.5792	2	-1	0.14711	87.0267
0.0219867	9.75	34.5724	3	-1	0.14711	87.0267
0.0220285	9.75	34.5753	4	-1	0.14713	87.0386
0.0220285	9.75	34.5751	1	-1	0.14714	87.0445
0.0220703	9.75	34.5666	2	-1	0.14718	86.9961
0.0220705	9.75	34.56	3	-1	0.14717	86.9902
0.0221123	9.75	34.5623	4	-1	0.1472	87.0079
0.0221123	9.75	34.5621	1	-1	0.14721	87.0138
0.0221541	9.75	34.5533	2	-1	0.14724	86.9493
0.0221543	9.75	34.5469	3	-1	0.14723	86.9434
0.0221962	9.75	34.5491	4	-1	0.14726	86.9611
0.0221962	9.75	34.5489	1	-1	0.14727	86.967
0.022238	9.75	34.5406	2	-1	0.14731	86.9188
0.0222382	9.75	34.5344	3	-1	0.1473	86.9129
0.0222801	9.75	34.5363	4	-1	0.14732	86.9247
0.0222801	9.75	34.5361	1	-1	0.14733	86.9306
0.022322	9.75	34.5274	2	-1	0.14737	86.8773
0.0223221	9.75	34.5215	3	-1	0.14736	86.8714
0.0223641	9.75	34.5229	4	-1	0.14739	86.8891
0.0223641	9.75	34.5227	1	-1	0.1474	86.895
0.022406	9.75	34.5145	2	-1	0.14744	86.8418
0.0224062	9.75	34.5089	3	-1	0.14743	86.8359
0.0224481	9.75	34.5101	4	-1	0.14745	86.8477
0.0224482	9.75	34.5099	1	-1	0.14746	86.8536
0.0224901	9.75	34.5018	2	-1	0.1475	86.8056
0.0224903	9.75	34.4963	3	-1	0.14749	86.7997
0.0225323	9.75	34.4972	4	-1	0.14752	86.8173
0.0225323	9.75	34.497	1	-1	0.14753	86.8232
0.0225743	9.75	34.4886	2	-1	0.14757	86.7651
0.0225745	9.75	34.4833	3	-1	0.14756	86.7592
0.0226165	9.75	34.4844	4	-1	0.14759	86.7768
0.0226165	9.75	34.4842	1	-1	0.1476	86.7827
0.0226586	9.75	34.476	2	-1	0.14763	86.7238
0.0226587	9.75	34.471	3	-1	0.14762	86.718
0.0227008	9.75	34.4716	4	-1	0.14765	86.7356
0.0227008	9.75	34.4714	1	-1	0.14766	86.7415
0.0227429	9.75	34.4632	2	-1	0.14769	86.6827
0.022743	9.75	34.4582	3	-1	0.14769	86.6827
0.0227852	9.75	34.4581	4	-1	0.14771	86.6944
0.0227852	9.75	34.4579	1	-1	0.14772	86.7003
0.0228273	9.75	34.4501	2	-1	0.14775	86.6467
0.0228274	9.75	34.4451	3	-1	0.14775	86.6467
0.0228696	9.75	34.4452	4	-1	0.14777	86.6585
0.0228696	9.75	34.4449	1	-1	0.14778	86.6643
0.0229118	9.75	34.4369	2	-1	0.14782	86.6116
0.0229119	9.75	34.432	3	-1	0.14782	86.6116
0.0229541	9.75	34.432	4	-1	0.14784	86.6233
0.0229541	9.75	34.4318	1	-1	0.14785	86.6292
0.0229963	9.75	34.424	2	-1	0.14789	86.5765
0.0229965	9.75	34.4192	3	-1	0.14788	86.5707
0.0230387	9.75	34.4195	4	-1	0.14791	86.5882
0.0230387	9.75	34.4193	1	-1	0.14792	86.5941
0.023081	9.75	34.4111	2	-1	0.14795	86.5306
0.0230811	9.75	34.4063	3	-1	0.14795	86.5306
0.0231234	9.75	34.4061	4	-1	0.14797	86.5423
0.0231234	9.75	34.4059	1	-1	0.14798	86.5481
0.0231657	9.75	34.3981	2	-1	0.14801	86.4949
0.0231658	9.75	34.3934	3	-1	0.14801	86.4949
0.0232081	9.75	34.3932	4	-1	0.14803	86.5065
0.0232081	9.75	34.3929	1	-1	0.14804	86.5124
0.0232504	9.75	34.3856	2	-1	0.14808	86.465
0.0232506	9.75	34.3809	3	-1	0.14808	86.465
0.0232929	9.75	34.3805	4	-1	0.1481	86.4767
0.0232929	9.75	34.3803	1	-1	0.14811	86.4825
0.0233353	9.75	34.3724	2	-1	0.14815	86.4252
0.0233354	9.75	34.3679	3	-1	0.14814	86.4193
0.0233778	9.75	34.368	4	-1	0.14817	86.4368
0.0233778	9.75	34.3678	1	-1	0.14818	86.4427
0.0234202	9.75	34.3599	2	-1	0.14821	86.3846
0.0234203	9.75	34.3556	3	-1	0.1482	86.3787
0.0234628	9.75	34.355	4	-1	0.14823	86.3962
0.0234628	9.75	34.3548	1	-1	0.14824	86.4021
0.0235052	9.75	34.3468	2	-1	0.14827	86.344
0.0235053	9.75	34.3425	3	-1	0.14827	86.344
0.0235478	9.75	34.3419	4	-1	0.14829	86.3557
0.0235478	9.75	34.3417	1	-1	0.1483	86.3615
0.0235903	9.75	34.3343	2	-1	0.14834	86.3144
0.0235904	9.75	34.3302	3	-1	0.14833	86.3086
0.0236329	9.75	34.3291	4	-1	0.14836	86.3261
0.0236329	9.75	34.3289	1	-1	0.14837	86.3319
0.0236754	9.75	34.3211	2	-1	0.1484	86.269
0.0236755	9.75	34.317	3	-1	0.1484	86.269
0.0237181	9.75	34.3163	4	-1	0.14842	86.2807
0.0237181	9.75	34.3161	1	-1	0.14843	86.2865
0.0237607	9.75	34.3085	2	-1	0.14847	86.2395
0.0237607	9.75	34.3047	3	-1	0.14846	86.2337
0.0238033	9.75	34.3036	4	-1	0.14849	86.2512
0.0238033	9.75	34.3034	1	-1	0.1485	86.257
0.0238459	9.75	34.2955	2	-1	0.14853	86.1943
0.023846	9.75	34.2918	3	-1	0.14852	86.1885
0.0238887	9.75	34.2906	4	-1	0.14855	86.2059
0.0238887	9.75	34.2904	1	-1	0.14856	86.2117
0.0239313	9.75	34.2827	2	-1	0.1486	86.1599
0.0239314	9.75	34.2793	3	-1	0.14859	86.1541
0.0239741	9.75	34.2774	4	-1	0.14862	86.1715
0.0239741	9.75	34.2772	1	-1	0.14863	86.1773
0.0240168	9.75	34.2701	2	-1	0.14866	86.1198
0.0240168	9.75	34.2667	3	-1	0.14866	86.1198
0.0240596	9.75	34.2648	4	-1	0.14868	86.1314
0.0240596	9.75	34.2646	1	-1	0.14869	86.1372
0.0241023	9.75	34.2571	2	-1	0.14872	86.0798
0.0241024	9.75	34.2537	3	-1	0.14872	86.0798
0.0241451	9.75	34.2515	4	-1	0.14874	86.0913
0.0241451	9.75	34.2513	1	-1	0.14875	86.0971
0.0241879	9.75	34.2444	2	-1	0.14879	86.0505
0.0241879	9.75	34.241	3	-1	0.14879	86.0505
0.0242307	9.75	34.2393	4	-1	0.14881	86.0621
0.0242307	9.75	34.2391	1	-1	0.14882	86.0679
0.0242735	9.75	34.2315	2	-1	0.14885	86.0057
0.0242736	9.75	34.2281	3	-1	0.14885	86.0057
0.0243164	9.75	34.2262	4	-1	0.14887	86.0172
0.0243164	9.75	34.226	1	-1	0.14888	86.023
0.0243593	9.75	34.2189	2	-1	0.14892	85.9766
0.0243593	9.75	34.2155	3	-1	0.14892	85.9766
0.0244022	9.75	34.2135	4	-1	0.14894	85.9881
0.0244022	9.75	34.2133	1	-1	0.14895	85.9939
0.0244451	9.75	34.2059	2	-1	0.14899	85.9376
0.0244452	9.75	34.2027	3	-1	0.14898	85.9318
0.0244881	9.75	34.2011	4	-1	0.14901	85.9491
0.0244881	9.75	34.2009	1	-1	0.14902	85.9549
0.024531	9.75	34.1931	2	-1	0.14905	85.8929
0.024531	9.75	34.1901	3	-1	0.14904	85.8872
0.024574	9.75	34.1878	4	-1	0.14907	85.9045
0.024574	9.75	34.1876	1	-1	0.14908	85.9102
0.0246169	9.75	34.1806	2	-1	0.14911	85.8582
0.024617	9.75	34.1777	3	-1	0.14911	85.8582
0.02466	9.75	34.175	4	-1	0.14913	85.8698
0.02466	9.75	34.1748	1	-1	0.14914	85.8755
0.024703	9.75	34.168	2	-1	0.14918	85.8244
0.024703	9.75	34.1651	3	-1	0.14918	85.8244
0.0247461	9.75	34.1621	4	-1	0.14919	85.8302
0.0247461	9.75	34.1619	1	-1	0.1492	85.8359
0.0247891	9.75	34.1551	2	-1	0.14924	85.7898
0.0247891	9.75	34.1521	3	-1	0.14924	85.7898
0.0248322	9.75	34.1497	4	-1	0.14926	85.8013
0.0248322	9.75	34.1495	1	-1	0.14927	85.8071
0.0248753	9.75	34.1418	2	-1	0.14931	85.7512
0.0248753	9.75	34.1391	3	-1	0.1493	85.7455
0.0249184	9.75	34.1373	4	-1	0.14933	85.7627
0.0249184	9.75	34.1371	1	-1	0.14934	85.7684
0.0249615	9.75	34.1294	2	-1	0.14938	85.7126
0.0249616	9.75	34.1271	3	-1	0.14936	85.7012
0.0250047	9.75	34.1242	4	-1	0.1494	85.7241
0.0250047	9.75	34.124	1	-1	0.14941	85.7299
0.0250479	9.75	34.1174	2	-1	0.14944	85.6733
0.0250479	9.75	34.1153	3	-1	0.14943	85.6676
0.0250911	9.75	34.1109	4	-1	0.14945	85.6791
0.0250911	9.75	34.1107	1	-1	0.14946	85.6848
0.0251343	9.75	34.1043	2	-1	0.1495	85.639
0.0251343	9.75	34.1021	3	-1	0.1495	85.639
0.0251775	9.75	34.0986	4	-1	0.14952	85.6505
0.0251775	9.75	34.0984	1	-1	0.14953	85.6562
0.0252208	9.75	34.0913	2	-1	0.14957	85.6006
0.0252208	9.75	34.0894	3	-1	0.14956	85.5949
0.0252641	9.75	34.0859	4	-1	0.14959	85.6121
0.0252641	9.75	34.0857	1	-1	0.1496	85.6178
0.0253073	9.75	34.0791	2	-1	0.14964	85.5672
0.0253074	9.75	34.0774	3	-1	0.14963	85.5615
0.0253507	9.75	34.0736	4	-1	0.14965	85.573
0.0253507	9.75	34.0734	1	-1	0.14966	85.5787
0.025394	9.75	34.0667	2	-1	0.1497	85.5282
0.025394	9.75	34.0652	3	-1	0.14969	85.5225
0.0254373	9.75	34.0609	4	-1	0.14972	85.5396
0.0254373	9.75	34.0607	1	-1	0.14973	85.5453
0.0254807	9.75	34.0544	2	-1	0.14976	85.4892
0.0254807	9.75	34.0529	3	-1	0.14976	85.4892
0.0255241	9.75	34.0482	4	-1	0.14978	85.5006
0.0255241	9.75	34.048	1	-1	0.14979	85.5063
0.0255675	9.75	34.0416	2	-1	0.14983	85.456
0.0255675	9.75	34.0403	3	-1	0.14982	85.4503
0.0256109	9.75	34.0356	4	-1	0.14985	85.4674
0.0256109	9.75	34.0354	1	-1	0.14986	85.4731
0.0256543	9.75	34.0287	2	-1	0.1499	85.418
0.0256544	9.75	34.0277	3	-1	0.14988	85.4066
0.0256978	9.75	34.023	4	-1	0.14991	85.4237
0.0256978	9.75	34.0228	1	-1	0.14992	85.4294
0.0257413	9.75	34.0161	2	-1	0.14996	85.3792
0.0257413	9.75	34.0153	3	-1	0.14995	85.3735
0.0257848	9.75	34.01	4	-1	0.14998	85.3906
0.0257848	9.75	34.0098	1	-1	0.14999	85.3963
0.0258283	9.75	34.0039	2	-1	0.15002	85.3405
0.0258283	9.75	34.0031	3	-1	0.15002	85.3405
0.0258718	9.75	33.9972	4	-1	0.15004	85.3518
0.0258718	9.75	33.997	1	-1	0.15005	85.3575
0.0259154	9.75	33.9911	2	-1	0.15009	85.3075
0.0259154	9.75	33.9905	3	-1	0.15008	85.3018
0.0259589	9.75	33.9851	4	-1	0.15011	85.3189
0.0259589	9.75	33.9849	1	-1	0.15012	85.3245
0.0260025	9.75	33.9785	2	-1	0.15015	85.2641
0.0260025	9.75	33.9781	3	-1	0.15014	85.2584
0.0260461	9.75	33.9721	4	-1	0.15017	85.2754
0.0260461	9.75	33.9719	1	-1	0.15018	85.2811
0.0260898	9.75	33.9665	2	-1	0.15022	85.236
0.0260898	9.75	33.9663	3	-1	0.15021	85.2304
0.0261334	9.75	33.9594	4	-1	0.15023	85.2417
0.0261334	9.75	33.9592	1	-1	0.15024	85.2474
0.0261771	9.75	33.9535	2	-1	0.15028	85.1976
0.0261771	9.75	33.9533	3	-1	0.15028	85.1976
0.0262208	9.75	33.947	4	-1	0.1503	85.2089
0.0262208	9.75	33.9468	1	-1	0.15031	85.2146
0.0262645	9.75	33.9404	2	-1	0.15035	85.16
0.0262645	9.75	33.9404	3	-1	0.15034	85.1543
0.0263082	9.75	33.9349	4	-1	0.15037	85.1713
0.0263082	9.75	33.9347	1	-1	0.15038	85.177
0.0263519	9.75	33.9278	3	-1	0.1504	85.1112
0.0263519	9.75	33.9276	2	-1	0.15041	85.1169
0.0263957	9.75	33.9218	4	-1	0.15044	85.1338
0.0263957	9.75	33.9216	1	-1	0.15045	85.1395
0.0264395	9.75	33.916	3	-1	0.15047	85.0786
0.0264395	9.75	33.9158	2	-1	0.15048	85.0842
0.0264833	9.75	33.9087	4	-1	0.15049	85.0899
0.0264833	9.75	33.9085	1	-1	0.1505	85.0956
0.0265271	9.75	33.9031	2	-1	0.15054	85.0508
0.0265271	9.75	33.9031	3	-1	0.15054	85.0508
0.0265709	9.75	33.8966	4	-1	0.15056	85.0621
0.0265709	9.75	33.8964	1	-1	0.15057	85.0678
0.0266148	9.75	33.8898	3	-1	0.1506	85.0079
0.0266148	9.75	33.8897	2	-1	0.15061	85.0135
0.0266586	9.75	33.8848	1	-1	0.15064	85.0305
0.0266586	9.75	33.8848	4	-1	0.15064	85.0305
0.0267025	9.75	33.8772	3	-1	0.15065	84.9594
0.0267025	9.75	33.877	2	-1	0.15066	84.965
0.0267464	9.75	33.8717	1	-1	0.1507	84.9876
0.0267464	9.75	33.8717	4	-1	0.1507	84.9876
0.0267904	9.75	33.8656	3	-1	0.15072	84.9318
0.0267904	9.75	33.8654	2	-1	0.15073	84.9375
0.0268343	9.75	33.8588	4	-1	0.15076	84.9544
0.0268343	9.75	33.8586	1	-1	0.15077	84.96
0.0268783	9.75	33.8533	2	-1	0.1508	84.9003
0.0268783	9.75	33.8533	3	-1	0.1508	84.9003
0.0269223	9.75	33.8463	4	-1	0.15082	84.9116
0.0269223	9.75	33.8461	1	-1	0.15083	84.9172
0.0269663	9.75	33.8403	3	-1	0.15086	84.8625
0.0269663	9.75	33.8401	2	-1	0.15087	84.8681
0.0270103	9.75	33.8344	4	-1	0.15089	84.8793
0.0270103	9.75	33.8342	1	-1	0.1509	84.885
0.0270543	9.75	33.8275	3	-1	0.15092	84.8199
0.0270544	9.75	33.8273	2	-1	0.15093	84.8255
0.0270984	9.75	33.8219	1	-1	0.15096	84.8424
0.0270984	9.75	33.8219	4	-1	0.15096	84.8424
0.0271425	9.75	33.8151	3	-1	0.15098	84.7821
0.0271425	9.75	33.8149	2	-1	0.15099	84.7877
0.0271866	9.75	33.8088	4	-1	0.15102	84.8046
0.0271866	9.75	33.8086	1	-1	0.15103	84.8102
0.0272307	9.75	33.8027	3	-1	0.15105	84.7453
0.0272307	9.75	33.8025	2	-1	0.15106	84.7509
0.0272749	9.75	33.7956	4	-1	0.15108	84.7621
0.0272749	9.75	33.7954	1	-1	0.15109	84.7677
0.027319	9.75	33.7907	2	-1	0.15113	84.7236
0.027319	9.75	33.7907	3	-1	0.15113	84.7236
0.0273632	9.75	33.7836	4	-1	0.15114	84.7292
0.0273632	9.75	33.7834	1	-1	0.15115	84.7348
0.0274074	9.75	33.7774	3	-1	0.15118	84.6804
0.0274074	9.75	33.7772	2	-1	0.15119	84.686
0.0274516	9.75	33.7717	4	-1	0.15122	84.7029
0.0274516	9.75	33.7715	1	-1	0.15123	84.7085
0.0274958	9.75	33.7643	3	-1	0.15124	84.6335
0.0274958	9.75	33.7641	2	-1	0.15125	84.6391
0.0275401	9.75	33.7595	1	-1	0.15129	84.6614
0.0275401	9.75	33.7595	4	-1	0.15129	84.6614
0.0275843	9.75	33.7526	3	-1	0.1513	84.596
0.0275843	9.75	33.7524	2	-1	0.15131	84.6016
0.0276286	9.75	33.746	4	-1	0.15134	84.6184
0.0276286	9.75	33.7458	1	-1	0.15135	84.624
0.0276729	9.75	33.7409	2	-1	0.15138	84.5698
0.0276729	9.75	33.7409	3	-1	0.15138	84.5698
0.0277173	9.75	33.733	4	-1	0.1514	84.581
0.0277173	9.75	33.7328	1	-1	0.15141	84.5866
0.0277616	9.75	33.7282	2	-1	0.15144	84.5325
0.0277616	9.75	33.7279	3	-1	0.15146	84.5437
0.027806	9.75	33.7207	4	-1	0.15146	84.5437
0.027806	9.75	33.7205	1	-1	0.15147	84.5493
0.0278504	9.75	33.7155	2	-1	0.15152	84.5111
0.0278504	9.75	33.7152	3	-1	0.15152	84.5111
0.0278948	9.75	33.7095	4	-1	0.15153	84.5167
0.0278948	9.75	33.7093	1	-1	0.15154	84.5223
0.0279392	9.75	33.7026	2	-1	0.15159	84.4748
0.0279392	9.75	33.7026	3	-1	0.15157	84.4636
0.0279836	9.75	33.698	1	-1	0.15161	84.4859
0.0279836	9.75	33.698	4	-1	0.15161	84.4859
0.0280281	9.75	33.6897	3	-1	0.15162	84.4162
0.0280281	9.75	33.6895	2	-1	0.15163	84.4218
0.0280726	9.75	33.6847	1	-1	0.15167	84.4441
0.0280726	9.75	33.6846	4	-1	0.15168	84.4496
0.0281171	9.75	33.6778	3	-1	0.15169	84.3847
0.0281171	9.75	33.6776	2	-1	0.1517	84.3903
0.0281616	9.75	33.6716	1	-1	0.15175	84.4181
0.0281616	9.75	33.6716	4	-1	0.15174	84.4126
0.0282061	9.75	33.6662	3	-1	0.15177	84.3495
0.0282061	9.75	33.666	2	-1	0.15178	84.355
0.0282507	9.75	33.6587	4	-1	0.15179	84.3606
0.0282507	9.75	33.6585	1	-1	0.1518	84.3661
0.0282953	9.75	33.6531	3	-1	0.15184	84.3228
0.0282953	9.75	33.6529	2	-1	0.15185	84.3283
0.0283398	9.75	33.6474	4	-1	0.15186	84.3339
0.0283398	9.75	33.6472	1	-1	0.15187	84.3394
0.0283845	9.75	33.6398	3	-1	0.15189	84.2756
0.0283845	9.75	33.6396	2	-1	0.1519	84.2812
0.0284291	9.75	33.6353	1	-1	0.15193	84.2978
0.0284291	9.75	33.6352	4	-1	0.15194	84.3034
0.0284737	9.75	33.6276	3	-1	0.15195	84.2388
0.0284738	9.75	33.6274	2	-1	0.15196	84.2444
0.0285184	9.75	33.6225	1	-1	0.15201	84.2721
0.0285184	9.75	33.6224	4	-1	0.15201	84.2721
0.0285631	9.75	33.6164	3	-1	0.15202	84.1983
0.0285631	9.75	33.6162	2	-1	0.15203	84.2038
0.0286078	9.75	33.609	4	-1	0.15205	84.2149
0.0286078	9.75	33.6089	1	-1	0.15207	84.226
0.0286525	9.75	33.6046	2	-1	0.1521	84.1727
0.0286526	9.75	33.6044	3	-1	0.15211	84.1782
0.0286973	9.75	33.5965	4	-1	0.15211	84.1782
0.0286973	9.75	33.5964	1	-1	0.15212	84.1837
0.0287421	9.75	33.5916	2	-1	0.15217	84.1462
0.0287421	9.75	33.5914	3	-1	0.15217	84.1462
0.0287868	9.75	33.5851	4	-1	0.15218	84.1517
0.0287868	9.75	33.585	1	-1	0.15219	84.1573
0.0288317	9.75	33.5781	3	-1	0.15222	84.0994
0.0288317	9.75	33.578	2	-1	0.15224	84.1105
0.0288765	9.75	33.5735	1	-1	0.15226	84.1215
0.0288765	9.75	33.5735	4	-1	0.15226	84.1215
0.0289213	9.75	33.5654	3	-1	0.15228	84.0583
0.0289213	9.75	33.5653	2	-1	0.15229	84.0638
0.0289662	9.75	33.5609	1	-1	0.15233	84.0859
0.0289662	9.75	33.5609	4	-1	0.15233	84.0859
0.0290111	9.75	33.5539	3	-1	0.15235	84.0227
0.0290111	9.75	33.5538	2	-1	0.15236	84.0282
0.029056	9.75	33.5476	4	-1	0.15239	84.0448
0.029056	9.75	33.5474	1	-1	0.1524	84.0503
0.0291009	9.75	33.5423	3	-1	0.15242	83.9872
0.0291009	9.75	33.5421	2	-1	0.15243	83.9927
0.0291458	9.75	33.5344	4	-1	0.15244	83.9982
0.0291458	9.75	33.5343	1	-1	0.15245	84.0037
0.0291908	9.75	33.5297	2	-1	0.15249	83.961
0.0291908	9.75	33.5296	3	-1	0.1525	83.9665
0.0292358	9.75	33.5228	4	-1	0.15251	83.972
0.0292358	9.75	33.5226	1	-1	0.15252	83.9775
0.0292808	9.75	33.517	2	-1	0.15257	83.9311
0.0292808	9.75	33.517	3	-1	0.15256	83.9256
0.0293258	9.75	33.5115	4	-1	0.15258	83.9366
0.0293258	9.75	33.5113	1	-1	0.15259	83.9421
0.0293708	9.75	33.5041	3	-1	0.15261	83.8793
0.0293708	9.75	33.5039	2	-1	0.15262	83.8848
0.0294159	9.75	33.4992	1	-1	0.15266	83.9068
0.0294159	9.75	33.4992	4	-1	0.15266	83.9068
0.0294609	9.75	33.4923	3	-1	0.15267	83.8386
0.0294609	9.75	33.4921	2	-1	0.15268	83.844
0.029506	9.75	33.4857	4	-1	0.15271	83.8605
0.029506	9.75	33.4856	1	-1	0.15272	83.866
0.0295511	9.75	33.4808	3	-1	0.15275	83.8134
0.0295511	9.75	33.4807	2	-1	0.15276	83.8189
0.0295963	9.75	33.4726	4	-1	0.15276	83.8189
0.0295963	9.75	33.4725	1	-1	0.15277	83.8244
0.0296414	9.75	33.4682	2	-1	0.15282	83.7875
0.0296414	9.75	33.4681	3	-1	0.15283	83.793
0.0296866	9.75	33.4614	4	-1	0.15283	83.793
0.0296866	9.75	33.4613	1	-1	0.15284	83.7985
0.0297318	9.75	33.455	3	-1	0.15288	83.7469
0.0297318	9.75	33.4548	2	-1	0.1529	83.7579
0.029777	9.75	33.4507	1	-1	0.15292	83.7688
0.029777	9.75	33.4507	4	-1	0.15292	83.7688
0.0298222	9.75	33.442	3	-1	0.15292	83.6909
0.0298222	9.75	33.4418	2	-1	0.15293	83.6964
0.0298675	9.75	33.4379	1	-1	0.15298	83.7237
0.0298675	9.75	33.4377	4	-1	0.15299	83.7292
0.0299127	9.75	33.4312	3	-1	0.153	83.666
0.0299127	9.75	33.4311	2	-1	0.15301	83.6715
0.029958	9.75	33.4241	4	-1	0.15303	83.6824
0.029958	9.75	33.4239	1	-1	0.15305	83.6933
0.0300033	9.75	33.4202	2	-1	0.15307	83.6311
0.0300033	9.75	33.4198	3	-1	0.15309	83.642
0.0300486	9.75	33.4111	4	-1	0.15308	83.6366
0.0300487	9.75	33.411	1	-1	0.15309	83.642
0.030094	9.75	33.4073	2	-1	0.15314	83.61
0.030094	9.75	33.4066	3	-1	0.15316	83.6209
0.0301393	9.75	33.4003	4	-1	0.15315	83.6154
0.0301394	9.75	33.4002	1	-1	0.15316	83.6209
0.0301847	9.75	33.3938	2	-1	0.15323	83.5861
0.0301847	9.75	33.3937	3	-1	0.1532	83.5697
0.0302301	9.75	33.3903	1	-1	0.15324	83.5915
0.0302301	9.75	33.3903	4	-1	0.15324	83.5915
0.0302755	9.75	33.3808	3	-1	0.15324	83.5141
0.0302756	9.75	33.3806	2	-1	0.15326	83.525
0.030321	9.75	33.377	1	-1	0.1533	83.5468
0.030321	9.75	33.3766	4	-1	0.15332	83.5577
0.0303664	9.75	33.3697	3	-1	0.15332	83.4894
0.0303664	9.75	33.3695	2	-1	0.15333	83.4949
0.0304119	9.75	33.3634	1	-1	0.15339	83.5276
0.0304119	9.75	33.3634	4	-1	0.15337	83.5167
0.0304574	9.75	33.3595	2	-1	0.15341	83.4566
0.0304574	9.75	33.3595	3	-1	0.15341	83.4566
0.0305029	9.75	33.3503	4	-1	0.15341	83.4566
0.0305029	9.75	33.3501	1	-1	0.15342	83.4621
0.0305485	9.75	33.3466	2	-1	0.15347	83.4348
0.0305485	9.75	33.3464	3	-1	0.15348	83.4403
0.030594	9.75	33.3395	4	-1	0.15348	83.4403
0.030594	9.75	33.3393	1	-1	0.15349	83.4457
0.0306396	9.75	33.3325	3	-1	0.15353	83.3949
0.0306396	9.75	33.3324	2	-1	0.15355	83.4058
0.0306852	9.75	33.3294	1	-1	0.15356	83.4112
0.0306852	9.75	33.3291	4	-1	0.15358	83.4221
0.0307308	9.75	33.3184	3	-1	0.15356	83.3342
0.0307308	9.75	33.3182	2	-1	0.15357	83.3397
0.0307764	9.75	33.3158	1	-1	0.15362	83.3668
0.0307765	9.75	33.3147	4	-1	0.15367	83.3939
0.0308221	9.75	33.3082	3	-1	0.15363	83.3044
0.0308221	9.75	33.308	2	-1	0.15364	83.3098
0.0308678	9.75	33.301	1	-1	0.15373	83.3586
0.0308678	9.75	33.3004	4	-1	0.1537	83.3424
0.0309134	9.75	33.2996	2	-1	0.15371	83.2575
0.0309135	9.75	33.2989	3	-1	0.15375	83.2792
0.0309592	9.75	33.2869	4	-1	0.15371	83.2575
0.0309592	9.75	33.2868	1	-1	0.15376	83.2846
0.0310049	9.75	33.2865	2	-1	0.15376	83.2305
0.0310049	9.75	33.2845	3	-1	0.15385	83.2792
0.0310506	9.75	33.2758	4	-1	0.15377	83.2359
0.0310506	9.75	33.2756	1	-1	0.15378	83.2413
0.0310964	9.75	33.2699	2	-1	0.15387	83.2405
0.0310965	9.75	33.2675	3	-1	0.15389	83.2513
0.0311422	9.75	33.2692	1	-1	0.15389	83.2513
0.0311422	9.75	33.2691	4	-1	0.1539	83.2567
0.031188	9.75	33.2563	2	-1	0.154	83.2208
0.031188	9.75	33.256	3	-1	0.15387	83.1505
0.0312338	9.75	33.258	1	-1	0.1539	83.1667
0.0312339	9.75	33.2559	4	-1	0.15402	83.2316
0.0312797	9.75	33.2438	3	-1	0.15391	83.1272
0.0312797	9.75	33.2436	2	-1	0.15394	83.1434
0.0313255	9.75	33.2412	1	-1	0.154	83.1758
0.0313256	9.75	33.2379	4	-1	0.15408	83.219
0.0313714	9.75	33.2366	3	-1	0.15402	83.0968
0.0313714	9.75	33.2365	2	-1	0.15403	83.1022
0.0314173	9.75	33.2247	1	-1	0.15415	83.167
0.0314174	9.75	33.2228	4	-1	0.15406	83.1184
0.0314632	9.75	33.2283	2	-1	0.15407	83.0163
0.0314633	9.75	33.2266	3	-1	0.15418	83.0756
0.0315092	9.75	33.2122	4	-1	0.15406	83.0109
0.0315092	9.75	33.2121	1	-1	0.15419	83.081
0.0315551	9.75	33.2132	2	-1	0.15413	82.9905
0.0315552	9.75	33.2093	3	-1	0.15427	83.0659
0.0316011	9.75	33.2031	4	-1	0.15415	83.0013
0.0316011	9.75	33.2029	1	-1	0.15416	83.0067
0.0316471	9.75	33.1948	2	-1	0.15428	83.0445
0.0316472	9.75	33.191	3	-1	0.15427	83.0391
0.0316931	9.75	33.1979	1	-1	0.15426	83.0337
0.0316932	9.75	33.1971	4	-1	0.15431	83.0606
0.0317392	9.75	33.1815	2	-1	0.15443	83.0403
0.0317392	9.75	33.1808	3	-1	0.15423	82.9327
0.0317852	9.75	33.1862	1	-1	0.15427	82.9542
0.0317853	9.75	33.1827	4	-1	0.15444	83.0457
0.0318313	9.75	33.1694	3	-1	0.15427	82.9052
0.0318313	9.75	33.1693	2	-1	0.15432	82.9321
0.0318774	9.75	33.1667	1	-1	0.15439	82.9697
0.0318775	9.75	33.1617	4	-1	0.15449	83.0234
0.0319235	9.75	33.1657	3	-1	0.15442	82.8923
0.0319235	9.75	33.1655	2	-1	0.15443	82.8976
0.0319697	9.75	33.1495	1	-1	0.15458	82.9782
0.0319698	9.75	33.1469	4	-1	0.15443	82.8976
0.0320158	9.75	33.1579	2	-1	0.15443	82.7732
0.0320159	9.75	33.1551	3	-1	0.15461	82.8697
0.032062	9.75	33.1374	4	-1	0.15441	82.7625
0.032062	9.75	33.1373	1	-1	0.15459	82.859
0.0321081	9.75	33.1399	2	-1	0.1545	82.7664
0.0321083	9.75	33.1341	3	-1	0.15469	82.8682
0.0321544	9.75	33.1312	4	-1	0.15453	82.7825
0.0321544	9.75	33.1311	1	-1	0.15454	82.7878
0.0322006	9.75	33.1191	2	-1	0.1547	82.8513
0.0322008	9.75	33.1142	3	-1	0.15465	82.8246
0.0322469	9.75	33.1273	1	-1	0.15462	82.8085
0.0322469	9.75	33.1256	4	-1	0.15473	82.8674
0.0322932	9.75	33.1064	2	-1	0.15487	82.8669
0.0323394	9.75	33.1141	1	-1	0.15463	82.7385
0.0323396	9.75	33.1085	4	-1	0.15488	82.8723
0.0323858	9.75	33.0959	2	-1	0.15467	82.7157
0.032432	9.75	33.0912	1	-1	0.15479	82.7798
0.0324323	9.75	33.0842	4	-1	0.15489	82.8333
0.0324785	9.75	33.0962	3	-1	0.15483	82.6907
0.0324785	9.75	33.096	2	-1	0.15484	82.696
0.0325248	9.75	33.0737	1	-1	0.15502	82.7921
0.0325249	9.75	33.0704	4	-1	0.15478	82.664
0.0325712	9.75	33.0869	2	-1	0.15478	82.5185
0.0325713	9.75	33.0827	3	-1	0.15505	82.6625
0.0326177	9.75	33.0634	1	-1	0.15499	82.6305
0.032664	9.75	33.0662	2	-1	0.15489	82.5508
0.0326642	9.75	33.0588	3	-1	0.15511	82.668
0.0327105	9.75	33.0601	4	-1	0.15492	82.5668
0.0327105	9.75	33.0599	1	-1	0.15493	82.5721
0.0327569	9.75	33.0437	2	-1	0.15512	82.6601
0.0327571	9.75	33.0376	3	-1	0.15503	82.6122
0.0328034	9.75	33.0573	1	-1	0.15497	82.5802
0.0328035	9.75	33.0544	4	-1	0.15516	82.6814
0.03285	9.75	33.0317	2	-1	0.15531	82.7041
0.0328964	9.75	33.0426	1	-1	0.15497	82.523
0.032943	9.75	33.0211	2	-1	0.155	82.4951
0.0329895	9.75	33.0162	1	-1	0.15518	82.5909
0.0329898	9.75	33.0059	4	-1	0.15532	82.6654
0.0330362	9.75	33.0264	3	-1	0.15523	82.4858
0.0330828	9.75	32.9958	1	-1	0.15547	82.6133
0.0332226	9.75	32.9935	2	-1	0.15522	82.2924
0.0332694	9.75	32.9874	1	-1	0.15527	82.3189
0.0333163	9.75	32.9556	3	-1	0.15542	82.4247
0.0333627	9.75	32.9891	1	-1	0.15531	82.3664
0.0334096	9.75	32.9526	2	-1	0.15579	82.564
0.0334561	9.75	32.9732	1	-1	0.15527	82.2884
0.0335031	9.75	32.9452	2	-1	0.1554	82.3311
0.0335497	9.75	32.9406	1	-1	0.15554	82.4053
0.0335502	9.75	32.9251	4	-1	0.15577	82.5272
0.0335967	9.75	32.9574	3	-1	0.1556	82.2802
0.0338311	9.75	32.9117	1	-1	0.15558	82.0007
0.0338784	9.75	32.8719	3	-1	0.15586	82.2784
0.0339249	9.75	32.9213	1	-1	0.15567	82.1781
0.033972	9.75	32.8703	2	-1	0.15628	82.4175
0.0340187	9.75	32.9065	1	-1	0.15554	82.0272
0.0341127	9.75	32.867	1	-1	0.15584	82.2028
0.03416	9.75	32.8848	2	-1	0.15594	82.0866
0.0343014	9.75	32.8304	1	-1	0.1566	82.1702
0.0343481	9.75	32.8567	2	-1	0.15577	81.5891
0.0343956	9.75	32.8339	1	-1	0.15591	81.6625
0.0344433	9.75	32.7883	3	-1	0.15635	82.1468
0.0344899	9.75	32.853	1	-1	0.15607	81.9997
0.03449	9.75	32.8489	4	-1	0.15635	82.1468
0.0345371	9.75	32.7863	2	-1	0.15675	82.2489
0.0345841	9.75	32.8423	1	-1	0.15579	81.7452
0.0347262	9.75	32.807	2	-1	0.15618	81.8682
0.0350578	9.75	32.783	4	-1	0.15661	81.7892
0.0351524	9.75	32.7799	1	-1	0.15609	81.4581
0.0352472	9.75	32.7398	1	-1	0.15628	81.7108
0.0352952	9.75	32.7268	2	-1	0.15657	81.7384
0.0353434	9.75	32.6524	4	-1	0.15691	81.9159
0.0356284	9.75	32.7035	1	-1	0.15681	81.3246
0.0358187	9.75	32.6812	1	-1	0.15646	81.3836
0.0359142	9.75	32.6171	1	-1	0.15714	81.7161
0.0359627	9.75	32.6758	3	-1	0.1573	81.4688
0.0361063	9.75	32.5918	1	-1	0.15813	81.5271
0.0361533	9.75	32.6235	2	-1	0.15681	80.7217
0.0362019	9.75	32.6173	1	-1	0.15703	80.835
0.0362507	9.75	32.5173	3	-1	0.15749	81.4955
0.036393	9.75	32.6279	1	-1	0.15656	81.0017
0.0365377	9.75	32.6026	2	-1	0.15739	81.2629
0.0371155	9.75	32.5081	2	-1	0.15723	81.0172
0.0371652	9.75	32.3417	4	-1	0.15811	81.4706
0.0374538	9.75	32.5017	1	-1	0.15771	80.3741
0.0376462	9.75	32.4699	1	-1	0.15672	80.5717
0.0377934	9.75	32.4792	3	-1	0.15839	80.8896
0.0379385	9.75	32.31	1	-1	0.15977	80.9864
0.0379867	9.75	32.3913	2	-1	0.15773	79.7704
0.03823	9.75	32.3962	1	-1	0.15756	80.3386
0.0383775	9.75	32.3954	2	-1	0.1586	80.6222
0.0393086	9.75	32.2915	1	-1	0.15925	79.9127
0.0395041	9.75	32.25	1	-1	0.15809	80.0132
0.0398994	9.75	32.2082	1	-1	0.1585	79.2144
0.040245	9.75	32.2644	2	-1	0.15905	80.3202
0.0403921	9.75	31.8183	1	-1	0.16261	80.6037
0.0411913	9.75	31.99	4	-1	0.16048	79.1321
0.0416903	9.75	31.913	1	-1	0.16196	79.4935
0.0419908	9.75	31.9178	1	-1	0.16025	79.2689
0.0420414	9.75	31.8463	2	-1	0.16216	80.1701
0.0421444	9.75	31.8591	3	-1	0.16137	79.3402
0.042294	9.75	31.8263	1	-1	0.16254	79.4661
0.0433037	9.75	31.8427	1	-1	0.15915	78.546
0.0437113	9.75	31.8653	1	-1	0.15923	76.8856
0.0440696	9.75	31.7566	3	-1	0.16177	79.3185
0.044219	9.75	31.2932	1	-1	0.16535	79.316
0.0443798	9.75	31.2198	3	-1	0.16286	78.1403
0.0449376	9.75	31.4321	1	-1	0.16422	78.3492
0.044995	9.75	31.2896	3	-1	0.16335	78.0906
0.0451429	9.75	31.5035	1	-1	0.16193	77.8884
0.0455573	9.75	31.3712	1	-1	0.16474	78.3357
0.0457642	9.75	31.4719	1	-1	0.16278	77.703
0.0459207	9.75	31.4249	2	-1	0.16446	78.821
0.0459771	9.75	31.232	4	-1	0.16391	78.5574
0.0462307	9.75	31.401	2	-1	0.16256	76.7734
0.0463407	9.75	31.1816	3	-1	0.1641	77.7688
0.0470154	9.75	31.5177	1	-1	0.16322	76.6507
0.0473814	9.75	31.5183	3	-1	0.16359	78.1381
0.0485862	9.75	31.0741	1	-1	0.16275	77.0852
0.0487024	9.75	30.7555	4	-1	0.16559	78.3413
0.0489064	9.75	30.8794	1	-1	0.16781	77.5641
0.049224	9.75	31.0511	1	-1	0.16369	76.6447
0.0493899	9.75	30.9999	3	-1	0.16545	77.0969
0.0499705	9.75	30.9596	1	-1	0.16395	76.8168
0.0500855	9.75	30.6817	4	-1	0.16659	77.864
0.0506687	9.75	30.7128	2	-1	0.16943	79.8821
0.0516899	9.75	30.4166	1	-1	0.1702	76.9927
0.0517432	9.75	30.6246	2	-1	0.16529	74.4818
0.0520714	9.75	30.7373	2	-1	0.16898	78.464
0.0525673	9.75	30.5689	4	-1	0.16782	75.4281
0.0534883	9.75	30.3382	2	-1	0.1707	77.8954
0.0536057	9.75	30.4873	3	-1	0.16815	75.9382
0.0537652	9.75	30.4681	1	-1	0.17065	76.0777
0.0549706	9.75	30.3698	1	-1	0.16445	75.5779
0.055097	9.75	29.9676	4	-1	0.16866	76.8558
0.0553054	9.75	30.0185	1	-1	0.17146	75.7299
0.0553727	9.75	30.1589	3	-1	0.16995	74.9339
0.0555888	9.75	30.531	2	-1	0.17026	76.5007
0.055635	9.75	30.5182	1	-1	0.16389	73.6386
0.0556996	9.75	30.8044	2	-1	0.16823	76.6214
0.0563092	9.75	30.2059	1	-1	0.16764	74.2427
0.0566488	9.75	29.8758	1	-1	0.17347	75.4545
0.0575511	9.75	30.4917	4	-1	0.16833	73.5837
0.0581112	9.75	29.79	1	-1	0.17315	75.0802
0.0585593	9.75	30.0671	1	-1	0.16572	73.552
0.0589723	9.75	29.8486	3	-1	0.17236	74.0378
0.0590323	9.75	29.7328	4	-1	0.17179	73.793
0.0592404	9.75	30.1372	1	-1	0.16617	73.0385
0.0597036	9.75	29.3453	1	-1	0.17687	74.7012
0.0599338	9.75	29.759	1	-1	0.17151	73.3576
0.0600631	9.75	29.5684	4	-1	0.1731	74.7797
0.0602824	9.75	29.4604	1	-1	0.17539	74.343
0.0607401	9.75	29.5318	1	-1	0.16797	72.1831
0.061184	9.75	38.1655	4	-1	0.1256	52.114
0.061229	9.75	36.8189	2	-1	0.0889	46.406
0.062392	9.75	38.2164	3	-1	0.09432	39.4331
0.0626638	9.75	39.6585	1	-1	0.12479	123.64
