0.00114617	9.05	30.5269	3	-1	0.17871	85.0231
0.00118606	9.05	32.03	1	-1	0.16468	78.3482
0.00122427	9.05	33.0736	3	-1	0.15663	94.4294
0.00126164	9.05	33.8232	4	-1	0.1515	91.3366
0.00129818	9.05	34.3615	3	-1	0.14808	96.93
0.00133439	9.05	34.7582	4	-1	0.1457	95.3721
0.00137011	9.05	35.0461	3	-1	0.14402	97.9461
0.00140575	9.05	35.2603	4	-1	0.14281	97.1232
0.00144105	9.05	35.4159	3	-1	0.14194	98.4191
0.00147639	9.05	35.5318	1	-1	0.14131	97.9822
0.00151149	9.05	35.6153	3	-1	0.14085	98.6414
0.00154668	9.05	35.6772	1	-1	0.14052	98.4103
0.00158168	9.05	35.7202	3	-1	0.14028	98.7401
0.0016168	9.05	35.7527	1	-1	0.1401	98.6134
0.0016168	9.05	35.7527	4	-1	0.1401	98.6134
0.00165176	9.05	35.773	3	-1	0.13998	98.7722
0.00168685	9.05	35.7886	1	-1	0.1399	98.7158
0.00168685	9.05	35.7886	4	-1	0.1399	98.7158
0.00172179	9.05	35.7976	2	-1	0.13985	98.7711
0.00172181	9.05	35.7963	3	-1	0.13985	98.7711
0.0017569	9.05	35.8022	1	-1	0.13982	98.7499
0.0017569	9.05	35.8022	4	-1	0.13982	98.7499
0.00179185	9.05	35.8041	2	-1	0.1398	98.7428
0.00179187	9.05	35.8027	3	-1	0.1398	98.7428
0.00182697	9.05	35.8033	1	-1	0.1398	98.7428
0.00182697	9.05	35.8033	4	-1	0.1398	98.7428
0.00186194	9.05	35.8012	2	-1	0.1398	98.7079
0.00186196	9.05	35.7994	3	-1	0.13981	98.715
0.00189709	9.05	35.7973	1	-1	0.13982	98.722
0.00189709	9.05	35.7973	4	-1	0.13982	98.722
0.00193209	9.05	35.7929	2	-1	0.13984	98.6734
0.00193211	9.05	35.7912	3	-1	0.13984	98.6734
0.00196726	9.05	35.7873	1	-1	0.13986	98.6876
0.00196726	9.05	35.7873	4	-1	0.13986	98.6876
0.00200229	9.05	35.7816	2	-1	0.13988	98.6251
0.00200232	9.05	35.7796	3	-1	0.13989	98.6322
0.00203749	9.05	35.7751	4	-1	0.13991	98.6463
0.0020375	9.05	35.7747	1	-1	0.13992	98.6533
0.00207255	9.05	35.7684	2	-1	0.13994	98.5771
0.00207259	9.05	35.766	3	-1	0.13995	98.5841
0.00210779	9.05	35.7614	4	-1	0.13997	98.5982
0.0021078	9.05	35.7611	1	-1	0.13998	98.6052
0.00214288	9.05	35.7544	2	-1	0.14	98.5291
0.00214292	9.05	35.7517	3	-1	0.14001	98.5361
0.00217816	9.05	35.7472	1	-1	0.14004	98.5573
0.00217816	9.05	35.7472	4	-1	0.14004	98.5573
0.00221328	9.05	35.7403	2	-1	0.14007	98.4883
0.00221332	9.05	35.7375	3	-1	0.14007	98.4883
0.00224859	9.05	35.7328	4	-1	0.1401	98.5094
0.00224859	9.05	35.7325	1	-1	0.14011	98.5164
0.00228374	9.05	35.7254	2	-1	0.14013	98.4335
0.00228379	9.05	35.7224	3	-1	0.14014	98.4406
0.00231909	9.05	35.718	1	-1	0.14017	98.4616
0.00231909	9.05	35.718	4	-1	0.14017	98.4616
0.00235428	9.05	35.7103	2	-1	0.1402	98.386
0.00235432	9.05	35.7069	3	-1	0.14021	98.393
0.00238966	9.05	35.7029	1	-1	0.14024	98.414
0.00238966	9.05	35.7029	4	-1	0.14024	98.414
0.00242488	9.05	35.6952	2	-1	0.14027	98.3385
0.00242493	9.05	35.6915	3	-1	0.14028	98.3455
0.0024603	9.05	35.6878	4	-1	0.1403	98.3595
0.0024603	9.05	35.6875	1	-1	0.14031	98.3665
0.00249555	9.05	35.68	2	-1	0.14034	98.2911
0.0024956	9.05	35.6762	3	-1	0.14034	98.2911
0.00253101	9.05	35.6727	4	-1	0.14037	98.3121
0.00253102	9.05	35.6723	1	-1	0.14038	98.3191
0.00256629	9.05	35.6649	2	-1	0.14041	98.2438
0.00256634	9.05	35.6612	3	-1	0.14041	98.2438
0.00260179	9.05	35.6576	4	-1	0.14044	98.2648
0.0026018	9.05	35.6573	1	-1	0.14045	98.2718
0.0026371	9.05	35.6499	2	-1	0.14048	98.1966
0.00263715	9.05	35.6462	3	-1	0.14048	98.1966
0.00267264	9.05	35.6427	4	-1	0.14051	98.2175
0.00267264	9.05	35.6424	1	-1	0.14052	98.2245
0.00270797	9.05	35.635	2	-1	0.14054	98.1425
0.00270803	9.05	35.631	3	-1	0.14055	98.1494
0.00274356	9.05	35.6278	1	-1	0.14058	98.1704
0.00274356	9.05	35.6278	4	-1	0.14058	98.1704
0.00277892	9.05	35.6204	2	-1	0.14061	98.1023
0.00277898	9.05	35.616	3	-1	0.14062	98.1093
0.00281454	9.05	35.6126	4	-1	0.14064	98.1232
0.00281454	9.05	35.6123	1	-1	0.14065	98.1302
0.00284993	9.05	35.6051	2	-1	0.14068	98.0553
0.00285	9.05	35.6004	3	-1	0.14069	98.0623
0.00288559	9.05	35.5974	4	-1	0.14071	98.0763
0.00288559	9.05	35.5971	1	-1	0.14072	98.0832
0.00292102	9.05	35.59	2	-1	0.14075	98.0085
0.0029211	9.05	35.585	3	-1	0.14076	98.0155
0.00295671	9.05	35.5825	4	-1	0.14078	98.0294
0.00295672	9.05	35.5821	1	-1	0.14079	98.0363
0.00299218	9.05	35.5751	2	-1	0.14082	97.9617
0.00299225	9.05	35.5701	3	-1	0.14082	97.9617
0.0030279	9.05	35.5676	4	-1	0.14085	97.9826
0.00302791	9.05	35.5673	1	-1	0.14086	97.9896
0.0030634	9.05	35.5603	2	-1	0.14089	97.9151
0.00306348	9.05	35.5553	3	-1	0.14089	97.9151
0.00309916	9.05	35.5529	4	-1	0.14092	97.9359
0.00309917	9.05	35.5525	1	-1	0.14093	97.9429
0.00313469	9.05	35.545	2	-1	0.14095	97.8548
0.00313477	9.05	35.5397	3	-1	0.14096	97.8617
0.0031705	9.05	35.5378	4	-1	0.14099	97.8825
0.0031705	9.05	35.5374	1	-1	0.141	97.8895
0.00320605	9.05	35.5301	2	-1	0.14102	97.8083
0.00320614	9.05	35.5244	3	-1	0.14103	97.8152
0.0032419	9.05	35.5229	4	-1	0.14106	97.836
0.0032419	9.05	35.5226	1	-1	0.14107	97.843
0.00327748	9.05	35.5153	2	-1	0.14109	97.7619
0.00327757	9.05	35.5093	3	-1	0.1411	97.7688
0.00331337	9.05	35.5081	4	-1	0.14112	97.7827
0.00331337	9.05	35.5078	1	-1	0.14113	97.7896
0.00334898	9.05	35.5006	2	-1	0.14116	97.7224
0.00334907	9.05	35.4942	3	-1	0.14117	97.7293
0.00338491	9.05	35.4929	4	-1	0.14119	97.7432
0.00338491	9.05	35.4926	1	-1	0.1412	97.7501
0.00342055	9.05	35.4855	2	-1	0.14123	97.6762
0.00342065	9.05	35.4789	3	-1	0.14124	97.6831
0.00345651	9.05	35.4781	4	-1	0.14126	97.6969
0.00345652	9.05	35.4777	1	-1	0.14127	97.7039
0.00349219	9.05	35.4707	2	-1	0.14129	97.6232
0.0034923	9.05	35.4634	3	-1	0.14131	97.637
0.00352819	9.05	35.4634	4	-1	0.14133	97.6508
0.00352819	9.05	35.463	1	-1	0.14134	97.6577
0.00356389	9.05	35.456	2	-1	0.14136	97.5771
0.00356401	9.05	35.4484	3	-1	0.14137	97.584
0.00359993	9.05	35.4488	4	-1	0.1414	97.6047
0.00359994	9.05	35.4484	1	-1	0.14141	97.6117
0.00363567	9.05	35.441	2	-1	0.14143	97.5245
0.00363579	9.05	35.433	3	-1	0.14144	97.5314
0.00367175	9.05	35.4338	4	-1	0.14146	97.5452
0.00367175	9.05	35.4335	1	-1	0.14147	97.5521
0.00370751	9.05	35.4261	2	-1	0.1415	97.4854
0.00370764	9.05	35.4179	3	-1	0.14151	97.4922
0.00374363	9.05	35.4191	4	-1	0.14153	97.506
0.00374364	9.05	35.4188	1	-1	0.14154	97.5129
0.00377942	9.05	35.4115	2	-1	0.14157	97.4396
0.00377955	9.05	35.4029	3	-1	0.14158	97.4465
0.00381558	9.05	35.404	4	-1	0.1416	97.4603
0.00381559	9.05	35.4037	1	-1	0.14161	97.4671
0.00385141	9.05	35.3966	2	-1	0.14164	97.3939
0.00385155	9.05	35.3877	3	-1	0.14165	97.4008
0.00388761	9.05	35.3893	4	-1	0.14167	97.4146
0.00388761	9.05	35.389	1	-1	0.14168	97.4214
0.00392347	9.05	35.3819	2	-1	0.1417	97.3415
0.00392361	9.05	35.3724	3	-1	0.14172	97.3552
0.0039597	9.05	35.3748	4	-1	0.14174	97.369
0.0039597	9.05	35.3744	1	-1	0.14175	97.3758
0.00399559	9.05	35.3669	2	-1	0.14177	97.2893
0.00399574	9.05	35.357	3	-1	0.14178	97.2962
0.00403187	9.05	35.3599	4	-1	0.14181	97.3168
0.00403187	9.05	35.3596	1	-1	0.14182	97.3236
0.00406778	9.05	35.3522	2	-1	0.14184	97.2439
0.00406793	9.05	35.3421	3	-1	0.14185	97.2508
0.0041041	9.05	35.3453	4	-1	0.14187	97.2645
0.0041041	9.05	35.345	1	-1	0.14188	97.2714
0.00414004	9.05	35.3377	2	-1	0.14191	97.2053
0.0041402	9.05	35.3272	3	-1	0.14192	97.2121
0.0041764	9.05	35.3304	4	-1	0.14194	97.2258
0.0041764	9.05	35.33	1	-1	0.14195	97.2327
0.00421237	9.05	35.3229	2	-1	0.14198	97.1601
0.00421254	9.05	35.3121	3	-1	0.14199	97.1669
0.00424876	9.05	35.3157	4	-1	0.14201	97.1806
0.00424877	9.05	35.3154	1	-1	0.14202	97.1874
0.00428477	9.05	35.3078	2	-1	0.14204	97.1014
0.00428494	9.05	35.2964	3	-1	0.14206	97.1151
0.00432121	9.05	35.3009	4	-1	0.14208	97.1288
0.00432121	9.05	35.3006	1	-1	0.14209	97.1356
0.00435724	9.05	35.2932	2	-1	0.14211	97.0564
0.00435742	9.05	35.2811	3	-1	0.14213	97.0701
0.00439372	9.05	35.2864	4	-1	0.14215	97.0837
0.00439372	9.05	35.2861	1	-1	0.14216	97.0906
0.00442978	9.05	35.2788	2	-1	0.14218	97.0115
0.00442997	9.05	35.2661	3	-1	0.1422	97.0251
0.0044663	9.05	35.2715	4	-1	0.14221	97.0319
0.0044663	9.05	35.2712	1	-1	0.14222	97.0388
0.00450239	9.05	35.264	2	-1	0.14225	96.9732
0.00450259	9.05	35.2511	3	-1	0.14226	96.98
0.00453894	9.05	35.257	4	-1	0.14228	96.9937
0.00453895	9.05	35.2567	1	-1	0.14229	97.0005
0.00457507	9.05	35.2491	2	-1	0.14232	96.9218
0.00457527	9.05	35.2358	3	-1	0.14233	96.9286
0.00461166	9.05	35.2423	4	-1	0.14235	96.9423
0.00461167	9.05	35.242	1	-1	0.14236	96.9491
0.00464782	9.05	35.2345	2	-1	0.14239	96.8771
0.00464803	9.05	35.2209	3	-1	0.1424	96.8839
0.00468445	9.05	35.2274	4	-1	0.14242	96.8975
0.00468446	9.05	35.227	1	-1	0.14243	96.9043
0.00472064	9.05	35.2198	2	-1	0.14246	96.8325
0.00472086	9.05	35.2059	3	-1	0.14247	96.8393
0.00475731	9.05	35.2129	4	-1	0.14249	96.8529
0.00475732	9.05	35.2125	1	-1	0.1425	96.8597
0.00479353	9.05	35.2053	2	-1	0.14252	96.7812
0.00479375	9.05	35.1909	3	-1	0.14254	96.7948
0.00483024	9.05	35.1986	4	-1	0.14256	96.8084
0.00483025	9.05	35.1983	1	-1	0.14257	96.8152
0.00486649	9.05	35.1906	2	-1	0.14259	96.7302
0.00486672	9.05	35.1755	3	-1	0.14261	96.7438
0.00490324	9.05	35.184	4	-1	0.14262	96.7506
0.00490324	9.05	35.1837	1	-1	0.14263	96.7573
0.00493952	9.05	35.1762	2	-1	0.14266	96.6924
0.00493976	9.05	35.1605	3	-1	0.14268	96.706
0.00497631	9.05	35.1693	4	-1	0.14269	96.7128
0.00497631	9.05	35.1689	1	-1	0.1427	96.7195
0.00501262	9.05	35.1616	2	-1	0.14273	96.6482
0.00501287	9.05	35.1456	3	-1	0.14274	96.6549
0.00504944	9.05	35.1549	4	-1	0.14276	96.6685
0.00504945	9.05	35.1546	1	-1	0.14277	96.6752
0.00508579	9.05	35.1468	2	-1	0.1428	96.5974
0.00508604	9.05	35.1305	3	-1	0.14281	96.6042
0.00512265	9.05	35.1403	4	-1	0.14283	96.6177
0.00512266	9.05	35.14	1	-1	0.14284	96.6245
0.00515902	9.05	35.1323	2	-1	0.14286	96.5466
0.00515929	9.05	35.1154	3	-1	0.14288	96.5601
0.00519593	9.05	35.1256	4	-1	0.1429	96.5736
0.00519594	9.05	35.1252	1	-1	0.14291	96.5804
0.00523233	9.05	35.1178	2	-1	0.14293	96.5026
0.00523261	9.05	35.1003	3	-1	0.14295	96.5161
0.00526928	9.05	35.1112	4	-1	0.14296	96.5229
0.00526928	9.05	35.1109	1	-1	0.14297	96.5296
0.00530571	9.05	35.103	2	-1	0.143	96.4587
0.005306	9.05	35.0849	3	-1	0.14302	96.4722
0.00534269	9.05	35.0967	4	-1	0.14303	96.4789
0.0053427	9.05	35.0964	1	-1	0.14304	96.4857
0.00537916	9.05	35.0886	2	-1	0.14307	96.4149
0.00537945	9.05	35.0699	3	-1	0.14309	96.4283
0.00541618	9.05	35.0821	4	-1	0.1431	96.4351
0.00541619	9.05	35.0817	1	-1	0.14311	96.4418
0.00545268	9.05	35.0741	2	-1	0.14314	96.3711
0.00545298	9.05	35.0551	3	-1	0.14315	96.3778
0.00548974	9.05	35.0678	4	-1	0.14317	96.3913
0.00548974	9.05	35.0675	1	-1	0.14318	96.398
0.00552628	9.05	35.0595	2	-1	0.14321	96.321
0.00552658	9.05	35.0402	3	-1	0.14322	96.3277
0.00556337	9.05	35.0534	4	-1	0.14324	96.3411
0.00556338	9.05	35.0531	1	-1	0.14325	96.3479
0.00559993	9.05	35.0452	2	-1	0.14327	96.2707
0.00560024	9.05	35.0253	3	-1	0.14329	96.2841
0.00563707	9.05	35.0388	4	-1	0.14331	96.2975
0.00563708	9.05	35.0385	1	-1	0.14332	96.3043
0.00567366	9.05	35.0308	2	-1	0.14334	96.2272
0.00567398	9.05	35.0103	3	-1	0.14336	96.2406
0.00571084	9.05	35.0246	4	-1	0.14337	96.2473
0.00571084	9.05	35.0243	1	-1	0.14338	96.254
0.00574746	9.05	35.0162	2	-1	0.14341	96.1838
0.00574779	9.05	34.9951	3	-1	0.14343	96.1972
0.00578467	9.05	35.0098	4	-1	0.14344	96.2039
0.00578468	9.05	35.0095	1	-1	0.14345	96.2106
0.00582133	9.05	35.0016	2	-1	0.14348	96.1404
0.00582168	9.05	34.9799	3	-1	0.1435	96.1538
0.00585858	9.05	34.9955	4	-1	0.14351	96.1605
0.00585859	9.05	34.9952	1	-1	0.14352	96.1672
0.00589528	9.05	34.9869	2	-1	0.14355	96.0908
0.00589563	9.05	34.9647	3	-1	0.14357	96.1042
0.00593257	9.05	34.9812	4	-1	0.14358	96.1109
0.00593257	9.05	34.9808	1	-1	0.14359	96.1175
0.00596929	9.05	34.9727	2	-1	0.14362	96.0476
0.00596965	9.05	34.9502	3	-1	0.14363	96.0543
0.00600662	9.05	34.9666	4	-1	0.14365	96.0677
0.00600662	9.05	34.9663	1	-1	0.14366	96.0744
0.00604338	9.05	34.9584	2	-1	0.14369	96.0045
0.00604374	9.05	34.9356	3	-1	0.1437	96.0112
0.00608074	9.05	34.9526	4	-1	0.14372	96.0246
0.00608074	9.05	34.9523	1	-1	0.14373	96.0313
0.00611753	9.05	34.9439	2	-1	0.14375	95.9485
0.0061179	9.05	34.9206	3	-1	0.14377	95.9618
0.00615493	9.05	34.9379	4	-1	0.14379	95.9752
0.00615494	9.05	34.9376	1	-1	0.1438	95.9818
0.00619175	9.05	34.9295	2	-1	0.14382	95.9056
0.00619213	9.05	34.9055	3	-1	0.14384	95.9189
0.00622919	9.05	34.9237	4	-1	0.14385	95.9256
0.0062292	9.05	34.9234	1	-1	0.14386	95.9322
0.00626605	9.05	34.9149	2	-1	0.14389	95.8628
0.00626644	9.05	34.8904	3	-1	0.14391	95.8761
0.00630353	9.05	34.9095	4	-1	0.14392	95.8827
0.00630353	9.05	34.9092	1	-1	0.14393	95.8894
0.00634041	9.05	34.9008	2	-1	0.14396	95.82
0.00634081	9.05	34.876	3	-1	0.14397	95.8267
0.00637793	9.05	34.8951	4	-1	0.14399	95.84
0.00637794	9.05	34.8948	1	-1	0.144	95.8466
0.00641485	9.05	34.8861	2	-1	0.14403	95.771
0.00641525	9.05	34.8611	3	-1	0.14404	95.7776
0.00645241	9.05	34.8808	4	-1	0.14406	95.7909
0.00645242	9.05	34.8805	1	-1	0.14407	95.7976
0.00648936	9.05	34.872	2	-1	0.1441	95.7284
0.00648976	9.05	34.8467	3	-1	0.14411	95.7351
0.00652696	9.05	34.8664	4	-1	0.14413	95.7484
0.00652696	9.05	34.8661	1	-1	0.14414	95.755
0.00656394	9.05	34.8574	2	-1	0.14417	95.6796
0.00656435	9.05	34.8318	3	-1	0.14418	95.6862
0.00660158	9.05	34.8521	4	-1	0.1442	95.6995
0.00660158	9.05	34.8518	1	-1	0.14421	95.7061
0.00663858	9.05	34.8433	2	-1	0.14423	95.6306
0.00663901	9.05	34.8172	3	-1	0.14425	95.6438
0.00667626	9.05	34.8377	4	-1	0.14426	95.6504
0.00667627	9.05	34.8374	1	-1	0.14427	95.6571
0.0067133	9.05	34.8291	2	-1	0.1443	95.5946
0.00671374	9.05	34.8024	3	-1	0.14432	95.6078
0.00675102	9.05	34.8238	4	-1	0.14433	95.6144
0.00675102	9.05	34.8235	1	-1	0.14434	95.6211
0.00678809	9.05	34.8147	2	-1	0.14437	95.546
0.00678853	9.05	34.7875	3	-1	0.14439	95.5592
0.00682585	9.05	34.8093	4	-1	0.1444	95.5659
0.00682585	9.05	34.809	1	-1	0.14441	95.5725
0.00686296	9.05	34.8005	2	-1	0.14444	95.5038
0.0068634	9.05	34.773	3	-1	0.14445	95.5104
0.00690075	9.05	34.7954	4	-1	0.14447	95.5237
0.00690075	9.05	34.7951	1	-1	0.14448	95.5303
0.00693789	9.05	34.7862	2	-1	0.14451	95.4554
0.00693834	9.05	34.7584	3	-1	0.14452	95.4621
0.00697572	9.05	34.7809	4	-1	0.14454	95.4753
0.00697572	9.05	34.7806	1	-1	0.14455	95.4819
0.0070129	9.05	34.772	2	-1	0.14458	95.4134
0.00701335	9.05	34.744	3	-1	0.14459	95.42
0.00705076	9.05	34.767	4	-1	0.1446	95.4266
0.00705076	9.05	34.7667	1	-1	0.14461	95.4332
0.00708797	9.05	34.7576	2	-1	0.14464	95.3649
0.00708844	9.05	34.7291	3	-1	0.14466	95.3781
0.00712587	9.05	34.7525	4	-1	0.14467	95.3847
0.00712587	9.05	34.7522	1	-1	0.14468	95.3913
0.00716312	9.05	34.7434	2	-1	0.14471	95.3231
0.00716359	9.05	34.7143	3	-1	0.14473	95.3363
0.00720105	9.05	34.7386	4	-1	0.14474	95.3429
0.00720105	9.05	34.7383	1	-1	0.14475	95.3494
0.00723833	9.05	34.7291	2	-1	0.14478	95.2751
0.00723881	9.05	34.6998	3	-1	0.14479	95.2817
0.0072763	9.05	34.7242	4	-1	0.14481	95.2948
0.00727631	9.05	34.7239	1	-1	0.14482	95.3014
0.00731362	9.05	34.715	2	-1	0.14485	95.2334
0.00731411	9.05	34.6854	3	-1	0.14486	95.24
0.00735163	9.05	34.7104	4	-1	0.14488	95.2531
0.00735163	9.05	34.7101	1	-1	0.14489	95.2597
0.00738898	9.05	34.7008	2	-1	0.14492	95.1856
0.00738947	9.05	34.671	3	-1	0.14493	95.1921
0.00742703	9.05	34.6961	4	-1	0.14495	95.2053
0.00742703	9.05	34.6958	1	-1	0.14496	95.2118
0.00746441	9.05	34.6863	2	-1	0.14499	95.1378
0.00746491	9.05	34.6562	3	-1	0.145	95.1444
0.0075025	9.05	34.6819	4	-1	0.14502	95.1575
0.0075025	9.05	34.6816	1	-1	0.14503	95.164
0.00753992	9.05	34.6724	2	-1	0.14506	95.0964
0.00754042	9.05	34.6421	3	-1	0.14507	95.1029
0.00757804	9.05	34.6678	4	-1	0.14508	95.1095
0.00757804	9.05	34.6675	1	-1	0.14509	95.116
0.00761549	9.05	34.658	2	-1	0.14513	95.055
0.007616	9.05	34.6274	3	-1	0.14514	95.0616
0.00765365	9.05	34.6538	4	-1	0.14515	95.0681
0.00765365	9.05	34.6535	1	-1	0.14516	95.0747
0.00769113	9.05	34.6441	2	-1	0.14519	95.0072
0.00769164	9.05	34.6133	3	-1	0.1452	95.0137
0.00772933	9.05	34.6397	4	-1	0.14522	95.0268
0.00772933	9.05	34.6394	1	-1	0.14523	95.0334
0.00776685	9.05	34.6298	2	-1	0.14526	94.9598
0.00776736	9.05	34.5988	3	-1	0.14527	94.9663
0.00780508	9.05	34.6253	4	-1	0.14529	94.9794
0.00780509	9.05	34.625	1	-1	0.1453	94.9859
0.00784264	9.05	34.6157	2	-1	0.14533	94.9187
0.00784316	9.05	34.5844	3	-1	0.14534	94.9252
0.00788091	9.05	34.6116	4	-1	0.14536	94.9383
0.00788091	9.05	34.6113	1	-1	0.14537	94.9448
0.0079185	9.05	34.6017	2	-1	0.1454	94.8715
0.00791902	9.05	34.5702	3	-1	0.14541	94.878
0.0079568	9.05	34.5974	4	-1	0.14543	94.891
0.00795681	9.05	34.5971	1	-1	0.14544	94.8976
0.00799443	9.05	34.5873	2	-1	0.14547	94.8243
0.00799496	9.05	34.5555	3	-1	0.14548	94.8308
0.00803278	9.05	34.5834	4	-1	0.1455	94.8439
0.00803278	9.05	34.5831	1	-1	0.14551	94.8504
0.00807043	9.05	34.5736	2	-1	0.14554	94.7835
0.00807097	9.05	34.5416	3	-1	0.14555	94.79
0.00810881	9.05	34.5694	4	-1	0.14556	94.7965
0.00810882	9.05	34.5691	1	-1	0.14557	94.803
0.00814651	9.05	34.5593	2	-1	0.14561	94.7427
0.00814705	9.05	34.5271	3	-1	0.14562	94.7492
0.00818492	9.05	34.5551	4	-1	0.14563	94.7557
0.00818493	9.05	34.5548	1	-1	0.14564	94.7622
0.00822266	9.05	34.5453	2	-1	0.14568	94.7019
0.0082232	9.05	34.5131	3	-1	0.14568	94.7019
0.00826111	9.05	34.5415	4	-1	0.1457	94.7149
0.00826111	9.05	34.5412	1	-1	0.14571	94.7214
0.00829887	9.05	34.5313	2	-1	0.14574	94.6487
0.00829942	9.05	34.4989	3	-1	0.14575	94.6552
0.00833736	9.05	34.5274	4	-1	0.14577	94.6681
0.00833737	9.05	34.5271	1	-1	0.14578	94.6746
0.00837516	9.05	34.517	2	-1	0.14581	94.602
0.00837571	9.05	34.4844	3	-1	0.14582	94.6084
0.00841369	9.05	34.5135	4	-1	0.14584	94.6214
0.00841369	9.05	34.5132	1	-1	0.14585	94.6279
0.00845152	9.05	34.5034	2	-1	0.14588	94.5615
0.00845208	9.05	34.4706	3	-1	0.14589	94.568
0.00849009	9.05	34.4997	4	-1	0.14591	94.5809
0.00849009	9.05	34.4994	1	-1	0.14592	94.5874
0.00852796	9.05	34.4894	2	-1	0.14595	94.515
0.00852851	9.05	34.4563	3	-1	0.14596	94.5214
0.00856656	9.05	34.4856	4	-1	0.14598	94.5344
0.00856657	9.05	34.4853	1	-1	0.14599	94.5409
0.00860446	9.05	34.4751	2	-1	0.14602	94.4685
0.00860503	9.05	34.4417	3	-1	0.14603	94.475
0.0086431	9.05	34.4717	4	-1	0.14604	94.4815
0.00864311	9.05	34.4714	1	-1	0.14605	94.4879
0.00868104	9.05	34.4614	2	-1	0.14609	94.4344
0.0086816	9.05	34.4282	3	-1	0.14609	94.4344
0.00871971	9.05	34.4578	4	-1	0.14611	94.4473
0.00871972	9.05	34.4575	1	-1	0.14612	94.4538
0.00875768	9.05	34.4473	2	-1	0.14615	94.3817
0.00875825	9.05	34.4138	3	-1	0.14616	94.3881
0.0087964	9.05	34.4437	4	-1	0.14618	94.401
0.0087964	9.05	34.4434	1	-1	0.14619	94.4075
0.0088344	9.05	34.433	2	-1	0.14622	94.3355
0.00883498	9.05	34.3993	3	-1	0.14623	94.3419
0.00887316	9.05	34.4299	4	-1	0.14625	94.3548
0.00887316	9.05	34.4296	1	-1	0.14626	94.3613
0.00891119	9.05	34.4195	2	-1	0.14629	94.2955
0.00891177	9.05	34.3856	3	-1	0.1463	94.3019
0.00894999	9.05	34.4162	4	-1	0.14632	94.3148
0.00894999	9.05	34.4159	1	-1	0.14633	94.3213
0.00898806	9.05	34.4056	2	-1	0.14636	94.2495
0.00898864	9.05	34.3714	3	-1	0.14637	94.2559
0.00902689	9.05	34.4021	4	-1	0.14639	94.2688
0.0090269	9.05	34.4019	1	-1	0.1464	94.2752
0.009065	9.05	34.3914	2	-1	0.14643	94.2036
0.00906558	9.05	34.357	3	-1	0.14644	94.21
0.00910387	9.05	34.3882	4	-1	0.14646	94.2229
0.00910387	9.05	34.3879	1	-1	0.14647	94.2293
0.009142	9.05	34.3777	2	-1	0.1465	94.1638
0.0091426	9.05	34.3428	3	-1	0.14651	94.1702
0.00918091	9.05	34.3746	4	-1	0.14652	94.1766
0.00918091	9.05	34.3743	1	-1	0.14653	94.1831
0.00921908	9.05	34.3639	2	-1	0.14657	94.1241
0.00921968	9.05	34.329	3	-1	0.14657	94.1241
0.00925803	9.05	34.3607	4	-1	0.14659	94.1369
0.00925803	9.05	34.3604	1	-1	0.1466	94.1433
0.00929624	9.05	34.3498	2	-1	0.14664	94.0784
0.00929684	9.05	34.315	3	-1	0.14664	94.0784
0.00933522	9.05	34.3466	4	-1	0.14666	94.0912
0.00933522	9.05	34.3463	1	-1	0.14667	94.0976
0.00937346	9.05	34.336	2	-1	0.1467	94.0324
0.00937407	9.05	34.301	3	-1	0.14671	94.0388
0.00941248	9.05	34.3333	4	-1	0.14673	94.0517
0.00941248	9.05	34.333	1	-1	0.14674	94.0581
0.00945076	9.05	34.3223	2	-1	0.14677	93.9869
0.00945137	9.05	34.2871	3	-1	0.14678	93.9933
0.00948981	9.05	34.3195	4	-1	0.1468	94.0061
0.00948981	9.05	34.3192	1	-1	0.14681	94.0126
0.00952813	9.05	34.3084	2	-1	0.14684	93.9415
0.00952874	9.05	34.273	3	-1	0.14685	93.9479
0.00956722	9.05	34.3055	4	-1	0.14687	93.9607
0.00956722	9.05	34.3052	1	-1	0.14688	93.9671
0.00960557	9.05	34.2943	2	-1	0.14691	93.8962
0.00960619	9.05	34.2587	3	-1	0.14692	93.9026
0.0096447	9.05	34.2915	4	-1	0.14694	93.9154
0.0096447	9.05	34.2912	1	-1	0.14695	93.9218
0.00968309	9.05	34.2807	2	-1	0.14698	93.857
0.00968371	9.05	34.2451	3	-1	0.14698	93.857
0.00972225	9.05	34.2781	4	-1	0.147	93.8697
0.00972225	9.05	34.2778	1	-1	0.14701	93.8761
0.00976067	9.05	34.2671	2	-1	0.14705	93.8178
0.00976129	9.05	34.2316	3	-1	0.14705	93.8178
0.00979987	9.05	34.2644	4	-1	0.14707	93.8305
0.00979987	9.05	34.2641	1	-1	0.14708	93.8369
0.00983833	9.05	34.2532	2	-1	0.14712	93.7727
0.00983895	9.05	34.2178	3	-1	0.14712	93.7727
0.00987756	9.05	34.2505	4	-1	0.14714	93.7855
0.00987757	9.05	34.2502	1	-1	0.14715	93.7918
0.00991607	9.05	34.2392	2	-1	0.14719	93.7277
0.00991669	9.05	34.2038	3	-1	0.14719	93.7277
0.00995533	9.05	34.2365	4	-1	0.14721	93.7404
0.00995534	9.05	34.2362	1	-1	0.14722	93.7468
0.00999388	9.05	34.2251	2	-1	0.14726	93.6828
0.0099945	9.05	34.1898	3	-1	0.14726	93.6828
0.0100332	9.05	34.223	4	-1	0.14728	93.6955
0.0100332	9.05	34.2227	1	-1	0.14729	93.7019
0.0100718	9.05	34.2119	2	-1	0.14732	93.6376
0.0100724	9.05	34.1764	3	-1	0.14733	93.6439
0.0101111	9.05	34.2096	4	-1	0.14735	93.6566
0.0101111	9.05	34.2093	1	-1	0.14736	93.663
0.0101497	9.05	34.1982	2	-1	0.14739	93.5928
0.0101503	9.05	34.1628	3	-1	0.14739	93.5928
0.0101891	9.05	34.1958	4	-1	0.14741	93.6055
0.0101891	9.05	34.1955	1	-1	0.14742	93.6119
0.0102277	9.05	34.1844	2	-1	0.14746	93.5541
0.0102283	9.05	34.149	3	-1	0.14746	93.5541
0.0102671	9.05	34.1819	4	-1	0.14748	93.5668
0.0102671	9.05	34.1816	1	-1	0.14749	93.5732
0.0103058	9.05	34.1704	2	-1	0.14753	93.5095
0.0103064	9.05	34.1351	3	-1	0.14753	93.5095
0.0103453	9.05	34.168	4	-1	0.14755	93.5222
0.0103453	9.05	34.1677	1	-1	0.14756	93.5286
0.010384	9.05	34.1564	2	-1	0.1476	93.465
0.0103846	9.05	34.1212	3	-1	0.1476	93.465
0.0104235	9.05	34.1545	4	-1	0.14762	93.4777
0.0104235	9.05	34.1543	1	-1	0.14763	93.484
0.0104622	9.05	34.1433	2	-1	0.14767	93.4265
0.0104629	9.05	34.1082	3	-1	0.14767	93.4265
0.0105017	9.05	34.1413	4	-1	0.14769	93.4392
0.0105017	9.05	34.141	1	-1	0.1477	93.4455
0.0105405	9.05	34.1298	2	-1	0.14773	93.3759
0.0105412	9.05	34.0947	3	-1	0.14773	93.3759
0.0105801	9.05	34.1277	4	-1	0.14776	93.3949
0.0105801	9.05	34.1274	1	-1	0.14777	93.4012
0.0106189	9.05	34.1161	2	-1	0.1478	93.3316
0.0106195	9.05	34.0811	3	-1	0.1478	93.3316
0.0106585	9.05	34.1139	4	-1	0.14783	93.3506
0.0106585	9.05	34.1137	1	-1	0.14784	93.3569
0.0106974	9.05	34.1024	2	-1	0.14787	93.2875
0.010698	9.05	34.0674	3	-1	0.14787	93.2875
0.010737	9.05	34.1001	4	-1	0.14789	93.3001
0.010737	9.05	34.0998	1	-1	0.1479	93.3064
0.0107759	9.05	34.0885	2	-1	0.14794	93.2493
0.0107765	9.05	34.0536	3	-1	0.14794	93.2493
0.0108156	9.05	34.0863	4	-1	0.14796	93.2619
0.0108156	9.05	34.086	1	-1	0.14797	93.2682
0.0108545	9.05	34.0746	2	-1	0.14801	93.2053
0.0108551	9.05	34.0398	3	-1	0.14801	93.2053
0.0108942	9.05	34.0727	4	-1	0.14803	93.2179
0.0108942	9.05	34.0724	1	-1	0.14804	93.2242
0.0109332	9.05	34.0614	2	-1	0.14808	93.1672
0.0109338	9.05	34.0264	3	-1	0.14808	93.1672
0.0109729	9.05	34.0597	4	-1	0.1481	93.1798
0.0109729	9.05	34.0594	1	-1	0.14811	93.1861
0.0110119	9.05	34.0481	2	-1	0.14815	93.1234
0.0110126	9.05	34.0132	3	-1	0.14815	93.1234
0.0110517	9.05	34.0464	4	-1	0.14817	93.136
0.0110517	9.05	34.0461	1	-1	0.14818	93.1422
0.0110908	9.05	34.0347	2	-1	0.14822	93.0796
0.0110914	9.05	34.0001	3	-1	0.14821	93.0733
0.0111306	9.05	34.0328	4	-1	0.14824	93.0922
0.0111306	9.05	34.0326	1	-1	0.14825	93.0985
0.0111697	9.05	34.021	2	-1	0.14828	93.0297
0.0111703	9.05	33.9865	3	-1	0.14828	93.0297
0.0112095	9.05	34.0192	4	-1	0.14831	93.0485
0.0112095	9.05	34.0189	1	-1	0.14832	93.0548
0.0112486	9.05	34.0074	2	-1	0.14835	92.9861
0.0112492	9.05	33.9729	3	-1	0.14835	92.9861
0.0112885	9.05	34.0055	4	-1	0.14837	92.9986
0.0112885	9.05	34.0052	1	-1	0.14838	93.0049
0.0113277	9.05	33.9937	2	-1	0.14842	92.9484
0.0113283	9.05	33.9593	3	-1	0.14842	92.9484
0.0113676	9.05	33.9918	4	-1	0.14844	92.9609
0.0113676	9.05	33.9915	1	-1	0.14845	92.9672
0.0114068	9.05	33.9799	2	-1	0.14849	92.905
0.0114074	9.05	33.9456	3	-1	0.14849	92.905
0.0114467	9.05	33.9782	4	-1	0.14851	92.9175
0.0114467	9.05	33.9779	1	-1	0.14852	92.9237
0.011486	9.05	33.9663	2	-1	0.14856	92.8616
0.0114866	9.05	33.932	3	-1	0.14856	92.8616
0.0115259	9.05	33.9646	4	-1	0.14858	92.8741
0.011526	9.05	33.9643	1	-1	0.14859	92.8804
0.0115652	9.05	33.9526	2	-1	0.14863	92.8183
0.0115659	9.05	33.9184	3	-1	0.14863	92.8183
0.0116052	9.05	33.951	4	-1	0.14865	92.8308
0.0116053	9.05	33.9507	1	-1	0.14866	92.8371
0.0116446	9.05	33.939	2	-1	0.1487	92.7751
0.0116452	9.05	33.9049	3	-1	0.1487	92.7751
0.0116846	9.05	33.9374	4	-1	0.14872	92.7876
0.0116846	9.05	33.9372	1	-1	0.14873	92.7939
0.011724	9.05	33.9254	2	-1	0.14877	92.732
0.0117246	9.05	33.8913	3	-1	0.14877	92.732
0.0117641	9.05	33.9241	4	-1	0.14879	92.7445
0.0117641	9.05	33.9239	1	-1	0.1488	92.7507
0.0118035	9.05	33.9125	2	-1	0.14884	92.6948
0.0118041	9.05	33.8785	3	-1	0.14883	92.6885
0.0118436	9.05	33.9114	4	-1	0.14886	92.7072
0.0118436	9.05	33.9111	1	-1	0.14887	92.7135
0.011883	9.05	33.8995	2	-1	0.1489	92.6456
0.0118836	9.05	33.8655	3	-1	0.1489	92.6456
0.0119232	9.05	33.8983	4	-1	0.14893	92.6643
0.0119232	9.05	33.898	1	-1	0.14894	92.6705
0.0119626	9.05	33.8863	2	-1	0.14897	92.6027
0.0119633	9.05	33.8527	3	-1	0.14896	92.5965
0.0120028	9.05	33.8849	4	-1	0.14899	92.6152
0.0120028	9.05	33.8846	1	-1	0.149	92.6214
0.0120423	9.05	33.873	2	-1	0.14904	92.5657
0.012043	9.05	33.8397	3	-1	0.14903	92.5595
0.0120826	9.05	33.8715	4	-1	0.14906	92.5781
0.0120826	9.05	33.8713	1	-1	0.14907	92.5843
0.0121221	9.05	33.8596	2	-1	0.14911	92.523
0.0121227	9.05	33.8267	3	-1	0.1491	92.5168
0.0121624	9.05	33.8582	4	-1	0.14913	92.5354
0.0121624	9.05	33.8579	1	-1	0.14914	92.5416
0.012202	9.05	33.8463	2	-1	0.14918	92.4803
0.0122026	9.05	33.8137	3	-1	0.14917	92.4741
0.0122423	9.05	33.8448	4	-1	0.1492	92.4927
0.0122423	9.05	33.8446	1	-1	0.14921	92.4989
0.0122819	9.05	33.8329	2	-1	0.14924	92.4316
0.0122825	9.05	33.8004	3	-1	0.14924	92.4316
0.0123222	9.05	33.8315	4	-1	0.14927	92.4501
0.0123222	9.05	33.8312	1	-1	0.14928	92.4563
0.0123619	9.05	33.8196	2	-1	0.14931	92.3891
0.0123625	9.05	33.7871	3	-1	0.14931	92.3891
0.0124022	9.05	33.818	4	-1	0.14933	92.4015
0.0124023	9.05	33.8178	1	-1	0.14934	92.4076
0.0124419	9.05	33.8062	2	-1	0.14938	92.3524
0.0124425	9.05	33.7738	3	-1	0.14938	92.3524
0.0124823	9.05	33.8047	4	-1	0.1494	92.3648
0.0124824	9.05	33.8044	1	-1	0.14941	92.3709
0.0125221	9.05	33.7928	2	-1	0.14945	92.3101
0.0125227	9.05	33.7604	3	-1	0.14945	92.3101
0.0125625	9.05	33.7914	4	-1	0.14947	92.3224
0.0125625	9.05	33.7912	1	-1	0.14948	92.3286
0.0126023	9.05	33.7794	2	-1	0.14952	92.2678
0.0126029	9.05	33.7474	3	-1	0.14951	92.2616
0.0126428	9.05	33.7781	4	-1	0.14954	92.2802
0.0126428	9.05	33.7779	1	-1	0.14955	92.2863
0.0126826	9.05	33.7662	2	-1	0.14959	92.2256
0.0126832	9.05	33.7345	3	-1	0.14958	92.2195
0.0127231	9.05	33.7649	4	-1	0.14961	92.238
0.0127231	9.05	33.7646	1	-1	0.14962	92.2441
0.012763	9.05	33.753	2	-1	0.14966	92.1836
0.0127635	9.05	33.7217	3	-1	0.14965	92.1774
0.0128035	9.05	33.7517	4	-1	0.14968	92.1959
0.0128035	9.05	33.7514	1	-1	0.14969	92.202
0.0128434	9.05	33.7398	2	-1	0.14972	92.1354
0.012844	9.05	33.7085	3	-1	0.14972	92.1354
0.012884	9.05	33.7382	4	-1	0.14975	92.1538
0.012884	9.05	33.738	1	-1	0.14976	92.16
0.0129239	9.05	33.7258	2	-1	0.14979	92.0878
0.0129245	9.05	33.6944	3	-1	0.14979	92.0878
0.0129645	9.05	33.7243	4	-1	0.14982	92.1062
0.0129645	9.05	33.724	1	-1	0.14983	92.1124
0.0130045	9.05	33.7122	2	-1	0.14986	92.0459
0.0130051	9.05	33.6807	3	-1	0.14986	92.0459
0.0130451	9.05	33.7107	4	-1	0.14989	92.0644
0.0130451	9.05	33.7105	1	-1	0.1499	92.0705
0.0130851	9.05	33.6987	2	-1	0.14993	92.0042
0.0130857	9.05	33.6674	3	-1	0.14993	92.0042
0.0131258	9.05	33.6973	4	-1	0.14995	92.0164
0.0131258	9.05	33.6971	1	-1	0.14996	92.0226
0.0131659	9.05	33.6854	2	-1	0.15	91.9681
0.0131665	9.05	33.6541	3	-1	0.15	91.9681
0.0132066	9.05	33.6841	4	-1	0.15002	91.9804
0.0132066	9.05	33.6839	1	-1	0.15003	91.9865
0.0132467	9.05	33.6721	2	-1	0.15007	91.9265
0.0132473	9.05	33.6409	3	-1	0.15007	91.9265
0.0132874	9.05	33.671	4	-1	0.15009	91.9387
0.0132875	9.05	33.6708	1	-1	0.1501	91.9449
0.0133276	9.05	33.659	2	-1	0.15014	91.8849
0.0133282	9.05	33.6278	3	-1	0.15014	91.8849
0.0133684	9.05	33.658	4	-1	0.15016	91.8972
0.0133684	9.05	33.6577	1	-1	0.15017	91.9033
0.0134085	9.05	33.6459	2	-1	0.15021	91.8435
0.0134091	9.05	33.6151	3	-1	0.1502	91.8374
0.0134494	9.05	33.6449	4	-1	0.15023	91.8557
0.0134494	9.05	33.6447	1	-1	0.15024	91.8618
0.0134896	9.05	33.6329	2	-1	0.15028	91.8021
0.0134901	9.05	33.6024	3	-1	0.15027	91.796
0.0135304	9.05	33.6319	4	-1	0.1503	91.8143
0.0135304	9.05	33.6317	1	-1	0.15031	91.8204
0.0135707	9.05	33.62	2	-1	0.15035	91.7608
0.0135712	9.05	33.5898	3	-1	0.15034	91.7547
0.0136116	9.05	33.6189	4	-1	0.15036	91.7669
0.0136116	9.05	33.6186	1	-1	0.15037	91.773
0.0136518	9.05	33.6069	2	-1	0.15041	91.719
0.0136524	9.05	33.5767	3	-1	0.15041	91.719
0.0136928	9.05	33.6059	4	-1	0.15043	91.7312
0.0136928	9.05	33.6057	1	-1	0.15044	91.7373
0.0137331	9.05	33.5938	2	-1	0.15048	91.6778
0.0137337	9.05	33.5638	3	-1	0.15048	91.6778
0.0137741	9.05	33.5927	4	-1	0.1505	91.69
0.0137741	9.05	33.5925	1	-1	0.15051	91.6961
0.0138144	9.05	33.5801	2	-1	0.15055	91.6312
0.013815	9.05	33.5501	3	-1	0.15054	91.6251
0.0138554	9.05	33.579	4	-1	0.15057	91.6433
0.0138554	9.05	33.5788	1	-1	0.15058	91.6494
0.0138958	9.05	33.5667	2	-1	0.15062	91.5901
0.0138964	9.05	33.5368	3	-1	0.15062	91.5901
0.0139369	9.05	33.5658	4	-1	0.15064	91.6023
0.0139369	9.05	33.5655	1	-1	0.15065	91.6084
0.0139773	9.05	33.5535	2	-1	0.15069	91.5492
0.0139779	9.05	33.5239	3	-1	0.15068	91.5431
0.0140184	9.05	33.5527	4	-1	0.15071	91.5614
0.0140184	9.05	33.5525	1	-1	0.15072	91.5674
0.0140588	9.05	33.5406	2	-1	0.15076	91.5083
0.0140594	9.05	33.5113	3	-1	0.15075	91.5023
0.0141	9.05	33.5398	4	-1	0.15078	91.5205
0.0141	9.05	33.5396	1	-1	0.15079	91.5266
0.0141405	9.05	33.5278	2	-1	0.15083	91.4676
0.014141	9.05	33.4988	3	-1	0.15082	91.4615
0.0141816	9.05	33.527	4	-1	0.15085	91.4797
0.0141816	9.05	33.5267	1	-1	0.15086	91.4857
0.0142222	9.05	33.515	2	-1	0.1509	91.4268
0.0142227	9.05	33.4863	3	-1	0.15089	91.4208
0.0142633	9.05	33.5142	4	-1	0.15092	91.439
0.0142634	9.05	33.514	1	-1	0.15093	91.445
0.0143039	9.05	33.5018	2	-1	0.15096	91.3746
0.0143045	9.05	33.4731	3	-1	0.15096	91.3746
0.0143452	9.05	33.5006	4	-1	0.15099	91.3928
0.0143452	9.05	33.5003	1	-1	0.151	91.3988
0.0143858	9.05	33.4884	2	-1	0.15103	91.3341
0.0143863	9.05	33.4598	3	-1	0.15103	91.3341
0.014427	9.05	33.4873	4	-1	0.15105	91.3462
0.014427	9.05	33.487	1	-1	0.15106	91.3522
0.0144677	9.05	33.4753	2	-1	0.1511	91.2991
0.0144683	9.05	33.4467	3	-1	0.1511	91.2991
0.014509	9.05	33.4743	4	-1	0.15112	91.3112
0.014509	9.05	33.4741	1	-1	0.15113	91.3172
0.0145497	9.05	33.4623	2	-1	0.15117	91.2587
0.0145503	9.05	33.4338	3	-1	0.15117	91.2587
0.014591	9.05	33.4616	4	-1	0.15119	91.2708
0.014591	9.05	33.4613	1	-1	0.1512	91.2768
0.0146318	9.05	33.4495	2	-1	0.15124	91.2183
0.0146323	9.05	33.4213	3	-1	0.15123	91.2123
0.0146731	9.05	33.4488	4	-1	0.15126	91.2304
0.0146731	9.05	33.4486	1	-1	0.15127	91.2364
0.0147139	9.05	33.4364	2	-1	0.15131	91.1726
0.0147145	9.05	33.4085	3	-1	0.1513	91.1665
0.0147553	9.05	33.4353	4	-1	0.15133	91.1846
0.0147553	9.05	33.435	1	-1	0.15134	91.1906
0.0147961	9.05	33.4232	2	-1	0.15138	91.1324
0.0147967	9.05	33.3956	3	-1	0.15137	91.1264
0.0148376	9.05	33.4222	4	-1	0.1514	91.1444
0.0148376	9.05	33.422	1	-1	0.15141	91.1504
0.0148784	9.05	33.4103	2	-1	0.15145	91.0923
0.014879	9.05	33.3831	3	-1	0.15144	91.0863
0.0149199	9.05	33.4094	4	-1	0.15147	91.1043
0.0149199	9.05	33.4092	1	-1	0.15148	91.1103
0.0149608	9.05	33.3976	2	-1	0.15152	91.0522
0.0149613	9.05	33.3707	3	-1	0.15151	91.0462
0.0150023	9.05	33.3967	4	-1	0.15153	91.0582
0.0150023	9.05	33.3964	1	-1	0.15154	91.0642
0.0150433	9.05	33.3848	2	-1	0.15158	91.0117
0.0150438	9.05	33.3579	3	-1	0.15158	91.0117
0.0150848	9.05	33.3836	4	-1	0.1516	91.0237
0.0150848	9.05	33.3833	1	-1	0.15161	91.0297
0.0151258	9.05	33.3713	2	-1	0.15166	90.9723
0.0151263	9.05	33.345	3	-1	0.15164	90.9604
0.0151674	9.05	33.3705	4	-1	0.15168	90.9843
0.0151674	9.05	33.3703	1	-1	0.15169	90.9903
0.0152084	9.05	33.3586	2	-1	0.15173	90.9271
0.0152089	9.05	33.3328	3	-1	0.15171	90.9151
0.01525	9.05	33.3576	4	-1	0.15174	90.9331
0.01525	9.05	33.3573	1	-1	0.15175	90.9391
0.0152911	9.05	33.3458	2	-1	0.15179	90.8868
0.0152916	9.05	33.3203	3	-1	0.15178	90.8808
0.0153327	9.05	33.3449	4	-1	0.15181	90.8987
0.0153327	9.05	33.3447	1	-1	0.15182	90.9047
0.0153738	9.05	33.3328	2	-1	0.15186	90.8417
0.0153743	9.05	33.3076	3	-1	0.15185	90.8357
0.0154155	9.05	33.3315	4	-1	0.15188	90.8536
0.0154155	9.05	33.3312	1	-1	0.15189	90.8596
0.0154566	9.05	33.3197	2	-1	0.15193	90.8021
0.0154571	9.05	33.2948	3	-1	0.15192	90.7961
0.0154983	9.05	33.3186	4	-1	0.15195	90.814
0.0154983	9.05	33.3183	1	-1	0.15196	90.82
0.0155395	9.05	33.307	2	-1	0.152	90.7625
0.01554	9.05	33.2824	3	-1	0.15199	90.7566
0.0155813	9.05	33.306	4	-1	0.15202	90.7745
0.0155813	9.05	33.3057	1	-1	0.15203	90.7804
0.0156225	9.05	33.2945	2	-1	0.15207	90.7231
0.015623	9.05	33.2702	3	-1	0.15206	90.7171
0.0156643	9.05	33.2929	4	-1	0.15208	90.729
0.0156643	9.05	33.2927	1	-1	0.15209	90.735
0.0157055	9.05	33.2811	2	-1	0.15214	90.6837
0.015706	9.05	33.2571	3	-1	0.15213	90.6777
0.0157474	9.05	33.2801	4	-1	0.15216	90.6956
0.0157474	9.05	33.2798	1	-1	0.15217	90.7016
0.0157887	9.05	33.2683	2	-1	0.15221	90.639
0.0157891	9.05	33.2449	3	-1	0.15219	90.627
0.0158305	9.05	33.2674	4	-1	0.15223	90.6509
0.0158305	9.05	33.2671	1	-1	0.15224	90.6568
0.0158719	9.05	33.2559	2	-1	0.15227	90.5938
0.0158723	9.05	33.2327	3	-1	0.15226	90.5878
0.0159137	9.05	33.2544	4	-1	0.15229	90.6057
0.0159137	9.05	33.2541	1	-1	0.1523	90.6116
0.0159551	9.05	33.2427	2	-1	0.15234	90.5546
0.0159556	9.05	33.2196	3	-1	0.15233	90.5487
0.015997	9.05	33.2413	4	-1	0.15236	90.5665
0.0159971	9.05	33.241	1	-1	0.15237	90.5724
0.0160385	9.05	33.2298	2	-1	0.15241	90.5155
0.0160389	9.05	33.207	3	-1	0.1524	90.5096
0.0160804	9.05	33.2286	4	-1	0.15243	90.5274
0.0160804	9.05	33.2284	1	-1	0.15244	90.5333
0.0161219	9.05	33.2173	2	-1	0.15248	90.4765
0.0161224	9.05	33.1948	3	-1	0.15247	90.4705
0.0161639	9.05	33.2159	4	-1	0.1525	90.4883
0.0161639	9.05	33.2157	1	-1	0.15251	90.4943
0.0162054	9.05	33.2043	2	-1	0.15255	90.4322
0.0162059	9.05	33.1818	3	-1	0.15254	90.4262
0.0162474	9.05	33.2029	4	-1	0.15257	90.444
0.0162474	9.05	33.2027	1	-1	0.15258	90.4499
0.016289	9.05	33.1915	2	-1	0.15262	90.3933
0.0162894	9.05	33.1693	3	-1	0.15261	90.3873
0.016331	9.05	33.1903	4	-1	0.15264	90.4051
0.016331	9.05	33.1901	1	-1	0.15265	90.411
0.0163726	9.05	33.179	2	-1	0.15268	90.3485
0.0163731	9.05	33.1569	3	-1	0.15268	90.3485
0.0164147	9.05	33.1773	4	-1	0.1527	90.3604
0.0164147	9.05	33.1771	1	-1	0.15271	90.3663
0.0164563	9.05	33.1658	2	-1	0.15276	90.3157
0.0164568	9.05	33.144	3	-1	0.15275	90.3098
0.0164985	9.05	33.1647	4	-1	0.15278	90.3275
0.0164985	9.05	33.1644	1	-1	0.15279	90.3335
0.0165401	9.05	33.1533	2	-1	0.15283	90.2717
0.0165406	9.05	33.1319	3	-1	0.15281	90.2599
0.0165823	9.05	33.1521	4	-1	0.15284	90.2776
0.0165823	9.05	33.1518	1	-1	0.15285	90.2835
0.016624	9.05	33.1404	2	-1	0.15289	90.2272
0.0166245	9.05	33.1193	3	-1	0.15288	90.2213
0.0166662	9.05	33.1388	4	-1	0.15291	90.239
0.0166662	9.05	33.1385	1	-1	0.15292	90.2449
0.016708	9.05	33.1276	2	-1	0.15296	90.1887
0.0167084	9.05	33.1068	3	-1	0.15295	90.1828
0.0167502	9.05	33.1261	4	-1	0.15298	90.2005
0.0167502	9.05	33.1259	1	-1	0.15299	90.2064
0.016792	9.05	33.1152	2	-1	0.15303	90.1502
0.0167924	9.05	33.0947	3	-1	0.15302	90.1443
0.0168343	9.05	33.1134	4	-1	0.15305	90.162
0.0168343	9.05	33.1132	1	-1	0.15306	90.1679
0.0168761	9.05	33.1021	2	-1	0.1531	90.1065
0.0168765	9.05	33.0819	3	-1	0.15309	90.1006
0.0169184	9.05	33.1007	4	-1	0.15312	90.1183
0.0169184	9.05	33.1004	1	-1	0.15313	90.1242
0.0169603	9.05	33.0896	2	-1	0.15317	90.0682
0.0169607	9.05	33.0697	3	-1	0.15316	90.0623
0.0170026	9.05	33.0883	4	-1	0.15319	90.08
0.0170026	9.05	33.088	1	-1	0.1532	90.0859
0.0170445	9.05	33.077	2	-1	0.15324	90.0247
0.0170449	9.05	33.0574	3	-1	0.15323	90.0188
0.0170869	9.05	33.0753	4	-1	0.15326	90.0364
0.0170869	9.05	33.075	1	-1	0.15327	90.0423
0.0171289	9.05	33.0643	2	-1	0.1533	89.9806
0.0171293	9.05	33.0447	3	-1	0.1533	89.9806
0.0171713	9.05	33.0626	4	-1	0.15332	89.9924
0.0171713	9.05	33.0624	1	-1	0.15333	89.9982
0.0172133	9.05	33.0518	2	-1	0.15337	89.9478
0.0172137	9.05	33.0323	3	-1	0.15337	89.9478
0.0172557	9.05	33.05	4	-1	0.15339	89.9595
0.0172557	9.05	33.0497	1	-1	0.1534	89.9654
0.0172978	9.05	33.0388	2	-1	0.15345	89.9104
0.0172982	9.05	33.0198	3	-1	0.15343	89.8986
0.0173402	9.05	33.0375	4	-1	0.15347	89.9221
0.0173402	9.05	33.0373	1	-1	0.15348	89.9279
0.0173823	9.05	33.0265	2	-1	0.15351	89.8613
0.0173827	9.05	33.0077	3	-1	0.1535	89.8554
0.0174248	9.05	33.0246	4	-1	0.15353	89.873
0.0174248	9.05	33.0243	1	-1	0.15354	89.8788
0.0174669	9.05	33.0135	2	-1	0.15358	89.8234
0.0174673	9.05	32.995	3	-1	0.15357	89.8175
0.0175095	9.05	33.0118	4	-1	0.1536	89.8351
0.0175095	9.05	33.0116	1	-1	0.15361	89.8409
0.0175517	9.05	33.0011	2	-1	0.15365	89.7855
0.017552	9.05	32.9829	3	-1	0.15364	89.7797
0.0175942	9.05	32.9992	4	-1	0.15367	89.7972
0.0175943	9.05	32.9989	1	-1	0.15368	89.8031
0.0176364	9.05	32.9881	2	-1	0.15372	89.7425
0.0176368	9.05	32.9702	3	-1	0.15371	89.7367
0.0176791	9.05	32.9865	4	-1	0.15374	89.7542
0.0176791	9.05	32.9863	1	-1	0.15375	89.7601
0.0177213	9.05	32.9758	2	-1	0.15379	89.7049
0.0177217	9.05	32.9581	3	-1	0.15378	89.699
0.017764	9.05	32.9739	4	-1	0.15381	89.7165
0.017764	9.05	32.9736	1	-1	0.15382	89.7224
0.0178062	9.05	32.963	2	-1	0.15386	89.662
0.0178066	9.05	32.9455	3	-1	0.15385	89.6562
0.0178489	9.05	32.9613	4	-1	0.15388	89.6737
0.0178489	9.05	32.9611	1	-1	0.15389	89.6795
0.0178913	9.05	32.9507	2	-1	0.15393	89.6245
0.0178916	9.05	32.9338	3	-1	0.15391	89.6128
0.017934	9.05	32.9487	4	-1	0.15395	89.6361
0.017934	9.05	32.9484	1	-1	0.15396	89.6419
0.0179764	9.05	32.938	2	-1	0.154	89.5818
0.0179767	9.05	32.9215	3	-1	0.15398	89.5701
0.0180191	9.05	32.9361	4	-1	0.15402	89.5934
0.0180191	9.05	32.9358	1	-1	0.15403	89.5992
0.0180615	9.05	32.9257	2	-1	0.15406	89.5385
0.0180619	9.05	32.9096	3	-1	0.15405	89.5327
0.0181043	9.05	32.9233	4	-1	0.15408	89.5502
0.0181043	9.05	32.923	1	-1	0.15409	89.556
0.0181468	9.05	32.9128	2	-1	0.15413	89.5012
0.0181471	9.05	32.8967	3	-1	0.15413	89.5012
0.0181896	9.05	32.9108	4	-1	0.15415	89.5128
0.0181896	9.05	32.9106	1	-1	0.15416	89.5186
0.0182321	9.05	32.9005	2	-1	0.1542	89.4639
0.0182324	9.05	32.8846	3	-1	0.15419	89.4581
0.018275	9.05	32.8983	4	-1	0.15422	89.4755
0.018275	9.05	32.898	1	-1	0.15423	89.4813
0.0183175	9.05	32.8878	2	-1	0.15428	89.4273
0.0183178	9.05	32.8724	3	-1	0.15426	89.4157
0.0183604	9.05	32.8859	4	-1	0.15429	89.4331
0.0183604	9.05	32.8857	1	-1	0.1543	89.4389
0.018403	9.05	32.8756	2	-1	0.15434	89.3844
0.0184033	9.05	32.8605	3	-1	0.15433	89.3786
0.0184459	9.05	32.8734	4	-1	0.15436	89.396
0.0184459	9.05	32.8732	1	-1	0.15437	89.4017
0.0184885	9.05	32.8629	2	-1	0.15441	89.3421
0.0184888	9.05	32.8481	3	-1	0.1544	89.3363
0.0185315	9.05	32.861	4	-1	0.15443	89.3537
0.0185315	9.05	32.8608	1	-1	0.15444	89.3595
0.0185741	9.05	32.8504	2	-1	0.15448	89.3
0.0185745	9.05	32.836	3	-1	0.15446	89.2884
0.0186171	9.05	32.8481	4	-1	0.1545	89.3115
0.0186171	9.05	32.8478	1	-1	0.15451	89.3173
0.0186598	9.05	32.8381	2	-1	0.15455	89.263
0.0186601	9.05	32.8241	3	-1	0.15454	89.2572
0.0187029	9.05	32.8359	4	-1	0.15457	89.2746
0.0187029	9.05	32.8357	1	-1	0.15458	89.2804
0.0187456	9.05	32.8257	2	-1	0.15461	89.2152
0.0187459	9.05	32.8116	3	-1	0.15461	89.2152
0.0187887	9.05	32.8232	4	-1	0.15464	89.2325
0.0187887	9.05	32.823	1	-1	0.15465	89.2383
0.0188315	9.05	32.8134	2	-1	0.15468	89.1784
0.0188318	9.05	32.7994	3	-1	0.15468	89.1784
0.0188746	9.05	32.8105	4	-1	0.1547	89.19
0.0188746	9.05	32.8103	1	-1	0.15471	89.1957
0.0189174	9.05	32.8005	2	-1	0.15475	89.1417
0.0189177	9.05	32.7865	3	-1	0.15475	89.1417
0.0189606	9.05	32.7982	4	-1	0.15477	89.1532
0.0189606	9.05	32.7979	1	-1	0.15478	89.159
0.0190034	9.05	32.7882	2	-1	0.15482	89.105
0.0190037	9.05	32.7744	3	-1	0.15481	89.0993
0.0190466	9.05	32.7859	1	-1	0.15485	89.1223
0.0190466	9.05	32.7859	4	-1	0.15485	89.1223
0.0190895	9.05	32.7758	2	-1	0.15489	89.0633
0.0190898	9.05	32.7623	3	-1	0.15488	89.0576
0.0191327	9.05	32.7737	4	-1	0.15491	89.0748
0.0191327	9.05	32.7734	1	-1	0.15492	89.0806
0.0191757	9.05	32.7633	2	-1	0.15496	89.0217
0.0191759	9.05	32.7501	3	-1	0.15495	89.0159
0.0192189	9.05	32.7608	4	-1	0.15498	89.0331
0.0192189	9.05	32.7606	1	-1	0.15499	89.0389
0.0192619	9.05	32.7511	2	-1	0.15503	88.9852
0.0192622	9.05	32.7381	3	-1	0.15502	88.9795
0.0193052	9.05	32.7483	4	-1	0.15505	88.9967
0.0193052	9.05	32.7481	1	-1	0.15506	89.0024
0.0193482	9.05	32.7384	2	-1	0.1551	88.9437
0.0193485	9.05	32.7257	3	-1	0.15509	88.938
0.0193915	9.05	32.7361	4	-1	0.15512	88.9552
0.0193915	9.05	32.7359	1	-1	0.15513	88.9609
0.0194346	9.05	32.726	2	-1	0.15517	88.9023
0.0194349	9.05	32.7135	3	-1	0.15516	88.8965
0.019478	9.05	32.7234	4	-1	0.15519	88.9137
0.019478	9.05	32.7231	1	-1	0.1552	88.9194
0.0195211	9.05	32.7139	2	-1	0.15524	88.866
0.0195213	9.05	32.7016	3	-1	0.15523	88.8603
0.0195645	9.05	32.7109	4	-1	0.15526	88.8774
0.0195645	9.05	32.7107	1	-1	0.15527	88.8832
0.0196076	9.05	32.7013	2	-1	0.15531	88.8247
0.0196079	9.05	32.6893	3	-1	0.1553	88.819
0.0196511	9.05	32.6988	4	-1	0.15533	88.8361
0.0196511	9.05	32.6986	1	-1	0.15534	88.8419
0.0196942	9.05	32.6889	2	-1	0.15538	88.7835
0.0196945	9.05	32.6774	3	-1	0.15536	88.7721
0.0197377	9.05	32.6861	4	-1	0.1554	88.7949
0.0197377	9.05	32.6859	1	-1	0.15541	88.8006
0.0197809	9.05	32.6768	2	-1	0.15544	88.7417
0.0197812	9.05	32.6653	3	-1	0.15544	88.7417
0.0198245	9.05	32.6735	4	-1	0.15546	88.7531
0.0198245	9.05	32.6733	1	-1	0.15547	88.7588
0.0198677	9.05	32.6641	2	-1	0.15551	88.7057
0.019868	9.05	32.6526	3	-1	0.15551	88.7057
0.0199113	9.05	32.6614	4	-1	0.15553	88.7171
0.0199113	9.05	32.6612	1	-1	0.15554	88.7228
0.0199546	9.05	32.6516	2	-1	0.15558	88.6647
0.0199548	9.05	32.6404	3	-1	0.15557	88.659
0.0199982	9.05	32.6489	4	-1	0.15561	88.6818
0.0199982	9.05	32.6487	1	-1	0.15562	88.6875
0.0200415	9.05	32.6397	2	-1	0.15565	88.6238
0.0200418	9.05	32.6287	3	-1	0.15564	88.6181
0.0200851	9.05	32.6364	4	-1	0.15567	88.6352
0.0200851	9.05	32.6362	1	-1	0.15568	88.6409
0.0201285	9.05	32.6273	2	-1	0.15572	88.588
0.0201288	9.05	32.6165	3	-1	0.15571	88.5823
0.0201722	9.05	32.6243	4	-1	0.15574	88.5994
0.0201722	9.05	32.6241	1	-1	0.15575	88.6051
0.0202156	9.05	32.615	2	-1	0.15579	88.5472
0.0202158	9.05	32.6045	3	-1	0.15578	88.5415
0.0202593	9.05	32.6118	4	-1	0.15581	88.5586
0.0202593	9.05	32.6116	1	-1	0.15582	88.5643
0.0203028	9.05	32.603	2	-1	0.15586	88.5116
0.020303	9.05	32.5928	3	-1	0.15585	88.5059
0.0203465	9.05	32.5996	4	-1	0.15588	88.5229
0.0203465	9.05	32.5994	1	-1	0.15589	88.5286
0.02039	9.05	32.5906	2	-1	0.15593	88.4709
0.0203902	9.05	32.5806	3	-1	0.15592	88.4652
0.0204338	9.05	32.5872	4	-1	0.15595	88.4823
0.0204338	9.05	32.587	1	-1	0.15596	88.4879
0.0204773	9.05	32.578	2	-1	0.156	88.4304
0.0204776	9.05	32.5683	3	-1	0.15599	88.4247
0.0205211	9.05	32.5751	4	-1	0.15602	88.4417
0.0205212	9.05	32.5749	1	-1	0.15603	88.4474
0.0205647	9.05	32.5659	2	-1	0.15607	88.3899
0.020565	9.05	32.5564	3	-1	0.15606	88.3842
0.0206086	9.05	32.5626	4	-1	0.15609	88.4012
0.0206086	9.05	32.5624	1	-1	0.1561	88.4069
0.0206522	9.05	32.5539	2	-1	0.15613	88.3488
0.0206524	9.05	32.5444	3	-1	0.15613	88.3488
0.0206961	9.05	32.5502	4	-1	0.15615	88.3601
0.0206961	9.05	32.55	1	-1	0.15616	88.3658
0.0207398	9.05	32.5413	2	-1	0.1562	88.3135
0.02074	9.05	32.5318	3	-1	0.1562	88.3135
0.0207837	9.05	32.538	4	-1	0.15623	88.3304
0.0207837	9.05	32.5378	1	-1	0.15624	88.3361
0.0208274	9.05	32.5289	2	-1	0.15628	88.2738
0.0208276	9.05	32.5199	3	-1	0.15626	88.2625
0.0208713	9.05	32.526	4	-1	0.1563	88.2851
0.0208714	9.05	32.5258	1	-1	0.15631	88.2908
0.0209151	9.05	32.5169	2	-1	0.15634	88.228
0.0209153	9.05	32.5081	3	-1	0.15633	88.2223
0.0209591	9.05	32.5132	4	-1	0.15636	88.2393
0.0209591	9.05	32.513	1	-1	0.15637	88.2449
0.0210029	9.05	32.505	2	-1	0.15641	88.1978
0.0210031	9.05	32.4963	3	-1	0.15641	88.1978
0.0210469	9.05	32.5011	4	-1	0.15643	88.2091
0.0210469	9.05	32.5009	1	-1	0.15644	88.2147
0.0210907	9.05	32.4926	2	-1	0.15648	88.1577
0.0210909	9.05	32.484	3	-1	0.15647	88.1521
0.0211348	9.05	32.489	4	-1	0.1565	88.169
0.0211348	9.05	32.4888	1	-1	0.15651	88.1746
0.0211787	9.05	32.48	2	-1	0.15655	88.1178
0.0211789	9.05	32.4717	3	-1	0.15654	88.1121
0.0212228	9.05	32.477	4	-1	0.15657	88.129
0.0212228	9.05	32.4768	1	-1	0.15658	88.1346
0.0212667	9.05	32.4681	2	-1	0.15662	88.0778
0.0212669	9.05	32.46	3	-1	0.15661	88.0722
0.0213108	9.05	32.4646	4	-1	0.15664	88.0891
0.0213108	9.05	32.4644	1	-1	0.15665	88.0947
0.0213548	9.05	32.456	2	-1	0.15669	88.038
0.021355	9.05	32.4481	3	-1	0.15668	88.0324
0.021399	9.05	32.4521	4	-1	0.15671	88.0492
0.021399	9.05	32.4519	1	-1	0.15672	88.0548
0.021443	9.05	32.444	2	-1	0.15675	87.9975
0.0214431	9.05	32.4362	3	-1	0.15675	87.9975
0.0214872	9.05	32.4399	4	-1	0.15677	88.0088
0.0214872	9.05	32.4397	1	-1	0.15678	88.0144
0.0215312	9.05	32.4317	2	-1	0.15683	87.9684
0.0215314	9.05	32.4241	3	-1	0.15682	87.9628
0.0215755	9.05	32.428	4	-1	0.15685	87.9796
0.0215755	9.05	32.4278	1	-1	0.15686	87.9852
0.0216196	9.05	32.4193	2	-1	0.1569	87.9238
0.0216197	9.05	32.4121	3	-1	0.15688	87.9126
0.0216638	9.05	32.4157	4	-1	0.15692	87.935
0.0216638	9.05	32.4155	1	-1	0.15693	87.9406
0.021708	9.05	32.4071	2	-1	0.15697	87.8842
0.0217081	9.05	32.4004	3	-1	0.15695	87.873
0.0217523	9.05	32.4036	4	-1	0.15699	87.8954
0.0217523	9.05	32.4034	1	-1	0.157	87.901
0.0217964	9.05	32.3953	2	-1	0.15703	87.8391
0.0217966	9.05	32.3888	3	-1	0.15702	87.8335
0.0218408	9.05	32.391	4	-1	0.15705	87.8503
0.0218408	9.05	32.3908	1	-1	0.15706	87.8559
0.021885	9.05	32.3832	2	-1	0.1571	87.8046
0.0218852	9.05	32.3767	3	-1	0.1571	87.8046
0.0219294	9.05	32.3787	4	-1	0.15712	87.8158
0.0219294	9.05	32.3785	1	-1	0.15713	87.8214
0.0219736	9.05	32.3708	2	-1	0.15717	87.7652
0.0219738	9.05	32.3644	3	-1	0.15717	87.7652
0.0220181	9.05	32.3665	4	-1	0.15719	87.7764
0.0220181	9.05	32.3663	1	-1	0.1572	87.782
0.0220624	9.05	32.3588	2	-1	0.15724	87.7308
0.0220625	9.05	32.3524	3	-1	0.15724	87.7308
0.0221068	9.05	32.3547	4	-1	0.15726	87.742
0.0221068	9.05	32.3545	1	-1	0.15727	87.7476
0.0221512	9.05	32.3466	2	-1	0.15731	87.6916
0.0221513	9.05	32.3404	3	-1	0.1573	87.686
0.0221957	9.05	32.3428	4	-1	0.15734	87.7083
0.0221957	9.05	32.3426	1	-1	0.15735	87.7139
0.02224	9.05	32.3346	2	-1	0.15738	87.6476
0.0222402	9.05	32.3286	3	-1	0.15737	87.642
0.0222846	9.05	32.3304	4	-1	0.1574	87.6587
0.0222846	9.05	32.3302	1	-1	0.15741	87.6643
0.022329	9.05	32.3225	2	-1	0.15745	87.6134
0.0223291	9.05	32.3167	3	-1	0.15744	87.6078
0.0223736	9.05	32.3181	4	-1	0.15747	87.6245
0.0223736	9.05	32.3179	1	-1	0.15748	87.6301
0.022418	9.05	32.3102	2	-1	0.15752	87.5744
0.0224182	9.05	32.3047	3	-1	0.15751	87.5688
0.0224626	9.05	32.3064	4	-1	0.15754	87.5855
0.0224627	9.05	32.3062	1	-1	0.15755	87.591
0.0225071	9.05	32.2984	2	-1	0.15759	87.5354
0.0225073	9.05	32.2931	3	-1	0.15758	87.5299
0.0225518	9.05	32.2943	4	-1	0.15761	87.5465
0.0225518	9.05	32.2941	1	-1	0.15762	87.5521
0.0225963	9.05	32.2866	2	-1	0.15766	87.4965
0.0225965	9.05	32.2815	3	-1	0.15765	87.491
0.022641	9.05	32.2821	4	-1	0.15768	87.5076
0.022641	9.05	32.2819	1	-1	0.15769	87.5132
0.0226856	9.05	32.2745	2	-1	0.15772	87.4522
0.0226857	9.05	32.2694	3	-1	0.15772	87.4522
0.0227303	9.05	32.2697	4	-1	0.15774	87.4633
0.0227303	9.05	32.2695	1	-1	0.15775	87.4688
0.0227749	9.05	32.2622	2	-1	0.15779	87.4183
0.0227751	9.05	32.2571	3	-1	0.15779	87.4183
0.0228197	9.05	32.2575	4	-1	0.15781	87.4294
0.0228197	9.05	32.2573	1	-1	0.15782	87.4349
0.0228644	9.05	32.2499	2	-1	0.15786	87.3796
0.0228645	9.05	32.2448	3	-1	0.15786	87.3796
0.0229092	9.05	32.2455	4	-1	0.15789	87.3962
0.0229092	9.05	32.2453	1	-1	0.1579	87.4017
0.0229539	9.05	32.2379	2	-1	0.15793	87.3362
0.022954	9.05	32.2328	3	-1	0.15793	87.3362
0.0229987	9.05	32.2332	4	-1	0.15795	87.3472
0.0229987	9.05	32.233	1	-1	0.15796	87.3528
0.0230434	9.05	32.2259	2	-1	0.158	87.3025
0.0230436	9.05	32.2208	3	-1	0.158	87.3025
0.0230883	9.05	32.221	4	-1	0.15802	87.3135
0.0230883	9.05	32.2208	1	-1	0.15803	87.319
0.0231331	9.05	32.2141	2	-1	0.15807	87.2688
0.0231332	9.05	32.209	3	-1	0.15807	87.2688
0.023178	9.05	32.2095	4	-1	0.15809	87.2799
0.023178	9.05	32.2093	1	-1	0.1581	87.2854
0.0232228	9.05	32.202	2	-1	0.15814	87.2304
0.023223	9.05	32.197	3	-1	0.15814	87.2304
0.0232678	9.05	32.1978	4	-1	0.15816	87.2414
0.0232678	9.05	32.1976	1	-1	0.15817	87.247
0.0233127	9.05	32.1901	2	-1	0.15822	87.1976
0.0233128	9.05	32.1854	3	-1	0.1582	87.1866
0.0233577	9.05	32.1861	1	-1	0.15824	87.2086
0.0233577	9.05	32.1861	4	-1	0.15824	87.2086
0.0234026	9.05	32.1785	2	-1	0.15829	87.1593
0.0234027	9.05	32.1743	3	-1	0.15827	87.1483
0.0234476	9.05	32.1744	1	-1	0.15831	87.1703
0.0234476	9.05	32.1744	4	-1	0.15831	87.1703
0.0234925	9.05	32.1668	2	-1	0.15836	87.1211
0.0234926	9.05	32.1631	3	-1	0.15833	87.1046
0.0235376	9.05	32.1625	1	-1	0.15838	87.1321
0.0235376	9.05	32.1625	4	-1	0.15838	87.1321
0.0235826	9.05	32.1551	2	-1	0.15843	87.0829
0.0235827	9.05	32.1521	3	-1	0.1584	87.0665
0.0236277	9.05	32.1506	1	-1	0.15845	87.0939
0.0236277	9.05	32.1506	4	-1	0.15845	87.0939
0.0236727	9.05	32.1432	2	-1	0.15849	87.0394
0.0236728	9.05	32.1406	3	-1	0.15847	87.0284
0.0237179	9.05	32.1386	1	-1	0.15852	87.0559
0.0237179	9.05	32.1386	4	-1	0.15852	87.0559
0.023763	9.05	32.1315	2	-1	0.15856	87.0014
0.023763	9.05	32.1293	3	-1	0.15854	86.9904
0.0238081	9.05	32.1264	4	-1	0.15858	87.0123
0.0238081	9.05	32.1262	1	-1	0.15859	87.0178
0.0238532	9.05	32.1195	2	-1	0.15863	86.9634
0.0238533	9.05	32.1177	3	-1	0.15861	86.9525
0.0238984	9.05	32.1143	4	-1	0.15865	86.9744
0.0238984	9.05	32.1141	1	-1	0.15866	86.9799
0.0239436	9.05	32.1073	2	-1	0.1587	86.9208
0.0239437	9.05	32.1057	3	-1	0.15869	86.9153
0.0239888	9.05	32.1019	4	-1	0.15872	86.9318
0.0239888	9.05	32.1017	1	-1	0.15873	86.9372
0.0240341	9.05	32.0953	2	-1	0.15877	86.883
0.0240341	9.05	32.0939	3	-1	0.15876	86.8775
0.0240793	9.05	32.0897	4	-1	0.15879	86.8939
0.0240793	9.05	32.0895	1	-1	0.1588	86.8994
0.0241246	9.05	32.0835	2	-1	0.15884	86.8453
0.0241246	9.05	32.0823	3	-1	0.15883	86.8398
0.0241699	9.05	32.0777	4	-1	0.15886	86.8562
0.0241699	9.05	32.0775	1	-1	0.15887	86.8617
0.0242152	9.05	32.0717	2	-1	0.15891	86.8076
0.0242152	9.05	32.0707	3	-1	0.1589	86.8021
0.0242606	9.05	32.0658	4	-1	0.15893	86.8185
0.0242606	9.05	32.0656	1	-1	0.15894	86.824
0.0243059	9.05	32.0598	2	-1	0.15897	86.7645
0.0243059	9.05	32.0588	3	-1	0.15897	86.7645
0.0243513	9.05	32.0539	4	-1	0.159	86.7809
0.0243513	9.05	32.0537	1	-1	0.15901	86.7864
0.0243967	9.05	32.048	2	-1	0.15904	86.727
0.0243967	9.05	32.0471	3	-1	0.15904	86.727
0.0244421	9.05	32.0417	4	-1	0.15906	86.7379
0.0244421	9.05	32.0415	1	-1	0.15907	86.7434
0.0244875	9.05	32.0362	2	-1	0.15911	86.6943
0.0244875	9.05	32.035	3	-1	0.15912	86.6997
0.024533	9.05	32.03	4	-1	0.15913	86.7052
0.024533	9.05	32.0298	1	-1	0.15914	86.7106
0.0245784	9.05	32.0241	2	-1	0.15918	86.6569
0.0245784	9.05	32.023	3	-1	0.15918	86.6569
0.0246239	9.05	32.018	4	-1	0.1592	86.6678
0.0246239	9.05	32.0178	1	-1	0.15921	86.6732
0.0246694	9.05	32.0119	2	-1	0.15926	86.625
0.0246695	9.05	32.0109	3	-1	0.15925	86.6195
0.024715	9.05	32.0065	4	-1	0.15928	86.6358
0.024715	9.05	32.0063	1	-1	0.15929	86.6413
0.0247605	9.05	32.0001	2	-1	0.15933	86.583
0.0247605	9.05	31.9995	3	-1	0.15931	86.5721
0.0248061	9.05	31.9948	4	-1	0.15935	86.5938
0.0248061	9.05	31.9946	1	-1	0.15936	86.5993
0.0248517	9.05	31.9887	2	-1	0.1594	86.5458
0.0248517	9.05	31.9885	3	-1	0.15938	86.5349
0.0248973	9.05	31.9829	4	-1	0.15942	86.5566
0.0248973	9.05	31.9827	1	-1	0.15943	86.5621
0.0249429	9.05	31.9771	2	-1	0.15946	86.5032
0.0249429	9.05	31.9771	3	-1	0.15945	86.4978
0.0249886	9.05	31.9708	4	-1	0.15948	86.5141
0.0249886	9.05	31.9706	1	-1	0.15949	86.5195
0.0250343	9.05	31.965	2	-1	0.15953	86.4661
0.0250343	9.05	31.965	3	-1	0.15953	86.4661
0.0250799	9.05	31.9588	4	-1	0.15955	86.477
0.0250799	9.05	31.9586	1	-1	0.15956	86.4824
0.0251257	9.05	31.9531	2	-1	0.1596	86.4291
0.0251257	9.05	31.9531	3	-1	0.1596	86.4291
0.0251714	9.05	31.9472	4	-1	0.15963	86.4454
0.0251714	9.05	31.947	1	-1	0.15964	86.4508
0.0252171	9.05	31.9413	3	-1	0.15966	86.3821
0.0252171	9.05	31.9411	2	-1	0.15967	86.3875
0.0252629	9.05	31.935	4	-1	0.15969	86.3983
0.0252629	9.05	31.9348	1	-1	0.1597	86.4037
0.0253087	9.05	31.9298	2	-1	0.15974	86.3553
0.0253087	9.05	31.9298	3	-1	0.15974	86.3553
0.0253545	9.05	31.923	4	-1	0.15976	86.3661
0.0253545	9.05	31.9228	1	-1	0.15977	86.3715
0.0254003	9.05	31.9177	2	-1	0.15981	86.3185
0.0254003	9.05	31.9177	3	-1	0.15981	86.3185
0.0254462	9.05	31.9116	4	-1	0.15983	86.3293
0.0254462	9.05	31.9114	1	-1	0.15984	86.3347
0.0254921	9.05	31.9055	3	-1	0.15987	86.2763
0.0254921	9.05	31.9053	2	-1	0.15988	86.2817
0.025538	9.05	31.9001	1	-1	0.15991	86.2979
0.025538	9.05	31.9001	4	-1	0.15991	86.2979
0.0255839	9.05	31.8932	3	-1	0.15993	86.2296
0.0255839	9.05	31.893	2	-1	0.15994	86.235
0.0256298	9.05	31.888	1	-1	0.15998	86.2565
0.0256298	9.05	31.888	4	-1	0.15998	86.2565
0.0256757	9.05	31.8819	3	-1	0.16001	86.1984
0.0256757	9.05	31.8817	2	-1	0.16002	86.2037
0.0257217	9.05	31.8759	4	-1	0.16004	86.2145
0.0257217	9.05	31.8757	1	-1	0.16005	86.2199
0.0257677	9.05	31.8703	3	-1	0.16008	86.1618
0.0257677	9.05	31.8701	2	-1	0.16009	86.1672
0.0258137	9.05	31.8638	4	-1	0.16011	86.1779
0.0258137	9.05	31.8636	1	-1	0.16012	86.1833
0.0258597	9.05	31.8581	3	-1	0.16015	86.1253
0.0258598	9.05	31.8579	2	-1	0.16016	86.1307
0.0259058	9.05	31.8525	4	-1	0.16019	86.1468
0.0259058	9.05	31.8523	1	-1	0.1602	86.1522
0.0259519	9.05	31.8463	3	-1	0.16022	86.0842
0.0259519	9.05	31.8461	2	-1	0.16023	86.0896
0.025998	9.05	31.8411	1	-1	0.16026	86.1057
0.025998	9.05	31.8411	4	-1	0.16026	86.1057
0.0260441	9.05	31.8344	3	-1	0.16028	86.0425
0.0260441	9.05	31.8342	2	-1	0.16029	86.0479
0.0260902	9.05	31.829	1	-1	0.16033	86.0694
0.0260902	9.05	31.829	4	-1	0.16033	86.0694
0.0261364	9.05	31.8232	3	-1	0.16036	86.0116
0.0261364	9.05	31.823	2	-1	0.16037	86.0169
0.0261825	9.05	31.8171	4	-1	0.16039	86.0277
0.0261825	9.05	31.8169	1	-1	0.1604	86.033
0.0262287	9.05	31.8116	3	-1	0.16043	85.9753
0.0262287	9.05	31.8115	2	-1	0.16044	85.9807
0.0262749	9.05	31.8052	4	-1	0.16046	85.9914
0.0262749	9.05	31.805	1	-1	0.16047	85.9968
0.0263212	9.05	31.7995	3	-1	0.1605	85.9392
0.0263212	9.05	31.7993	2	-1	0.16051	85.9445
0.0263674	9.05	31.7941	1	-1	0.16054	85.9606
0.0263674	9.05	31.7941	4	-1	0.16054	85.9606
0.0264137	9.05	31.7872	3	-1	0.16056	85.8931
0.0264137	9.05	31.787	2	-1	0.16057	85.8985
0.02646	9.05	31.7824	1	-1	0.16061	85.9199
0.02646	9.05	31.7824	4	-1	0.16061	85.9199
0.0265063	9.05	31.7759	3	-1	0.16063	85.8571
0.0265063	9.05	31.7757	2	-1	0.16064	85.8624
0.0265526	9.05	31.7704	4	-1	0.16068	85.8838
0.0265526	9.05	31.7702	1	-1	0.16069	85.8891
0.026599	9.05	31.7651	3	-1	0.16071	85.8219
0.026599	9.05	31.7649	2	-1	0.16072	85.8272
0.0266453	9.05	31.7578	4	-1	0.16073	85.8325
0.0266453	9.05	31.7576	1	-1	0.16074	85.8379
0.0266917	9.05	31.7531	2	-1	0.16078	85.7951
0.0266917	9.05	31.7529	3	-1	0.16079	85.8004
0.0267381	9.05	31.7468	4	-1	0.1608	85.8058
0.0267381	9.05	31.7466	1	-1	0.16081	85.8111
0.0267846	9.05	31.7405	3	-1	0.16085	85.7547
0.0267846	9.05	31.7403	2	-1	0.16087	85.7653
0.026831	9.05	31.736	1	-1	0.16089	85.776
0.026831	9.05	31.736	4	-1	0.16089	85.776
0.0268775	9.05	31.7285	3	-1	0.1609	85.7036
0.0268775	9.05	31.7283	2	-1	0.16091	85.709
0.026924	9.05	31.7237	1	-1	0.16095	85.7303
0.026924	9.05	31.7233	4	-1	0.16097	85.7409
0.0269705	9.05	31.7174	3	-1	0.16098	85.6778
0.0269705	9.05	31.7173	2	-1	0.16099	85.6831
0.027017	9.05	31.7116	1	-1	0.16103	85.7044
0.027017	9.05	31.7114	4	-1	0.16102	85.6991
0.0270636	9.05	31.7061	3	-1	0.16106	85.6383
0.0270636	9.05	31.7059	2	-1	0.16107	85.6436
0.0271102	9.05	31.7	4	-1	0.16109	85.6543
0.0271102	9.05	31.6998	1	-1	0.16111	85.6649
0.0271568	9.05	31.6944	3	-1	0.16113	85.5982
0.0271568	9.05	31.6942	2	-1	0.16114	85.6035
0.0272034	9.05	31.6883	4	-1	0.16116	85.6141
0.0272034	9.05	31.6881	1	-1	0.16117	85.6194
0.02725	9.05	31.6822	3	-1	0.16119	85.5619
0.02725	9.05	31.682	2	-1	0.1612	85.5672
0.0272967	9.05	31.677	1	-1	0.16124	85.5884
0.0272967	9.05	31.677	4	-1	0.16124	85.5884
0.0273433	9.05	31.6704	3	-1	0.16126	85.5218
0.0273433	9.05	31.6702	2	-1	0.16127	85.5272
0.02739	9.05	31.6653	1	-1	0.16131	85.5484
0.02739	9.05	31.6653	4	-1	0.16131	85.5484
0.0274367	9.05	31.6594	3	-1	0.16133	85.4864
0.0274367	9.05	31.6592	2	-1	0.16134	85.4917
0.0274835	9.05	31.6529	4	-1	0.16137	85.5076
0.0274835	9.05	31.6527	1	-1	0.16138	85.5129
0.0275302	9.05	31.6479	3	-1	0.16141	85.4564
0.0275302	9.05	31.6478	2	-1	0.16142	85.4617
0.027577	9.05	31.6414	4	-1	0.16143	85.467
0.027577	9.05	31.6412	1	-1	0.16144	85.4723
0.0276238	9.05	31.6355	3	-1	0.16148	85.4211
0.0276238	9.05	31.6354	2	-1	0.16149	85.4264
0.0276706	9.05	31.6305	4	-1	0.16151	85.4369
0.0276706	9.05	31.6303	1	-1	0.16152	85.4422
0.0277175	9.05	31.6236	3	-1	0.16154	85.376
0.0277175	9.05	31.6234	2	-1	0.16155	85.3813
0.0277643	9.05	31.6189	1	-1	0.16159	85.4025
0.0277643	9.05	31.6189	4	-1	0.16159	85.4025
0.0278112	9.05	31.6123	3	-1	0.1616	85.3356
0.0278112	9.05	31.6121	2	-1	0.16161	85.3409
0.0278581	9.05	31.6071	1	-1	0.16166	85.3673
0.0278581	9.05	31.6071	4	-1	0.16166	85.3673
0.027905	9.05	31.6014	3	-1	0.16168	85.3013
0.027905	9.05	31.6012	2	-1	0.16169	85.3065
0.0279519	9.05	31.5948	4	-1	0.16171	85.3171
0.0279519	9.05	31.5946	1	-1	0.16172	85.3224
0.0279989	9.05	31.5902	2	-1	0.16176	85.276
0.0279989	9.05	31.5902	3	-1	0.16176	85.276
0.0280459	9.05	31.5833	4	-1	0.16178	85.2865
0.0280459	9.05	31.5831	1	-1	0.16179	85.2918
0.0280929	9.05	31.5782	3	-1	0.16183	85.241
0.0280929	9.05	31.578	2	-1	0.16184	85.2462
0.0281399	9.05	31.5728	4	-1	0.16186	85.2568
0.0281399	9.05	31.5727	1	-1	0.16187	85.262
0.0281869	9.05	31.5656	3	-1	0.16188	85.1865
0.0281869	9.05	31.5654	2	-1	0.16189	85.1918
0.028234	9.05	31.5609	1	-1	0.16193	85.2129
0.028234	9.05	31.5607	4	-1	0.16194	85.2181
0.0282811	9.05	31.5543	3	-1	0.16195	85.1562
0.0282811	9.05	31.5541	2	-1	0.16196	85.1614
0.0283282	9.05	31.549	1	-1	0.16201	85.1877
0.0283282	9.05	31.5488	4	-1	0.16201	85.1877
0.0283753	9.05	31.5436	3	-1	0.16203	85.1177
0.0283753	9.05	31.5434	2	-1	0.16204	85.1229
0.0284224	9.05	31.5369	4	-1	0.16206	85.1334
0.0284224	9.05	31.5367	1	-1	0.16208	85.1439
0.0284696	9.05	31.5326	2	-1	0.16211	85.0882
0.0284696	9.05	31.5326	3	-1	0.16211	85.0882
0.0285168	9.05	31.5252	4	-1	0.16212	85.0934
0.0285168	9.05	31.525	1	-1	0.16213	85.0987
0.028564	9.05	31.5201	2	-1	0.16218	85.058
0.028564	9.05	31.52	3	-1	0.16219	85.0632
0.0286112	9.05	31.5146	4	-1	0.1622	85.0684
0.0286112	9.05	31.5144	1	-1	0.16221	85.0737
0.0286584	9.05	31.5081	3	-1	0.16224	85.0136
0.0286584	9.05	31.5079	2	-1	0.16226	85.0241
0.0287057	9.05	31.5035	1	-1	0.16228	85.0346
0.0287057	9.05	31.5033	4	-1	0.16229	85.0398
0.028753	9.05	31.4964	3	-1	0.1623	84.9738
0.028753	9.05	31.4962	2	-1	0.16231	84.9791
0.0288003	9.05	31.492	1	-1	0.16235	85
0.0288003	9.05	31.4916	4	-1	0.16236	85.0052
0.0288476	9.05	31.4853	3	-1	0.16237	84.9349
0.0288476	9.05	31.4851	2	-1	0.16238	84.9401
0.0288949	9.05	31.4797	1	-1	0.16244	84.9715
0.0288949	9.05	31.4797	4	-1	0.16242	84.961
0.0289423	9.05	31.4748	3	-1	0.16245	84.8968
0.0289423	9.05	31.4746	2	-1	0.16246	84.902
0.0289897	9.05	31.4678	4	-1	0.16248	84.9125
0.0289897	9.05	31.4676	1	-1	0.16249	84.9177
0.0290371	9.05	31.4631	2	-1	0.16253	84.8721
0.0290371	9.05	31.4631	3	-1	0.16253	84.8721
0.0290845	9.05	31.4565	4	-1	0.16255	84.8825
0.0290845	9.05	31.4563	1	-1	0.16256	84.8877
0.0291319	9.05	31.4508	3	-1	0.16259	84.8325
0.029132	9.05	31.4506	2	-1	0.1626	84.8377
0.0291794	9.05	31.4459	4	-1	0.16263	84.8534
0.0291794	9.05	31.4457	1	-1	0.16264	84.8586
0.0292269	9.05	31.4386	3	-1	0.16265	84.7842
0.0292269	9.05	31.4384	2	-1	0.16266	84.7894
0.0292744	9.05	31.434	1	-1	0.16271	84.8155
0.0292744	9.05	31.434	4	-1	0.16271	84.8155
0.0293219	9.05	31.4281	3	-1	0.16273	84.7552
0.0293219	9.05	31.4279	2	-1	0.16274	84.7604
0.0293695	9.05	31.4221	4	-1	0.16277	84.776
0.0293695	9.05	31.4219	1	-1	0.16278	84.7812
0.029417	9.05	31.4173	3	-1	0.16281	84.7219
0.0294171	9.05	31.4171	2	-1	0.16282	84.7271
0.0294646	9.05	31.4102	4	-1	0.16283	84.7323
0.0294646	9.05	31.41	1	-1	0.16284	84.7375
0.0295123	9.05	31.4053	3	-1	0.16288	84.6922
0.0295123	9.05	31.4051	2	-1	0.16289	84.6974
0.0295599	9.05	31.4	4	-1	0.16291	84.7078
0.0295599	9.05	31.3999	1	-1	0.16292	84.713
0.0296075	9.05	31.3926	3	-1	0.16293	84.639
0.0296075	9.05	31.3925	2	-1	0.16294	84.6442
0.0296552	9.05	31.3885	1	-1	0.16298	84.6649
0.0296552	9.05	31.3882	4	-1	0.163	84.6753
0.0297029	9.05	31.3817	3	-1	0.163	84.6094
0.0297029	9.05	31.3815	2	-1	0.16301	84.6146
0.0297506	9.05	31.3766	1	-1	0.16306	84.6405
0.0297506	9.05	31.3763	4	-1	0.16306	84.6405
0.0297983	9.05	31.3715	3	-1	0.16308	84.5719
0.0297983	9.05	31.3713	2	-1	0.16309	84.5771
0.0298461	9.05	31.3643	4	-1	0.16311	84.5875
0.0298461	9.05	31.3641	1	-1	0.16314	84.603
0.0298939	9.05	31.3602	2	-1	0.16316	84.5345
0.0298939	9.05	31.36	3	-1	0.16317	84.5397
0.0299416	9.05	31.3528	4	-1	0.16317	84.5397
0.0299416	9.05	31.3526	1	-1	0.16318	84.5448
0.0299895	9.05	31.3482	2	-1	0.16323	84.5138
0.0299895	9.05	31.3479	3	-1	0.16324	84.519
0.0300373	9.05	31.3425	4	-1	0.16325	84.5242
0.0300373	9.05	31.3423	1	-1	0.16326	84.5294
0.0300852	9.05	31.3356	3	-1	0.16329	84.4662
0.0300852	9.05	31.3355	2	-1	0.16332	84.4817
0.030133	9.05	31.3317	1	-1	0.16333	84.4869
0.030133	9.05	31.3315	4	-1	0.16334	84.492
0.0301809	9.05	31.3233	3	-1	0.16334	84.4222
0.0301809	9.05	31.3232	2	-1	0.16335	84.4273
0.0302288	9.05	31.3199	1	-1	0.1634	84.4532
0.0302288	9.05	31.3194	4	-1	0.16342	84.4635
0.0302768	9.05	31.3128	3	-1	0.16341	84.3842
0.0302768	9.05	31.3127	2	-1	0.16342	84.3894
0.0303247	9.05	31.307	1	-1	0.1635	84.4307
0.0303247	9.05	31.3068	4	-1	0.16348	84.4203
0.0303727	9.05	31.304	2	-1	0.16351	84.3531
0.0303727	9.05	31.3038	3	-1	0.16352	84.3582
0.0304207	9.05	31.2947	4	-1	0.16351	84.3531
0.0304207	9.05	31.2945	1	-1	0.16353	84.3634
0.0304687	9.05	31.292	2	-1	0.16357	84.3275
0.0304687	9.05	31.2912	3	-1	0.16361	84.3481
0.0305167	9.05	31.2844	4	-1	0.16358	84.3326
0.0305167	9.05	31.2842	1	-1	0.16359	84.3378
0.0305648	9.05	31.2781	2	-1	0.16367	84.3095
0.0305648	9.05	31.2776	3	-1	0.16365	84.2992
0.0306129	9.05	31.276	1	-1	0.16368	84.3146
0.0306129	9.05	31.2757	4	-1	0.1637	84.3249
0.030661	9.05	31.2655	3	-1	0.16367	84.2314
0.030661	9.05	31.2653	2	-1	0.16371	84.252
0.0307091	9.05	31.2637	1	-1	0.16373	84.2623
0.0307091	9.05	31.2622	4	-1	0.1638	84.2983
0.0307572	9.05	31.2556	3	-1	0.16375	84.2075
0.0307572	9.05	31.2555	2	-1	0.16376	84.2127
0.0308054	9.05	31.2492	1	-1	0.16385	84.259
0.0308054	9.05	31.248	4	-1	0.16383	84.2487
0.0308536	9.05	31.2477	2	-1	0.16385	84.1638
0.0308536	9.05	31.2473	3	-1	0.16387	84.174
0.0309018	9.05	31.2361	4	-1	0.16384	84.1586
0.0309018	9.05	31.2359	1	-1	0.16392	84.1997
0.03095	9.05	31.2363	2	-1	0.16389	84.1152
0.03095	9.05	31.2343	3	-1	0.16399	84.1665
0.0309982	9.05	31.2254	4	-1	0.1639	84.1203
0.0309982	9.05	31.2252	1	-1	0.16391	84.1254
0.0310465	9.05	31.2207	2	-1	0.164	84.1328
0.0310466	9.05	31.2181	3	-1	0.16404	84.1533
0.0310948	9.05	31.2192	4	-1	0.16403	84.1482
0.0310948	9.05	31.219	1	-1	0.16404	84.1533
0.0311431	9.05	31.2069	2	-1	0.16415	84.1105
0.0311431	9.05	31.2064	3	-1	0.16402	84.0439
0.0311914	9.05	31.2092	1	-1	0.16405	84.0592
0.0311915	9.05	31.2073	4	-1	0.16417	84.1207
0.0312398	9.05	31.1955	3	-1	0.16405	84.0162
0.0312398	9.05	31.1954	2	-1	0.16409	84.0367
0.0312881	9.05	31.1931	1	-1	0.16415	84.0674
0.0312882	9.05	31.1897	4	-1	0.16424	84.1135
0.0313365	9.05	31.1898	3	-1	0.16418	83.9967
0.0313365	9.05	31.1896	2	-1	0.16419	84.0018
0.031385	9.05	31.1776	1	-1	0.16433	84.0735
0.031385	9.05	31.1762	4	-1	0.16421	84.0121
0.0314333	9.05	31.1817	2	-1	0.16421	83.8919
0.0314334	9.05	31.1793	3	-1	0.16436	83.9685
0.0314818	9.05	31.1649	4	-1	0.1642	83.8868
0.0314818	9.05	31.1647	1	-1	0.1643	83.9379
0.0315302	9.05	31.1663	2	-1	0.16428	83.9019
0.0315304	9.05	31.161	3	-1	0.16446	83.9939
0.0315788	9.05	31.1585	4	-1	0.16431	83.9173
0.0315788	9.05	31.1584	1	-1	0.16432	83.9224
0.0316272	9.05	31.148	2	-1	0.16447	83.9475
0.0316274	9.05	31.1433	3	-1	0.16443	83.9271
0.0316758	9.05	31.1542	1	-1	0.16439	83.9067
0.0316758	9.05	31.1523	4	-1	0.16451	83.9679
0.0317244	9.05	31.1355	2	-1	0.16465	83.9665
0.0317244	9.05	31.1355	3	-1	0.16436	83.8187
0.0317728	9.05	31.1417	1	-1	0.1644	83.8391
0.031773	9.05	31.1355	4	-1	0.16467	83.9767
0.0318215	9.05	31.1243	2	-1	0.16442	83.8065
0.03187	9.05	31.1212	1	-1	0.16457	83.883
0.0318703	9.05	31.1129	4	-1	0.1647	83.9492
0.0319188	9.05	31.1248	2	-1	0.16462	83.7931
0.0319674	9.05	31.1035	1	-1	0.16482	83.8949
0.0319676	9.05	31.0993	4	-1	0.16457	83.7677
0.0320648	9.05	31.0931	1	-1	0.16481	83.7407
0.0321134	9.05	31.0976	2	-1	0.16465	83.6211
0.0321137	9.05	31.088	3	-1	0.16494	83.7684
0.0321622	9.05	31.0902	4	-1	0.16469	83.6414
0.0321622	9.05	31.0901	1	-1	0.1647	83.6465
0.0322109	9.05	31.0756	2	-1	0.16492	83.7668
0.0322112	9.05	31.0671	3	-1	0.16485	83.7312
0.0322597	9.05	31.0894	1	-1	0.16476	83.6855
0.0322598	9.05	31.0861	4	-1	0.16497	83.7922
0.0323086	9.05	31.0629	2	-1	0.16515	83.8155
0.0323573	9.05	31.0763	1	-1	0.16474	83.6074
0.0324062	9.05	31.0537	2	-1	0.16486	83.6343
0.0324549	9.05	31.0508	1	-1	0.16496	83.6851
0.0324554	9.05	31.0377	4	-1	0.16517	83.7916
0.032504	9.05	31.0585	2	-1	0.16503	83.5849
0.0325528	9.05	31.0296	1	-1	0.16529	83.7166
0.0327487	9.05	31.0205	1	-1	0.16506	83.3426
0.032798	9.05	30.9912	3	-1	0.1653	83.5566
0.0328467	9.05	31.0242	1	-1	0.16516	83.4858
0.0328468	9.05	31.0204	4	-1	0.1654	83.6071
0.0328958	9.05	30.9887	2	-1	0.16564	83.6439
0.0329447	9.05	31.0118	1	-1	0.16508	83.3611
0.032994	9.05	30.9825	2	-1	0.16537	83.4991
0.0330428	9.05	30.9823	1	-1	0.16532	83.4739
0.0330922	9.05	30.9912	2	-1	0.16541	83.3804
0.0332398	9.05	30.9509	1	-1	0.16596	83.4389
0.0332886	9.05	30.9677	2	-1	0.16532	82.9836
0.0333381	9.05	30.9485	1	-1	0.16541	83.0288
0.0333878	9.05	30.9142	3	-1	0.1658	83.413
0.0334366	9.05	30.9595	1	-1	0.16558	83.3023
0.0334367	9.05	30.9563	4	-1	0.16579	83.408
0.0334859	9.05	30.9123	2	-1	0.16614	83.4707
0.033535	9.05	30.9502	1	-1	0.16537	83.0838
0.0336833	9.05	30.9199	2	-1	0.16572	83.1635
0.0338317	9.05	30.871	1	-1	0.16653	83.3025
0.0339305	9.05	30.8727	1	-1	0.16586	82.7727
0.0340296	9.05	30.8947	4	-1	0.16614	83.149
0.0341283	9.05	30.8927	1	-1	0.1656	82.771
0.0342774	9.05	30.8449	2	-1	0.16592	82.9393
0.0343278	9.05	30.7737	4	-1	0.1664	83.1792
0.0345749	9.05	30.7967	2	-1	0.16615	82.6452
0.0346253	9.05	30.8269	1	-1	0.16635	82.7447
0.0348238	9.05	30.8026	1	-1	0.16581	82.6694
0.0349236	9.05	30.7332	1	-1	0.16668	83.0659
0.0352241	9.05	30.7418	1	-1	0.16635	81.9458
0.0352753	9.05	30.6152	3	-1	0.16704	82.8571
0.0354235	9.05	30.7545	1	-1	0.16584	82.217
0.0355748	9.05	30.7239	2	-1	0.16681	82.5424
0.0359267	9.05	30.6963	4	-1	0.16737	82.0481
0.0360269	9.05	30.6896	1	-1	0.16669	82.0244
0.0362298	9.05	30.5494	4	-1	0.16764	82.5203
0.0365321	9.05	30.6223	1	-1	0.16771	81.8976
0.036734	9.05	30.5899	1	-1	0.16729	82.0371
0.0368869	9.05	30.5841	3	-1	0.16817	82.0822
0.0370391	9.05	30.5101	1	-1	0.16897	82.1319
0.0370893	9.05	30.538	2	-1	0.1678	81.4444
0.0373437	9.05	30.5387	1	-1	0.16759	81.6994
0.0374971	9.05	30.5253	2	-1	0.16842	81.8845
0.037752	9.05	30.4442	1	-1	0.16766	80.8975
0.0378048	9.05	30.3204	3	-1	0.16915	82.3355
0.0381092	9.05	30.4763	2	-1	0.16788	81.8767
0.0382632	9.05	30.2246	1	-1	0.17156	82.2554
0.038779	9.05	30.0363	4	-1	0.16954	82.5655
0.0389802	9.05	30.2106	1	-1	0.17073	81.3814
0.039087	9.05	30.1928	4	-1	0.16944	80.7896
0.0393982	9.05	30.0425	4	-1	0.16986	81.6713
0.0394483	9.05	30.2437	3	-1	0.16973	81.1678
0.0396005	9.05	30.1507	1	-1	0.1707	81.2586
0.0397044	9.05	30.1849	1	-1	0.17023	80.9347
0.0398081	9.05	30.1996	1	-1	0.16968	80.8154
0.0399659	9.05	30.2232	2	-1	0.17056	81.3779
0.0400207	9.05	30.0174	4	-1	0.17029	81.2491
0.0400708	9.05	30.2127	3	-1	0.17013	80.9141
0.0402778	9.05	30.184	2	-1	0.16999	80.3849
0.0403294	9.05	30.1193	1	-1	0.17103	80.8767
0.0403841	9.05	30.1022	3	-1	0.17058	80.6983
0.0404338	9.05	30.141	1	-1	0.17058	80.6983
0.0404369	9.05	30.0675	4	-1	0.1705	80.6604
0.0405382	9.05	30.1355	1	-1	0.17036	80.724
0.0405915	9.05	30.1428	2	-1	0.17102	81.0829
0.0406462	9.05	30.0215	4	-1	0.17082	80.9881
0.0406971	9.05	30.1364	3	-1	0.17057	80.705
0.0409581	9.05	30.0861	1	-1	0.1717	80.7392
0.0410631	9.05	30.1226	1	-1	0.17116	80.4777
0.0411679	9.05	30.1294	1	-1	0.17059	80.3722
0.0412728	9.05	30.0984	1	-1	0.17059	80.5506
0.0413255	9.05	30.0635	2	-1	0.17165	81.009
0.0413799	9.05	29.9993	4	-1	0.17133	80.858
0.0416944	9.05	30.0594	1	-1	0.1704	79.7678
0.0420627	9.05	30.0895	2	-1	0.17009	80.6305
0.0422214	9.05	29.6286	1	-1	0.17478	81.0856
0.0426991	9.05	29.9588	3	-1	0.17175	81.1558
0.0429632	9.05	29.8367	1	-1	0.17117	80.354
0.0430403	9.05	31.7779	4	-1	0.11264	52.5962
