0.0898	25	4	1	0.0898	0
0.0908	25	1	0	0.0908	6
0.1723	25	3	1	0.1723	1
0.1723	25	4	0	0.0825	2
0.1724	25	2	1	0.1724	0
0.2231	25	3	0	0.0508	6
0.2432	25	3	1	0.0201	0
0.2434	25	2	0	0.071	6
0.265	25	1	1	0.1742	1
0.265	25	3	0	0.0218	3
0.3249	25	4	1	0.1526	0
0.3259	25	1	0	0.0609	6
0.3967	25	2	1	0.1533	1
0.3967	25	4	0	0.0718	3
0.4373	25	3	1	0.1723	1
0.4551	25	2	0	0.0584	6
0.4863	25	1	1	0.1604	1
0.4863	25	3	0	0.049	3
0.5531	25	4	1	0.1564	1
0.5631	25	1	0	0.0768	6
0.6056	25	2	1	0.1505	1
0.6056	25	4	0	0.0525	3
0.6385	25	3	1	0.1522	1
0.6507	25	2	0	0.0451	6
0.7061	25	1	1	0.143	1
0.7061	25	3	0	0.0676	3
0.7529	25	4	1	0.1473	1
0.7616	25	1	0	0.0555	6
0.797	25	2	1	0.1463	1
0.797	25	4	0	0.0441	3
0.8476	25	3	1	0.1415	0
0.8508	25	2	0	0.0538	6
0.904	25	1	1	0.1424	1
0.904	25	3	0	0.0564	3
0.939	25	4	1	0.142	1
0.9532	25	1	0	0.0492	6
0.9904	25	2	1	0.1396	1
0.9904	25	4	0	0.0514	3
1.0398	25	3	1	0.1358	0
1.0431	25	2	0	0.0527	6
1.0952	25	1	1	0.142	1
1.0952	25	3	0	0.0554	3
1.1323	25	4	1	0.1419	1
1.1459	25	1	0	0.0507	6
1.186	25	2	1	0.1429	1
1.186	25	4	0	0.0537	3
1.2353	25	3	1	0.1401	1
1.24	25	2	0	0.054	6
1.2891	25	1	1	0.1432	1
1.2891	25	3	0	0.0538	3
1.3268	25	4	1	0.1408	1
1.3421	25	1	0	0.053	6
1.3834	25	2	1	0.1434	1
1.3834	25	4	0	0.0566	3
1.4303	25	3	1	0.1412	0
1.434	25	2	0	0.0506	6
1.4807	25	1	1	0.1386	1
1.4807	25	3	0	0.0504	3
1.5242	25	4	1	0.1408	1
1.5332	25	1	0	0.0525	6
1.5748	25	2	1	0.1408	1
1.5748	25	4	0	0.0506	3
1.6218	25	3	1	0.1411	1
1.6275	25	2	0	0.0527	6
1.673	25	1	1	0.1398	1
1.673	25	3	0	0.0512	3
1.7135	25	4	1	0.1387	1
1.7237	25	1	0	0.0507	6
1.7672	25	2	1	0.1397	1
1.7672	25	4	0	0.0537	3
1.8107	25	3	1	0.1377	1
1.8193	25	2	0	0.0521	6
1.8647	25	1	1	0.141	1
1.8647	25	3	0	0.054	3
1.9059	25	4	1	0.1387	1
1.9176	25	1	0	0.0529	6
1.9602	25	2	1	0.1409	1
1.9602	25	4	0	0.0543	3
2.0056	25	3	1	0.1409	1
2.0121	25	2	0	0.0519	6
2.057	25	1	1	0.1394	1
2.057	25	3	0	0.0514	3
2.0983	25	4	1	0.1381	1
2.108	25	1	0	0.051	6
2.1521	25	2	1	0.14	1
2.1521	25	4	0	0.0538	3
2.1945	25	3	1	0.1375	1
2.2049	25	2	0	0.0528	6
2.246	25	1	1	0.138	1
2.246	25	3	0	0.0515	3
2.2936	25	4	1	0.1415	1
2.2983	25	1	0	0.0523	6
2.3412	25	2	1	0.1363	1
2.3412	25	4	0	0.0476	3
2.3866	25	3	1	0.1406	1
2.3958	25	2	0	0.0546	6
2.4382	25	1	1	0.1399	1
2.4382	25	3	0	0.0516	3
2.4828	25	4	1	0.1416	1
2.491	25	1	0	0.0528	6
2.5358	25	2	1	0.14	1
2.5358	25	4	0	0.053	3
2.5756	25	3	1	0.1374	1
2.5876	25	2	0	0.0518	6
2.6274	25	1	1	0.1364	1
2.6274	25	3	0	0.0518	3
2.675	25	4	1	0.1392	0
2.68	25	1	0	0.0526	6
2.7248	25	2	1	0.1372	1
2.7248	25	4	0	0.0498	3
2.7649	25	3	1	0.1375	1
2.7775	25	2	0	0.0527	6
2.8169	25	1	1	0.1369	1
2.8169	25	3	0	0.052	3
2.8655	25	4	1	0.1407	0
2.8708	25	1	0	0.0539	6
2.9164	25	2	1	0.1389	1
2.9164	25	4	0	0.0509	3
2.9542	25	3	1	0.1373	1
2.9695	25	2	0	0.0531	6
3.01	25	1	1	0.1392	1
3.01	25	3	0	0.0558	3
3.0583	25	4	1	0.1419	1
3.0641	25	1	0	0.0541	6
3.1084	25	2	1	0.1389	1
3.1084	25	4	0	0.0501	3
3.1498	25	3	1	0.1398	1
3.1599	25	2	0	0.0515	6
3.2023	25	1	1	0.1382	1
3.2023	25	3	0	0.0525	3
3.2451	25	4	1	0.1367	1
3.2576	25	1	0	0.0553	6
3.3002	25	2	1	0.1403	1
3.3002	25	4	0	0.0551	3
3.3431	25	3	1	0.1408	1
3.3517	25	2	0	0.0515	6
3.3949	25	1	1	0.1373	1
3.3949	25	3	0	0.0518	3
3.4371	25	4	1	0.1369	1
3.4491	25	1	0	0.0542	6
3.4929	25	2	1	0.1412	1
3.4929	25	4	0	0.0558	3
3.5329	25	3	1	0.138	1
3.5459	25	2	0	0.053	6
3.5904	25	1	1	0.1413	1
3.5904	25	3	0	0.0575	3
3.6331	25	4	1	0.1402	1
3.6436	25	1	0	0.0532	6
3.6833	25	2	1	0.1374	1
3.6833	25	4	0	0.0502	3
3.7311	25	3	1	0.1407	1
3.7376	25	2	0	0.0543	6
3.7804	25	1	1	0.1368	1
3.7804	25	3	0	0.0493	3
3.8222	25	4	1	0.1389	1
3.8333	25	1	0	0.0529	6
3.8757	25	2	1	0.1381	1
3.8757	25	4	0	0.0535	3
3.9165	25	3	1	0.1361	1
3.9294	25	2	0	0.0537	6
3.972	25	1	1	0.1387	1
3.972	25	3	0	0.0555	3
4.0136	25	4	1	0.1379	1
4.0251	25	1	0	0.0531	6
4.0679	25	2	1	0.1385	1
4.0679	25	4	0	0.0543	3
4.109	25	3	1	0.137	1
4.1215	25	2	0	0.0536	6
4.1639	25	1	1	0.1388	1
4.1639	25	3	0	0.0549	3
4.2059	25	4	1	0.138	1
4.2189	25	1	0	0.055	6
4.2631	25	2	1	0.1416	1
4.2631	25	4	0	0.0572	3
4.302	25	3	1	0.1381	1
4.3179	25	2	0	0.0548	6
4.3604	25	1	1	0.1415	1
4.3604	25	3	0	0.0584	3
4.4022	25	4	1	0.1391	1
4.4172	25	1	0	0.0568	6
4.4602	25	2	1	0.1423	1
4.4602	25	4	0	0.058	3
4.4995	25	3	1	0.1391	1
4.5145	25	2	0	0.0543	6
4.5576	25	1	1	0.1404	1
4.5576	25	3	0	0.0581	3
4.5998	25	4	1	0.1396	1
4.6129	25	1	0	0.0553	6
4.6549	25	2	1	0.1404	1
4.6549	25	4	0	0.0551	3
4.6994	25	3	1	0.1418	1
4.71	25	2	0	0.0551	6
4.752	25	1	1	0.1391	1
4.752	25	3	0	0.0526	3
4.7931	25	4	1	0.1382	1
4.806	25	1	0	0.054	6
4.8479	25	2	1	0.1379	1
4.8479	25	4	0	0.0548	3
4.89	25	3	1	0.138	1
4.907	25	2	0	0.0591	6
4.9491	25	1	1	0.1431	1
4.9491	25	3	0	0.0591	3
4.9896	25	4	1	0.1417	1
5.0057	25	1	0	0.0566	6
5.0477	25	2	1	0.1407	1
5.0477	25	4	0	0.0581	3
5.0908	25	3	1	0.1417	1
5.1041	25	2	0	0.0564	6
5.1468	25	1	1	0.1411	1
5.1468	25	3	0	0.056	3
5.1908	25	4	1	0.1431	1
5.2059	25	1	0	0.0591	6
5.2468	25	2	1	0.1427	1
5.2468	25	4	0	0.056	3
5.288	25	3	1	0.1412	1
5.3045	25	2	0	0.0577	6
5.3471	25	1	1	0.1412	1
5.3471	25	3	0	0.0591	3
5.3891	25	4	1	0.1423	1
5.4043	25	1	0	0.0572	6
5.4477	25	2	1	0.1432	1
5.4477	25	4	0	0.0586	3
5.4893	25	3	1	0.1422	1
5.5045	25	2	0	0.0568	6
5.5455	25	1	1	0.1412	1
5.5455	25	3	0	0.0562	3
5.5886	25	4	1	0.1409	1
5.6034	25	1	0	0.0579	6
5.6457	25	2	1	0.1412	1
5.6457	25	4	0	0.0571	3
5.6874	25	3	1	0.1419	1
5.7061	25	2	0	0.0604	6
5.7472	25	1	1	0.1438	1
5.7472	25	3	0	0.0598	3
5.7905	25	4	1	0.1448	1
5.805	25	1	0	0.0578	6
5.8507	25	2	1	0.1446	1
5.8507	25	4	0	0.0602	3
5.8875	25	3	1	0.1403	1
5.9092	25	2	0	0.0585	6
5.9482	25	1	1	0.1432	1
5.9482	25	3	0	0.0607	3
5.9968	25	4	1	0.1461	1
6.008	25	1	0	0.0598	6
6.0535	25	2	1	0.1443	1
6.0535	25	4	0	0.0567	3
6.0917	25	3	1	0.1435	1
6.11	25	2	0	0.0565	6
6.149	25	1	1	0.141	1
6.149	25	3	0	0.0573	3
6.1931	25	4	1	0.1396	1
6.209	25	1	0	0.06	6
6.2497	25	2	1	0.1397	1
6.2497	25	4	0	0.0566	3
6.2944	25	3	1	0.1454	1
6.3066	25	2	0	0.0569	6
6.3487	25	1	1	0.1397	1
6.3487	25	3	0	0.0543	3
6.3918	25	4	1	0.1421	1
6.4067	25	1	0	0.058	6
6.4457	25	2	1	0.1391	1
6.4457	25	4	0	0.0539	3
6.4886	25	3	1	0.1399	1
6.5036	25	2	0	0.0579	6
6.5456	25	1	1	0.1389	1
6.5456	25	3	0	0.057	3
6.5861	25	4	1	0.1404	1
6.6046	25	1	0	0.059	6
6.6458	25	2	1	0.1422	1
6.6458	25	4	0	0.0597	3
6.686	25	3	1	0.1404	1
6.7026	25	2	0	0.0568	6
6.7432	25	1	1	0.1386	1
6.7432	25	3	0	0.0572	3
6.7867	25	4	1	0.1409	1
6.8025	25	1	0	0.0593	6
6.8438	25	2	1	0.1412	1
6.8438	25	4	0	0.0571	3
6.8837	25	3	1	0.1405	1
6.9039	25	2	0	0.0601	6
6.9442	25	1	1	0.1417	1
6.9442	25	3	0	0.0605	3
6.9877	25	4	1	0.1439	1
7.0037	25	1	0	0.0595	6
7.0456	25	2	1	0.1417	1
7.0456	25	4	0	0.0579	3
7.0863	25	3	1	0.1421	1
7.1071	25	2	0	0.0615	6
7.1473	25	1	1	0.1436	1
7.1473	25	3	0	0.061	3
7.1905	25	4	1	0.1449	1
7.2083	25	1	0	0.061	6
7.2495	25	2	1	0.1424	1
7.2495	25	4	0	0.059	3
7.2936	25	3	1	0.1463	1
7.311	25	2	0	0.0615	6
7.3546	25	1	1	0.1463	1
7.3546	25	3	0	0.061	3
7.3915	25	4	1	0.142	1
7.4161	25	1	0	0.0615	6
7.4542	25	2	1	0.1432	1
7.4542	25	4	0	0.0627	3
7.5007	25	3	1	0.1461	1
7.5137	25	2	0	0.0595	6
7.5584	25	1	1	0.1423	1
7.5584	25	3	0	0.0577	3
7.5967	25	4	1	0.1425	1
7.6218	25	1	0	0.0634	6
7.6598	25	2	1	0.1461	1
7.6598	25	4	0	0.0631	3
7.7054	25	3	1	0.147	1
7.7215	25	2	0	0.0617	6
7.7656	25	1	1	0.1438	1
7.7656	25	3	0	0.0602	3
7.8023	25	4	1	0.1425	1
7.8267	25	1	0	0.0611	6
7.8653	25	2	1	0.1438	1
7.8653	25	4	0	0.063	3
7.9126	25	3	1	0.147	1
7.9285	25	2	0	0.0632	6
7.9702	25	1	1	0.1435	1
7.9702	25	3	0	0.0576	3
8.0105	25	4	1	0.1452	1
8.0317	25	1	0	0.0615	6
8.0728	25	2	1	0.1443	1
8.0728	25	4	0	0.0623	3
8.1134	25	3	1	0.1432	1
8.1344	25	2	0	0.0616	6
8.1742	25	1	1	0.1425	1
8.1742	25	3	0	0.0608	3
8.2148	25	4	1	0.142	1
8.2383	25	1	0	0.0641	6
8.2813	25	2	1	0.1469	1
8.2813	25	4	0	0.0665	3
8.3225	25	3	1	0.1483	1
8.3465	25	2	0	0.0652	6
8.3871	25	1	1	0.1488	1
8.3871	25	3	0	0.0646	3
8.4272	25	4	1	0.1459	1
8.4493	25	1	0	0.0622	6
8.4906	25	2	1	0.1441	1
8.4906	25	4	0	0.0634	3
8.5329	25	3	1	0.1458	1
8.555	25	2	0	0.0644	6
8.5964	25	1	1	0.1471	1
8.5964	25	3	0	0.0635	3
8.6367	25	4	1	0.1461	1
8.6584	25	1	0	0.062	6
8.6996	25	2	1	0.1446	1
8.6996	25	4	0	0.0629	3
8.7387	25	3	1	0.1423	1
8.7626	25	2	0	0.063	6
8.8049	25	1	1	0.1465	1
8.8049	25	3	0	0.0662	3
8.8427	25	4	1	0.1431	1
8.8669	25	1	0	0.062	6
8.9088	25	2	1	0.1462	1
8.9088	25	4	0	0.0661	3
8.948	25	3	1	0.1431	1
8.9744	25	2	0	0.0656	6
9.0147	25	1	1	0.1478	1
9.0147	25	3	0	0.0667	3
9.0555	25	4	1	0.1467	1
9.0779	25	1	0	0.0632	6
9.1187	25	2	1	0.1443	1
9.1187	25	4	0	0.0632	3
9.1628	25	3	1	0.1481	1
9.1875	25	2	0	0.0688	6
9.2262	25	1	1	0.1483	1
9.2262	25	3	0	0.0634	3
9.2678	25	4	1	0.1491	1
9.2935	25	1	0	0.0673	6
9.3356	25	2	1	0.1481	1
9.3356	25	4	0	0.0678	3
9.3751	25	3	1	0.1489	1
9.3986	25	2	0	0.063	6
9.4408	25	1	1	0.1473	1
9.4408	25	3	0	0.0657	3
9.4805	25	4	1	0.1449	1
9.5055	25	1	0	0.0647	6
9.547	25	2	1	0.1484	1
9.547	25	4	0	0.0665	3
9.591	25	3	1	0.1502	1
9.6092	25	2	0	0.0622	6
9.6504	25	1	1	0.1449	1
9.6504	25	3	0	0.0594	3
9.6943	25	4	1	0.1473	1
9.7213	25	1	0	0.0709	6
9.7584	25	2	1	0.1492	1
9.7584	25	4	0	0.0641	3
9.7976	25	3	1	0.1472	1
9.8248	25	2	0	0.0664	6
9.8696	25	1	1	0.1483	1
9.8696	25	3	0	0.072	3
9.9028	25	4	1	0.1444	1
9.9323	25	1	0	0.0627	6
9.9698	25	2	1	0.145	1
9.9698	25	4	0	0.067	3
10.0145	25	3	1	0.1449	1
10.0343	25	2	0	0.0645	6
10.0766	25	1	1	0.1443	1
10.0766	25	3	0	0.0621	3
10.1143	25	4	1	0.1445	1
10.1404	25	1	0	0.0638	6
10.177	25	2	1	0.1427	1
10.177	25	4	0	0.0627	3
10.2196	25	3	1	0.143	1
10.2446	25	2	0	0.0676	6
10.2852	25	1	1	0.1448	1
10.2852	25	3	0	0.0656	3
10.3206	25	4	1	0.1436	1
10.3516	25	1	0	0.0664	6
10.3928	25	2	1	0.1482	1
10.3928	25	4	0	0.0722	3
10.4294	25	3	1	0.1442	1
10.4568	25	2	0	0.064	6
10.4956	25	1	1	0.144	1
10.4956	25	3	0	0.0662	3
10.5374	25	4	1	0.1446	1
10.5607	25	1	0	0.0651	6
10.603	25	2	1	0.1462	1
10.603	25	4	0	0.0656	3
10.6404	25	3	1	0.1448	1
10.6721	25	2	0	0.0691	6
10.7097	25	1	1	0.149	1
10.7097	25	3	0	0.0693	3
10.7484	25	4	1	0.1454	1
10.7763	25	1	0	0.0666	6
10.8163	25	2	1	0.1442	1
10.8163	25	4	0	0.0679	3
10.8561	25	3	1	0.1464	1
10.8813	25	2	0	0.065	6
10.9207	25	1	1	0.1444	1
10.9207	25	3	0	0.0646	3
10.9617	25	4	1	0.1454	1
10.9887	25	1	0	0.068	6
11.0265	25	2	1	0.1452	1
11.0265	25	4	0	0.0648	3
11.0658	25	3	1	0.1451	1
11.0958	25	2	0	0.0693	6
11.1366	25	1	1	0.1479	1
11.1366	25	3	0	0.0708	3
11.1727	25	4	1	0.1462	1
11.2021	25	1	0	0.0655	6
11.2408	25	2	1	0.145	1
11.2408	25	4	0	0.0681	3
11.283	25	3	1	0.1464	1
11.311	25	2	0	0.0702	6
11.351	25	1	1	0.1489	1
11.351	25	3	0	0.068	3
11.3881	25	4	1	0.1473	1
11.4225	25	1	0	0.0715	6
11.4602	25	2	1	0.1492	1
11.4602	25	4	0	0.0721	3
11.502	25	3	1	0.151	1
11.53	25	2	0	0.0698	6
11.5732	25	1	1	0.1507	1
11.5732	25	3	0	0.0712	3
11.6065	25	4	1	0.1463	1
11.6401	25	1	0	0.0669	6
11.6757	25	2	1	0.1457	1
11.6757	25	4	0	0.0692	3
11.7215	25	3	1	0.1483	1
11.7489	25	2	0	0.0732	6
11.7895	25	1	1	0.1494	1
11.7895	25	3	0	0.068	3
11.828	25	4	1	0.1523	1
11.8597	25	1	0	0.0702	6
11.8966	25	2	1	0.1477	1
11.8966	25	4	0	0.0686	3
11.9419	25	3	1	0.1524	1
11.9725	25	2	0	0.0759	6
12.0066	25	1	1	0.1469	1
12.0066	25	3	0	0.0647	3
12.0409	25	4	1	0.1443	1
12.0829	25	1	0	0.0763	6
12.1193	25	2	1	0.1468	1
12.1193	25	4	0	0.0784	3
12.1533	25	3	1	0.1467	1
12.1871	25	2	0	0.0678	6
12.23	25	1	1	0.1471	1
12.23	25	3	0	0.0767	3
12.2713	25	4	1	0.152	1
12.2961	25	1	0	0.0661	6
12.3353	25	2	1	0.1482	1
12.3353	25	4	0	0.064	3
12.3773	25	3	1	0.1473	1
12.4137	25	2	0	0.0784	6
12.4482	25	1	1	0.1521	1
12.4482	25	3	0	0.0709	3
12.4844	25	4	1	0.1491	1
12.5213	25	1	0	0.0731	6
12.5612	25	2	1	0.1475	1
12.5612	25	4	0	0.0768	3
12.5958	25	3	1	0.1476	1
12.6341	25	2	0	0.0729	6
12.6734	25	1	1	0.1521	1
12.6734	25	3	0	0.0776	3
12.7139	25	4	1	0.1527	1
12.7439	25	1	0	0.0705	6
12.782	25	2	1	0.1479	1
12.782	25	4	0	0.0681	3
12.8254	25	3	1	0.152	1
12.8548	25	2	0	0.0728	6
12.8923	25	1	1	0.1484	1
12.8923	25	3	0	0.0669	3
12.9313	25	4	1	0.1493	1
12.9689	25	1	0	0.0766	6
13.0032	25	2	1	0.1484	1
13.0032	25	4	0	0.0719	3
13.0437	25	3	1	0.1514	1
13.0754	25	2	0	0.0722	6
13.1182	25	1	1	0.1493	1
13.1182	25	3	0	0.0745	3
13.1503	25	4	1	0.1471	1
13.1924	25	1	0	0.0742	6
13.2266	25	2	1	0.1512	1
13.2266	25	4	0	0.0763	3
13.2683	25	3	1	0.1501	1
13.2995	25	2	0	0.0729	6
13.3396	25	1	1	0.1472	1
13.3396	25	3	0	0.0713	3
13.3767	25	4	1	0.1501	1
13.4083	25	1	0	0.0687	6
13.4457	25	2	1	0.1462	1
13.4457	25	4	0	0.069	3
13.4862	25	3	1	0.1466	1
13.5247	25	2	0	0.079	6
13.559	25	1	1	0.1507	1
13.559	25	3	0	0.0728	3
13.5972	25	4	1	0.1515	1
13.633	25	1	0	0.074	6
13.6725	25	2	1	0.1478	1
13.6725	25	4	0	0.0753	3
13.7081	25	3	1	0.1491	1
13.7455	25	2	0	0.073	6
13.7805	25	1	1	0.1475	1
13.7805	25	3	0	0.0724	3
13.8219	25	4	1	0.1494	1
13.8546	25	1	0	0.0741	6
13.8939	25	2	1	0.1484	1
13.8939	25	4	0	0.072	3
13.9319	25	3	1	0.1514	1
13.9689	25	2	0	0.075	6
14.006	25	1	1	0.1514	1
14.006	25	3	0	0.0741	3
14.0429	25	4	1	0.149	1
14.0798	25	1	0	0.0738	6
14.1163	25	2	1	0.1474	1
14.1163	25	4	0	0.0734	3
14.1563	25	3	1	0.1503	1
14.1907	25	2	0	0.0744	6
14.228	25	1	1	0.1482	1
14.228	25	3	0	0.0717	3
14.264	25	4	1	0.1477	1
14.3053	25	1	0	0.0773	6
14.3382	25	2	1	0.1475	1
14.3382	25	4	0	0.0742	3
14.3807	25	3	1	0.1527	1
14.4126	25	2	0	0.0744	6
14.4524	25	1	1	0.1471	1
14.4524	25	3	0	0.0717	3
14.4872	25	4	1	0.149	1
14.53	25	1	0	0.0776	6
14.5619	25	2	1	0.1493	1
14.5619	25	4	0	0.0747	3
14.6053	25	3	1	0.1529	1
14.6426	25	2	0	0.0807	6
14.6813	25	1	1	0.1513	1
14.6813	25	3	0	0.076	3
14.7155	25	4	1	0.1536	1
14.7627	25	1	0	0.0814	6
14.7976	25	2	1	0.155	1
14.7976	25	4	0	0.0821	3
14.8298	25	3	1	0.1485	1
14.8857	25	2	0	0.0881	6
14.9149	25	1	1	0.1522	1
14.9149	25	3	0	0.0851	3
14.9533	25	4	1	0.1557	1
14.9961	25	1	0	0.0812	6
15.0424	25	2	1	0.1567	1
15.0424	25	4	0	0.0891	3
15.0719	25	3	1	0.157	1
15.1278	25	2	0	0.0854	6
15.1567	25	1	1	0.1606	1
15.1567	25	3	0	0.0848	3
15.1994	25	4	1	0.157	1
15.2452	25	1	0	0.0885	6
15.286	25	2	1	0.1582	1
15.286	25	4	0	0.0866	3
15.3133	25	3	1	0.1566	1
15.3681	25	2	0	0.0821	6
15.4003	25	1	1	0.1551	1
15.4003	25	3	0	0.087	3
15.4435	25	4	1	0.1575	1
15.4851	25	1	0	0.0848	6
15.5266	25	2	1	0.1585	1
15.5266	25	4	0	0.0831	3
15.5543	25	3	1	0.154	1
15.6099	25	2	0	0.0833	6
15.6414	25	1	1	0.1563	1
15.6414	25	3	0	0.0871	3
15.6836	25	4	1	0.157	1
15.728	25	1	0	0.0866	6
15.7667	25	2	1	0.1568	1
15.7667	25	4	0	0.0831	3
15.7992	25	3	1	0.1578	1
15.8568	25	2	0	0.0901	6
15.8901	25	1	1	0.1621	1
15.8901	25	3	0	0.0909	3
15.9238	25	4	1	0.1571	1
15.9875	25	1	0	0.0974	6
16.0176	25	2	1	0.1608	1
16.0176	25	4	0	0.0938	3
16.0465	25	3	1	0.1564	1
16.1033	25	2	0	0.0857	6
16.1474	25	1	1	0.1599	1
16.1474	25	3	0	0.1009	3
16.1831	25	4	1	0.1655	1
16.2354	25	1	0	0.088	6
16.2677	25	2	1	0.1644	1
16.2677	25	4	0	0.0846	3
16.3106	25	3	1	0.1632	1
16.3487	25	2	0	0.081	6
16.3897	25	1	1	0.1543	1
16.3897	25	3	0	0.0791	3
16.4254	25	4	1	0.1577	1
16.4832	25	1	0	0.0935	6
16.5086	25	2	1	0.1599	1
16.5086	25	4	0	0.0832	3
16.5436	25	3	1	0.1539	1
16.6151	25	2	0	0.1065	6
16.6456	25	1	1	0.1624	1
16.6456	25	3	0	0.102	3
16.6675	25	4	1	0.1589	1
16.7523	25	1	0	0.1067	6
16.7799	25	2	1	0.1648	1
16.7799	25	4	0	0.1124	3
16.8127	25	3	1	0.1671	1
16.8655	25	2	0	0.0856	6
16.9108	25	1	1	0.1585	1
16.9108	25	3	0	0.0981	3
16.9425	25	4	1	0.1626	1
16.9917	25	1	0	0.0809	6
17.0289	25	2	1	0.1634	1
17.0289	25	4	0	0.0864	3
17.0685	25	3	1	0.1577	1
17.1228	25	2	0	0.0939	6
17.1504	25	1	1	0.1587	1
17.1504	25	3	0	0.0819	3
17.1827	25	4	1	0.1538	1
17.2472	25	1	0	0.0968	6
17.2789	25	2	1	0.1561	1
17.2789	25	4	0	0.0962	3
17.3052	25	3	1	0.1548	1
17.3823	25	2	0	0.1034	6
17.4072	25	1	1	0.16	1
17.4072	25	3	0	0.102	3
17.4425	25	4	1	0.1636	1
17.5004	25	1	0	0.0932	6
17.5446	25	2	1	0.1623	1
17.5446	25	4	0	0.1021	3
17.5687	25	3	1	0.1615	1
17.639	25	2	0	0.0944	6
17.664	25	1	1	0.1636	1
17.664	25	3	0	0.0953	3
17.7045	25	4	1	0.1599	1
17.7591	25	1	0	0.0951	6
17.7967	25	2	1	0.1577	1
17.7967	25	4	0	0.0922	3
17.8276	25	3	1	0.1636	1
17.888	25	2	0	0.0913	6
17.9205	25	1	1	0.1614	1
17.9205	25	3	0	0.0929	3
17.9556	25	4	1	0.1589	1
18.0277	25	1	0	0.1072	6
18.0531	25	2	1	0.1651	1
18.0531	25	4	0	0.0975	3
18.0839	25	3	1	0.1634	1
18.1666	25	2	0	0.1135	6
18.1962	25	1	1	0.1685	1
18.1962	25	3	0	0.1123	3
18.2158	25	4	1	0.1627	1
18.3228	25	1	0	0.1266	6
18.3359	25	2	1	0.1693	1
18.3359	25	4	0	0.1201	3
18.3653	25	3	1	0.1691	1
18.4868	25	2	0	0.1509	6
18.5038	25	1	1	0.181	1
18.5038	25	3	0	0.1385	3
18.5088	25	4	1	0.1729	1
18.5808	25	1	0	0.077	6
18.6009	25	1	1	0.0201	0
18.6011	25	4	0	0.0923	6
18.6322	25	3	1	0.1284	0
18.6412	25	1	0	0.0403	6
18.6489	25	2	1	0.1621	1
18.6824	25	3	0	0.0502	6
18.7025	25	3	1	0.0201	0
18.7027	25	2	0	0.0538	6
18.7604	25	1	1	0.1192	1
18.7604	25	3	0	0.0579	3
18.7965	25	4	1	0.1954	1
18.844	25	1	0	0.0836	6
18.8441	25	2	1	0.1414	0
18.8441	25	4	0	0.0476	3
18.9028	25	3	1	0.1424	0
18.9247	25	2	0	0.0806	6
18.9826	25	1	1	0.1386	1
18.9826	25	3	0	0.0798	3
19.0134	25	4	1	0.1693	1
19.0878	25	2	1	0.1631	1
19.0878	25	1	0	0.1052	2
19.0878	25	4	0	0.0744	3
19.1404	25	3	1	0.1578	1
19.2567	25	2	0	0.1689	6
19.2568	25	4	1	0.169	0
19.2568	25	3	0	0.1164	2
19.258	25	1	1	0.1702	1
19.327	25	4	0	0.0702	6
19.3471	25	4	1	0.0201	0
19.3473	25	1	0	0.0893	6
19.4013	25	2	1	0.1446	1
19.4013	25	4	0	0.0542	3
19.4423	25	4	1	0.041	0
19.4685	25	3	1	0.2117	1
19.4685	25	4	0	0.0262	2
19.4686	25	1	1	0.1213	0
19.4686	25	2	0	0.0673	2
19.4686	25	3	0	0.0001	3
19.4887	25	3	1	0.0201	1
19.5129	25	1	0	0.0443	6
19.513	25	2	1	0.0444	0
19.558	25	3	0	0.0693	6
19.6058	25	4	1	0.1373	0
19.6201	25	2	0	0.1071	6
19.6395	25	1	1	0.1266	0
19.6661	25	4	0	0.0603	6
19.6862	25	4	1	0.0201	0
19.6864	25	1	0	0.0469	6
19.7446	25	2	1	0.1245	1
19.7446	25	4	0	0.0584	3
19.7473	25	3	1	0.1893	1
19.8444	25	2	0	0.0998	6
19.8445	25	4	1	0.0999	0
19.8445	25	3	0	0.0972	2
19.8466	25	1	1	0.1602	1
19.9764	25	4	0	0.1319	6
19.9965	25	4	1	0.0201	0
19.9967	25	1	0	0.1501	6
20.0305	25	2	1	0.1861	1
20.0305	25	4	0	0.034	3
20.0555	25	3	1	0.211	1
20.1426	25	2	0	0.1121	6
20.1843	25	1	1	0.1876	1
20.1843	25	3	0	0.1288	3
20.2125	25	4	1	0.182	1
20.3265	25	2	1	0.1839	1
20.3265	25	1	0	0.1422	2
20.3265	25	4	0	0.114	3
20.3604	25	3	1	0.1761	1
20.3908	25	2	0	0.0643	6
20.4506	25	1	1	0.1241	1
20.4506	25	3	0	0.0902	3
20.4707	25	3	1	0.0201	0
20.5096	25	1	0	0.059	6
20.5313	25	4	1	0.2048	1
20.5313	25	3	0	0.0606	2
20.5314	25	2	1	0.1406	0
20.5314	25	4	0	0.0001	3
20.5515	25	4	1	0.0201	1
20.5712	25	2	0	0.0398	6
20.5713	25	1	1	0.0617	0
20.6438	25	4	0	0.0923	6
20.6865	25	3	1	0.1552	0
20.6982	25	1	0	0.1269	6
20.7107	25	2	1	0.1395	1
20.7529	25	3	0	0.0664	6
20.773	25	3	1	0.0201	0
20.7732	25	2	0	0.0625	6
20.8262	25	1	1	0.128	1
20.8262	25	3	0	0.0532	3
20.8332	25	4	1	0.1894	1
20.9371	25	2	1	0.1639	1
20.9371	25	1	0	0.1109	2
20.9371	25	4	0	0.1039	3
20.9931	25	3	1	0.1669	1
21.0244	25	2	0	0.0873	6
21.0812	25	1	1	0.1441	1
21.0812	25	3	0	0.0881	3
21.127	25	4	1	0.1899	1
21.1905	25	2	1	0.1661	1
21.1905	25	1	0	0.1093	2
21.1905	25	4	0	0.0635	3
21.2427	25	3	1	0.1615	1
21.3611	25	4	1	0.1706	1
21.3611	25	3	0	0.1184	2
21.3612	25	2	0	0.1707	6
21.3623	25	1	1	0.1718	1
21.451	25	4	0	0.0899	6
21.4711	25	4	1	0.0201	0
21.4713	25	1	0	0.109	6
21.5294	25	2	1	0.1682	1
21.5294	25	4	0	0.0583	3
21.5724	25	3	1	0.2113	1
21.6214	25	2	0	0.092	6
21.6215	25	4	1	0.0921	0
21.6215	25	3	0	0.0491	2
21.6333	25	1	1	0.162	1
21.7223	25	4	0	0.1008	6
21.7424	25	4	1	0.0201	0
21.7426	25	1	0	0.1093	6
21.787	25	2	1	0.1656	1
21.787	25	4	0	0.0446	3
21.8239	25	3	1	0.2024	1
21.9309	25	1	1	0.1883	1
21.9309	25	2	0	0.1439	2
21.9309	25	3	0	0.107	3
21.9626	25	4	1	0.1756	1
22.032	25	1	0	0.1011	6
22.0499	25	3	1	0.119	0
22.0499	25	4	0	0.0873	2
22.0521	25	1	1	0.0201	0
22.0521	25	3	0	0.0022	3
22.0765	25	3	1	0.0244	0
22.0859	25	1	0	0.0338	6
22.087	25	2	1	0.1561	1
22.1383	25	3	0	0.0618	6
22.1584	25	3	1	0.0201	0
22.1586	25	2	0	0.0716	6
22.2157	25	1	1	0.1298	1
22.2157	25	3	0	0.0573	3
22.2409	25	4	1	0.191	1
22.2925	25	1	0	0.0768	6
22.2926	25	2	1	0.134	0
22.2926	25	4	0	0.0517	3
22.3431	25	3	1	0.1274	0
22.3639	25	2	0	0.0713	6
22.4215	25	1	1	0.129	1
22.4215	25	3	0	0.0784	3
22.4627	25	4	1	0.1701	1
22.5202	25	2	1	0.1563	1
22.5202	25	1	0	0.0987	2
22.5202	25	4	0	0.0575	3
22.5754	25	3	1	0.1539	1
22.6883	25	1	1	0.1681	1
22.6883	25	2	0	0.1681	2
22.6883	25	3	0	0.1129	3
22.6901	25	4	1	0.1699	1
22.7636	25	1	0	0.0753	6
22.7837	25	1	1	0.0201	0
22.7839	25	4	0	0.0938	6
22.8156	25	3	1	0.1273	0
22.8264	25	1	0	0.0427	6
22.8292	25	2	1	0.1409	1
22.9161	25	3	0	0.1005	6
22.9362	25	3	1	0.0201	0
22.9364	25	2	0	0.1072	6
22.9775	25	4	1	0.1936	1
22.9775	25	3	0	0.0413	2
22.9776	25	1	1	0.1512	0
23.0929	25	4	0	0.1154	6
23.1076	25	2	1	0.1712	1
23.1076	25	1	0	0.13	2
23.1456	25	3	1	0.1681	0
23.1635	25	2	0	0.0559	6
23.219	25	1	1	0.1114	1
23.219	25	3	0	0.0734	3
23.2596	25	3	1	0.0406	0
23.2923	25	4	1	0.1994	1
23.2923	25	3	0	0.0327	2
23.2924	25	1	0	0.0734	6
23.2925	25	2	1	0.129	0
23.2925	25	4	0	0.0002	3
23.3126	25	4	1	0.0201	1
23.3635	25	2	0	0.071	6
23.3636	25	1	1	0.0712	0
23.4308	25	4	0	0.1182	6
23.4524	25	3	1	0.1601	1
23.4801	25	1	0	0.1165	6
23.4907	25	2	1	0.1272	1
23.5456	25	3	0	0.0932	6
23.5657	25	3	1	0.0201	0
23.5659	25	2	0	0.0752	6
23.6109	25	1	1	0.1308	1
23.6109	25	3	0	0.0452	3
23.6206	25	4	1	0.1898	1
23.7437	25	2	1	0.1778	1
23.7437	25	1	0	0.1328	2
23.7437	25	4	0	0.1231	3
23.7863	25	3	1	0.1754	1
23.8885	25	2	0	0.1448	6
23.8886	25	4	1	0.1449	0
23.8886	25	3	0	0.1023	2
23.9086	25	2	1	0.0201	0
23.9086	25	4	0	0.02	3
23.9249	25	1	1	0.1812	1
23.9249	25	2	0	0.0163	2
23.9415	25	4	1	0.0329	0
23.9582	25	1	0	0.0333	6
23.9952	25	2	1	0.0703	0
23.9952	25	4	0	0.0537	3
24.0153	25	4	1	0.0201	0
24.0347	25	2	0	0.0395	6
24.0348	25	1	1	0.0766	0
24.0713	25	4	0	0.056	6
24.0794	25	3	1	0.1908	1
24.0796	25	1	0	0.0448	6
24.0797	25	2	1	0.045	0
24.1239	25	3	0	0.0445	6
24.1687	25	4	1	0.0974	0
24.1835	25	2	0	0.1038	6
24.1915	25	1	1	0.1119	0
24.2166	25	4	0	0.0479	6
24.2367	25	4	1	0.0201	0
24.2369	25	1	0	0.0454	6
24.2941	25	2	1	0.1106	1
24.2941	25	4	0	0.0574	3
24.3037	25	3	1	0.1798	1
24.3553	25	2	0	0.0612	6
24.3554	25	1	1	0.1185	0
24.3554	25	3	0	0.0517	3
24.4072	25	4	1	0.1131	0
24.4272	25	1	0	0.0718	6
24.4796	25	2	1	0.1243	1
24.4796	25	4	0	0.0724	3
24.5275	25	3	1	0.1721	1
24.5849	25	1	1	0.1577	1
24.5849	25	2	0	0.1053	2
24.5849	25	3	0	0.0574	3
24.6296	25	4	1	0.15	1
24.7452	25	3	1	0.1603	1
24.7452	25	4	0	0.1156	2
24.7453	25	1	0	0.1604	6
24.7493	25	2	1	0.1644	1
24.8072	25	3	0	0.062	6
24.8273	25	3	1	0.0201	0
24.8275	25	2	0	0.0782	6
24.8741	25	1	1	0.1288	1
24.8741	25	3	0	0.0468	3
24.9027	25	3	1	0.0286	0
24.9433	25	4	1	0.1981	1
24.9433	25	3	0	0.0406	2
24.9434	25	2	1	0.1159	0
24.9434	25	1	0	0.0693	2
24.9434	25	4	0	0.0001	3
24.9635	25	4	1	0.0201	1
24.9846	25	2	0	0.0412	6
24.9847	25	1	1	0.0413	0
25.0398	25	4	0	0.0763	6
25.082	25	3	1	0.1387	0
25.0961	25	1	0	0.1114	6
25.1075	25	2	1	0.1229	0
25.1328	25	3	0	0.0508	6
25.1529	25	3	1	0.0201	0
25.1531	25	2	0	0.0456	6
25.2076	25	1	1	0.1115	1
25.2076	25	3	0	0.0547	3
25.2232	25	4	1	0.1834	1
25.2885	25	1	0	0.0809	6
25.2886	25	2	1	0.1355	0
25.2886	25	4	0	0.0654	3
25.3384	25	3	1	0.1308	0
25.3589	25	2	0	0.0703	6
25.4102	25	1	1	0.1217	1
25.4102	25	3	0	0.0718	3
25.462	25	4	1	0.1734	1
25.5074	25	2	1	0.1485	1
25.5074	25	1	0	0.0972	2
25.5074	25	4	0	0.0454	3
25.5605	25	3	1	0.1503	1
25.6723	25	1	1	0.1649	1
25.6723	25	2	0	0.1649	2
25.6723	25	3	0	0.1118	3
25.6763	25	4	1	0.1689	1
25.8587	25	3	1	0.1864	1
25.8587	25	4	0	0.1824	2
25.8588	25	1	0	0.1865	6
25.8715	25	2	1	0.1992	1
25.9492	25	3	0	0.0905	6
25.9966	25	4	1	0.1379	0
26.0116	25	2	0	0.1401	6
26.0117	25	1	1	0.1529	0
26.0335	25	4	0	0.0369	6
26.0536	25	4	1	0.0201	0
26.0538	25	1	0	0.0421	6
26.0754	25	2	1	0.0638	0
26.0754	25	4	0	0.0218	3
26.0955	25	4	1	0.0201	0
26.1246	25	2	0	0.0492	6
26.1247	25	1	1	0.0709	0
26.1419	25	4	0	0.0464	6
26.1512	25	3	1	0.202	1
26.1514	25	1	0	0.0267	6
26.1515	25	2	1	0.0269	0
26.1819	25	3	0	0.0307	6
26.2274	25	4	1	0.0855	0
26.2436	25	2	0	0.0921	6
26.2456	25	1	1	0.0942	0
26.271	25	4	0	0.0436	6
26.2911	25	4	1	0.0201	0
26.2913	25	1	0	0.0457	6
26.3501	25	2	1	0.1065	1
26.3501	25	4	0	0.059	3
26.3588	25	3	1	0.1769	1
26.3904	25	2	0	0.0403	6
26.3905	25	1	1	0.0992	0
26.3905	25	3	0	0.0317	3
26.4441	25	4	1	0.094	0
26.4687	25	1	0	0.0782	6
26.52	25	2	1	0.1296	1
26.52	25	4	0	0.0759	3
26.5492	25	3	1	0.1587	1
26.6187	25	1	1	0.15	1
26.6187	25	2	0	0.0987	2
26.6187	25	3	0	0.0695	3
26.6672	25	4	1	0.1472	1
26.78	25	3	1	0.1613	1
26.78	25	4	0	0.1128	2
26.7801	25	1	0	0.1614	6
26.7844	25	2	1	0.1657	1
26.9585	25	3	0	0.1785	6
26.9715	25	4	1	0.1915	1
26.9766	25	1	1	0.1965	1
26.9766	25	2	0	0.1922	2
27.0186	25	4	0	0.0471	6
27.0689	25	3	1	0.1104	0
27.0859	25	1	0	0.1093	6
27.0921	25	2	1	0.1155	0
27.1201	25	3	0	0.0512	6
27.1402	25	3	1	0.0201	0
27.1404	25	2	0	0.0483	6
27.1983	25	1	1	0.1124	1
27.1983	25	3	0	0.0581	3
27.2181	25	4	1	0.1995	1
27.2552	25	1	0	0.0569	6
27.2553	25	2	1	0.1149	0
27.2553	25	4	0	0.0372	3
27.314	25	3	1	0.1157	0
27.3414	25	2	0	0.0861	6
27.3934	25	1	1	0.1382	1
27.3934	25	3	0	0.0794	3
27.4217	25	4	1	0.1664	1
27.5029	25	2	1	0.1615	1
27.5029	25	1	0	0.1095	2
27.5029	25	4	0	0.0812	3
27.5457	25	3	1	0.1523	1
27.6687	25	4	1	0.1658	1
27.6687	25	3	0	0.123	2
27.6688	25	2	0	0.1659	6
27.6714	25	1	1	0.1685	1
27.7672	25	4	0	0.0985	6
27.7873	25	4	1	0.0201	0
27.7875	25	1	0	0.1161	6
27.8362	25	2	1	0.1674	1
27.8362	25	4	0	0.0489	3
27.8748	25	3	1	0.2061	1
27.9548	25	2	0	0.1186	6
27.9549	25	4	1	0.1187	0
27.9549	25	3	0	0.0801	2
27.9586	25	1	1	0.1711	1
28.049	25	4	0	0.0941	6
28.0691	25	4	1	0.0201	0
28.0693	25	1	0	0.1107	6
28.1059	25	2	1	0.1511	1
28.1059	25	4	0	0.0368	3
28.1699	25	3	1	0.215	1
28.2571	25	1	1	0.1878	1
28.2571	25	2	0	0.1512	2
28.2571	25	3	0	0.0872	3
28.2775	25	4	1	0.1716	1
28.3343	25	1	0	0.0772	6
28.3544	25	1	1	0.0201	0
28.3546	25	4	0	0.0771	6
28.3872	25	3	1	0.1301	0
28.3994	25	1	0	0.045	6
28.4051	25	2	1	0.148	1
28.445	25	3	0	0.0578	6
28.4651	25	3	1	0.0201	0
28.4653	25	2	0	0.0602	6
28.5181	25	1	1	0.1187	1
28.5181	25	3	0	0.053	3
28.5432	25	4	1	0.1886	1
28.586	25	1	0	0.0679	6
28.5861	25	2	1	0.1208	0
28.5861	25	4	0	0.0429	3
28.6384	25	3	1	0.1203	0
28.6651	25	2	0	0.079	6
28.7198	25	1	1	0.1338	1
28.7198	25	3	0	0.0814	3
28.7479	25	4	1	0.1618	1
28.8139	25	2	1	0.1488	1
28.8139	25	1	0	0.0941	2
28.8139	25	4	0	0.066	3
28.8696	25	3	1	0.1498	1
28.9175	25	2	0	0.1036	6
28.9624	25	1	1	0.1485	1
28.9624	25	3	0	0.0928	3
28.9782	25	4	1	0.1643	1
29.0816	25	2	1	0.1641	1
29.0816	25	1	0	0.1192	2
29.0816	25	4	0	0.1034	3
29.1259	25	3	1	0.1635	1
29.1995	25	2	0	0.1179	6
29.2449	25	1	1	0.1633	1
29.2449	25	3	0	0.119	3
29.2622	25	4	1	0.1806	1
29.3734	25	2	1	0.1739	1
29.3734	25	1	0	0.1285	2
29.3734	25	4	0	0.1112	3
29.4125	25	3	1	0.1676	1
29.4845	25	2	0	0.1111	6
29.5317	25	1	1	0.1583	1
29.5317	25	3	0	0.1192	3
29.5607	25	4	1	0.1873	1
29.6651	25	2	1	0.1806	1
29.6651	25	1	0	0.1334	2
29.6651	25	4	0	0.1044	3
29.7024	25	3	1	0.1707	1
29.8178	25	2	0	0.1527	6
29.8179	25	4	1	0.1528	0
29.8179	25	3	0	0.1155	2
29.8349	25	1	1	0.1698	1
29.875	25	4	0	0.0571	6
29.8951	25	4	1	0.0201	0
29.8953	25	1	0	0.0604	6
29.9261	25	2	1	0.1083	1
29.9261	25	4	0	0.031	3
29.9554	25	4	1	0.0293	0
30.008	25	2	0	0.0819	6
30.0207	25	3	1	0.2028	1
30.0207	25	4	0	0.0653	2
30.0208	25	1	1	0.1255	0
30.0208	25	3	0	0.0001	3
30.0409	25	3	1	0.0201	1
30.056	25	1	0	0.0352	6
30.0561	25	2	1	0.0481	0
30.1187	25	3	0	0.0778	6
30.1571	25	4	1	0.1364	0
30.1716	25	2	0	0.1155	6
30.182	25	1	1	0.126	1
30.2191	25	4	0	0.062	6
30.2392	25	4	1	0.0201	0
30.2394	25	1	0	0.0574	6
30.2854	25	2	1	0.1138	1
30.2854	25	4	0	0.0462	3
30.3	25	3	1	0.1813	1
30.3884	25	1	1	0.149	1
30.3884	25	2	0	0.103	2
30.3884	25	3	0	0.0884	3
30.4378	25	4	1	0.1524	1
30.4677	25	1	0	0.0793	6
30.5179	25	2	1	0.1295	1
30.5179	25	4	0	0.0801	3
30.5639	25	3	1	0.1755	1
30.6172	25	1	1	0.1495	1
30.6172	25	2	0	0.0993	2
30.6172	25	3	0	0.0533	3
30.6717	25	4	1	0.1538	1
30.7672	25	1	0	0.15	6
30.7769	25	2	1	0.1597	1
30.7769	25	4	0	0.1052	3
30.7847	25	3	1	0.1675	1
30.9089	25	2	0	0.132	6
30.909	25	4	1	0.1321	0
30.909	25	3	0	0.1243	2
30.9251	25	1	1	0.1579	1
30.9787	25	4	0	0.0697	6
30.9988	25	4	1	0.0201	0
30.999	25	1	0	0.0739	6
31.0236	25	2	1	0.1147	1
31.0236	25	4	0	0.0248	3
31.1109	25	3	1	0.2019	1
31.1689	25	1	1	0.1699	1
31.1689	25	2	0	0.1453	2
31.1689	25	3	0	0.058	3
31.1835	25	4	1	0.1599	1
31.248	25	1	0	0.0791	6
31.2681	25	1	1	0.0201	0
31.2683	25	4	0	0.0848	6
31.3013	25	3	1	0.1324	0
31.3141	25	1	0	0.046	6
31.3196	25	2	1	0.1507	1
31.3536	25	3	0	0.0523	6
31.3737	25	3	1	0.0201	0
31.3739	25	2	0	0.0543	6
31.4251	25	1	1	0.111	1
31.4251	25	3	0	0.0514	3
31.4452	25	3	1	0.0201	0
31.4552	25	4	1	0.1869	1
31.4552	25	3	0	0.01	2
31.4553	25	1	0	0.0302	6
31.4753	25	3	1	0.0201	0
31.4753	25	4	0	0.0201	2
31.4754	25	1	1	0.0201	0
31.4754	25	3	0	0.0001	3
31.5024	25	3	1	0.027	0
31.5114	25	2	1	0.1375	1
31.5114	25	1	0	0.036	2
31.5819	25	3	0	0.0795	6
31.6154	25	4	1	0.1401	0
31.6301	25	2	0	0.1187	6
31.6404	25	1	1	0.129	0
31.6678	25	4	0	0.0524	6
31.6879	25	4	1	0.0201	0
31.6881	25	1	0	0.0477	6
31.7379	25	2	1	0.1078	1
31.7379	25	4	0	0.05	3
31.7548	25	3	1	0.1729	1
31.8146	25	2	0	0.0767	6
31.8147	25	1	1	0.1266	0
31.8147	25	3	0	0.0599	3
31.861	25	4	1	0.1231	0
31.8837	25	1	0	0.069	6
31.9335	25	2	1	0.1189	1
31.9335	25	4	0	0.0725	3
31.9809	25	3	1	0.1662	1
32.0271	25	1	1	0.1434	1
32.0271	25	2	0	0.0936	2
32.0271	25	3	0	0.0462	3
32.0797	25	4	1	0.1462	1
32.186	25	1	0	0.1589	6
32.1899	25	2	1	0.1628	1
32.1899	25	4	0	0.1102	3
32.1899	25	3	1	0.1628	1
32.2623	25	2	0	0.0724	6
32.2803	25	4	1	0.0904	0
32.2803	25	3	0	0.0904	2
32.2823	25	2	1	0.02	0
32.2823	25	4	0	0.002	3
32.3057	25	4	1	0.0234	0
32.3188	25	2	0	0.0365	6
32.3191	25	1	1	0.1331	1
32.3851	25	4	0	0.0794	6
32.4051	25	4	1	0.02	0
32.4053	25	1	0	0.0862	6
32.446	25	2	1	0.1272	1
32.446	25	4	0	0.0409	3
32.4598	25	3	1	0.1795	1
32.5625	25	1	1	0.1572	1
32.5625	25	2	0	0.1165	2
32.5625	25	3	0	0.1027	3
32.6023	25	4	1	0.1563	1
32.6511	25	1	0	0.0886	6
32.6993	25	2	1	0.1368	1
32.6993	25	4	0	0.097	3
32.7453	25	3	1	0.1828	1
32.8161	25	1	1	0.165	1
32.8161	25	2	0	0.1168	2
32.8161	25	3	0	0.0708	3
32.8564	25	4	1	0.1571	1
32.9761	25	1	0	0.16	6
32.9762	25	3	1	0.1601	0
32.9762	25	4	0	0.1198	2
32.9911	25	2	1	0.175	1
33.0282	25	3	0	0.052	6
33.0482	25	3	1	0.02	0
33.0484	25	2	0	0.0573	6
33.0799	25	1	1	0.1038	1
33.0799	25	3	0	0.0317	3
33.0999	25	3	1	0.02	0
33.1363	25	1	0	0.0564	6
33.1458	25	2	1	0.0974	0
33.1681	25	4	1	0.1919	1
33.1681	25	3	0	0.0682	2
33.1682	25	1	1	0.0319	0
33.1682	25	2	0	0.0224	2
33.1881	25	4	1	0.02	1
33.2679	25	1	0	0.0997	6
33.2704	25	3	1	0.1023	0
33.2704	25	4	0	0.0823	2
33.2879	25	1	1	0.02	0
33.2879	25	3	0	0.0175	3
33.3079	25	3	1	0.02	0
33.3133	25	1	0	0.0254	6
33.3163	25	2	1	0.1481	1
33.3529	25	3	0	0.045	6
33.3729	25	3	1	0.02	0
33.3731	25	2	0	0.0568	6
33.4214	25	1	1	0.1081	1
33.4214	25	3	0	0.0485	3
33.449	25	3	1	0.0276	0
33.455	25	4	1	0.1846	1
33.455	25	3	0	0.006	2
33.4551	25	2	1	0.082	0
33.4551	25	1	0	0.0337	2
33.4551	25	4	0	0.0001	3
33.4751	25	4	1	0.02	1
33.5097	25	2	0	0.0546	6
33.5098	25	1	1	0.0547	0
33.5754	25	4	0	0.1003	6
33.6056	25	3	1	0.1506	1
33.6222	25	1	0	0.1124	6
33.6317	25	2	1	0.122	1
33.6729	25	3	0	0.0673	6
33.6929	25	3	1	0.02	0
33.6931	25	2	0	0.0614	6
33.7361	25	1	1	0.1139	1
33.7361	25	3	0	0.0432	3
33.7447	25	4	1	0.1693	1
33.839	25	2	1	0.1459	1
33.839	25	1	0	0.1029	2
33.839	25	4	0	0.0943	3
33.8862	25	3	1	0.1501	1
33.9175	25	2	0	0.0785	6
33.9642	25	1	1	0.1252	1
33.9642	25	3	0	0.078	3
34.0172	25	4	1	0.1782	1
34.0719	25	2	1	0.1544	1
34.0719	25	1	0	0.1077	2
34.0719	25	4	0	0.0547	3
34.115	25	3	1	0.1508	1
34.2386	25	4	1	0.1667	1
34.2386	25	3	0	0.1236	2
34.2387	25	2	0	0.1668	6
34.2458	25	1	1	0.1739	1
34.3436	25	4	0	0.105	6
34.3636	25	4	1	0.02	0
34.3638	25	1	0	0.118	6
34.4055	25	2	1	0.1668	1
34.4055	25	4	0	0.0419	3
34.4328	25	3	1	0.1942	1
34.4916	25	2	0	0.0861	6
34.4917	25	4	1	0.0862	0
34.4917	25	3	0	0.0589	2
34.5158	25	1	1	0.152	1
34.5526	25	4	0	0.0609	6
34.5726	25	4	1	0.02	0
34.5728	25	1	0	0.057	6
34.6002	25	2	1	0.1086	1
34.6002	25	4	0	0.0276	3
34.6763	25	3	1	0.1846	1
34.726	25	1	1	0.1532	1
34.726	25	2	0	0.1258	2
34.726	25	3	0	0.0497	3
34.751	25	4	1	0.1508	1
34.8756	25	1	0	0.1496	6
34.8932	25	2	1	0.1672	1
34.8932	25	4	0	0.1422	3
34.9055	25	3	1	0.1795	1
35.0251	25	2	0	0.1319	6
35.0252	25	4	1	0.132	0
35.0252	25	3	0	0.1197	2
35.0421	25	1	1	0.1665	1
35.0857	25	4	0	0.0605	6
35.1057	25	4	1	0.02	0
35.1059	25	1	0	0.0638	6
35.1291	25	2	1	0.104	1
35.1291	25	4	0	0.0234	3
35.2093	25	4	1	0.0802	0
35.2235	25	3	1	0.1983	1
35.2235	25	4	0	0.0142	2
35.2236	25	2	0	0.0945	6
35.2435	25	4	1	0.02	0
35.2435	25	3	0	0.02	2
35.2436	25	2	1	0.02	0
35.2436	25	4	0	0.0001	3
35.2571	25	1	1	0.1512	1
35.2571	25	2	0	0.0135	2
35.386	25	4	1	0.1424	1
35.3986	25	3	1	0.1551	1
35.3986	25	4	0	0.0126	2
35.3987	25	1	0	0.1416	6
35.4135	25	2	1	0.1564	1
35.5556	25	3	0	0.157	6
35.5634	25	4	1	0.1648	1
35.5673	25	1	1	0.1686	1
35.5673	25	2	0	0.1538	2
35.6162	25	4	0	0.0528	6
35.6567	25	3	1	0.1011	0
35.6737	25	1	0	0.1064	6
35.6746	25	2	1	0.1073	0
35.7019	25	3	0	0.0452	6
35.7219	25	3	1	0.02	0
35.7221	25	2	0	0.0475	6
35.7643	25	1	1	0.0906	0
35.7643	25	3	0	0.0424	3
35.7843	25	3	1	0.02	0
35.7943	25	4	1	0.1781	1
35.7943	25	3	0	0.01	2
35.7944	25	2	1	0.0723	0
35.7944	25	1	0	0.0301	2
35.7944	25	4	0	0.0001	3
35.8143	25	3	1	0.02	0
35.8144	25	4	1	0.02	1
35.8144	25	3	0	0.0001	2
35.8145	25	2	0	0.0201	6
35.8146	25	1	1	0.0202	0
35.9267	25	4	0	0.1123	6
35.9491	25	3	1	0.1347	1
35.9598	25	2	1	0.1453	1
35.9598	25	1	0	0.1452	2
36.014	25	3	0	0.0649	6
36.034	25	3	1	0.02	0
36.0342	25	2	0	0.0744	6
36.0778	25	1	1	0.118	1
36.0778	25	3	0	0.0438	3
36.1085	25	4	1	0.1818	1
36.168	25	1	0	0.0902	6
36.1681	25	2	1	0.1339	0
36.1681	25	4	0	0.0596	3
36.2149	25	3	1	0.1371	0
36.2417	25	2	0	0.0736	6
36.2895	25	1	1	0.1215	1
36.2895	25	3	0	0.0746	3
36.3313	25	4	1	0.1632	1
36.3869	25	2	1	0.1452	1
36.3869	25	1	0	0.0974	2
36.3869	25	4	0	0.0556	3
36.4329	25	3	1	0.1434	1
36.5176	25	2	0	0.1307	6
36.5382	25	1	1	0.1513	1
36.5382	25	3	0	0.1053	3
36.549	25	4	1	0.1621	1
36.6807	25	2	1	0.1631	1
36.6807	25	1	0	0.1425	2
36.6807	25	4	0	0.1317	3
36.7034	25	3	1	0.1652	1
36.7639	25	2	0	0.0832	6
36.8092	25	1	1	0.1285	1
36.8092	25	3	0	0.1058	3
36.8768	25	4	1	0.1961	1
36.9263	25	2	1	0.1624	1
36.9263	25	1	0	0.1171	2
36.9263	25	4	0	0.0495	3
36.9688	25	3	1	0.1596	1
37.0977	25	1	1	0.1714	1
37.0977	25	2	0	0.1714	2
37.0977	25	3	0	0.1289	3
37.1019	25	4	1	0.1756	1
37.1991	25	1	0	0.1014	6
37.1992	25	3	1	0.1015	0
37.1992	25	4	0	0.0973	2
37.2191	25	1	1	0.02	0
37.2191	25	3	0	0.0199	3
37.2391	25	3	1	0.02	0
37.2433	25	2	1	0.1456	1
37.2433	25	1	0	0.0242	2
37.304	25	3	0	0.0649	6
37.324	25	3	1	0.02	0
37.3242	25	2	0	0.0809	6
37.363	25	1	1	0.1197	1
37.363	25	3	0	0.039	3
37.3921	25	4	1	0.1929	1
37.4735	25	2	1	0.1493	1
37.4735	25	1	0	0.1105	2
37.4735	25	4	0	0.0814	3
37.5197	25	3	1	0.1567	1
37.5639	25	2	0	0.0904	6
37.6047	25	1	1	0.1312	1
37.6047	25	3	0	0.085	3
37.6519	25	4	1	0.1784	1
37.7229	25	2	1	0.159	1
37.7229	25	1	0	0.1182	2
37.7229	25	4	0	0.071	3
37.7619	25	3	1	0.1572	1
37.8482	25	2	0	0.1253	6
37.8483	25	4	1	0.1254	0
37.8483	25	3	0	0.0864	2
37.8682	25	2	1	0.02	0
37.8682	25	4	0	0.0199	3
37.8799	25	1	1	0.157	1
37.8799	25	2	0	0.0117	2
37.892	25	4	1	0.0238	0
37.9152	25	1	0	0.0353	6
37.9375	25	2	1	0.0576	0
37.9375	25	4	0	0.0455	3
37.9575	25	4	1	0.02	0
37.9873	25	2	0	0.0498	6
37.9874	25	1	1	0.0722	0
38.0022	25	4	0	0.0447	6
38.0152	25	3	1	0.1669	1
38.0154	25	1	0	0.028	6
38.0155	25	2	1	0.0282	0
38.0523	25	3	0	0.0371	6
38.0919	25	4	1	0.0897	0
38.1089	25	2	0	0.0934	6
38.1122	25	1	1	0.0968	0
38.1419	25	4	0	0.05	6
38.1619	25	4	1	0.02	0
38.1621	25	1	0	0.0499	6
38.2129	25	2	1	0.104	1
38.2129	25	4	0	0.051	3
38.2179	25	3	1	0.1656	1
38.2607	25	2	0	0.0478	6
38.2608	25	1	1	0.0987	0
38.2608	25	3	0	0.0429	3
38.3045	25	4	1	0.0916	0
38.3294	25	1	0	0.0686	6
38.3768	25	2	1	0.1161	1
38.3768	25	4	0	0.0723	3
38.4157	25	3	1	0.1549	1
38.4679	25	1	1	0.1385	1
38.4679	25	2	0	0.0911	2
38.4679	25	3	0	0.0522	3
38.52	25	4	1	0.1432	1
38.5781	25	1	0	0.1102	6
38.6099	25	2	1	0.142	1
38.6099	25	4	0	0.0899	3
38.6245	25	3	1	0.1566	1
38.7368	25	1	1	0.1587	1
38.7368	25	2	0	0.1269	2
38.7368	25	3	0	0.1123	3
38.7637	25	4	1	0.1538	1
38.8402	25	1	0	0.1034	6
38.8821	25	2	1	0.1453	1
38.8821	25	4	0	0.1184	3
38.917	25	3	1	0.1802	1
39.0092	25	1	1	0.169	1
39.0092	25	2	0	0.1271	2
39.0092	25	3	0	0.0922	3
39.0459	25	4	1	0.1638	1
39.1884	25	3	1	0.1792	1
39.1884	25	4	0	0.1425	2
39.1885	25	1	0	0.1793	6
39.1904	25	2	1	0.1812	1
39.2878	25	3	0	0.0994	6
39.3236	25	4	1	0.1352	0
39.3416	25	2	0	0.1512	6
39.342	25	1	1	0.1535	1
39.4056	25	4	0	0.082	6
39.4256	25	4	1	0.02	0
39.4258	25	1	0	0.0838	6
39.4666	25	2	1	0.125	1
39.4666	25	4	0	0.041	3
39.4912	25	3	1	0.2034	1
39.5708	25	2	0	0.1042	6
39.5709	25	1	1	0.1451	0
39.5709	25	3	0	0.0797	3
39.6195	25	4	1	0.1529	0
39.646	25	1	0	0.0751	6
39.6885	25	2	1	0.1177	1
39.6885	25	4	0	0.069	3
39.7495	25	3	1	0.1786	1
39.796	25	1	1	0.15	1
39.796	25	2	0	0.1075	2
39.796	25	3	0	0.0465	3
39.8387	25	4	1	0.1502	1
39.9617	25	3	1	0.1657	1
39.9617	25	4	0	0.123	2
39.9618	25	1	0	0.1658	6
39.9635	25	2	1	0.1675	1
40.1616	25	4	1	0.1999	1
40.1616	25	3	0	0.1999	2
40.1617	25	2	0	0.1982	6
40.1697	25	1	1	0.2079	1
40.3353	25	4	0	0.1737	6
40.3553	25	4	1	0.02	0
40.3555	25	1	0	0.1858	6
40.3599	25	2	1	0.1982	1
40.3599	25	4	0	0.0046	3
40.394	25	3	1	0.2324	1
40.5522	25	4	1	0.1923	1
40.5522	25	3	0	0.1582	2
40.5585	25	1	1	0.203	1
40.5585	25	2	0	0.1986	2
40.6469	25	3	1	0.0947	0
40.6968	25	1	0	0.1383	6
40.6969	25	2	1	0.1384	0
40.7366	25	4	1	0.1844	1
40.7366	25	3	0	0.0897	2
40.7367	25	2	0	0.0398	6
40.7368	25	1	1	0.04	0
40.7814	25	4	0	0.0448	6
40.8184	25	3	1	0.0818	0
40.8367	25	1	0	0.0999	6
40.8368	25	2	1	0.1001	0
40.8598	25	3	0	0.0414	6
40.8798	25	3	1	0.02	0
40.88	25	2	0	0.0432	6
40.8967	25	1	1	0.06	0
40.8967	25	3	0	0.0169	3
40.9167	25	3	1	0.02	0
40.9441	25	4	1	0.1627	1
40.9441	25	3	0	0.0274	2
40.9442	25	1	0	0.0475	6
40.9641	25	3	1	0.02	0
40.9641	25	4	0	0.02	2
40.9642	25	1	1	0.02	0
40.9642	25	3	0	0.0001	3
40.986	25	3	1	0.0218	0
40.9945	25	2	1	0.1145	1
40.9945	25	1	0	0.0303	2
41.1226	25	4	1	0.1585	1
41.1226	25	3	0	0.1366	2
41.1227	25	1	1	0.1282	0
41.1227	25	2	0	0.1282	2
41.1426	25	4	1	0.02	1
41.238	25	1	0	0.1153	6
41.2381	25	3	1	0.1155	0
41.2381	25	4	0	0.0955	2
41.258	25	1	1	0.02	0
41.258	25	3	0	0.0199	3
41.2711	25	2	1	0.1484	1
41.2711	25	1	0	0.0131	2
41.2843	25	3	1	0.0263	0
41.3101	25	2	0	0.039	6
41.3436	25	1	1	0.0725	0
41.3436	25	3	0	0.0593	3
41.3636	25	3	1	0.02	0
41.3987	25	1	0	0.0551	6
41.4028	25	2	1	0.0927	0
41.4107	25	4	1	0.1726	1
41.4107	25	3	0	0.0471	2
41.4187	25	1	1	0.02	0
41.508	25	4	0	0.0973	6
41.5317	25	3	1	0.121	0
41.5459	25	2	1	0.1431	1
41.5459	25	1	0	0.1272	2
41.5573	25	3	1	0.0256	0
41.5846	25	2	0	0.0387	6
41.6339	25	1	1	0.088	0
41.6339	25	3	0	0.0766	3
41.6539	25	3	1	0.02	0
41.6766	25	4	1	0.1686	1
41.6766	25	3	0	0.0227	2
41.6767	25	2	1	0.0921	0
41.6767	25	1	0	0.0428	2
41.6767	25	4	0	0.0001	3
41.6967	25	4	1	0.02	1
41.7278	25	2	0	0.0511	6
41.7279	25	1	1	0.0512	0
41.791	25	4	0	0.0943	6
41.8171	25	3	1	0.1405	1
41.8387	25	1	0	0.1108	6
41.8431	25	2	1	0.1153	1
41.8941	25	3	0	0.077	6
41.9141	25	3	1	0.02	0
41.9143	25	2	0	0.0712	6
41.953	25	1	1	0.1143	1
41.953	25	3	0	0.0389	3
41.9587	25	4	1	0.1677	1
42.0456	25	1	0	0.0926	6
42.0457	25	2	1	0.1314	0
42.0457	25	4	0	0.087	3
42.087	25	3	1	0.134	0
42.1119	25	2	0	0.0662	6
42.156	25	1	1	0.1104	1
42.156	25	3	0	0.069	3
42.2018	25	3	1	0.0458	0
42.2129	25	4	1	0.1672	1
42.2129	25	3	0	0.0111	2
42.213	25	1	0	0.057	6
42.2329	25	3	1	0.02	0
42.2329	25	4	0	0.02	2
42.233	25	1	1	0.02	0
42.233	25	3	0	0.0001	3
42.245	25	2	1	0.1331	1
42.245	25	1	0	0.012	2
42.3584	25	4	1	0.1255	0
42.3612	25	3	1	0.1282	1
42.3612	25	4	0	0.0028	2
42.3613	25	2	0	0.1163	6
42.3812	25	4	1	0.02	0
42.3812	25	3	0	0.02	2
42.3813	25	2	1	0.02	0
42.3813	25	4	0	0.0001	3
42.3895	25	1	1	0.1445	1
42.3895	25	2	0	0.0082	2
42.4465	25	4	1	0.0652	0
42.4954	25	1	0	0.1059	6
42.521	25	3	1	0.1398	1
42.521	25	4	0	0.0745	2
42.5211	25	2	1	0.1316	0
42.5962	25	3	0	0.0752	6
42.6155	25	4	1	0.0945	0
42.6262	25	1	1	0.1308	1
42.6262	25	2	0	0.1051	2
42.6655	25	4	0	0.05	6
42.6855	25	4	1	0.02	0
42.6857	25	1	0	0.0595	6
42.722	25	2	1	0.0958	0
42.722	25	4	0	0.0365	3
42.742	25	4	1	0.02	0
42.7554	25	3	1	0.1592	1
42.7554	25	4	0	0.0134	2
42.7555	25	1	1	0.0698	0
42.7555	25	2	0	0.0335	2
42.7555	25	3	0	0.0001	3
42.7754	25	4	1	0.02	0
42.7755	25	3	1	0.02	1
42.7755	25	4	0	0.0001	2
42.7756	25	1	0	0.0201	6
42.7757	25	2	1	0.0202	0
42.8865	25	3	0	0.111	6
42.9058	25	4	1	0.1303	0
42.9149	25	1	1	0.1393	1
42.9149	25	2	0	0.1392	2
42.9625	25	4	0	0.0567	6
42.9825	25	4	1	0.02	0
42.9827	25	1	0	0.0678	6
43.0257	25	2	1	0.1108	1
43.0257	25	4	0	0.0432	3
43.0457	25	4	1	0.02	0
43.0548	25	3	1	0.1683	1
43.0548	25	4	0	0.0091	2
43.0549	25	2	0	0.0292	6
43.0748	25	4	1	0.02	0
43.0748	25	3	0	0.02	2
43.0749	25	2	1	0.02	0
43.0749	25	4	0	0.0001	3
43.1051	25	4	1	0.0302	0
43.1146	25	1	1	0.1319	1
43.1146	25	2	0	0.0397	2
43.1946	25	4	0	0.0895	6
43.2255	25	3	1	0.1507	0
43.2411	25	1	0	0.1265	6
43.2446	25	2	1	0.13	1
43.2836	25	3	0	0.0581	6
43.3036	25	3	1	0.02	0
43.3038	25	2	0	0.0592	6
43.3466	25	1	1	0.1055	1
43.3466	25	3	0	0.043	3
43.3657	25	4	1	0.1711	1
43.4175	25	1	0	0.0709	6
43.4176	25	2	1	0.1138	0
43.4176	25	4	0	0.0519	3
43.4603	25	3	1	0.1137	0
43.4877	25	2	0	0.0701	6
43.5326	25	1	1	0.1151	1
43.5326	25	3	0	0.0723	3
43.5731	25	4	1	0.1555	1
43.6236	25	2	1	0.1359	1
43.6236	25	1	0	0.091	2
43.6236	25	4	0	0.0505	3
43.6708	25	3	1	0.1382	1
43.7382	25	2	0	0.1146	6
43.7659	25	1	1	0.1423	1
43.7659	25	3	0	0.0951	3
43.7785	25	4	1	0.1549	1
43.89	25	2	1	0.1518	1
43.89	25	1	0	0.1241	2
43.89	25	4	0	0.1115	3
43.9177	25	3	1	0.1518	1
43.9802	25	2	0	0.0902	6
44.0223	25	1	1	0.1323	1
44.0223	25	3	0	0.1046	3
44.0694	25	4	1	0.1794	1
44.1363	25	2	1	0.1561	1
44.1363	25	1	0	0.114	2
44.1363	25	4	0	0.0669	3
44.1757	25	3	1	0.1534	1
44.3067	25	1	1	0.1704	1
44.3067	25	2	0	0.1704	2
44.3067	25	3	0	0.131	3
44.314	25	4	1	0.1777	1
44.4043	25	1	0	0.0976	6
44.4044	25	3	1	0.0977	0
44.4044	25	4	0	0.0904	2
44.4243	25	1	1	0.02	0
44.4243	25	3	0	0.0199	3
44.444	25	2	1	0.1373	1
44.444	25	1	0	0.0197	2
44.465	25	3	1	0.0407	0
44.4987	25	2	0	0.0547	6
44.5475	25	1	1	0.1035	1
44.5475	25	3	0	0.0825	3
44.59	25	4	1	0.1856	1
44.6361	25	2	1	0.1374	1
44.6361	25	1	0	0.0886	2
44.6361	25	4	0	0.0461	3
44.6925	25	3	1	0.145	1
44.7535	25	2	0	0.1174	6
44.7779	25	1	1	0.1418	1
44.7779	25	3	0	0.0854	3
44.7956	25	4	1	0.1595	1
44.9146	25	2	1	0.1611	1
44.9146	25	1	0	0.1367	2
44.9146	25	4	0	0.119	3
44.9326	25	3	1	0.1547	1
45.1059	25	1	1	0.1913	1
45.1059	25	2	0	0.1913	2
45.1059	25	3	0	0.1733	3
45.1117	25	4	1	0.1971	1
45.2378	25	1	0	0.1319	6
45.2379	25	3	1	0.132	0
45.2379	25	4	0	0.1262	2
45.2578	25	1	1	0.02	0
45.2578	25	3	0	0.0199	3
45.2743	25	2	1	0.1684	1
45.2743	25	1	0	0.0165	2
45.2963	25	3	1	0.0385	0
45.3311	25	2	0	0.0568	6
45.3774	25	1	1	0.1031	1
45.3774	25	3	0	0.0811	3
45.4156	25	3	1	0.0382	0
45.4384	25	4	1	0.2005	1
45.4384	25	3	0	0.0228	2
45.4385	25	1	0	0.0611	6
45.4386	25	2	1	0.1075	0
45.4386	25	4	0	0.0002	3
45.4586	25	4	1	0.02	1
45.5243	25	2	0	0.0857	6
45.5244	25	1	1	0.0859	0
45.5932	25	3	1	0.1548	1
45.5932	25	4	0	0.1346	2
45.5933	25	1	0	0.0689	6
45.6133	25	1	1	0.02	0
45.6133	25	3	0	0.0201	3
45.6333	25	3	1	0.02	0
45.6383	25	2	1	0.114	1
45.6383	25	1	0	0.025	2
45.725	25	3	0	0.0917	6
45.745	25	3	1	0.02	0
45.7452	25	2	0	0.1069	6
45.7667	25	1	1	0.1284	1
45.7667	25	3	0	0.0217	3
45.7673	25	4	1	0.1741	1
45.8986	25	2	1	0.1534	1
45.8986	25	1	0	0.1319	2
45.8986	25	4	0	0.1313	3
45.9234	25	3	1	0.1567	1
45.9718	25	2	0	0.0732	6
46.008	25	1	1	0.1094	1
46.008	25	3	0	0.0846	3
46.0852	25	4	1	0.1866	1
46.1178	25	2	1	0.146	1
46.1178	25	1	0	0.1098	2
46.1178	25	4	0	0.0326	3
46.1582	25	3	1	0.1502	1
46.2875	25	1	1	0.1697	1
46.2875	25	2	0	0.1697	2
46.2875	25	3	0	0.1293	3
46.2884	25	4	1	0.1706	1
46.416	25	1	0	0.1285	6
46.4699	25	2	1	0.1824	1
46.4699	25	4	0	0.1815	3
46.4928	25	4	1	0.0229	0
46.4952	25	3	1	0.2077	1
46.4952	25	4	0	0.0024	2
46.4953	25	2	0	0.0254	6
46.5152	25	4	1	0.02	0
46.5152	25	3	0	0.02	2
46.5153	25	2	1	0.02	0
46.5153	25	4	0	0.0001	3
46.5539	25	4	1	0.0386	0
46.5683	25	1	1	0.1523	1
46.5683	25	2	0	0.053	2
46.6911	25	3	1	0.1759	1
46.6911	25	4	0	0.1372	2
46.6912	25	1	0	0.1229	6
46.7112	25	1	1	0.02	0
46.7112	25	3	0	0.0201	3
46.7216	25	2	1	0.1533	1
46.7216	25	1	0	0.0104	2
46.7465	25	3	1	0.0353	0
46.7809	25	2	0	0.0593	6
46.83	25	1	1	0.1084	1
46.83	25	3	0	0.0835	3
46.867	25	3	1	0.037	0
46.8734	25	4	1	0.1823	1
46.8734	25	3	0	0.0064	2
46.8735	25	1	0	0.0435	6
46.8934	25	3	1	0.02	0
46.8934	25	4	0	0.02	2
46.8935	25	1	1	0.02	0
46.8935	25	3	0	0.0001	3
46.915	25	3	1	0.0215	0
46.9163	25	2	1	0.1354	1
46.9163	25	1	0	0.0228	2
46.974	25	3	0	0.059	6
47.0089	25	4	1	0.1155	0
47.027	25	2	0	0.1107	6
47.0271	25	1	1	0.1108	0
47.0572	25	4	0	0.0483	6
47.0772	25	4	1	0.02	0
47.0774	25	1	0	0.0503	6
47.0996	25	2	1	0.0726	0
47.0996	25	4	0	0.0224	3
47.1196	25	4	1	0.02	0
47.1387	25	3	1	0.1647	1
47.1387	25	4	0	0.0191	2
47.1388	25	2	0	0.0392	6
47.1587	25	4	1	0.02	0
47.1587	25	3	0	0.02	2
47.1588	25	2	1	0.02	0
47.1588	25	4	0	0.0001	3
47.1833	25	4	1	0.0245	0
47.1944	25	1	1	0.117	1
47.1944	25	2	0	0.0356	2
47.3145	25	3	1	0.1558	1
47.3145	25	4	0	0.1312	2
47.3146	25	1	0	0.1202	6
47.3345	25	4	1	0.02	0
47.3345	25	3	0	0.02	2
47.3346	25	1	1	0.02	0
47.3545	25	3	1	0.02	0
47.3545	25	4	0	0.02	2
47.3546	25	1	0	0.02	6
47.356	25	2	1	0.1616	1
47.5585	25	4	1	0.204	1
47.5585	25	3	0	0.204	2
47.5586	25	2	0	0.2026	6
47.5623	25	1	1	0.2077	1
47.6601	25	4	0	0.1016	6
47.6801	25	4	1	0.02	0
47.6803	25	1	0	0.118	6
47.7084	25	2	1	0.1498	1
47.7084	25	4	0	0.0283	3
47.7574	25	4	1	0.049	0
47.8012	25	3	1	0.2427	1
47.8012	25	4	0	0.0438	2
47.8013	25	1	1	0.121	0
47.8013	25	2	0	0.0929	2
47.8013	25	3	0	0.0001	3
47.8213	25	3	1	0.02	1
47.8527	25	1	0	0.0514	6
47.8528	25	2	1	0.0515	0
47.9003	25	3	0	0.079	6
47.9337	25	4	1	0.1325	0
47.9536	25	2	0	0.1008	6
47.9584	25	1	1	0.1057	0
47.9942	25	4	0	0.0605	6
48.0142	25	4	1	0.02	0
48.0144	25	1	0	0.056	6
48.0546	25	2	1	0.101	1
48.0546	25	4	0	0.0404	3
48.0727	25	3	1	0.1724	1
48.141	25	2	0	0.0864	6
48.1411	25	1	1	0.1267	0
48.1411	25	3	0	0.0684	3
48.1848	25	4	1	0.1302	0
48.2128	25	1	0	0.0717	6
48.2527	25	2	1	0.1117	1
48.2527	25	4	0	0.0679	3
48.3021	25	3	1	0.161	1
48.3533	25	1	1	0.1405	1
48.3533	25	2	0	0.1006	2
48.3533	25	3	0	0.0512	3
48.3962	25	4	1	0.1435	1
48.5072	25	1	0	0.1539	6
48.5112	25	2	1	0.1579	1
48.5112	25	4	0	0.115	3
48.5165	25	3	1	0.1632	1
48.6091	25	2	0	0.0979	6
48.6092	25	4	1	0.098	0
48.6092	25	3	0	0.0927	2
48.6291	25	2	1	0.02	0
48.6291	25	4	0	0.0199	3
48.6418	25	1	1	0.1346	1
48.6418	25	2	0	0.0127	2
48.6655	25	4	1	0.0364	0
48.6977	25	1	0	0.0559	6
48.7448	25	2	1	0.103	1
48.7448	25	4	0	0.0793	3
48.7797	25	4	1	0.0349	0
48.7871	25	3	1	0.1779	1
48.7871	25	4	0	0.0074	2
48.7872	25	2	0	0.0424	6
48.8071	25	4	1	0.02	0
48.8071	25	3	0	0.02	2
48.8072	25	2	1	0.02	0
48.8072	25	4	0	0.0001	3
48.8272	25	4	1	0.02	0
48.8276	25	1	1	0.1299	1
48.8276	25	2	0	0.0204	2
48.886	25	4	0	0.0588	6
48.921	25	3	1	0.1139	0
48.9388	25	1	0	0.1112	6
48.9389	25	2	1	0.1113	0
48.9674	25	3	0	0.0464	6
48.9874	25	3	1	0.02	0
48.9876	25	2	0	0.0487	6
49.0068	25	1	1	0.068	0
49.0068	25	3	0	0.0194	3
49.0268	25	3	1	0.02	0
49.0494	25	4	1	0.1634	1
49.0494	25	3	0	0.0226	2
49.0495	25	1	0	0.0427	6
49.0694	25	3	1	0.02	0
49.0694	25	4	0	0.02	2
49.0695	25	1	1	0.02	0
49.0695	25	3	0	0.0001	3
49.0916	25	3	1	0.0221	0
49.1006	25	2	1	0.113	1
49.1006	25	1	0	0.0311	2
49.225	25	4	1	0.1556	1
49.225	25	3	0	0.1334	2
49.2251	25	2	0	0.1245	6
49.2252	25	1	1	0.1246	0
49.3175	25	4	0	0.0925	6
49.3466	25	3	1	0.1216	0
49.3646	25	1	0	0.1394	6
49.3686	25	2	1	0.1435	1
49.4	25	3	0	0.0534	6
49.42	25	3	1	0.02	0
49.4202	25	2	0	0.0516	6
49.4611	25	1	1	0.0965	1
49.4611	25	3	0	0.0411	3
49.4811	25	3	1	0.02	0
49.4939	25	4	1	0.1764	1
49.4939	25	3	0	0.0128	2
49.494	25	1	0	0.0329	6
49.4941	25	2	1	0.0739	0
49.4941	25	4	0	0.0002	3
49.5141	25	4	1	0.02	1
49.5488	25	2	0	0.0547	6
49.5489	25	1	1	0.0549	0
49.6101	25	4	0	0.096	6
49.6316	25	3	1	0.1377	1
49.6559	25	1	0	0.107	6
49.6588	25	2	1	0.11	1
49.7062	25	3	0	0.0746	6
49.7262	25	3	1	0.02	0
49.7264	25	2	0	0.0676	6
49.7631	25	1	1	0.1072	1
49.7631	25	3	0	0.0369	3
49.7719	25	4	1	0.1618	1
49.8424	25	1	0	0.0793	6
49.8425	25	2	1	0.1161	0
49.8425	25	4	0	0.0706	3
49.8837	25	3	1	0.1206	0
49.9091	25	2	0	0.0666	6
49.9471	25	1	1	0.1047	1
49.9471	25	3	0	0.0634	3
50.0044	25	4	1	0.1619	1
50.0425	25	2	1	0.1334	1
50.0425	25	1	0	0.0954	2
50.0425	25	4	0	0.0381	3
50.0866	25	3	1	0.1395	1
50.1917	25	2	0	0.1492	6
50.1923	25	1	1	0.1498	1
50.1923	25	3	0	0.1057	3
50.1953	25	4	1	0.1528	1
50.2801	25	1	0	0.0878	6
50.2802	25	3	1	0.0879	0
50.2802	25	4	0	0.0849	2
50.3001	25	1	1	0.02	0
50.3001	25	3	0	0.0199	3
50.3174	25	2	1	0.1257	1
50.3174	25	1	0	0.0173	2
50.3371	25	3	1	0.037	0
50.3724	25	2	0	0.055	6
50.4199	25	1	1	0.1025	1
50.4199	25	3	0	0.0828	3
50.4534	25	4	1	0.1732	1
50.5046	25	2	1	0.1322	1
50.5046	25	1	0	0.0847	2
50.5046	25	4	0	0.0512	3
50.5589	25	3	1	0.139	1
50.6109	25	2	0	0.1063	6
50.6387	25	1	1	0.1341	1
50.6387	25	3	0	0.0798	3
50.6576	25	4	1	0.153	1
50.761	25	2	1	0.1501	1
50.761	25	1	0	0.1223	2
50.761	25	4	0	0.1034	3
50.7893	25	3	1	0.1506	1
50.9041	25	2	0	0.1431	6
50.92	25	1	1	0.159	1
50.92	25	3	0	0.1307	3
50.9402	25	4	1	0.1792	1
51.0727	25	2	1	0.1686	1
51.0727	25	1	0	0.1527	2
51.0727	25	4	0	0.1325	3
51.0783	25	3	1	0.1583	1
51.2469	25	2	0	0.1742	6
51.2626	25	1	1	0.1899	1
51.2626	25	3	0	0.1843	3
51.2832	25	4	1	0.2105	1
51.4012	25	1	0	0.1386	6
51.4013	25	2	1	0.1544	0
51.4013	25	4	0	0.1181	3
51.4297	25	3	1	0.1671	1
51.4635	25	2	0	0.0622	6
51.5001	25	1	1	0.0989	1
51.5001	25	3	0	0.0704	3
51.5201	25	3	1	0.02	0
51.5766	25	1	0	0.0765	6
51.58	25	2	1	0.1165	1
51.5866	25	4	1	0.1853	1
51.5866	25	3	0	0.0665	2
51.5966	25	1	1	0.02	0
51.7456	25	3	1	0.159	1
51.7456	25	4	0	0.159	2
51.7457	25	1	0	0.1491	6
51.7505	25	2	1	0.1705	1
51.8571	25	3	0	0.1115	6
51.8572	25	1	1	0.1115	0
51.8572	25	2	0	0.1067	2
51.8572	25	4	1	0.1116	0
51.9353	25	1	0	0.0781	6
51.9354	25	3	1	0.0783	0
51.9354	25	4	0	0.0782	2
51.9553	25	1	1	0.02	0
51.9553	25	3	0	0.0199	3
51.9753	25	3	1	0.02	0
51.9854	25	2	1	0.1282	1
51.9854	25	1	0	0.0301	2
52.0414	25	3	0	0.0661	6
52.0614	25	3	1	0.02	0
52.0616	25	2	0	0.0762	6
52.0957	25	1	1	0.1103	1
52.0957	25	3	0	0.0343	3
52.1213	25	4	1	0.1859	1
52.1977	25	2	1	0.1361	1
52.1977	25	1	0	0.102	2
52.1977	25	4	0	0.0764	3
52.2395	25	3	1	0.1438	1
52.2742	25	2	0	0.0765	6
52.3121	25	1	1	0.1144	1
52.3121	25	3	0	0.0726	3
52.3638	25	4	1	0.1661	1
52.4106	25	2	1	0.1364	1
52.4106	25	1	0	0.0985	2
52.4106	25	4	0	0.0468	3
52.4525	25	3	1	0.1404	1
52.5698	25	1	1	0.1592	1
52.5698	25	2	0	0.1592	2
52.5698	25	3	0	0.1173	3
52.5708	25	4	1	0.1602	1
52.6609	25	1	0	0.0911	6
52.661	25	3	1	0.0912	0
52.661	25	4	0	0.0902	2
52.6809	25	1	1	0.02	0
52.6809	25	3	0	0.0199	3
52.7008	25	2	1	0.131	1
52.7008	25	1	0	0.0199	2
52.7214	25	3	1	0.0405	0
52.7599	25	2	0	0.0591	6
52.8054	25	1	1	0.1046	1
52.8054	25	3	0	0.084	3
52.8419	25	4	1	0.1809	1
52.8983	25	2	1	0.1384	1
52.8983	25	1	0	0.0929	2
52.8983	25	4	0	0.0564	3
52.9495	25	3	1	0.1441	1
53.0129	25	2	0	0.1146	6
53.0382	25	1	1	0.1399	1
53.0382	25	3	0	0.0887	3
53.0579	25	4	1	0.1596	1
53.1708	25	2	1	0.1579	1
53.1708	25	1	0	0.1326	2
53.1708	25	4	0	0.1129	3
53.1886	25	3	1	0.1504	1
53.324	25	2	0	0.1532	6
53.3361	25	1	1	0.1653	1
53.3361	25	3	0	0.1475	3
53.3525	25	4	1	0.1817	1
53.4915	25	2	1	0.1675	1
53.4915	25	1	0	0.1554	2
53.4915	25	4	0	0.139	3
53.4974	25	3	1	0.1613	1
53.58	25	2	0	0.0885	6
53.6154	25	1	1	0.1239	1
53.6154	25	3	0	0.118	3
53.6921	25	4	1	0.2006	1
53.7364	25	2	1	0.1564	1
53.7364	25	1	0	0.121	2
53.7364	25	4	0	0.0443	3
53.7717	25	3	1	0.1563	1
53.9045	25	2	0	0.1681	6
53.9066	25	1	1	0.1702	1
53.9066	25	3	0	0.1349	3
53.9099	25	4	1	0.1735	1
53.9878	25	1	0	0.0812	6
53.9879	25	3	1	0.0813	0
53.9879	25	4	0	0.078	2
54.0078	25	1	1	0.02	0
54.0078	25	3	0	0.0199	3
54.0278	25	3	1	0.02	0
54.029	25	2	1	0.1245	1
54.029	25	1	0	0.0212	2
54.0914	25	3	0	0.0636	6
54.1114	25	3	1	0.02	0
54.1116	25	2	0	0.0826	6
54.142	25	1	1	0.113	1
54.142	25	3	0	0.0306	3
54.1666	25	4	1	0.1787	1
54.2539	25	2	1	0.1423	1
54.2539	25	1	0	0.1119	2
54.2539	25	4	0	0.0873	3
54.2889	25	3	1	0.1469	1
54.3345	25	2	0	0.0806	6
54.3692	25	1	1	0.1153	1
54.3692	25	3	0	0.0803	3
54.4238	25	4	1	0.1699	1
54.4776	25	2	1	0.1431	1
54.4776	25	1	0	0.1084	2
54.4776	25	4	0	0.0538	3
54.5104	25	3	1	0.1412	1
54.6447	25	1	1	0.1671	1
54.6447	25	2	0	0.1671	2
54.6447	25	3	0	0.1343	3
54.6457	25	4	1	0.1681	1
54.8119	25	1	0	0.1672	6
54.812	25	2	1	0.1673	0
54.812	25	4	0	0.1663	3
54.8346	25	3	1	0.1899	1
54.8831	25	2	0	0.0711	6
54.9173	25	1	1	0.1054	1
54.9173	25	3	0	0.0827	3
54.9561	25	3	1	0.0388	0
55.0115	25	4	1	0.1995	1
55.0115	25	3	0	0.0554	2
55.0116	25	2	1	0.1285	0
55.0116	25	1	0	0.0943	2
55.0116	25	4	0	0.0001	3
55.0316	25	4	1	0.02	1
55.0863	25	2	0	0.0747	6
55.0864	25	1	1	0.0748	0
55.1393	25	4	0	0.1077	6
55.1632	25	3	1	0.1517	1
55.1869	25	1	0	0.1005	6
55.1882	25	2	1	0.1019	1
55.244	25	3	0	0.0808	6
55.264	25	3	1	0.02	0
55.2642	25	2	0	0.076	6
55.2944	25	1	1	0.1075	1
55.2944	25	3	0	0.0304	3
55.3025	25	4	1	0.1632	1
55.3971	25	2	1	0.1329	1
55.3971	25	1	0	0.1027	2
55.3971	25	4	0	0.0946	3
55.4334	25	3	1	0.139	1
55.4679	25	2	0	0.0708	6
55.5042	25	1	1	0.1071	1
55.5042	25	3	0	0.0708	3
55.5596	25	4	1	0.1625	1
55.6068	25	2	1	0.1389	1
55.6068	25	1	0	0.1026	2
55.6068	25	4	0	0.0472	3
55.6432	25	3	1	0.139	1
55.761	25	1	1	0.1542	1
55.761	25	2	0	0.1542	2
55.761	25	3	0	0.1178	3
55.7669	25	4	1	0.1601	1
55.8659	25	1	0	0.1049	6
55.866	25	3	1	0.105	0
55.866	25	4	0	0.0991	2
55.8859	25	1	1	0.02	0
55.8859	25	3	0	0.0199	3
55.8969	25	2	1	0.1359	1
55.8969	25	1	0	0.011	2
55.9188	25	3	1	0.0329	0
55.954	25	2	0	0.0571	6
55.9969	25	1	1	0.1	1
55.9969	25	3	0	0.0781	3
56.0429	25	4	1	0.1769	1
56.0881	25	2	1	0.1341	1
56.0881	25	1	0	0.0912	2
56.0881	25	4	0	0.0452	3
56.135	25	3	1	0.1381	1
56.2037	25	2	0	0.1156	6
56.2249	25	1	1	0.1368	1
56.2249	25	3	0	0.0899	3
56.2496	25	4	1	0.1615	1
56.3626	25	2	1	0.1589	1
56.3626	25	1	0	0.1377	2
56.3626	25	4	0	0.113	3
56.3721	25	3	1	0.1472	1
56.4699	25	2	0	0.1073	6
56.47	25	4	1	0.1074	0
56.47	25	3	0	0.0979	2
56.4899	25	2	1	0.02	0
56.4899	25	4	0	0.0199	3
56.5099	25	4	1	0.02	0
56.5133	25	2	0	0.0234	6
56.5134	25	1	1	0.1508	0
56.542	25	4	0	0.0321	6
56.562	25	4	1	0.02	0
56.5622	25	1	0	0.0488	6
56.5694	25	2	1	0.0561	0
56.5694	25	4	0	0.0074	3
56.5894	25	4	1	0.02	0
56.6364	25	2	0	0.067	6
56.6365	25	1	1	0.0743	0
56.6367	25	3	1	0.1667	1
56.6367	25	4	0	0.0473	2
56.6565	25	1	1	0.02	0
56.6565	25	3	0	0.0198	3
56.6875	25	4	1	0.0508	0
56.7105	25	1	0	0.054	6
56.7402	25	2	1	0.1038	1
56.7402	25	4	0	0.0527	3
56.8055	25	3	1	0.149	1
56.848	25	1	1	0.1375	1
56.848	25	2	0	0.1078	2
56.848	25	3	0	0.0425	3
56.8728	25	4	1	0.1326	1
57.0081	25	3	1	0.1601	1
57.0081	25	4	0	0.1353	2
57.0082	25	1	0	0.1602	6
57.0089	25	2	1	0.1609	1
57.1119	25	3	0	0.1038	6
57.1374	25	4	1	0.1293	0
57.1526	25	1	1	0.1444	1
57.1526	25	2	0	0.1437	2
57.202	25	4	0	0.0646	6
57.222	25	4	1	0.02	0
57.2222	25	1	0	0.0696	6
57.2561	25	2	1	0.1035	1
57.2561	25	4	0	0.0341	3
57.2905	25	3	1	0.1786	1
57.3467	25	2	0	0.0906	6
57.3468	25	1	1	0.1246	0
57.3468	25	3	0	0.0563	3
57.3923	25	4	1	0.1362	0
57.4245	25	1	0	0.0777	6
57.4601	25	2	1	0.1134	1
57.4601	25	4	0	0.0678	3
57.5055	25	3	1	0.1587	1
57.5607	25	1	1	0.1362	1
57.5607	25	2	0	0.1006	2
57.5607	25	3	0	0.0552	3
57.5964	25	4	1	0.1363	1
57.6988	25	1	0	0.1381	6
57.7094	25	2	1	0.1487	1
57.7094	25	4	0	0.113	3
57.7166	25	3	1	0.1559	1
57.8198	25	2	0	0.1104	6
57.8199	25	4	1	0.1105	0
57.8199	25	3	0	0.1033	2
57.8348	25	1	1	0.136	1
57.8777	25	4	0	0.0578	6
57.8977	25	4	1	0.02	0
57.8979	25	1	0	0.0631	6
57.9112	25	2	1	0.0914	1
57.9112	25	4	0	0.0135	3
57.9885	25	3	1	0.1686	1
58.0427	25	1	1	0.1448	1
58.0427	25	2	0	0.1315	2
58.0427	25	3	0	0.0542	3
58.0539	25	4	1	0.1427	1
58.2142	25	3	1	0.1715	1
58.2142	25	4	0	0.1603	2
58.2143	25	1	0	0.1716	6
58.2191	25	2	1	0.1764	1
58.3023	25	3	0	0.0881	6
58.3024	25	1	1	0.0881	0
58.3024	25	2	0	0.0833	2
58.3024	25	4	1	0.0882	0
58.349	25	1	0	0.0466	6
58.369	25	1	1	0.02	0
58.3692	25	4	0	0.0668	6
58.4004	25	3	1	0.0981	0
58.4135	25	2	1	0.1111	1
58.4135	25	1	0	0.0445	2
58.4724	25	3	0	0.072	6
58.4924	25	3	1	0.02	0
58.4926	25	2	0	0.0791	6
58.523	25	1	1	0.1095	1
58.523	25	3	0	0.0306	3
58.552	25	4	1	0.1828	1
58.6225	25	2	1	0.1299	1
58.6225	25	1	0	0.0995	2
58.6225	25	4	0	0.0705	3
58.6656	25	3	1	0.1426	0
58.6959	25	2	0	0.0734	6
58.7312	25	1	1	0.1087	1
58.7312	25	3	0	0.0656	3
58.7846	25	4	1	0.1621	1
58.8322	25	2	1	0.1363	1
58.8322	25	1	0	0.101	2
58.8322	25	4	0	0.0476	3
58.8714	25	3	1	0.1402	1
58.9755	25	2	0	0.1433	6
58.9806	25	1	1	0.1484	1
58.9806	25	3	0	0.1092	3
58.9883	25	4	1	0.1561	1
59.0896	25	1	0	0.109	6
59.0897	25	3	1	0.1091	0
59.0897	25	4	0	0.1014	2
59.1078	25	2	1	0.1323	1
59.1522	25	3	0	0.0625	6
59.1722	25	3	1	0.02	0
59.1724	25	2	0	0.0646	6
59.1819	25	1	1	0.0923	1
59.1819	25	3	0	0.0097	3
59.261	25	4	1	0.1713	1
59.3197	25	3	1	0.1378	1
59.3197	25	4	0	0.0587	2
59.3198	25	1	0	0.1379	6
59.3233	25	2	1	0.1509	1
59.4211	25	3	0	0.1014	6
59.4474	25	4	1	0.1277	0
59.4646	25	1	1	0.1448	1
59.4646	25	2	0	0.1413	2
59.4969	25	4	0	0.0495	6
59.5169	25	4	1	0.02	0
59.5171	25	1	0	0.0525	6
59.5225	25	2	1	0.0579	0
59.5225	25	4	0	0.0056	3
59.5425	25	4	1	0.02	0
59.585	25	3	1	0.1639	1
59.585	25	4	0	0.0425	2
59.5851	25	1	1	0.068	0
59.5851	25	2	0	0.0626	2
59.5851	25	3	0	0.0001	3
59.605	25	4	1	0.02	0
59.6051	25	3	1	0.02	1
59.6051	25	4	0	0.0001	2
59.6052	25	1	0	0.0201	6
59.6053	25	2	1	0.0202	0
59.6592	25	3	0	0.0541	6
59.6893	25	4	1	0.0842	0
59.7077	25	2	0	0.1024	6
59.709	25	1	1	0.1038	0
59.7419	25	4	0	0.0526	6
59.7619	25	4	1	0.02	0
59.7621	25	1	0	0.0531	6
59.8015	25	2	1	0.0938	1
59.8015	25	4	0	0.0396	3
59.8128	25	3	1	0.1536	1
59.8538	25	2	0	0.0523	6
59.8539	25	1	1	0.0918	0
59.8539	25	3	0	0.0411	3
59.8909	25	4	1	0.0894	0
59.9199	25	1	0	0.066	6
59.9585	25	2	1	0.1047	1
59.9585	25	4	0	0.0676	3
59.9964	25	3	1	0.1425	1
60.0453	25	1	1	0.1254	1
60.0453	25	2	0	0.0868	2
60.0453	25	3	0	0.0489	3
60.091	25	4	1	0.1325	1
60.1501	25	1	0	0.1048	6
60.1781	25	2	1	0.1328	1
60.1781	25	4	0	0.0871	3
60.1968	25	3	1	0.1515	1
60.2892	25	1	1	0.1391	1
60.2892	25	2	0	0.1111	2
60.2892	25	3	0	0.0924	3
60.3175	25	4	1	0.1394	1
60.376	25	1	0	0.0868	6
60.4111	25	2	1	0.1219	1
60.4111	25	4	0	0.0936	3
60.4552	25	3	1	0.166	1
60.5206	25	1	1	0.1446	1
60.5206	25	2	0	0.1095	2
60.5206	25	3	0	0.0654	3
60.5564	25	4	1	0.1453	1
60.6656	25	1	0	0.145	6
60.6787	25	2	1	0.1581	1
60.6787	25	4	0	0.1223	3
60.6913	25	3	1	0.1707	1
60.7897	25	2	0	0.111	6
60.7898	25	4	1	0.1111	0
60.7898	25	3	0	0.0985	2
60.8062	25	1	1	0.1406	1
60.8477	25	4	0	0.0579	6
60.8677	25	4	1	0.02	0
60.8679	25	1	0	0.0617	6
60.8807	25	2	1	0.091	1
60.8807	25	4	0	0.013	3
60.958	25	3	1	0.1682	1
61.0053	25	1	1	0.1374	1
61.0053	25	2	0	0.1246	2
61.0053	25	3	0	0.0473	3
61.0194	25	4	1	0.1387	1
61.1798	25	3	1	0.1745	1
61.1798	25	4	0	0.1604	2
61.1799	25	1	0	0.1746	6
61.1801	25	2	1	0.1748	1
61.2841	25	3	0	0.1043	6
61.312	25	4	1	0.1322	0
61.3242	25	1	1	0.1443	1
61.3242	25	2	0	0.1441	2
61.3846	25	4	0	0.0726	6
61.4046	25	4	1	0.02	0
61.4048	25	1	0	0.0806	6
61.4335	25	2	1	0.1093	1
61.4335	25	4	0	0.0289	3
61.4725	25	3	1	0.1884	1
61.5372	25	1	1	0.1324	1
61.5372	25	2	0	0.1037	2
61.5372	25	3	0	0.0647	3
61.5777	25	4	1	0.1442	0
61.6138	25	1	0	0.0766	6
61.6499	25	2	1	0.1127	1
61.6499	25	4	0	0.0722	3
61.6936	25	3	1	0.1564	1
61.7442	25	1	1	0.1304	1
61.7442	25	2	0	0.0943	2
61.7442	25	3	0	0.0506	3
61.7855	25	4	1	0.1356	1
61.8669	25	1	0	0.1227	6
61.8856	25	2	1	0.1414	1
61.8856	25	4	0	0.1001	3
61.9017	25	3	1	0.1575	1
62.0113	25	1	1	0.1444	1
62.0113	25	2	0	0.1257	2
62.0113	25	3	0	0.1096	3
62.0313	25	4	1	0.1457	1
62.1014	25	1	0	0.0901	6
62.1365	25	2	1	0.1252	1
62.1365	25	4	0	0.1052	3
62.1837	25	3	1	0.1724	1
62.2491	25	1	1	0.1477	1
62.2491	25	2	0	0.1126	2
62.2491	25	3	0	0.0654	3
62.282	25	4	1	0.1455	1
62.3715	25	1	0	0.1224	6
62.3925	25	2	1	0.1434	1
62.3925	25	4	0	0.1105	3
62.416	25	3	1	0.1669	1
62.5304	25	1	1	0.1589	1
62.5304	25	2	0	0.1379	2
62.5304	25	3	0	0.1144	3
62.5474	25	4	1	0.1549	1
62.6648	25	1	0	0.1344	6
62.6889	25	2	1	0.1585	1
62.6889	25	4	0	0.1415	3
62.7184	25	3	1	0.188	1
62.8306	25	1	1	0.1658	1
62.8306	25	2	0	0.1417	2
62.8306	25	3	0	0.1122	3
62.8494	25	4	1	0.1605	1
62.9457	25	1	0	0.1151	6
62.9756	25	2	1	0.145	1
62.9756	25	4	0	0.1262	3
63.0207	25	3	1	0.1901	1
63.1031	25	1	1	0.1574	1
63.1031	25	2	0	0.1275	2
63.1031	25	3	0	0.0824	3
63.1282	25	4	1	0.1526	1
63.2507	25	1	0	0.1476	6
63.2638	25	2	1	0.1607	1
63.2638	25	4	0	0.1356	3
63.283	25	3	1	0.1799	1
63.4027	25	1	1	0.152	1
63.4027	25	2	0	0.1389	2
63.4027	25	3	0	0.1197	3
63.4178	25	4	1	0.154	1
63.4877	25	1	0	0.085	6
63.5197	25	2	1	0.117	1
63.5197	25	4	0	0.1019	3
63.5887	25	3	1	0.186	1
63.633	25	1	1	0.1453	1
63.633	25	2	0	0.1133	2
63.633	25	3	0	0.0443	3
63.6708	25	4	1	0.1511	1
63.7997	25	2	1	0.1667	1
63.7997	25	1	0	0.1667	2
63.7997	25	4	0	0.1289	3
63.8029	25	3	1	0.1699	1
63.8866	25	2	0	0.0869	6
63.8867	25	4	1	0.087	0
63.8867	25	3	0	0.0838	2
63.9066	25	2	1	0.02	0
63.9066	25	4	0	0.0199	3
63.9246	25	1	1	0.1249	1
63.9246	25	2	0	0.018	2
63.9381	25	4	1	0.0315	0
63.978	25	1	0	0.0534	6
64.0228	25	2	1	0.0982	1
64.0228	25	4	0	0.0847	3
64.0428	25	4	1	0.02	0
64.0578	25	3	1	0.1711	1
64.0578	25	4	0	0.015	2
64.0579	25	2	0	0.0351	6
64.058	25	1	1	0.08	0
64.058	25	3	0	0.0002	3
64.078	25	3	1	0.02	1
64.1306	25	1	0	0.0726	6
64.1307	25	2	1	0.0728	0
64.1957	25	4	1	0.1379	1
64.1957	25	3	0	0.1177	2
64.1958	25	2	0	0.0651	6
64.2158	25	2	1	0.02	0
64.2158	25	4	0	0.0201	3
64.2358	25	4	1	0.02	0
64.2361	25	1	1	0.1055	1
64.2361	25	2	0	0.0203	2
64.3328	25	4	0	0.097	6
64.3329	25	2	1	0.0968	0
64.3329	25	1	0	0.0968	2
64.3329	25	3	1	0.1372	0
64.4252	25	2	0	0.0923	6
64.4253	25	1	1	0.0924	0
64.4253	25	3	0	0.0924	3
64.4567	25	4	1	0.1239	0
64.4823	25	1	0	0.057	6
64.5147	25	2	1	0.0895	1
64.5147	25	4	0	0.058	3
64.5363	25	4	1	0.0216	0
64.5883	25	3	1	0.163	1
64.5883	25	4	0	0.052	2
64.5884	25	1	1	0.1061	0
64.5884	25	2	0	0.0737	2
64.5884	25	3	0	0.0001	3
64.6084	25	3	1	0.02	1
64.6602	25	1	0	0.0718	6
64.6603	25	2	1	0.0719	0
64.723	25	4	1	0.1347	1
64.723	25	3	0	0.1146	2
64.7231	25	2	0	0.0628	6
64.7431	25	2	1	0.02	0
64.7431	25	4	0	0.0201	3
64.7631	25	4	1	0.02	0
64.7655	25	1	1	0.1053	1
64.7655	25	2	0	0.0224	2
64.8456	25	4	0	0.0825	6
64.8457	25	2	1	0.0802	0
64.8457	25	1	0	0.0802	2
64.8457	25	3	1	0.1227	0
64.9444	25	2	0	0.0987	6
64.9445	25	1	1	0.0988	0
64.9445	25	3	0	0.0988	3
64.9776	25	4	1	0.132	0
65.0032	25	1	0	0.0587	6
65.0337	25	2	1	0.0893	1
65.0337	25	4	0	0.0561	3
65.0762	25	4	1	0.0425	0
65.1059	25	3	1	0.1614	1
65.1059	25	4	0	0.0297	2
65.106	25	1	1	0.1028	0
65.106	25	2	0	0.0723	2
65.106	25	3	0	0.0001	3
65.126	25	3	1	0.02	1
65.1984	25	1	0	0.0924	6
65.1985	25	2	1	0.0925	0
65.2519	25	4	1	0.146	1
65.2519	25	3	0	0.1259	2
65.252	25	2	0	0.0535	6
65.272	25	2	1	0.02	0
65.272	25	4	0	0.0201	3
65.292	25	4	1	0.02	0
65.3026	25	1	1	0.1042	1
65.3026	25	2	0	0.0306	2
65.3985	25	4	0	0.1065	6
65.3986	25	2	1	0.096	0
65.3986	25	1	0	0.096	2
65.3986	25	3	1	0.1467	0
65.5026	25	2	0	0.104	6
65.5027	25	1	1	0.1041	0
65.5027	25	3	0	0.1041	3
65.5354	25	4	1	0.1369	0
65.5598	25	1	0	0.0571	6
65.5906	25	2	1	0.088	1
65.5906	25	4	0	0.0552	3
65.6196	25	4	1	0.029	0
65.6666	25	3	1	0.1639	1
65.6666	25	4	0	0.047	2
65.6667	25	1	1	0.1069	0
65.6667	25	2	0	0.0761	2
65.6667	25	3	0	0.0001	3
65.6867	25	3	1	0.02	1
65.7404	25	1	0	0.0737	6
65.7405	25	2	1	0.0738	0
65.8054	25	4	1	0.1388	1
65.8054	25	3	0	0.1187	2
65.8055	25	2	0	0.065	6
65.8255	25	2	1	0.02	0
65.8255	25	4	0	0.0201	3
65.8415	25	1	1	0.1011	1
65.8415	25	2	0	0.016	2
65.8627	25	4	1	0.0372	0
65.9075	25	1	0	0.066	6
65.9457	25	2	1	0.1042	1
65.9457	25	4	0	0.083	3
65.959	25	3	1	0.1536	1
66.034	25	1	1	0.1265	1
66.034	25	2	0	0.0883	2
66.034	25	3	0	0.075	3
66.0793	25	4	1	0.1336	1
66.1409	25	1	0	0.1069	6
66.1655	25	2	1	0.1315	1
66.1655	25	4	0	0.0862	3
66.1926	25	3	1	0.1586	1
66.2903	25	1	1	0.1494	1
66.2903	25	2	0	0.1248	2
66.2903	25	3	0	0.0977	3
66.3101	25	4	1	0.1446	1
66.4636	25	2	1	0.1733	1
66.4636	25	1	0	0.1733	2
66.4636	25	4	0	0.1535	3
66.4676	25	3	1	0.1773	1
66.6026	25	2	0	0.139	6
66.6027	25	1	1	0.1391	0
66.6027	25	3	0	0.1351	3
66.6368	25	4	1	0.1732	0
66.6633	25	1	0	0.0606	6
66.6919	25	2	1	0.0893	1
66.6919	25	4	0	0.0551	3
66.7119	25	4	1	0.02	0
66.771	25	2	0	0.0791	6
66.7738	25	1	1	0.1105	1
66.7865	25	3	1	0.1838	1
66.7865	25	4	0	0.0746	2
66.791	25	2	1	0.02	0
66.9199	25	3	0	0.1334	6
66.9319	25	1	1	0.1581	1
66.9319	25	2	0	0.1409	2
66.9402	25	4	1	0.1537	1
66.99	25	1	0	0.0581	6
67.0275	25	2	1	0.0956	1
67.0275	25	4	0	0.0873	3
67.0475	25	4	1	0.02	0
67.0938	25	3	1	0.1739	1
67.0938	25	4	0	0.0463	2
67.0939	25	1	1	0.1039	0
67.0939	25	2	0	0.0664	2
67.0939	25	3	0	0.0001	3
67.1139	25	3	1	0.02	1
67.1544	25	1	0	0.0605	6
67.1545	25	2	1	0.0606	0
67.2142	25	3	0	0.1003	6
67.2302	25	4	1	0.1364	1
67.255	25	1	1	0.1006	1
67.255	25	2	0	0.1005	2
67.3139	25	4	0	0.0837	6
67.314	25	2	1	0.059	0
67.314	25	1	0	0.059	2
67.314	25	3	1	0.0998	0
67.3784	25	2	0	0.0644	6
67.3785	25	4	1	0.0646	0
67.3785	25	3	0	0.0645	2
67.3984	25	2	1	0.02	0
67.3984	25	4	0	0.0199	3
67.4184	25	4	1	0.02	0
67.4192	25	1	1	0.1052	1
67.4192	25	2	0	0.0208	2
67.4661	25	4	0	0.0477	6
67.4861	25	4	1	0.02	0
67.4863	25	1	0	0.0671	6
67.5128	25	2	1	0.0936	1
67.5128	25	4	0	0.0267	3
67.5333	25	3	1	0.1548	1
67.6071	25	1	1	0.1208	1
67.6071	25	2	0	0.0943	2
67.6071	25	3	0	0.0738	3
67.6461	25	4	1	0.1333	1
67.6894	25	1	0	0.0823	6
67.7209	25	2	1	0.1138	1
67.7209	25	4	0	0.0748	3
67.7617	25	3	1	0.1546	1
67.8236	25	1	1	0.1342	1
67.8236	25	2	0	0.1027	2
67.8236	25	3	0	0.0619	3
67.8568	25	4	1	0.1359	1
67.9762	25	1	0	0.1526	6
67.9776	25	2	1	0.154	1
67.9776	25	4	0	0.1208	3
67.9828	25	3	1	0.1592	1
68.0708	25	2	0	0.0932	6
68.0709	25	4	1	0.0933	0
68.0709	25	3	0	0.0881	2
68.0984	25	1	1	0.1222	1
68.1246	25	4	0	0.0537	6
68.1247	25	2	1	0.0539	0
68.1247	25	1	0	0.0263	2
68.1247	25	3	1	0.0538	0
68.1794	25	2	0	0.0547	6
68.1795	25	4	1	0.0549	0
68.1795	25	3	0	0.0548	2
68.1994	25	2	1	0.02	0
68.1994	25	4	0	0.0199	3
68.2194	25	4	1	0.02	0
68.2238	25	1	1	0.0991	1
68.2238	25	2	0	0.0244	2
68.2754	25	4	0	0.056	6
68.2755	25	2	1	0.0517	0
68.2755	25	1	0	0.0517	2
68.2755	25	3	1	0.096	0
68.3453	25	2	0	0.0698	6
68.3454	25	4	1	0.07	0
68.3454	25	3	0	0.0699	2
68.3653	25	2	1	0.02	0
68.3653	25	4	0	0.0199	3
68.3825	25	1	1	0.107	1
68.3825	25	2	0	0.0172	2
68.3959	25	4	1	0.0306	0
68.4354	25	1	0	0.0529	6
68.4775	25	2	1	0.095	1
68.4775	25	4	0	0.0816	3
68.4964	25	3	1	0.151	1
68.5514	25	1	1	0.116	1
68.5514	25	2	0	0.0739	2
68.5514	25	3	0	0.055	3
68.6007	25	4	1	0.1232	0
68.6434	25	1	0	0.092	6
68.67	25	2	1	0.1186	1
68.67	25	4	0	0.0693	3
68.698	25	3	1	0.1466	1
68.7804	25	1	1	0.137	1
68.7804	25	2	0	0.1104	2
68.7804	25	3	0	0.0824	3
68.803	25	4	1	0.133	1
68.9455	25	2	1	0.1651	1
68.9455	25	1	0	0.1651	2
68.9455	25	4	0	0.1425	3
68.9459	25	3	1	0.1655	1
69.0712	25	2	0	0.1257	6
69.0713	25	1	1	0.1258	0
69.0713	25	3	0	0.1254	3
69.105	25	4	1	0.1595	0
69.1317	25	1	0	0.0604	6
69.1597	25	2	1	0.0885	1
69.1597	25	4	0	0.0547	3
69.1797	25	4	1	0.02	0
69.2385	25	2	0	0.0788	6
69.2398	25	1	1	0.1081	1
69.251	25	3	1	0.1797	1
69.251	25	4	0	0.0713	2
69.2585	25	2	1	0.02	0
69.3982	25	1	1	0.1584	1
69.3982	25	2	0	0.1397	2
69.3982	25	3	0	0.1472	3
69.3996	25	4	1	0.1486	1
69.4826	25	1	0	0.0844	6
69.5146	25	2	1	0.1164	1
69.5146	25	4	0	0.115	3
69.5815	25	4	1	0.0669	0
69.5832	25	3	1	0.185	1
69.5832	25	4	0	0.0017	2
69.5833	25	2	0	0.0687	6
69.6032	25	4	1	0.02	0
69.6032	25	3	0	0.02	2
69.6033	25	2	1	0.02	0
69.6033	25	4	0	0.0001	3
69.6255	25	4	1	0.0222	0
69.6271	25	1	1	0.1445	1
69.6271	25	2	0	0.0238	2
69.7069	25	4	0	0.0814	6
69.7351	25	3	1	0.1319	0
69.754	25	2	1	0.1269	1
69.754	25	1	0	0.1269	2
69.7875	25	3	0	0.0524	6
69.8075	25	3	1	0.02	0
69.8077	25	2	0	0.0537	6
69.8174	25	1	1	0.0634	0
69.8174	25	3	0	0.0099	3
69.8374	25	3	1	0.02	0
69.8646	25	4	1	0.1577	1
69.8646	25	3	0	0.0272	2
69.8839	25	1	0	0.0665	6
69.884	25	2	1	0.0763	0
69.884	25	4	0	0.0194	3
69.9161	25	3	1	0.0515	0
69.9433	25	2	0	0.0593	6
69.9822	25	1	1	0.0983	1
69.9822	25	3	0	0.0661	3
70.0022	25	3	1	0.02	0
70.0266	25	4	1	0.1426	1
70.0266	25	3	0	0.0244	2
70.0267	25	2	1	0.0834	0
70.0267	25	1	0	0.0445	2
70.0267	25	4	0	0.0001	3
70.0466	25	3	1	0.02	0
70.0467	25	4	1	0.02	1
70.0467	25	3	0	0.0001	2
70.0468	25	2	0	0.0201	6
70.0469	25	1	1	0.0202	0
70.1698	25	3	1	0.1231	1
70.1698	25	4	0	0.1231	2
70.1699	25	1	0	0.123	6
70.1845	25	2	1	0.1377	1
70.2394	25	3	0	0.0696	6
70.2594	25	3	1	0.02	0
70.2596	25	2	0	0.0751	6
70.2737	25	1	1	0.1038	1
70.2737	25	3	0	0.0143	3
70.3369	25	4	1	0.1671	1
70.4039	25	2	1	0.1443	1
70.4039	25	1	0	0.1302	2
70.4039	25	4	0	0.067	3
70.4111	25	3	1	0.1374	1
70.5558	25	2	0	0.1519	6
70.5642	25	1	1	0.1603	1
70.5642	25	3	0	0.1531	3
70.578	25	4	1	0.1741	1
70.6733	25	1	0	0.1091	6
70.6734	25	3	1	0.1092	0
70.6734	25	4	0	0.0954	2
70.69	25	2	1	0.1342	1
70.7339	25	3	0	0.0605	6
70.734	25	1	1	0.0607	0
70.734	25	2	0	0.044	2
70.734	25	4	1	0.0606	0
70.7883	25	1	0	0.0543	6
70.8006	25	3	1	0.0667	0
70.8006	25	4	0	0.0666	2
70.8083	25	1	1	0.02	0
70.8083	25	3	0	0.0077	3
70.8283	25	3	1	0.02	0
70.8367	25	2	1	0.1027	1
70.8367	25	1	0	0.0284	2
70.8979	25	3	0	0.0696	6
70.9179	25	3	1	0.02	0
70.9181	25	2	0	0.0814	6
70.9411	25	1	1	0.1044	1
70.9411	25	3	0	0.0232	3
70.9612	25	4	1	0.1606	1
71.0492	25	2	1	0.1311	1
71.0492	25	1	0	0.1081	2
71.0492	25	4	0	0.088	3
71.0737	25	3	1	0.1326	1
71.1291	25	2	0	0.0799	6
71.1603	25	1	1	0.1111	1
71.1603	25	3	0	0.0866	3
71.2065	25	4	1	0.1573	1
71.2706	25	2	1	0.1415	1
71.2706	25	1	0	0.1103	2
71.2706	25	4	0	0.0641	3
71.3009	25	3	1	0.1406	1
71.4209	25	2	0	0.1503	6
71.4226	25	1	1	0.152	1
71.4226	25	3	0	0.1217	3
71.4323	25	4	1	0.1617	1
71.531	25	1	0	0.1084	6
71.5311	25	2	1	0.1102	0
71.5311	25	4	0	0.0988	3
71.5636	25	3	1	0.141	1
71.5924	25	2	0	0.0613	6
71.6222	25	1	1	0.0912	1
71.6222	25	3	0	0.0586	3
71.6469	25	3	1	0.0247	0
71.6942	25	4	1	0.1631	1
71.6942	25	3	0	0.0473	2
71.6943	25	2	1	0.1019	0
71.6943	25	1	0	0.0721	2
71.6943	25	4	0	0.0001	3
71.7143	25	4	1	0.02	1
71.7645	25	2	0	0.0702	6
71.7646	25	1	1	0.0703	0
71.8278	25	3	1	0.1336	1
71.8278	25	4	0	0.1135	2
71.8279	25	1	0	0.0633	6
71.8479	25	1	1	0.02	0
71.8479	25	3	0	0.0201	3
71.8634	25	2	1	0.0989	1
71.8634	25	1	0	0.0155	2
71.885	25	3	1	0.0371	0
71.9295	25	2	0	0.0661	6
71.9643	25	1	1	0.1009	1
71.9643	25	3	0	0.0793	3
71.982	25	4	1	0.1542	1
72.0573	25	2	1	0.1278	1
72.0573	25	1	0	0.093	2
72.0573	25	4	0	0.0753	3
72.0956	25	3	1	0.1313	1
72.1673	25	2	0	0.11	6
72.1867	25	1	1	0.1294	1
72.1867	25	3	0	0.0911	3
72.2098	25	4	1	0.1525	1
72.3186	25	2	1	0.1513	1
72.3186	25	1	0	0.1319	2
72.3186	25	4	0	0.1088	3
72.3286	25	3	1	0.1419	1
72.5003	25	4	1	0.1817	1
72.5003	25	3	0	0.1717	2
72.5004	25	2	0	0.1818	6
72.5048	25	1	1	0.1862	1
72.5996	25	4	0	0.0993	6
72.5997	25	2	1	0.0993	0
72.5997	25	1	0	0.0949	2
72.5997	25	3	1	0.0994	0
72.653	25	2	0	0.0533	6
72.673	25	2	1	0.02	0
72.6732	25	3	0	0.0735	6
72.6999	25	4	1	0.1003	0
72.7122	25	1	1	0.1125	1
72.7122	25	2	0	0.0392	2
72.7642	25	4	0	0.0643	6
72.7842	25	4	1	0.02	0
72.7844	25	1	0	0.0722	6
72.8114	25	2	1	0.0992	1
72.8114	25	4	0	0.0272	3
72.8453	25	3	1	0.1721	1
72.9028	25	2	0	0.0914	6
72.9029	25	1	1	0.1185	0
72.9029	25	3	0	0.0576	3
72.9425	25	4	1	0.1311	0
72.9764	25	1	0	0.0735	6
73.009	25	2	1	0.1062	1
73.009	25	4	0	0.0665	3
73.0521	25	3	1	0.1492	1
73.1047	25	1	1	0.1283	1
73.1047	25	2	0	0.0957	2
73.1047	25	3	0	0.0526	3
73.1402	25	4	1	0.1312	1
73.218	25	1	0	0.1133	6
73.2365	25	2	1	0.1318	1
73.2365	25	4	0	0.0963	3
73.2548	25	3	1	0.1501	1
73.3603	25	1	1	0.1423	1
73.3603	25	2	0	0.1238	2
73.3603	25	3	0	0.1055	3
73.3806	25	4	1	0.1441	1
73.4499	25	1	0	0.0896	6
73.479	25	2	1	0.1187	1
73.479	25	4	0	0.0984	3
73.5308	25	3	1	0.1705	1
73.5982	25	1	1	0.1483	1
73.5982	25	2	0	0.1192	2
73.5982	25	3	0	0.0674	3
73.6271	25	4	1	0.1481	1
73.7628	25	2	1	0.1646	1
73.7628	25	1	0	0.1646	2
73.7628	25	4	0	0.1357	3
73.772	25	3	1	0.1738	1
73.857	25	2	0	0.0942	6
73.8571	25	4	1	0.0943	0
73.8571	25	3	0	0.0851	2
73.877	25	2	1	0.02	0
73.877	25	4	0	0.0199	3
73.8857	25	1	1	0.1229	1
73.8857	25	2	0	0.0087	2
73.9062	25	4	1	0.0292	0
73.9426	25	1	0	0.0569	6
73.9802	25	2	1	0.0945	1
73.9802	25	4	0	0.074	3
74.0134	25	4	1	0.0332	0
74.0205	25	3	1	0.1634	1
74.0205	25	4	0	0.0071	2
74.0206	25	2	0	0.0404	6
74.0405	25	4	1	0.02	0
74.0405	25	3	0	0.02	2
74.0406	25	2	1	0.02	0
74.0406	25	4	0	0.0001	3
74.0615	25	4	1	0.0209	0
74.0649	25	1	1	0.1223	1
74.0649	25	2	0	0.0243	2
74.1466	25	4	0	0.0851	6
74.1675	25	3	1	0.127	0
74.1849	25	2	1	0.12	1
74.1849	25	1	0	0.12	2
74.2188	25	3	0	0.0513	6
74.2388	25	3	1	0.02	0
74.239	25	2	0	0.0541	6
74.2476	25	1	1	0.0627	0
74.2476	25	3	0	0.0088	3
74.2676	25	3	1	0.02	0
74.2904	25	4	1	0.1438	1
74.2904	25	3	0	0.0228	2
74.2905	25	1	0	0.0429	6
74.3104	25	3	1	0.02	0
74.3104	25	4	0	0.02	2
74.3105	25	1	1	0.02	0
74.3105	25	3	0	0.0001	3
74.3331	25	3	1	0.0226	0
74.348	25	2	1	0.109	1
74.348	25	1	0	0.0375	2
74.4529	25	4	1	0.1425	1
74.4529	25	3	0	0.1198	2
74.453	25	1	1	0.105	0
74.453	25	2	0	0.105	2
74.4729	25	4	1	0.02	1
74.5464	25	1	0	0.0934	6
74.5465	25	3	1	0.0936	0
74.5465	25	4	0	0.0736	2
74.574	25	2	1	0.121	0
74.5961	25	3	0	0.0496	6
74.6161	25	3	1	0.02	0
74.6163	25	2	0	0.0423	6
74.626	25	1	1	0.0796	1
74.626	25	3	0	0.0099	3
74.6674	25	3	1	0.0414	0
74.6958	25	4	1	0.1493	1
74.6958	25	3	0	0.0284	2
74.6959	25	1	0	0.0699	6
74.7158	25	3	1	0.02	0
74.7158	25	4	0	0.02	2
74.7159	25	1	1	0.02	0
74.7159	25	3	0	0.0001	3
74.7359	25	3	1	0.02	0
74.7361	25	2	1	0.1198	1
74.7361	25	1	0	0.0202	2
74.8596	25	4	1	0.1438	1
74.8596	25	3	0	0.1237	2
74.8597	25	2	0	0.1236	6
74.8761	25	1	1	0.14	1
74.9288	25	4	0	0.0692	6
74.9289	25	2	1	0.0692	0
74.9289	25	1	0	0.0528	2
74.9289	25	3	1	0.0693	0
74.9883	25	2	0	0.0594	6
74.9884	25	4	1	0.0596	0
74.9884	25	3	0	0.0595	2
75.0083	25	2	1	0.02	0
75.0083	25	4	0	0.0199	3
75.0283	25	4	1	0.02	0
75.0325	25	1	1	0.1036	1
75.0325	25	2	0	0.0242	2
75.0783	25	4	0	0.05	6
75.0784	25	2	1	0.0459	0
75.0784	25	1	0	0.0459	2
75.0784	25	3	1	0.09	0
75.1325	25	2	0	0.0541	6
75.1336	25	4	1	0.0553	0
75.1336	25	3	0	0.0552	2
75.1525	25	2	1	0.02	0
75.1525	25	4	0	0.0189	3
75.1725	25	4	1	0.02	0
75.1775	25	1	1	0.0991	1
75.1775	25	2	0	0.025	2
75.2237	25	4	0	0.0512	6
75.2437	25	4	1	0.02	0
75.2439	25	1	0	0.0664	6
75.2705	25	2	1	0.093	1
75.2705	25	4	0	0.0268	3
75.2798	25	3	1	0.1462	1
75.3552	25	1	1	0.1113	1
75.3552	25	2	0	0.0847	2
75.3552	25	3	0	0.0754	3
75.3902	25	4	1	0.1197	0
75.4236	25	1	0	0.0684	6
75.4556	25	2	1	0.1004	1
75.4556	25	4	0	0.0654	3
75.4961	25	3	1	0.1409	1
75.5447	25	1	1	0.1211	1
75.5447	25	2	0	0.0891	2
75.5447	25	3	0	0.0486	3
75.5803	25	4	1	0.1247	1
75.6695	25	1	0	0.1248	6
75.6785	25	2	1	0.1338	1
75.6785	25	4	0	0.0982	3
75.6915	25	3	1	0.1468	1
75.8076	25	1	1	0.1381	1
75.8076	25	2	0	0.1291	2
75.8076	25	3	0	0.1161	3
75.8162	25	4	1	0.1377	1
75.8839	25	1	0	0.0763	6
75.9137	25	2	1	0.1061	1
75.9137	25	4	0	0.0975	3
75.974	25	4	1	0.0603	0
75.9753	25	3	1	0.1677	1
75.9753	25	4	0	0.0013	2
75.9754	25	2	0	0.0617	6
75.9953	25	4	1	0.02	0
75.9953	25	3	0	0.02	2
75.9954	25	2	1	0.02	0
75.9954	25	4	0	0.0001	3
76.0159	25	4	1	0.0205	0
76.018	25	1	1	0.1341	1
76.018	25	2	0	0.0226	2
76.1019	25	4	0	0.086	6
76.1259	25	3	1	0.1306	0
76.142	25	2	1	0.124	1
76.142	25	1	0	0.124	2
76.1789	25	3	0	0.053	6
76.1989	25	3	1	0.02	0
76.1991	25	2	0	0.0571	6
76.2127	25	1	1	0.0707	0
76.2127	25	3	0	0.0138	3
76.2327	25	3	1	0.02	0
76.2528	25	4	1	0.1509	1
76.2528	25	3	0	0.0201	2
76.2529	25	1	0	0.0402	6
76.2728	25	3	1	0.02	0
76.2728	25	4	0	0.02	2
76.2729	25	1	1	0.02	0
76.2729	25	3	0	0.0001	3
76.2957	25	3	1	0.0228	0
76.3091	25	2	1	0.11	1
76.3091	25	1	0	0.0362	2
76.4185	25	4	1	0.1457	1
76.4185	25	3	0	0.1228	2
76.4186	25	1	1	0.1095	0
76.4186	25	2	0	0.1095	2
76.4385	25	4	1	0.02	1
76.5467	25	1	0	0.1281	6
76.5468	25	3	1	0.1283	0
76.5468	25	4	0	0.1083	2
76.5586	25	2	1	0.14	1
76.6021	25	3	0	0.0553	6
76.6221	25	3	1	0.02	0
76.6223	25	2	0	0.0637	6
76.6348	25	1	1	0.0881	1
76.6348	25	3	0	0.0127	3
76.6612	25	3	1	0.0264	0
76.7106	25	4	1	0.1638	1
76.7106	25	3	0	0.0494	2
76.7107	25	2	1	0.0884	0
76.7107	25	1	0	0.0759	2
76.7107	25	4	0	0.0001	3
76.7306	25	3	1	0.02	0
76.7307	25	4	1	0.02	1
76.7307	25	3	0	0.0001	2
76.7308	25	2	0	0.0201	6
76.7309	25	1	1	0.0202	0
76.8367	25	4	0	0.106	6
76.8544	25	3	1	0.1237	0
76.8602	25	2	1	0.1294	1
76.8602	25	1	0	0.1293	2
76.9139	25	3	0	0.0595	6
76.914	25	1	1	0.0538	0
76.914	25	2	0	0.0538	2
76.914	25	4	1	0.0773	0
76.961	25	1	0	0.047	6
76.981	25	1	1	0.02	0
76.9812	25	4	0	0.0672	6
77.0036	25	3	1	0.0897	0
77.0118	25	2	1	0.0978	1
77.0118	25	1	0	0.0308	2
77.0692	25	3	0	0.0656	6
77.0693	25	1	1	0.0575	0
77.0693	25	2	0	0.0575	2
77.0693	25	4	1	0.0881	0
77.1285	25	1	0	0.0592	6
77.1286	25	3	1	0.0594	0
77.1286	25	4	0	0.0593	2
77.1485	25	1	1	0.02	0
77.1485	25	3	0	0.0199	3
77.1685	25	3	1	0.02	0
77.1686	25	2	1	0.0993	1
77.1686	25	1	0	0.0201	2
77.217	25	3	0	0.0485	6
77.2171	25	1	1	0.0485	0
77.2171	25	2	0	0.0485	2
77.2171	25	4	1	0.0885	0
77.2731	25	1	0	0.056	6
77.2732	25	3	1	0.0562	0
77.2732	25	4	0	0.0561	2
77.2931	25	1	1	0.02	0
77.2931	25	3	0	0.0199	3
77.3131	25	3	1	0.02	0
77.3135	25	2	1	0.0964	1
77.3135	25	1	0	0.0204	2
77.3609	25	3	0	0.0478	6
77.361	25	1	1	0.0475	0
77.361	25	2	0	0.0475	2
77.361	25	4	1	0.0878	0
77.4229	25	1	0	0.0619	6
77.423	25	3	1	0.0621	0
77.423	25	4	0	0.062	2
77.4429	25	1	1	0.02	0
77.4429	25	3	0	0.0199	3
77.4574	25	2	1	0.0964	1
77.4574	25	1	0	0.0145	2
77.471	25	3	1	0.0281	0
77.5101	25	2	0	0.0527	6
77.55	25	1	1	0.0926	1
77.55	25	3	0	0.079	3
77.5699	25	4	1	0.1469	1
77.6257	25	2	1	0.1156	1
77.6257	25	1	0	0.0757	2
77.6257	25	4	0	0.0558	3
77.67	25	3	1	0.12	0
77.715	25	2	0	0.0893	6
77.7396	25	1	1	0.1139	1
77.7396	25	3	0	0.0696	3
77.765	25	4	1	0.1393	1
77.8459	25	2	1	0.1309	1
77.8459	25	1	0	0.1063	2
77.8459	25	4	0	0.0809	3
77.8741	25	3	1	0.1345	1
77.9731	25	2	0	0.1272	6
77.9871	25	1	1	0.1412	1
77.9871	25	3	0	0.113	3
78.0084	25	4	1	0.1625	1
78.1173	25	2	1	0.1442	1
78.1173	25	1	0	0.1302	2
78.1173	25	4	0	0.1089	3
78.1281	25	3	1	0.141	1
78.233	25	2	0	0.1157	6
78.2553	25	1	1	0.138	1
78.2553	25	3	0	0.1272	3
78.3001	25	4	1	0.1828	1
78.3874	25	2	1	0.1544	1
78.3874	25	1	0	0.1321	2
78.3874	25	4	0	0.0873	3
78.403	25	3	1	0.1477	1
78.571	25	1	1	0.1836	1
78.571	25	2	0	0.1836	2
78.571	25	3	0	0.168	3
78.5796	25	4	1	0.1922	1
78.7179	25	1	0	0.1469	6
78.718	25	2	1	0.147	0
78.718	25	4	0	0.1384	3
78.7475	25	3	1	0.1765	1
78.78	25	2	0	0.062	6
78.8059	25	1	1	0.088	1
78.8059	25	3	0	0.0584	3
78.8259	25	3	1	0.02	0
78.8878	25	2	1	0.1078	1
78.8878	25	1	0	0.0819	2
78.8952	25	4	1	0.1772	1
78.8952	25	3	0	0.0693	2
78.9078	25	1	1	0.02	0
79.0374	25	2	1	0.1496	1
79.0374	25	1	0	0.1296	2
79.0374	25	4	0	0.1422	3
79.0425	25	3	1	0.1473	1
79.1102	25	2	0	0.0728	6
79.1401	25	1	1	0.1027	1
79.1401	25	3	0	0.0976	3
79.1784	25	3	1	0.0383	0
79.2095	25	4	1	0.1721	1
79.2095	25	3	0	0.0311	2
79.2096	25	2	1	0.0994	0
79.2096	25	1	0	0.0695	2
79.2096	25	4	0	0.0001	3
79.2296	25	4	1	0.02	1
79.2859	25	2	0	0.0763	6
79.286	25	1	1	0.0764	0
79.3521	25	3	1	0.1426	1
79.3521	25	4	0	0.1225	2
79.3522	25	1	0	0.0662	6
79.3722	25	1	1	0.02	0
79.3722	25	3	0	0.0201	3
79.3861	25	2	1	0.1002	1
79.3861	25	1	0	0.0139	2
79.4031	25	3	1	0.0309	0
79.446	25	2	0	0.0599	6
79.4801	25	1	1	0.094	1
79.4801	25	3	0	0.077	3
79.5063	25	4	1	0.1542	1
79.5717	25	2	1	0.1257	1
79.5717	25	1	0	0.0916	2
79.5717	25	4	0	0.0654	3
79.6083	25	3	1	0.1282	1
79.6849	25	2	0	0.1132	6
79.6998	25	1	1	0.1281	1
79.6998	25	3	0	0.0915	3
79.7208	25	4	1	0.1491	1
79.8323	25	2	1	0.1474	1
79.8323	25	1	0	0.1325	2
79.8323	25	4	0	0.1115	3
79.8365	25	3	1	0.1367	1
80.0223	25	1	1	0.19	1
80.0223	25	2	0	0.19	2
80.0223	25	3	0	0.1858	3
80.0229	25	4	1	0.1906	1
80.1143	25	1	0	0.092	6
80.1458	25	2	1	0.1235	0
80.1458	25	4	0	0.1229	3
80.1658	25	4	1	0.02	0
80.2168	25	2	0	0.071	6
80.2249	25	1	1	0.1106	0
80.2336	25	3	1	0.2113	1
80.2336	25	4	0	0.0678	2
80.2368	25	2	1	0.02	0
80.314	25	3	0	0.0804	6
80.3356	25	4	1	0.102	0
80.3525	25	1	1	0.1276	1
80.3525	25	2	0	0.1157	2
80.3899	25	4	0	0.0543	6
80.39	25	2	1	0.0375	0
80.39	25	1	0	0.0375	2
80.39	25	3	1	0.076	0
80.4319	25	2	0	0.0419	6
80.4519	25	2	1	0.02	0
80.4521	25	3	0	0.0621	6
80.4753	25	4	1	0.0854	0
80.4845	25	1	1	0.0945	1
80.4845	25	2	0	0.0326	2
80.5374	25	4	0	0.0621	6
80.5375	25	2	1	0.053	0
80.5375	25	1	0	0.053	2
80.5375	25	3	1	0.0854	0
80.5942	25	2	0	0.0567	6
80.5943	25	4	1	0.0569	0
80.5943	25	3	0	0.0568	2
80.6142	25	2	1	0.02	0
80.6142	25	4	0	0.0199	3
80.6342	25	4	1	0.02	0
80.6354	25	1	1	0.0979	1
80.6354	25	2	0	0.0212	2
80.6774	25	4	0	0.0432	6
80.6775	25	2	1	0.0421	0
80.6775	25	1	0	0.0421	2
80.6775	25	3	1	0.0832	0
80.7293	25	2	0	0.0518	6
80.7294	25	4	1	0.052	0
80.7294	25	3	0	0.0519	2
80.7493	25	2	1	0.02	0
80.7493	25	4	0	0.0199	3
80.7693	25	4	1	0.02	0
80.7702	25	1	1	0.0927	1
80.7702	25	2	0	0.0209	2
80.8152	25	4	0	0.0459	6
80.8352	25	4	1	0.02	0
80.8354	25	1	0	0.0652	6
80.8607	25	2	1	0.0905	1
80.8607	25	4	0	0.0255	3
80.8688	25	3	1	0.1394	1
80.949	25	1	1	0.1136	1
80.949	25	2	0	0.0883	2
80.949	25	3	0	0.0802	3
80.9848	25	4	1	0.1241	1
81.0187	25	1	0	0.0697	6
81.0491	25	2	1	0.1001	1
81.0491	25	4	0	0.0643	3
81.0935	25	3	1	0.1445	1
81.1421	25	1	1	0.1234	1
81.1421	25	2	0	0.093	2
81.1421	25	3	0	0.0486	3
81.177	25	4	1	0.1279	1
81.2596	25	1	0	0.1175	6
81.2735	25	2	1	0.1314	1
81.2735	25	4	0	0.0965	3
81.2881	25	3	1	0.146	1
81.3926	25	1	1	0.133	1
81.3926	25	2	0	0.1191	2
81.3926	25	3	0	0.1045	3
81.406	25	4	1	0.1325	1
81.4778	25	1	0	0.0852	6
81.5041	25	2	1	0.1115	1
81.5041	25	4	0	0.0981	3
81.5633	25	3	1	0.1707	1
81.6196	25	1	1	0.1418	1
81.6196	25	2	0	0.1155	2
81.6196	25	3	0	0.0563	3
81.6475	25	4	1	0.1434	1
81.7757	25	2	1	0.1561	1
81.7757	25	1	0	0.1561	2
81.7757	25	4	0	0.1282	3
81.7862	25	3	1	0.1666	1
81.8865	25	2	0	0.1108	6
81.8866	25	1	1	0.1109	0
81.8866	25	3	0	0.1004	3
81.9179	25	4	1	0.1422	1
81.9498	25	1	0	0.0632	6
81.976	25	2	1	0.0895	1
81.976	25	4	0	0.0581	3
81.9999	25	4	1	0.0239	0
82.0506	25	3	1	0.164	1
82.0506	25	4	0	0.0507	2
82.0507	25	1	1	0.1009	0
82.0507	25	2	0	0.0747	2
82.0507	25	3	0	0.0001	3
82.0707	25	3	1	0.02	1
82.1214	25	1	0	0.0707	6
82.1215	25	2	1	0.0708	0
82.18	25	4	1	0.1294	1
82.18	25	3	0	0.1093	2
82.1801	25	2	0	0.0586	6
82.2001	25	2	1	0.02	0
82.2001	25	4	0	0.0201	3
82.2201	25	4	1	0.02	0
82.2228	25	1	1	0.1014	1
82.2228	25	2	0	0.0227	2
82.2939	25	4	0	0.0738	6
82.294	25	2	1	0.0712	0
82.294	25	1	0	0.0712	2
82.294	25	3	1	0.114	0
82.3817	25	2	0	0.0877	6
82.3818	25	1	1	0.0878	0
82.3818	25	3	0	0.0878	3
82.4139	25	4	1	0.12	0
82.4405	25	1	0	0.0587	6
82.4667	25	2	1	0.085	1
82.4667	25	4	0	0.0528	3
82.4973	25	4	1	0.0306	0
82.5328	25	3	1	0.151	1
82.5328	25	4	0	0.0355	2
82.5329	25	1	1	0.0924	0
82.5329	25	2	0	0.0662	2
82.5329	25	3	0	0.0001	3
82.5529	25	3	1	0.02	1
82.6197	25	1	0	0.0868	6
82.6198	25	2	1	0.0869	0
82.6651	25	4	1	0.1323	1
82.6651	25	3	0	0.1122	2
82.6652	25	2	0	0.0454	6
82.6851	25	3	1	0.02	0
82.6851	25	4	0	0.02	2
82.6852	25	2	1	0.02	0
82.7163	25	4	1	0.0312	0
82.7179	25	1	1	0.0982	1
82.7179	25	2	0	0.0327	2
82.8071	25	4	0	0.0908	6
82.8072	25	2	1	0.0893	0
82.8072	25	1	0	0.0893	2
82.8072	25	3	1	0.1221	0
82.9132	25	2	0	0.106	6
82.9133	25	1	1	0.1061	0
82.9133	25	3	0	0.1061	3
82.9363	25	4	1	0.1292	1
82.9773	25	1	0	0.064	6
83.0026	25	2	1	0.0894	1
83.0026	25	4	0	0.0663	3
83.0425	25	4	1	0.0399	0
83.071	25	3	1	0.1577	1
83.071	25	4	0	0.0285	2
83.0711	25	2	0	0.0685	6
83.091	25	4	1	0.02	0
83.091	25	3	0	0.02	2
83.0911	25	2	1	0.02	0
83.0911	25	4	0	0.0001	3
83.0949	25	1	1	0.1176	1
83.0949	25	2	0	0.0038	2
83.2116	25	4	1	0.1205	1
83.2274	25	3	1	0.1364	1
83.2274	25	4	0	0.0158	2
83.2275	25	1	0	0.1326	6
83.2355	25	2	1	0.1406	1
83.3839	25	4	1	0.1565	1
83.3839	25	3	0	0.1565	2
83.384	25	2	0	0.1485	6
83.3963	25	1	1	0.1688	1
83.5133	25	4	0	0.1294	6
83.5368	25	3	1	0.1529	0
83.5461	25	2	1	0.1621	1
83.5461	25	1	0	0.1498	2
83.5854	25	3	0	0.0486	6
83.6054	25	3	1	0.02	0
83.6056	25	2	0	0.0595	6
83.6057	25	1	1	0.0596	0
83.6057	25	3	0	0.0003	3
83.6257	25	3	1	0.02	0
83.6703	25	1	0	0.0646	6
83.6704	25	2	1	0.0648	0
83.6759	25	4	1	0.1626	1
83.6759	25	3	0	0.0502	2
83.6903	25	1	1	0.02	0
83.7223	25	4	0	0.0464	6
83.7491	25	3	1	0.0732	0
83.7697	25	1	0	0.0794	6
83.7698	25	2	1	0.0994	0
83.7995	25	3	0	0.0504	6
83.8195	25	3	1	0.02	0
83.8197	25	2	0	0.0499	6
83.8378	25	1	1	0.0681	0
83.8378	25	3	0	0.0183	3
83.8578	25	3	1	0.02	0
83.859	25	4	1	0.1367	1
83.859	25	3	0	0.0012	2
83.8591	25	1	0	0.0213	6
83.8791	25	1	1	0.02	0
83.9183	25	4	0	0.0593	6
83.9235	25	2	1	0.1038	1
83.9235	25	1	0	0.0444	2
83.9527	25	3	1	0.0937	0
83.9863	25	2	0	0.0628	6
84.02	25	1	1	0.0965	1
84.02	25	3	0	0.0673	3
84.0483	25	4	1	0.13	1
84.1003	25	2	1	0.114	1
84.1003	25	1	0	0.0803	2
84.1003	25	4	0	0.052	3
84.141	25	3	1	0.121	1
84.1883	25	2	0	0.088	6
84.2151	25	1	1	0.1148	1
84.2151	25	3	0	0.0741	3
84.2368	25	4	1	0.1365	1
84.3127	25	2	1	0.1244	1
84.3127	25	1	0	0.0976	2
84.3127	25	4	0	0.0759	3
84.345	25	3	1	0.1299	1
84.4016	25	2	0	0.0889	6
84.4292	25	1	1	0.1165	1
84.4292	25	3	0	0.0842	3
84.4619	25	4	1	0.1492	1
84.5327	25	2	1	0.1311	1
84.5327	25	1	0	0.1035	2
84.5327	25	4	0	0.0708	3
84.5652	25	3	1	0.136	1
84.6347	25	2	0	0.102	6
84.6586	25	1	1	0.1259	1
84.6586	25	3	0	0.0934	3
84.6866	25	4	1	0.1539	1
84.7717	25	2	1	0.137	1
84.7717	25	1	0	0.1131	2
84.7717	25	4	0	0.0851	3
84.7938	25	3	1	0.1352	1
84.8917	25	2	0	0.12	6
84.9108	25	1	1	0.1391	1
84.9108	25	3	0	0.117	3
84.9395	25	4	1	0.1678	1
85.0341	25	2	1	0.1424	1
85.0341	25	1	0	0.1233	2
85.0341	25	4	0	0.0946	3
85.0551	25	3	1	0.1443	1
85.1326	25	2	0	0.0985	6
85.156	25	1	1	0.1219	1
85.156	25	3	0	0.1009	3
85.2043	25	4	1	0.1702	1
85.2737	25	2	1	0.1411	1
85.2737	25	1	0	0.1177	2
85.2737	25	4	0	0.0694	3
85.2957	25	3	1	0.1397	1
85.4168	25	2	0	0.1431	6
85.4222	25	1	1	0.1485	1
85.4222	25	3	0	0.1265	3
85.4394	25	4	1	0.1657	1
85.5494	25	1	0	0.1272	6
85.5495	25	2	1	0.1327	0
85.5495	25	4	0	0.1101	3
85.5651	25	3	1	0.1429	1
85.6137	25	2	0	0.0642	6
85.6405	25	1	1	0.0911	1
85.6405	25	3	0	0.0754	3
85.6671	25	3	1	0.0266	0
85.713	25	4	1	0.1635	1
85.713	25	3	0	0.0459	2
85.7131	25	2	1	0.0994	0
85.7131	25	1	0	0.0726	2
85.7131	25	4	0	0.0001	3
85.7331	25	4	1	0.02	1
85.7857	25	2	0	0.0726	6
85.7858	25	1	1	0.0727	0
85.8446	25	3	1	0.1316	1
85.8446	25	4	0	0.1115	2
85.8447	25	1	0	0.0589	6
85.8647	25	1	1	0.02	0
85.8647	25	3	0	0.0201	3
85.8844	25	2	1	0.0987	1
85.8844	25	1	0	0.0197	2
85.9049	25	3	1	0.0402	0
85.9575	25	2	0	0.0731	6
85.9881	25	1	1	0.1037	1
85.9881	25	3	0	0.0832	3
85.996	25	4	1	0.1514	1
86.0763	25	2	1	0.1188	1
86.0763	25	1	0	0.0882	2
86.0763	25	4	0	0.0803	3
86.114	25	3	1	0.1259	1
86.1627	25	2	0	0.0864	6
86.1868	25	1	1	0.1105	1
86.1868	25	3	0	0.0728	3
86.2287	25	4	1	0.1524	1
86.298	25	2	1	0.1353	1
86.298	25	1	0	0.1112	2
86.298	25	4	0	0.0693	3
86.3195	25	3	1	0.1327	1
86.4473	25	1	1	0.1493	1
86.4473	25	2	0	0.1493	2
86.4473	25	3	0	0.1278	3
86.458	25	4	1	0.16	1
86.5659	25	1	0	0.1186	6
86.566	25	2	1	0.1187	0
86.566	25	4	0	0.108	3
86.5888	25	3	1	0.1415	1
86.6299	25	2	0	0.0639	6
86.6569	25	1	1	0.091	1
86.6569	25	3	0	0.0681	3
86.6803	25	3	1	0.0234	0
86.7276	25	4	1	0.1616	1
86.7276	25	3	0	0.0473	2
86.7277	25	2	1	0.0978	0
86.7277	25	1	0	0.0708	2
86.7277	25	4	0	0.0001	3
86.7477	25	4	1	0.02	1
86.8	25	2	0	0.0723	6
86.8001	25	1	1	0.0724	0
86.8607	25	3	1	0.1331	1
86.8607	25	4	0	0.113	2
86.8608	25	1	0	0.0607	6
86.8808	25	1	1	0.02	0
86.8808	25	3	0	0.0201	3
86.8958	25	2	1	0.0958	1
86.8958	25	1	0	0.015	2
86.911	25	3	1	0.0302	0
86.9592	25	2	0	0.0634	6
86.9918	25	1	1	0.096	1
86.9918	25	3	0	0.0808	3
87.0051	25	4	1	0.1444	1
87.0795	25	2	1	0.1203	1
87.0795	25	1	0	0.0877	2
87.0795	25	4	0	0.0744	3
87.116	25	3	1	0.1242	1
87.1737	25	2	0	0.0942	6
87.1947	25	1	1	0.1152	1
87.1947	25	3	0	0.0787	3
87.2252	25	4	1	0.1457	1
87.313	25	2	1	0.1393	1
87.313	25	1	0	0.1183	2
87.313	25	4	0	0.0878	3
87.3269	25	3	1	0.1322	1
87.4816	25	1	1	0.1686	1
87.4816	25	2	0	0.1686	2
87.4816	25	3	0	0.1547	3
87.4842	25	4	1	0.1712	1
87.6591	25	2	1	0.1775	1
87.6591	25	1	0	0.1775	2
87.6591	25	4	0	0.1749	3
87.6674	25	3	1	0.1858	1
87.7331	25	2	0	0.074	6
87.7572	25	1	1	0.0981	1
87.7572	25	3	0	0.0898	3
87.7812	25	3	1	0.024	0
87.846	25	4	1	0.1869	1
87.846	25	3	0	0.0648	2
87.8461	25	2	1	0.113	0
87.8461	25	1	0	0.0889	2
87.8461	25	4	0	0.0001	3
87.8661	25	4	1	0.02	1
87.9085	25	2	0	0.0624	6
87.9086	25	1	1	0.0625	0
87.9689	25	4	0	0.1028	6
87.9771	25	3	1	0.1311	1
88.003	25	2	1	0.0945	1
88.003	25	1	0	0.0944	2
88.0592	25	3	0	0.0821	6
88.0593	25	1	1	0.0563	0
88.0593	25	2	0	0.0563	2
88.0593	25	4	1	0.0904	0
88.1283	25	1	0	0.069	6
88.1284	25	3	1	0.0692	0
88.1284	25	4	0	0.0691	2
88.1483	25	1	1	0.02	0
88.1483	25	3	0	0.0199	3
88.1585	25	2	1	0.0992	1
88.1585	25	1	0	0.0102	2
88.1705	25	3	1	0.0222	0
88.2079	25	2	0	0.0494	6
88.243	25	1	1	0.0845	1
88.243	25	3	0	0.0725	3
88.2689	25	3	1	0.0259	0
88.2737	25	4	1	0.1453	1
88.2737	25	3	0	0.0048	2
88.2738	25	1	0	0.0308	6
88.2937	25	3	1	0.02	0
88.2937	25	4	0	0.02	2
88.2938	25	1	1	0.02	0
88.2938	25	3	0	0.0001	3
88.3152	25	3	1	0.0214	0
88.3214	25	2	1	0.1135	1
88.3214	25	1	0	0.0276	2
88.4117	25	3	0	0.0965	6
88.4253	25	4	1	0.1316	1
88.4392	25	1	1	0.1178	1
88.4392	25	2	0	0.1178	2
88.4809	25	4	0	0.0556	6
88.5009	25	4	1	0.02	0
88.5011	25	1	0	0.0619	6
88.5195	25	2	1	0.0803	0
88.5195	25	4	0	0.0186	3
88.5395	25	4	1	0.02	0
88.552	25	3	1	0.1403	1
88.552	25	4	0	0.0125	2
88.5521	25	2	0	0.0326	6
88.572	25	4	1	0.02	0
88.572	25	3	0	0.02	2
88.5721	25	2	1	0.02	0
88.5721	25	4	0	0.0001	3
88.5951	25	4	1	0.023	0
88.6089	25	1	1	0.1078	1
88.6089	25	2	0	0.0368	2
88.7119	25	3	1	0.1399	1
88.7119	25	4	0	0.1168	2
88.712	25	1	0	0.1031	6
88.7121	25	2	1	0.1032	0
88.8492	25	3	0	0.1373	6
88.8647	25	4	1	0.1528	0
88.8648	25	1	1	0.1528	1
88.8648	25	2	0	0.1527	2
88.9206	25	4	0	0.0559	6
88.9207	25	2	1	0.0559	0
88.9207	25	1	0	0.0559	2
88.9207	25	3	1	0.0715	0
88.9577	25	2	0	0.037	6
88.9777	25	2	1	0.02	0
88.9779	25	3	0	0.0572	6
89.0026	25	4	1	0.082	0
89.0124	25	1	1	0.0917	1
89.0124	25	2	0	0.0347	2
89.0643	25	4	0	0.0617	6
89.0644	25	2	1	0.052	0
89.0644	25	1	0	0.052	2
89.0644	25	3	1	0.0865	0
89.12	25	2	0	0.0556	6
89.1201	25	4	1	0.0558	0
89.1201	25	3	0	0.0557	2
89.14	25	2	1	0.02	0
89.14	25	4	0	0.0199	3
89.1583	25	1	1	0.0939	1
89.1583	25	2	0	0.0183	2
89.1606	25	4	1	0.0206	0
89.1997	25	1	0	0.0414	6
89.2365	25	2	1	0.0782	0
89.2365	25	4	0	0.0759	3
89.2565	25	4	1	0.02	0
89.2608	25	3	1	0.1407	1
89.2608	25	4	0	0.0043	2
89.2609	25	1	1	0.0612	0
89.2609	25	2	0	0.0244	2
89.2609	25	3	0	0.0001	3
89.2808	25	4	1	0.02	0
89.2809	25	3	1	0.02	1
89.2809	25	4	0	0.0001	2
89.281	25	1	0	0.0201	6
89.2811	25	2	1	0.0202	0
89.397	25	4	1	0.1161	1
89.397	25	3	0	0.1161	2
89.3971	25	2	0	0.116	6
89.4171	25	2	1	0.02	0
89.4171	25	4	0	0.0201	3
89.4204	25	1	1	0.1394	1
89.4204	25	2	0	0.0033	2
89.4644	25	4	1	0.0473	0
89.5282	25	1	0	0.1078	6
89.5477	25	2	1	0.1273	1
89.5477	25	4	0	0.0833	3
89.5527	25	3	1	0.1557	1
89.6513	25	1	1	0.1231	1
89.6513	25	2	0	0.1036	2
89.6513	25	3	0	0.0986	3
89.681	25	4	1	0.1333	1
89.7124	25	1	0	0.0611	6
89.7408	25	2	1	0.0895	1
89.7408	25	4	0	0.0598	3
89.7664	25	4	1	0.0256	0
89.7992	25	3	1	0.1479	1
89.7992	25	4	0	0.0328	2
89.8252	25	1	1	0.1128	1
89.8252	25	2	0	0.0844	2
89.8252	25	3	0	0.026	3
89.8759	25	4	1	0.0767	0
89.929	25	1	0	0.1038	6
89.9444	25	2	1	0.1192	1
89.9444	25	4	0	0.0685	3
89.9652	25	3	1	0.14	1
90.0633	25	1	1	0.1343	1
90.0633	25	2	0	0.1189	2
90.0633	25	3	0	0.0981	3
90.0789	25	4	1	0.1345	1
90.1943	25	1	0	0.131	6
90.2056	25	2	1	0.1423	1
90.2056	25	4	0	0.1267	3
90.233	25	3	1	0.1697	1
90.3386	25	1	1	0.1443	1
90.3386	25	2	0	0.133	2
90.3386	25	3	0	0.1056	3
90.3466	25	4	1	0.141	1
90.4524	25	1	0	0.1138	6
90.4731	25	2	1	0.1345	1
90.4731	25	4	0	0.1265	3
90.5132	25	3	1	0.1746	1
90.5996	25	1	1	0.1472	1
90.5996	25	2	0	0.1265	2
90.5996	25	3	0	0.0864	3
90.6217	25	4	1	0.1486	1
90.7049	25	1	0	0.1053	6
90.7262	25	2	1	0.1266	1
90.7262	25	4	0	0.1045	3
90.7667	25	3	1	0.1671	1
90.8491	25	1	1	0.1442	1
90.8491	25	2	0	0.1229	2
90.8491	25	3	0	0.0824	3
90.8658	25	4	1	0.1396	1
90.9824	25	1	0	0.1333	6
90.993	25	2	1	0.1439	1
90.993	25	4	0	0.1272	3
91.019	25	3	1	0.1699	1
91.1297	25	1	1	0.1473	1
91.1297	25	2	0	0.1367	2
91.1297	25	3	0	0.1107	3
91.1343	25	4	1	0.1413	1
91.2292	25	1	0	0.0995	6
91.2514	25	2	1	0.1217	1
91.2514	25	4	0	0.1171	3
91.3038	25	3	1	0.1741	1
91.3701	25	1	1	0.1409	1
91.3701	25	2	0	0.1187	2
91.3701	25	3	0	0.0663	3
91.3925	25	4	1	0.1411	1
91.5147	25	1	0	0.1446	6
91.5205	25	2	1	0.1504	1
91.5205	25	4	0	0.128	3
91.5409	25	3	1	0.1708	1
91.6538	25	1	1	0.1391	1
91.6538	25	2	0	0.1333	2
91.6538	25	3	0	0.1129	3
91.6606	25	4	1	0.1401	1
91.7308	25	1	0	0.077	6
91.7553	25	2	1	0.1015	1
91.7553	25	4	0	0.0947	3
91.8071	25	4	1	0.0518	0
91.821	25	3	1	0.1672	1
91.821	25	4	0	0.0139	2
91.8211	25	2	0	0.0658	6
91.841	25	4	1	0.02	0
91.841	25	3	0	0.02	2
91.8411	25	2	1	0.02	0
91.8411	25	4	0	0.0001	3
91.858	25	1	1	0.1272	1
91.858	25	2	0	0.0169	2
91.9659	25	4	1	0.1248	1
91.9824	25	3	1	0.1414	1
91.9824	25	4	0	0.0165	2
91.9825	25	1	0	0.1245	6
92.0025	25	1	1	0.02	0
92.0025	25	3	0	0.0201	3
92.0029	25	2	1	0.1449	1
92.0029	25	1	0	0.0004	2
92.0447	25	3	1	0.0422	0
92.1099	25	2	0	0.107	6
92.1245	25	4	1	0.1421	1
92.1245	25	3	0	0.0798	2
92.1246	25	1	1	0.1217	0
92.1933	25	4	0	0.0688	6
92.2111	25	3	1	0.0866	0
92.2209	25	2	1	0.111	1
92.2209	25	1	0	0.0963	2
92.2632	25	3	0	0.0521	6
92.2633	25	1	1	0.0424	0
92.2633	25	2	0	0.0424	2
92.2633	25	4	1	0.07	0
92.3086	25	1	0	0.0453	6
92.3276	25	3	1	0.0644	0
92.3276	25	4	0	0.0643	2
92.3286	25	1	1	0.02	0
92.3286	25	3	0	0.001	3
92.3486	25	3	1	0.02	0
92.354	25	2	1	0.0907	1
92.354	25	1	0	0.0254	2
92.4013	25	3	0	0.0527	6
92.4014	25	1	1	0.0474	0
92.4014	25	2	0	0.0474	2
92.4014	25	4	1	0.0738	0
92.4577	25	1	0	0.0563	6
92.4578	25	3	1	0.0565	0
92.4578	25	4	0	0.0564	2
92.4777	25	1	1	0.02	0
92.4777	25	3	0	0.0199	3
92.4937	25	2	1	0.0923	1
92.4937	25	1	0	0.016	2
92.4977	25	3	1	0.02	0
92.5345	25	2	0	0.0408	6
92.5668	25	1	1	0.0731	0
92.5668	25	3	0	0.0691	3
92.5868	25	3	1	0.02	0
92.5924	25	4	1	0.1346	1
92.5924	25	3	0	0.0056	2
92.5925	25	2	1	0.058	0
92.5925	25	1	0	0.0257	2
92.5925	25	4	0	0.0001	3
92.6124	25	3	1	0.02	0
92.6125	25	4	1	0.02	1
92.6125	25	3	0	0.0001	2
92.6126	25	2	0	0.0201	6
92.6127	25	1	1	0.0202	0
92.7245	25	3	1	0.112	1
92.7245	25	4	0	0.112	2
92.7246	25	1	0	0.1119	6
92.7439	25	2	1	0.1313	1
92.8275	25	3	0	0.103	6
92.8276	25	1	1	0.103	0
92.8276	25	2	0	0.0837	2
92.8276	25	4	1	0.1031	0
92.9308	25	1	0	0.1032	6
92.9309	25	2	1	0.1033	0
92.9309	25	4	0	0.1033	3
92.9591	25	3	1	0.1316	0
92.9878	25	2	0	0.0569	6
93.0139	25	1	1	0.0831	1
93.0139	25	3	0	0.0548	3
93.0339	25	3	1	0.02	0
93.0822	25	4	1	0.1513	1
93.0822	25	3	0	0.0483	2
93.0823	25	2	1	0.0945	0
93.0823	25	1	0	0.0684	2
93.0823	25	4	0	0.0001	3
93.1023	25	4	1	0.02	1
93.1453	25	2	0	0.063	6
93.1454	25	1	1	0.0631	0
93.2041	25	3	1	0.1219	1
93.2041	25	4	0	0.1018	2
93.2042	25	1	0	0.0588	6
93.2242	25	1	1	0.02	0
93.2242	25	3	0	0.0201	3
93.2385	25	2	1	0.0932	1
93.2385	25	1	0	0.0143	2
93.2531	25	3	1	0.0289	0
93.3005	25	2	0	0.062	6
93.3319	25	1	1	0.0934	1
93.3319	25	3	0	0.0788	3
93.3435	25	4	1	0.1394	1
93.4165	25	2	1	0.116	1
93.4165	25	1	0	0.0846	2
93.4165	25	4	0	0.073	3
93.4557	25	3	1	0.1238	1
93.5027	25	2	0	0.0862	6
93.5244	25	1	1	0.1079	1
93.5244	25	3	0	0.0687	3
93.5566	25	4	1	0.1401	1
93.634	25	2	1	0.1313	1
93.634	25	1	0	0.1096	2
93.634	25	4	0	0.0774	3
93.6552	25	3	1	0.1308	1
93.785	25	1	1	0.151	1
93.785	25	2	0	0.151	2
93.785	25	3	0	0.1298	3
93.7966	25	4	1	0.1626	1
93.9164	25	1	0	0.1314	6
93.9165	25	2	1	0.1315	0
93.9165	25	4	0	0.1199	3
93.9303	25	3	1	0.1453	1
93.9843	25	2	0	0.0678	6
94.008	25	1	1	0.0916	1
94.008	25	3	0	0.0777	3
94.0355	25	3	1	0.0275	0
94.0817	25	4	1	0.1652	1
94.0817	25	3	0	0.0462	2
94.0818	25	2	1	0.0975	0
94.0818	25	1	0	0.0738	2
94.0818	25	4	0	0.0001	3
94.1018	25	4	1	0.02	1
94.1546	25	2	0	0.0728	6
94.1547	25	1	1	0.0729	0
94.216	25	3	1	0.1343	1
94.216	25	4	0	0.1142	2
94.2161	25	1	0	0.0614	6
94.2361	25	1	1	0.02	0
94.2361	25	3	0	0.0201	3
94.2515	25	2	1	0.0969	1
94.2515	25	1	0	0.0154	2
94.2687	25	3	1	0.0326	0
94.3163	25	2	0	0.0648	6
94.3455	25	1	1	0.094	1
94.3455	25	3	0	0.0768	3
94.3649	25	4	1	0.1489	1
94.4341	25	2	1	0.1178	1
94.4341	25	1	0	0.0886	2
94.4341	25	4	0	0.0692	3
94.4688	25	3	1	0.1233	1
94.5389	25	2	0	0.1048	6
94.5536	25	1	1	0.1195	1
94.5536	25	3	0	0.0848	3
94.5837	25	4	1	0.1496	1
94.676	25	2	1	0.1371	1
94.676	25	1	0	0.1224	2
94.676	25	4	0	0.0923	3
94.6844	25	3	1	0.1308	1
94.845	25	4	1	0.169	1
94.845	25	3	0	0.1606	2
94.8451	25	2	0	0.1691	6
94.8471	25	1	1	0.1711	1
94.9391	25	4	0	0.0941	6
94.9392	25	2	1	0.0941	0
94.9392	25	1	0	0.0921	2
94.9392	25	3	1	0.0942	0
94.9888	25	2	0	0.0496	6
95.0055	25	4	1	0.0664	0
95.0055	25	3	0	0.0663	2
95.0088	25	2	1	0.02	0
95.0088	25	4	0	0.0033	3
95.0308	25	4	1	0.022	0
95.0397	25	1	1	0.1005	1
95.0397	25	2	0	0.0309	2
95.0948	25	4	0	0.064	6
95.0949	25	2	1	0.0552	0
95.0949	25	1	0	0.0552	2
95.0949	25	3	1	0.0894	0
95.1476	25	2	0	0.0527	6
95.1477	25	4	1	0.0529	0
95.1477	25	3	0	0.0528	2
95.1676	25	2	1	0.02	0
95.1676	25	4	0	0.0199	3
95.1876	25	4	1	0.02	0
95.1895	25	1	1	0.0946	1
95.1895	25	2	0	0.0219	2
95.2313	25	4	0	0.0437	6
95.2314	25	2	1	0.0419	0
95.2314	25	1	0	0.0419	2
95.2314	25	3	1	0.0837	0
95.2861	25	2	0	0.0547	6
95.2862	25	4	1	0.0549	0
95.2862	25	3	0	0.0548	2
95.3061	25	2	1	0.02	0
95.3061	25	4	0	0.0199	3
95.3225	25	1	1	0.0911	1
95.3225	25	2	0	0.0164	2
95.3282	25	4	1	0.0221	0
95.3684	25	1	0	0.0459	6
95.4056	25	2	1	0.0831	1
95.4056	25	4	0	0.0774	3
95.4211	25	3	1	0.1349	1
95.4694	25	1	1	0.101	1
95.4694	25	2	0	0.0638	2
95.4694	25	3	0	0.0483	3
95.5097	25	4	1	0.1041	0
95.5533	25	1	0	0.0839	6
95.5742	25	2	1	0.1048	1
95.5742	25	4	0	0.0645	3
95.5996	25	3	1	0.1302	1
95.6766	25	1	1	0.1233	1
95.6766	25	2	0	0.1024	2
95.6766	25	3	0	0.077	3
95.6992	25	4	1	0.125	1
95.7974	25	1	0	0.1208	6
95.8085	25	2	1	0.1319	1
95.8085	25	4	0	0.1093	3
95.8249	25	3	1	0.1483	1
95.9309	25	1	1	0.1335	1
95.9309	25	2	0	0.1224	2
95.9309	25	3	0	0.106	3
95.9403	25	4	1	0.1318	1
96.0157	25	1	0	0.0848	6
96.0386	25	2	1	0.1077	1
96.0386	25	4	0	0.0983	3
96.0947	25	3	1	0.1638	1
96.1485	25	1	1	0.1328	1
96.1485	25	2	0	0.1099	2
96.1485	25	3	0	0.0538	3
96.1764	25	4	1	0.1378	1
96.2744	25	1	0	0.1259	6
96.2844	25	2	1	0.1359	1
96.2844	25	4	0	0.108	3
96.3042	25	3	1	0.1557	1
96.4083	25	1	1	0.1339	1
96.4083	25	2	0	0.1239	2
96.4083	25	3	0	0.1041	3
96.4204	25	4	1	0.136	1
96.4939	25	1	0	0.0856	6
96.5189	25	2	1	0.1106	1
96.5189	25	4	0	0.0985	3
96.5681	25	3	1	0.1598	1
96.6211	25	1	1	0.1272	1
96.6211	25	2	0	0.1022	2
96.6211	25	3	0	0.053	3
96.652	25	4	1	0.1331	1
96.7331	25	1	0	0.112	6
96.7487	25	2	1	0.1276	1
96.7487	25	4	0	0.0967	3
96.7725	25	3	1	0.1514	1
96.8717	25	1	1	0.1386	1
96.8717	25	2	0	0.123	2
96.8717	25	3	0	0.0992	3
96.8812	25	4	1	0.1325	1
96.9827	25	1	0	0.111	6
97.0016	25	2	1	0.1299	1
97.0016	25	4	0	0.1204	3
97.036	25	3	1	0.1643	1
97.1217	25	1	1	0.139	1
97.1217	25	2	0	0.1201	2
97.1217	25	3	0	0.0857	3
97.1443	25	4	1	0.1427	1
97.2227	25	1	0	0.101	6
97.2434	25	2	1	0.1217	1
97.2434	25	4	0	0.0991	3
97.2834	25	3	1	0.1617	1
97.3629	25	1	1	0.1402	1
97.3629	25	2	0	0.1195	2
97.3629	25	3	0	0.0795	3
97.3791	25	4	1	0.1357	1
97.5086	25	1	0	0.1457	6
97.5153	25	2	1	0.1524	1
97.5153	25	4	0	0.1362	3
97.5371	25	3	1	0.1742	1
97.6427	25	1	1	0.1341	1
97.6427	25	2	0	0.1274	2
97.6427	25	3	0	0.1056	3
97.6583	25	4	1	0.143	1
97.7151	25	1	0	0.0724	6
97.7401	25	2	1	0.0974	1
97.7401	25	4	0	0.0818	3
97.7784	25	4	1	0.0383	0
97.8056	25	3	1	0.1629	1
97.8056	25	4	0	0.0272	2
97.8057	25	1	1	0.0906	0
97.8057	25	2	0	0.0656	2
97.8057	25	3	0	0.0001	3
97.8257	25	3	1	0.02	1
97.8828	25	1	0	0.0771	6
97.8829	25	2	1	0.0772	0
97.9397	25	4	1	0.1341	1
97.9397	25	3	0	0.114	2
97.9398	25	2	0	0.0569	6
97.9598	25	2	1	0.02	0
97.9598	25	4	0	0.0201	3
97.9791	25	1	1	0.0963	1
97.9791	25	2	0	0.0193	2
97.9967	25	4	1	0.0369	0
98.0482	25	1	0	0.0691	6
98.0752	25	2	1	0.0961	1
98.0752	25	4	0	0.0785	3
98.0895	25	3	1	0.1498	1
98.1671	25	1	1	0.1189	1
98.1671	25	2	0	0.0919	2
98.1671	25	3	0	0.0776	3
98.2014	25	4	1	0.1262	1
98.266	25	1	0	0.0989	6
98.2827	25	2	1	0.1156	1
98.2827	25	4	0	0.0813	3
98.3162	25	3	1	0.1491	1
98.4024	25	1	1	0.1364	1
98.4024	25	2	0	0.1197	2
98.4024	25	3	0	0.0862	3
98.4166	25	4	1	0.1339	1
98.5724	25	2	1	0.17	1
98.5724	25	1	0	0.17	2
98.5724	25	4	0	0.1558	3
98.5736	25	3	1	0.1712	1
98.7509	25	1	1	0.1785	1
98.7509	25	2	0	0.1785	2
98.7509	25	3	0	0.1773	3
98.7573	25	4	1	0.1849	1
98.8315	25	1	0	0.0806	6
98.8534	25	2	1	0.1025	1
98.8534	25	4	0	0.0961	3
98.8912	25	4	1	0.0378	0
98.9325	25	3	1	0.1816	1
98.9325	25	4	0	0.0413	2
98.9326	25	1	1	0.1011	0
98.9326	25	2	0	0.0792	2
98.9326	25	3	0	0.0001	3
98.9526	25	3	1	0.02	1
99.016	25	1	0	0.0834	6
99.0161	25	2	1	0.0835	0
99.0715	25	4	1	0.139	1
99.0715	25	3	0	0.1189	2
99.0716	25	2	0	0.0555	6
99.0916	25	2	1	0.02	0
99.0916	25	4	0	0.0201	3
99.1076	25	1	1	0.0916	1
99.1076	25	2	0	0.016	2
99.1217	25	4	1	0.0301	0
99.17	25	1	0	0.0624	6
99.1994	25	2	1	0.0918	1
99.1994	25	4	0	0.0777	3
99.2201	25	3	1	0.1486	1
99.2852	25	1	1	0.1152	1
99.2852	25	2	0	0.0858	2
99.2852	25	3	0	0.0651	3
99.3249	25	4	1	0.1255	1
99.3797	25	1	0	0.0945	6
99.3967	25	2	1	0.1115	1
99.3967	25	4	0	0.0718	3
99.4265	25	3	1	0.1413	1
99.5159	25	1	1	0.1362	1
99.5159	25	2	0	0.1192	2
99.5159	25	3	0	0.0894	3
99.5252	25	4	1	0.1285	1
99.6813	25	3	1	0.1654	1
99.6813	25	4	0	0.1561	2
99.6814	25	1	0	0.1655	6
99.6869	25	2	1	0.171	1
99.8102	25	3	0	0.1289	6
99.8103	25	1	1	0.1289	0
99.8103	25	2	0	0.1234	2
99.8103	25	4	1	0.129	0
99.8729	25	1	0	0.0626	6
99.8898	25	3	1	0.0796	0
99.8898	25	4	0	0.0795	2
99.8929	25	1	1	0.02	0
99.8929	25	3	0	0.0031	3
99.893	25	2	1	0.0827	0
99.893	25	1	0	0.0001	2
99.9148	25	3	1	0.0219	0
99.9393	25	2	0	0.0463	6
99.9493	25	1	1	0.0563	1
99.9493	25	3	0	0.0345	3
99.9693	25	3	1	0.02	0
