0.097	23	4	1	0.097	0
0.0981	23	1	0	0.0981	6
0.1872	23	3	1	0.1872	1
0.1872	23	4	0	0.0902	2
0.1873	23	1	1	0.0892	0
0.1873	23	3	0	0.0001	3
0.1873	23	2	1	0.1873	0
0.1873	23	1	0	0	2
0.2074	23	3	1	0.0201	1
0.2373	23	2	0	0.05	6
0.2821	23	1	1	0.0948	1
0.2821	23	3	0	0.0747	3
0.3402	23	4	1	0.153	0
0.342	23	1	0	0.0599	6
0.4044	23	2	1	0.1671	1
0.4044	23	4	0	0.0642	3
0.4506	23	3	1	0.1685	1
0.4593	23	2	0	0.0549	6
0.5069	23	1	1	0.1649	1
0.5069	23	3	0	0.0563	3
0.5653	23	4	1	0.1609	1
0.5712	23	1	0	0.0643	6
0.618	23	2	1	0.1587	1
0.618	23	4	0	0.0527	3
0.6624	23	3	1	0.1555	1
0.675	23	2	0	0.057	6
0.7304	23	1	1	0.1592	1
0.7304	23	3	0	0.068	3
0.7726	23	4	1	0.1546	1
0.7867	23	1	0	0.0563	6
0.8283	23	2	1	0.1533	1
0.8283	23	4	0	0.0557	3
0.8782	23	3	1	0.1478	0
0.8815	23	2	0	0.0532	6
0.9427	23	1	1	0.156	1
0.9427	23	3	0	0.0645	3
0.9803	23	4	1	0.152	1
1.001	23	1	0	0.0583	6
1.0392	23	2	1	0.1577	1
1.0392	23	4	0	0.0589	3
1.0925	23	3	1	0.1498	0
1.0958	23	2	0	0.0566	6
1.1532	23	1	1	0.1522	1
1.1532	23	3	0	0.0607	3
1.196	23	4	1	0.1568	1
1.209	23	1	0	0.0558	6
1.2496	23	2	1	0.1538	1
1.2496	23	4	0	0.0536	3
1.3055	23	3	1	0.1523	0
1.3094	23	2	0	0.0598	6
1.3606	23	1	1	0.1516	1
1.3606	23	3	0	0.0551	3
1.4039	23	4	1	0.1543	1
1.4149	23	1	0	0.0543	6
1.4629	23	2	1	0.1535	1
1.4629	23	4	0	0.059	3
1.5109	23	3	1	0.1503	1
1.5182	23	2	0	0.0553	6
1.5638	23	1	1	0.1489	1
1.5638	23	3	0	0.0529	3
1.6145	23	4	1	0.1516	0
1.6186	23	1	0	0.0548	6
1.6706	23	2	1	0.1524	1
1.6706	23	4	0	0.0561	3
1.7143	23	3	1	0.1505	1
1.7265	23	2	0	0.0559	6
1.7703	23	1	1	0.1517	1
1.7703	23	3	0	0.056	3
1.8237	23	4	1	0.1531	1
1.8293	23	1	0	0.059	6
1.8789	23	2	1	0.1524	1
1.8789	23	4	0	0.0552	3
1.9204	23	3	1	0.1501	1
1.9336	23	2	0	0.0547	6
1.982	23	1	1	0.1527	1
1.982	23	3	0	0.0616	3
2.0294	23	4	1	0.1505	1
2.0395	23	1	0	0.0575	6
2.0879	23	2	1	0.1543	1
2.0879	23	4	0	0.0585	3
2.1329	23	3	1	0.1509	1
2.1431	23	2	0	0.0552	6
2.191	23	1	1	0.1515	1
2.191	23	3	0	0.0581	3
2.238	23	4	1	0.1501	1
2.2475	23	1	0	0.0565	6
2.2939	23	2	1	0.1508	1
2.2939	23	4	0	0.0559	3
2.3411	23	3	1	0.1501	1
2.3516	23	2	0	0.0577	6
2.3991	23	1	1	0.1516	1
2.3991	23	3	0	0.058	3
2.4464	23	4	1	0.1525	1
2.4573	23	1	0	0.0582	6
2.5028	23	2	1	0.1512	1
2.5028	23	4	0	0.0564	3
2.5533	23	3	1	0.1542	1
2.5611	23	2	0	0.0583	6
2.6113	23	1	1	0.154	1
2.6113	23	3	0	0.058	3
2.6526	23	4	1	0.1498	1
2.6691	23	1	0	0.0578	6
2.7128	23	2	1	0.1517	1
2.7128	23	4	0	0.0602	3
2.7663	23	3	1	0.155	1
2.773	23	2	0	0.0602	6
2.8194	23	1	1	0.1503	1
2.8194	23	3	0	0.0531	3
2.8654	23	4	1	0.1526	1
2.8793	23	1	0	0.0599	6
2.9254	23	2	1	0.1524	1
2.9254	23	4	0	0.06	3
2.9692	23	3	1	0.1498	1
2.9806	23	2	0	0.0552	6
3.0278	23	1	1	0.1485	1
3.0278	23	3	0	0.0586	3
3.0783	23	4	1	0.1529	1
3.0876	23	1	0	0.0598	6
3.1323	23	2	1	0.1517	1
3.1323	23	4	0	0.054	3
3.1813	23	3	1	0.1535	1
3.1923	23	2	0	0.06	6
3.2405	23	1	1	0.1529	1
3.2405	23	3	0	0.0592	3
3.2845	23	4	1	0.1522	1
3.2995	23	1	0	0.059	6
3.3452	23	2	1	0.1529	1
3.3452	23	4	0	0.0607	3
3.3946	23	3	1	0.1541	1
3.4035	23	2	0	0.0583	6
3.4538	23	1	1	0.1543	1
3.4538	23	3	0	0.0592	3
3.4956	23	4	1	0.1504	1
3.513	23	1	0	0.0592	6
3.5575	23	2	1	0.154	1
3.5575	23	4	0	0.0619	3
3.608	23	3	1	0.1542	1
3.6201	23	2	0	0.0626	6
3.668	23	1	1	0.155	1
3.668	23	3	0	0.06	3
3.7149	23	4	1	0.1574	1
3.7265	23	1	0	0.0585	6
3.7729	23	2	1	0.1528	1
3.7729	23	4	0	0.058	3
3.8225	23	3	1	0.1545	1
3.8359	23	2	0	0.063	6
3.88	23	1	1	0.1535	1
3.88	23	3	0	0.0575	3
3.9293	23	4	1	0.1564	1
3.9396	23	1	0	0.0596	6
3.9877	23	2	1	0.1518	1
3.9877	23	4	0	0.0584	3
4.0337	23	3	1	0.1537	1
4.0501	23	2	0	0.0624	6
4.0947	23	1	1	0.1551	1
4.0947	23	3	0	0.061	3
4.1438	23	4	1	0.1561	1
4.154	23	1	0	0.0593	6
4.2021	23	2	1	0.152	1
4.2021	23	4	0	0.0583	3
4.248	23	3	1	0.1533	1
4.2627	23	2	0	0.0606	6
4.3058	23	1	1	0.1518	1
4.3058	23	3	0	0.0578	3
4.3532	23	4	1	0.1511	1
4.366	23	1	0	0.0602	6
4.4144	23	2	1	0.1517	1
4.4144	23	4	0	0.0612	3
4.4552	23	3	1	0.1494	1
4.4752	23	2	0	0.0608	6
4.5206	23	1	1	0.1546	1
4.5206	23	3	0	0.0654	3
4.567	23	4	1	0.1526	1
4.5831	23	1	0	0.0625	6
4.6297	23	2	1	0.1545	1
4.6297	23	4	0	0.0627	3
4.6786	23	3	1	0.158	1
4.693	23	2	0	0.0633	6
4.741	23	1	1	0.1579	1
4.741	23	3	0	0.0624	3
4.7874	23	4	1	0.1577	1
4.8052	23	1	0	0.0642	6
4.8503	23	2	1	0.1573	1
4.8503	23	4	0	0.0629	3
4.8965	23	3	1	0.1555	1
4.9089	23	2	0	0.0586	6
4.9567	23	1	1	0.1515	1
4.9567	23	3	0	0.0602	3
5.0026	23	4	1	0.1523	1
5.0177	23	1	0	0.061	6
5.0597	23	2	1	0.1508	1
5.0597	23	4	0	0.0571	3
5.1108	23	3	1	0.1541	1
5.1244	23	2	0	0.0647	6
5.1714	23	1	1	0.1537	1
5.1714	23	3	0	0.0606	3
5.214	23	4	1	0.1543	1
5.2331	23	1	0	0.0617	6
5.278	23	2	1	0.1536	1
5.278	23	4	0	0.064	3
5.3256	23	3	1	0.1542	1
5.3406	23	2	0	0.0626	6
5.3894	23	1	1	0.1563	1
5.3894	23	3	0	0.0638	3
5.4306	23	4	1	0.1526	1
5.4494	23	1	0	0.06	6
5.4941	23	2	1	0.1535	1
5.4941	23	4	0	0.0635	3
5.5408	23	3	1	0.1514	1
5.5597	23	2	0	0.0656	6
5.6061	23	1	1	0.1567	1
5.6061	23	3	0	0.0653	3
5.6512	23	4	1	0.1571	1
5.6704	23	1	0	0.0643	6
5.718	23	2	1	0.1583	1
5.718	23	4	0	0.0668	3
5.7617	23	3	1	0.1556	1
5.7838	23	2	0	0.0658	6
5.8277	23	1	1	0.1573	1
5.8277	23	3	0	0.066	3
5.8778	23	4	1	0.1598	1
5.8912	23	1	0	0.0635	6
5.9367	23	2	1	0.1529	1
5.9367	23	4	0	0.0589	3
5.9869	23	3	1	0.1592	1
5.9993	23	2	0	0.0626	6
6.0426	23	1	1	0.1514	1
6.0426	23	3	0	0.0557	3
6.091	23	4	1	0.1543	1
6.1091	23	1	0	0.0665	6
6.1527	23	2	1	0.1534	1
6.1527	23	4	0	0.0617	3
6.1988	23	3	1	0.1562	1
6.2149	23	2	0	0.0622	6
6.261	23	1	1	0.1519	1
6.261	23	3	0	0.0622	3
6.3033	23	4	1	0.1506	1
6.324	23	1	0	0.063	6
6.368	23	2	1	0.1531	1
6.368	23	4	0	0.0647	3
6.4144	23	3	1	0.1534	1
6.4315	23	2	0	0.0635	6
6.4759	23	1	1	0.1519	1
6.4759	23	3	0	0.0615	3
6.522	23	4	1	0.154	1
6.5378	23	1	0	0.0619	6
6.5861	23	2	1	0.1546	1
6.5861	23	4	0	0.0641	3
6.6282	23	3	1	0.1523	1
6.6499	23	2	0	0.0638	6
6.6892	23	1	1	0.1514	1
6.6892	23	3	0	0.061	3
6.7414	23	4	1	0.1553	1
6.756	23	1	0	0.0668	6
6.8015	23	2	1	0.1516	1
6.8015	23	4	0	0.0601	3
6.8444	23	3	1	0.1552	1
6.8666	23	2	0	0.0651	6
6.9116	23	1	1	0.1556	1
6.9116	23	3	0	0.0672	3
6.9542	23	4	1	0.1527	1
6.9769	23	1	0	0.0653	6
7.021	23	2	1	0.1544	1
7.021	23	4	0	0.0668	3
7.0676	23	3	1	0.156	1
7.086	23	2	0	0.065	6
7.1316	23	1	1	0.1547	1
7.1316	23	3	0	0.064	3
7.179	23	4	1	0.158	1
7.1961	23	1	0	0.0645	6
7.2385	23	2	1	0.1525	1
7.2385	23	4	0	0.0595	3
7.2836	23	3	1	0.152	1
7.3067	23	2	0	0.0682	6
7.3511	23	1	1	0.155	1
7.3511	23	3	0	0.0675	3
7.3918	23	4	1	0.1533	1
7.4156	23	1	0	0.0645	6
7.4611	23	2	1	0.1544	1
7.4611	23	4	0	0.0693	3
7.5041	23	3	1	0.153	1
7.5282	23	2	0	0.0671	6
7.5724	23	1	1	0.1568	1
7.5724	23	3	0	0.0683	3
7.6197	23	4	1	0.1586	1
7.6381	23	1	0	0.0657	6
7.683	23	2	1	0.1548	1
7.683	23	4	0	0.0633	3
7.7259	23	3	1	0.1535	1
7.7519	23	2	0	0.0689	6
7.7947	23	1	1	0.1566	1
7.7947	23	3	0	0.0688	3
7.8398	23	4	1	0.1568	1
7.8557	23	1	0	0.061	6
7.9035	23	2	1	0.1516	1
7.9035	23	4	0	0.0637	3
7.9545	23	3	1	0.1598	1
7.9683	23	2	0	0.0648	6
8.0099	23	1	1	0.1542	1
8.0099	23	3	0	0.0554	3
8.0591	23	4	1	0.1556	1
8.086	23	1	0	0.0761	6
8.1202	23	2	1	0.1519	1
8.1202	23	4	0	0.0611	3
8.1637	23	3	1	0.1538	1
8.187	23	2	0	0.0668	6
8.2404	23	1	1	0.1544	1
8.2404	23	3	0	0.0767	3
8.275	23	4	1	0.1548	1
8.3115	23	1	0	0.0711	6
8.348	23	2	1	0.161	1
8.348	23	4	0	0.073	3
8.3993	23	3	1	0.1589	1
8.4181	23	2	0	0.0701	6
8.4702	23	1	1	0.1587	1
8.4702	23	3	0	0.0709	3
8.5057	23	4	1	0.1577	1
8.5375	23	1	0	0.0673	6
8.5747	23	2	1	0.1566	1
8.5747	23	4	0	0.069	3
8.6296	23	3	1	0.1594	1
8.6484	23	2	0	0.0737	6
8.6942	23	1	1	0.1567	1
8.6942	23	3	0	0.0646	3
8.735	23	4	1	0.1603	1
8.762	23	1	0	0.0678	6
8.8059	23	2	1	0.1575	1
8.8059	23	4	0	0.0709	3
8.8494	23	3	1	0.1552	1
8.8802	23	2	0	0.0743	6
8.9216	23	1	1	0.1596	1
8.9216	23	3	0	0.0722	3
8.9662	23	4	1	0.1603	1
8.988	23	1	0	0.0664	6
9.0362	23	2	1	0.156	1
9.0362	23	4	0	0.07	3
9.0778	23	3	1	0.1562	1
9.1055	23	2	0	0.0693	6
9.1438	23	1	1	0.1558	1
9.1438	23	3	0	0.066	3
9.1922	23	4	1	0.156	1
9.2176	23	1	0	0.0738	6
9.2657	23	2	1	0.1602	1
9.2657	23	4	0	0.0735	3
9.2996	23	3	1	0.1558	1
9.3393	23	2	0	0.0736	6
9.3804	23	1	1	0.1628	1
9.3804	23	3	0	0.0808	3
9.4238	23	4	1	0.1581	1
9.4474	23	1	0	0.067	6
9.4946	23	2	1	0.1553	1
9.4946	23	4	0	0.0708	3
9.5385	23	3	1	0.1581	1
9.5629	23	2	0	0.0683	6
9.6051	23	1	1	0.1577	1
9.6051	23	3	0	0.0666	3
9.651	23	4	1	0.1564	1
9.6825	23	1	0	0.0774	6
9.7197	23	2	1	0.1568	1
9.7197	23	4	0	0.0687	3
9.766	23	3	1	0.1609	1
9.79	23	2	0	0.0703	6
9.8381	23	1	1	0.1556	1
9.8381	23	3	0	0.0721	3
9.8767	23	4	1	0.157	1
9.9113	23	1	0	0.0732	6
9.9469	23	2	1	0.1569	1
9.9469	23	4	0	0.0702	3
9.9962	23	3	1	0.1581	1
10.0263	23	2	0	0.0794	6
10.0727	23	1	1	0.1614	1
10.0727	23	3	0	0.0765	3
10.1068	23	4	1	0.1599	1
10.1411	23	1	0	0.0684	6
10.1835	23	2	1	0.1572	1
10.1835	23	4	0	0.0767	3
10.2303	23	3	1	0.1576	1
10.258	23	2	0	0.0745	6
10.3032	23	1	1	0.1621	1
10.3032	23	3	0	0.0729	3
10.3412	23	4	1	0.1577	1
10.3781	23	1	0	0.0749	6
10.418	23	2	1	0.16	1
10.418	23	4	0	0.0768	3
10.4627	23	3	1	0.1595	1
10.4935	23	2	0	0.0755	6
10.537	23	1	1	0.1589	1
10.537	23	3	0	0.0743	3
10.5794	23	4	1	0.1614	1
10.6087	23	1	0	0.0717	6
10.6521	23	2	1	0.1586	1
10.6521	23	4	0	0.0727	3
10.6965	23	3	1	0.1595	1
10.7338	23	2	0	0.0817	6
10.7729	23	1	1	0.1642	1
10.7729	23	3	0	0.0764	3
10.8155	23	4	1	0.1634	1
10.8491	23	1	0	0.0762	6
10.895	23	2	1	0.1612	1
10.895	23	4	0	0.0795	3
10.9376	23	3	1	0.1647	1
10.9707	23	2	0	0.0757	6
11.0134	23	1	1	0.1643	1
11.0134	23	3	0	0.0758	3
11.0598	23	4	1	0.1648	1
11.0905	23	1	0	0.0771	6
11.1329	23	2	1	0.1622	1
11.1329	23	4	0	0.0731	3
11.1774	23	3	1	0.164	1
11.2118	23	2	0	0.0789	6
11.25	23	1	1	0.1595	1
11.25	23	3	0	0.0726	3
11.2965	23	4	1	0.1636	1
11.3291	23	1	0	0.0791	6
11.3751	23	2	1	0.1633	1
11.3751	23	4	0	0.0786	3
11.4107	23	3	1	0.1607	1
11.4543	23	2	0	0.0792	6
11.4936	23	1	1	0.1645	1
11.4936	23	3	0	0.0829	3
11.5381	23	4	1	0.163	1
11.5668	23	1	0	0.0732	6
11.6141	23	2	1	0.1598	1
11.6141	23	4	0	0.076	3
11.6554	23	3	1	0.1618	1
11.6872	23	2	0	0.0731	6
11.7272	23	1	1	0.1604	1
11.7272	23	3	0	0.0718	3
11.7762	23	4	1	0.1621	1
11.8103	23	1	0	0.0831	6
11.8504	23	2	1	0.1632	1
11.8504	23	4	0	0.0742	3
11.8862	23	3	1	0.159	1
11.9347	23	2	0	0.0843	6
11.9712	23	1	1	0.1609	1
11.9712	23	3	0	0.085	3
12.0159	23	4	1	0.1655	1
12.0488	23	1	0	0.0776	6
12.0939	23	2	1	0.1592	1
12.0939	23	4	0	0.078	3
12.1375	23	3	1	0.1663	1
12.1714	23	2	0	0.0775	6
12.2138	23	1	1	0.165	1
12.2138	23	3	0	0.0763	3
12.2569	23	4	1	0.163	1
12.2953	23	1	0	0.0815	6
12.3316	23	2	1	0.1602	1
12.3316	23	4	0	0.0747	3
12.3742	23	3	1	0.1604	1
12.4153	23	2	0	0.0837	6
12.4568	23	1	1	0.1615	1
12.4568	23	3	0	0.0826	3
12.4964	23	4	1	0.1648	1
12.5365	23	1	0	0.0797	6
12.5766	23	2	1	0.1613	1
12.5766	23	4	0	0.0802	3
12.6237	23	3	1	0.1669	1
12.658	23	2	0	0.0814	6
12.7026	23	1	1	0.1661	1
12.7026	23	3	0	0.0789	3
12.739	23	4	1	0.1624	1
12.7874	23	1	0	0.0848	6
12.8208	23	2	1	0.1628	1
12.8208	23	4	0	0.0818	3
12.8699	23	3	1	0.1673	1
12.9032	23	2	0	0.0824	6
12.9507	23	1	1	0.1633	1
12.9507	23	3	0	0.0808	3
12.9843	23	4	1	0.1635	1
13.0317	23	1	0	0.081	6
13.0654	23	2	1	0.1622	1
13.0654	23	4	0	0.0811	3
13.1116	23	3	1	0.1609	1
13.1516	23	2	0	0.0862	6
13.1925	23	1	1	0.1608	1
13.1925	23	3	0	0.0809	3
13.2321	23	4	1	0.1667	1
13.2744	23	1	0	0.0819	6
13.316	23	2	1	0.1644	1
13.316	23	4	0	0.0839	3
13.3585	23	3	1	0.166	1
13.4014	23	2	0	0.0854	6
13.4396	23	1	1	0.1652	1
13.4396	23	3	0	0.0811	3
13.4794	23	4	1	0.1634	1
13.5272	23	1	0	0.0876	6
13.5671	23	2	1	0.1657	1
13.5671	23	4	0	0.0877	3
13.6058	23	3	1	0.1662	1
13.6533	23	2	0	0.0862	6
13.6919	23	1	1	0.1647	1
13.6919	23	3	0	0.0861	3
13.7357	23	4	1	0.1686	1
13.7737	23	1	0	0.0818	6
13.8183	23	2	1	0.165	1
13.8183	23	4	0	0.0826	3
13.855	23	3	1	0.1631	1
13.9062	23	2	0	0.0879	6
13.9381	23	1	1	0.1644	1
13.9381	23	3	0	0.0831	3
13.9863	23	4	1	0.168	1
14.0288	23	1	0	0.0907	6
14.0731	23	2	1	0.1669	1
14.0731	23	4	0	0.0868	3
14.1063	23	3	1	0.1682	1
14.1621	23	2	0	0.089	6
14.1965	23	1	1	0.1677	1
14.1965	23	3	0	0.0902	3
14.2411	23	4	1	0.168	1
14.2827	23	1	0	0.0862	6
14.3257	23	2	1	0.1636	1
14.3257	23	4	0	0.0846	3
14.3622	23	3	1	0.1657	1
14.4145	23	2	0	0.0888	6
14.4515	23	1	1	0.1688	1
14.4515	23	3	0	0.0893	3
14.4935	23	4	1	0.1678	1
14.5376	23	1	0	0.0861	6
14.578	23	2	1	0.1635	1
14.578	23	4	0	0.0845	3
14.6142	23	3	1	0.1627	1
14.6648	23	2	0	0.0868	6
14.7014	23	1	1	0.1638	1
14.7014	23	3	0	0.0872	3
14.741	23	4	1	0.163	1
14.7947	23	1	0	0.0933	6
14.8306	23	2	1	0.1658	1
14.8306	23	4	0	0.0896	3
14.8668	23	3	1	0.1654	1
14.9162	23	2	0	0.0856	6
14.9574	23	1	1	0.1627	1
14.9574	23	3	0	0.0906	3
14.9956	23	4	1	0.165	1
15.0578	23	1	0	0.1004	6
15.0889	23	2	1	0.1727	1
15.0889	23	4	0	0.0933	3
15.1292	23	3	1	0.1718	1
15.189	23	2	0	0.1001	6
15.2293	23	1	1	0.1715	1
15.2293	23	3	0	0.1001	3
15.2603	23	4	1	0.1714	1
15.3256	23	1	0	0.0963	6
15.3613	23	2	1	0.1723	1
15.3613	23	4	0	0.101	3
15.4015	23	3	1	0.1722	1
15.4492	23	2	0	0.0879	6
15.492	23	1	1	0.1664	1
15.492	23	3	0	0.0905	3
15.5294	23	4	1	0.1681	1
15.5889	23	1	0	0.0969	6
15.6201	23	2	1	0.1709	1
15.6201	23	4	0	0.0907	3
15.6642	23	3	1	0.1722	1
15.717	23	2	0	0.0969	6
15.7601	23	1	1	0.1712	1
15.7601	23	3	0	0.0959	3
15.7883	23	4	1	0.1682	1
15.869	23	1	0	0.1089	6
15.8965	23	2	1	0.1795	1
15.8965	23	4	0	0.1082	3
15.9365	23	3	1	0.1764	1
16.0065	23	2	0	0.11	6
16.0432	23	1	1	0.1742	1
16.0432	23	3	0	0.1067	3
16.0726	23	4	1	0.1761	1
16.1459	23	1	0	0.1027	6
16.1822	23	2	1	0.1757	1
16.1822	23	4	0	0.1096	3
16.2239	23	3	1	0.1807	1
16.2809	23	2	0	0.0987	6
16.3222	23	1	1	0.1763	1
16.3222	23	3	0	0.0983	3
16.3581	23	4	1	0.1759	1
16.4181	23	1	0	0.0959	6
16.4535	23	2	1	0.1726	1
16.4535	23	4	0	0.0954	3
16.4989	23	3	1	0.1767	1
16.5557	23	2	0	0.1022	6
16.5897	23	1	1	0.1716	1
16.5897	23	3	0	0.0908	3
16.629	23	4	1	0.1755	1
16.6967	23	1	0	0.107	6
16.7309	23	2	1	0.1752	1
16.7309	23	4	0	0.1019	3
16.7605	23	3	1	0.1708	1
16.8667	23	2	0	0.1358	6
16.8786	23	1	1	0.1819	1
16.8786	23	3	0	0.1181	3
16.9081	23	4	1	0.1772	1
17.0552	23	1	0	0.1766	6
17.0566	23	2	1	0.1899	1
17.0566	23	4	0	0.1485	3
17.062	23	3	1	0.1834	1
17.1161	23	2	0	0.0595	6
17.1362	23	2	1	0.0201	0
17.1364	23	3	0	0.0744	6
17.1818	23	4	1	0.1252	0
17.1934	23	2	0	0.0572	6
17.2098	23	1	1	0.1546	1
17.2463	23	4	0	0.0645	6
17.2664	23	4	1	0.0201	0
17.2666	23	1	0	0.0568	6
17.3299	23	2	1	0.1365	1
17.3299	23	4	0	0.0635	3
17.3466	23	3	1	0.2102	1
17.4264	23	2	0	0.0965	6
17.4265	23	4	1	0.0966	0
17.4265	23	3	0	0.0799	2
17.4351	23	1	1	0.1685	1
17.531	23	4	0	0.1045	6
17.5511	23	4	1	0.0201	0
17.5513	23	1	0	0.1162	6
17.5977	23	2	1	0.1713	1
17.5977	23	4	0	0.0466	3
17.6553	23	3	1	0.2288	1
17.7107	23	2	0	0.113	6
17.7524	23	1	1	0.2011	1
17.7524	23	3	0	0.0971	3
17.7825	23	4	1	0.1848	1
17.8537	23	1	0	0.1013	6
17.8538	23	3	1	0.1014	0
17.8538	23	4	0	0.0713	2
17.8738	23	1	1	0.0201	0
17.8738	23	3	0	0.02	3
17.8887	23	2	1	0.178	1
17.8887	23	1	0	0.0149	2
17.9084	23	3	1	0.0346	0
17.9232	23	2	0	0.0345	6
17.9675	23	1	1	0.0788	0
17.9675	23	3	0	0.0591	3
17.9876	23	3	1	0.0201	0
18.0039	23	1	0	0.0364	6
18.004	23	2	1	0.0808	0
18.0462	23	3	0	0.0586	6
18.0509	23	4	1	0.1971	1
18.0511	23	2	0	0.0471	6
18.0512	23	1	1	0.0473	0
18.0912	23	4	0	0.0403	6
18.1426	23	3	1	0.0964	0
18.1572	23	1	0	0.106	6
18.166	23	2	1	0.1149	0
18.1896	23	3	0	0.047	6
18.2097	23	3	1	0.0201	0
18.2099	23	2	0	0.0439	6
18.2789	23	1	1	0.1217	1
18.2789	23	3	0	0.0692	3
18.2846	23	4	1	0.1934	1
18.3281	23	1	0	0.0492	6
18.3282	23	3	1	0.0493	0
18.3282	23	4	0	0.0436	2
18.3482	23	1	1	0.0201	0
18.3482	23	3	0	0.02	3
18.3593	23	2	1	0.1494	1
18.3593	23	1	0	0.0111	2
18.4101	23	3	1	0.0619	0
18.4382	23	2	0	0.0789	6
18.5067	23	1	1	0.1474	1
18.5067	23	3	0	0.0966	3
18.5177	23	4	1	0.1895	1
18.6093	23	2	1	0.1711	1
18.6093	23	1	0	0.1026	2
18.6093	23	4	0	0.0916	3
18.6746	23	3	1	0.1679	0
18.6996	23	2	0	0.0903	6
18.7628	23	1	1	0.1535	1
18.7628	23	3	0	0.0882	3
18.8013	23	4	1	0.192	1
18.8751	23	2	1	0.1755	1
18.8751	23	1	0	0.1123	2
18.8751	23	4	0	0.0738	3
18.9346	23	3	1	0.1718	1
19.0277	23	2	0	0.1526	6
19.0552	23	1	1	0.1801	1
19.0552	23	3	0	0.1206	3
19.0598	23	4	1	0.1847	1
19.1693	23	1	0	0.1141	6
19.1694	23	3	1	0.1142	0
19.1694	23	4	0	0.1096	2
19.1894	23	1	1	0.0201	0
19.1894	23	3	0	0.02	3
19.2091	23	2	1	0.1814	1
19.2091	23	1	0	0.0197	2
19.2378	23	3	1	0.0484	0
19.2585	23	2	0	0.0494	6
19.3279	23	1	1	0.1188	1
19.3279	23	3	0	0.0901	3
19.3486	23	3	1	0.0207	0
19.3917	23	4	1	0.2223	1
19.3917	23	3	0	0.0431	2
19.3918	23	2	1	0.1333	0
19.3918	23	1	0	0.0639	2
19.3918	23	4	0	0.0001	3
19.4119	23	4	1	0.0201	1
19.4478	23	2	0	0.056	6
19.4479	23	1	1	0.0561	0
19.4981	23	4	0	0.0862	6
19.5487	23	3	1	0.157	0
19.563	23	1	0	0.1151	6
19.5822	23	2	1	0.1344	1
19.6149	23	3	0	0.0662	6
19.635	23	3	1	0.0201	0
19.6352	23	2	0	0.053	6
19.6912	23	1	1	0.1282	1
19.6912	23	3	0	0.0562	3
19.7024	23	4	1	0.2043	1
19.8146	23	2	1	0.1794	1
19.8146	23	1	0	0.1234	2
19.8146	23	4	0	0.1122	3
19.869	23	3	1	0.1778	1
19.933	23	2	0	0.1184	6
19.9905	23	1	1	0.1759	1
19.9905	23	3	0	0.1215	3
20.0159	23	4	1	0.2013	1
20.1232	23	2	1	0.1902	1
20.1232	23	1	0	0.1327	2
20.1232	23	4	0	0.1073	3
20.1752	23	3	1	0.1847	1
20.3203	23	4	1	0.1971	1
20.3203	23	3	0	0.1451	2
20.3204	23	2	0	0.1972	6
20.3223	23	1	1	0.1991	1
20.3746	23	4	0	0.0543	6
20.4301	23	3	1	0.1098	0
20.446	23	1	0	0.1237	6
20.466	23	2	1	0.1456	1
20.5005	23	3	0	0.0704	6
20.5206	23	3	1	0.0201	0
20.5208	23	2	0	0.0548	6
20.5784	23	1	1	0.1324	1
20.5784	23	3	0	0.0578	3
20.5956	23	4	1	0.221	1
20.696	23	2	1	0.1752	1
20.696	23	1	0	0.1176	2
20.696	23	4	0	0.1004	3
20.7473	23	3	1	0.1689	0
20.7677	23	2	0	0.0717	6
20.8271	23	1	1	0.1311	1
20.8271	23	3	0	0.0798	3
20.8817	23	3	1	0.0546	0
20.8964	23	4	1	0.2004	1
20.8964	23	3	0	0.0147	2
20.8965	23	1	0	0.0694	6
20.9165	23	3	1	0.0201	0
20.9165	23	4	0	0.0201	2
20.9166	23	1	1	0.0201	0
20.9166	23	3	0	0.0001	3
20.9244	23	2	1	0.1567	1
20.9244	23	1	0	0.0078	2
21.0438	23	4	1	0.1273	0
21.0684	23	3	1	0.1518	1
21.0684	23	4	0	0.0246	2
21.0685	23	2	0	0.1441	6
21.0862	23	1	1	0.1618	1
21.0862	23	3	0	0.0178	3
21.1425	23	4	1	0.0741	0
21.1658	23	1	0	0.0796	6
21.2236	23	2	1	0.1551	1
21.2236	23	4	0	0.0811	3
21.2511	23	3	1	0.1649	1
21.326	23	1	1	0.1602	1
21.326	23	2	0	0.1024	2
21.326	23	3	0	0.0749	3
21.3769	23	4	1	0.1533	0
21.3962	23	1	0	0.0702	6
21.4625	23	2	1	0.1365	1
21.4625	23	4	0	0.0856	3
21.5086	23	3	1	0.1826	1
21.5534	23	1	1	0.1572	1
21.5534	23	2	0	0.0909	2
21.5534	23	3	0	0.0448	3
21.6115	23	4	1	0.149	0
21.6361	23	1	0	0.0827	6
21.6972	23	2	1	0.1438	1
21.6972	23	4	0	0.0857	3
21.728	23	3	1	0.1746	1
21.7992	23	1	1	0.1631	1
21.7992	23	2	0	0.102	2
21.7992	23	3	0	0.0712	3
21.8578	23	4	1	0.1606	1
21.8944	23	1	0	0.0952	6
21.9523	23	2	1	0.1531	1
21.9523	23	4	0	0.0945	3
21.9778	23	3	1	0.1786	1
22.0729	23	1	1	0.1785	1
22.0729	23	2	0	0.1206	2
22.0729	23	3	0	0.0951	3
22.1213	23	4	1	0.169	1
22.2283	23	1	0	0.1554	6
22.2579	23	2	1	0.185	1
22.2579	23	4	0	0.1366	3
22.2678	23	3	1	0.1949	1
22.4007	23	2	0	0.1428	6
22.4008	23	4	1	0.1429	0
22.4008	23	3	0	0.133	2
22.4173	23	1	1	0.189	1
22.465	23	4	0	0.0642	6
22.4851	23	4	1	0.0201	0
22.4853	23	1	0	0.068	6
22.5198	23	2	1	0.1191	1
22.5198	23	4	0	0.0347	3
22.5894	23	4	1	0.0696	0
22.6287	23	3	1	0.2279	1
22.6287	23	4	0	0.0393	2
22.6288	23	1	1	0.1435	0
22.6288	23	2	0	0.109	2
22.6288	23	3	0	0.0001	3
22.6489	23	3	1	0.0201	1
22.6844	23	1	0	0.0556	6
22.6845	23	2	1	0.0557	0
22.7385	23	3	0	0.0896	6
22.7866	23	4	1	0.1579	0
22.802	23	2	0	0.1175	6
22.8189	23	1	1	0.1345	0
22.8473	23	4	0	0.0607	6
22.8674	23	4	1	0.0201	0
22.8676	23	1	0	0.0487	6
22.9232	23	2	1	0.1212	1
22.9232	23	4	0	0.0558	3
22.9434	23	3	1	0.2049	1
23.0304	23	2	0	0.1072	6
23.0305	23	1	1	0.1629	0
23.0305	23	3	0	0.0871	3
23.0839	23	4	1	0.1607	0
23.1061	23	1	0	0.0756	6
23.1636	23	2	1	0.1332	1
23.1636	23	4	0	0.0797	3
23.221	23	3	1	0.1905	1
23.2622	23	1	1	0.1561	1
23.2622	23	2	0	0.0986	2
23.2622	23	3	0	0.0412	3
23.3235	23	4	1	0.1599	1
23.4122	23	1	0	0.15	6
23.4347	23	2	1	0.1725	1
23.4347	23	4	0	0.1112	3
23.4357	23	3	1	0.1735	1
23.5245	23	2	0	0.0898	6
23.5246	23	4	1	0.0899	0
23.5246	23	3	0	0.0889	2
23.5446	23	2	1	0.0201	0
23.5446	23	4	0	0.02	3
23.5647	23	4	1	0.0201	0
23.5677	23	2	0	0.0231	6
23.5732	23	1	1	0.161	1
23.616	23	4	0	0.0513	6
23.6361	23	4	1	0.0201	0
23.6363	23	1	0	0.0631	6
23.6879	23	2	1	0.1202	1
23.6879	23	4	0	0.0518	3
23.7275	23	3	1	0.2029	1
23.7947	23	2	0	0.1068	6
23.7948	23	1	1	0.1585	0
23.7948	23	3	0	0.0673	3
23.8515	23	4	1	0.1636	1
23.8887	23	1	0	0.0939	6
23.9435	23	2	1	0.1488	1
23.9435	23	4	0	0.092	3
23.9833	23	3	1	0.1885	1
24.0585	23	1	1	0.1698	1
24.0585	23	2	0	0.115	2
24.0585	23	3	0	0.0752	3
24.1126	23	4	1	0.1691	1
24.2492	23	3	1	0.1907	1
24.2492	23	4	0	0.1366	2
24.2493	23	1	0	0.1908	6
24.2518	23	2	1	0.1933	1
24.3949	23	3	0	0.1457	6
24.415	23	3	1	0.0201	0
24.4152	23	2	0	0.1634	6
24.4608	23	1	1	0.2115	1
24.4608	23	3	0	0.0458	3
24.4803	23	4	1	0.2311	1
24.5432	23	1	0	0.0824	6
24.5433	23	3	1	0.0825	0
24.5433	23	4	0	0.063	2
24.5633	23	1	1	0.0201	0
24.5633	23	3	0	0.02	3
24.5834	23	3	1	0.0201	0
24.5851	23	1	0	0.0218	6
24.5885	23	2	1	0.1733	1
24.6357	23	3	0	0.0523	6
24.6558	23	3	1	0.0201	0
24.656	23	2	0	0.0675	6
24.7131	23	1	1	0.128	1
24.7131	23	3	0	0.0573	3
24.7524	23	4	1	0.2091	1
24.7857	23	1	0	0.0726	6
24.7858	23	2	1	0.1298	0
24.7858	23	4	0	0.0334	3
24.8491	23	3	1	0.136	0
24.879	23	2	0	0.0932	6
24.9335	23	1	1	0.1478	1
24.9335	23	3	0	0.0844	3
24.9648	23	4	1	0.179	1
25.046	23	2	1	0.167	1
25.046	23	1	0	0.1125	2
25.046	23	4	0	0.0812	3
25.1052	23	3	1	0.1717	1
25.1922	23	2	0	0.1462	6
25.2253	23	1	1	0.1793	1
25.2253	23	3	0	0.1201	3
25.2356	23	4	1	0.1896	1
25.3694	23	1	0	0.1441	6
25.3695	23	3	1	0.1442	0
25.3695	23	4	0	0.1339	2
25.3723	23	2	1	0.1801	1
25.451	23	3	0	0.0815	6
25.4711	23	3	1	0.0201	0
25.4713	23	2	0	0.099	6
25.5086	23	1	1	0.1392	1
25.5086	23	3	0	0.0375	3
25.6034	23	4	1	0.2339	1
25.6485	23	2	1	0.1772	1
25.6485	23	1	0	0.1399	2
25.6485	23	4	0	0.0451	3
25.6852	23	3	1	0.1766	1
25.8103	23	2	0	0.1618	6
25.8369	23	1	1	0.1884	1
25.8369	23	3	0	0.1517	3
25.8493	23	4	1	0.2008	1
25.9863	23	1	0	0.1494	6
25.9864	23	3	1	0.1495	0
25.9864	23	4	0	0.1371	2
25.9985	23	2	1	0.1882	1
26.0574	23	3	0	0.071	6
26.0775	23	3	1	0.0201	0
26.0777	23	2	0	0.0792	6
26.1066	23	1	1	0.1203	1
26.1066	23	3	0	0.0291	3
26.2116	23	3	1	0.105	0
26.217	23	4	1	0.2306	1
26.217	23	3	0	0.0054	2
26.2171	23	1	0	0.1105	6
26.2371	23	3	1	0.0201	0
26.2371	23	4	0	0.0201	2
26.2372	23	1	1	0.0201	0
26.2372	23	3	0	0.0001	3
26.2534	23	2	1	0.1757	1
26.2534	23	1	0	0.0162	2
26.3726	23	4	1	0.1355	0
26.3957	23	3	1	0.1585	1
26.3957	23	4	0	0.0231	2
26.3958	23	2	0	0.1424	6
26.4158	23	4	1	0.0201	0
26.4158	23	3	0	0.0201	2
26.4159	23	2	1	0.0201	0
26.4159	23	4	0	0.0001	3
26.4224	23	1	1	0.169	1
26.4224	23	2	0	0.0065	2
26.4916	23	4	1	0.0757	0
26.5357	23	1	0	0.1133	6
26.5763	23	3	1	0.1605	1
26.5763	23	4	0	0.0847	2
26.5764	23	2	1	0.154	0
26.648	23	3	0	0.0717	6
26.6777	23	4	1	0.1014	0
26.689	23	2	0	0.1126	6
26.6929	23	1	1	0.1572	1
26.7191	23	4	0	0.0414	6
26.7392	23	4	1	0.0201	0
26.7394	23	1	0	0.0465	6
26.7722	23	2	1	0.0832	0
26.7722	23	4	0	0.033	3
26.7923	23	4	1	0.0201	0
26.8253	23	2	0	0.0531	6
26.8254	23	1	1	0.086	0
26.8351	23	3	1	0.1871	1
26.8351	23	4	0	0.0428	2
26.8454	23	2	1	0.0201	0
26.897	23	3	0	0.0619	6
26.9402	23	4	1	0.1051	0
26.9555	23	2	0	0.1101	6
26.9585	23	1	1	0.1331	0
26.983	23	4	0	0.0428	6
27.0031	23	4	1	0.0201	0
27.0033	23	1	0	0.0448	6
27.0548	23	2	1	0.0993	0
27.0548	23	4	0	0.0517	3
27.0749	23	4	1	0.0201	0
27.0834	23	3	1	0.1864	1
27.0834	23	4	0	0.0085	2
27.0835	23	2	0	0.0287	6
27.0836	23	1	1	0.0803	0
27.0836	23	3	0	0.0002	3
27.1035	23	4	1	0.0201	0
27.1037	23	3	1	0.0201	1
27.1037	23	4	0	0.0002	2
27.1038	23	1	0	0.0202	6
27.1039	23	2	1	0.0204	0
27.2077	23	3	0	0.104	6
27.2415	23	4	1	0.1378	0
27.2541	23	2	0	0.1502	6
27.259	23	1	1	0.1552	1
27.2989	23	4	0	0.0574	6
27.319	23	4	1	0.0201	0
27.3192	23	1	0	0.0602	6
27.3749	23	2	1	0.1208	1
27.3749	23	4	0	0.0559	3
27.4026	23	3	1	0.1949	1
27.4388	23	2	0	0.0639	6
27.4389	23	1	1	0.1197	0
27.4389	23	3	0	0.0363	3
27.4907	23	4	1	0.1158	0
27.5165	23	1	0	0.0776	6
27.5712	23	2	1	0.1324	1
27.5712	23	4	0	0.0805	3
27.6114	23	3	1	0.1725	1
27.6725	23	1	1	0.156	1
27.6725	23	2	0	0.1013	2
27.6725	23	3	0	0.0611	3
27.7302	23	4	1	0.159	1
27.8122	23	1	0	0.1397	6
27.8431	23	2	1	0.1706	1
27.8431	23	4	0	0.1129	3
27.8484	23	3	1	0.1759	1
27.9464	23	2	0	0.1033	6
27.9465	23	4	1	0.1034	0
27.9465	23	3	0	0.0981	2
27.9665	23	2	1	0.0201	0
27.9665	23	4	0	0.02	3
27.9747	23	1	1	0.1625	1
27.9747	23	2	0	0.0082	2
28.0034	23	4	1	0.0369	0
28.0258	23	1	0	0.0511	6
28.0846	23	2	1	0.1099	1
28.0846	23	4	0	0.0812	3
28.1047	23	4	1	0.0201	0
28.1428	23	2	0	0.0582	6
28.1522	23	3	1	0.2057	1
28.1522	23	4	0	0.0475	2
28.1523	23	1	1	0.1265	0
28.1523	23	3	0	0.0001	3
28.1724	23	3	1	0.0201	1
28.2038	23	1	0	0.0515	6
28.2039	23	2	1	0.0611	0
28.2674	23	3	0	0.095	6
28.3071	23	4	1	0.1549	0
28.3224	23	2	0	0.1185	6
28.3316	23	1	1	0.1278	1
28.3879	23	4	0	0.0808	6
28.408	23	4	1	0.0201	0
28.4082	23	1	0	0.0766	6
28.4546	23	2	1	0.1322	1
28.4546	23	4	0	0.0466	3
28.4585	23	3	1	0.1911	1
28.5711	23	1	1	0.1629	1
28.5711	23	2	0	0.1165	2
28.5711	23	3	0	0.1126	3
28.6215	23	4	1	0.1669	0
28.6433	23	1	0	0.0722	6
28.6942	23	2	1	0.1231	1
28.6942	23	4	0	0.0727	3
28.751	23	4	1	0.0568	0
28.7715	23	3	1	0.2004	1
28.7715	23	4	0	0.0205	2
28.7716	23	2	0	0.0774	6
28.7916	23	4	1	0.0201	0
28.7916	23	3	0	0.0201	2
28.7917	23	2	1	0.0201	0
28.7917	23	4	0	0.0001	3
28.7978	23	1	1	0.1545	1
28.7978	23	2	0	0.0061	2
28.9186	23	3	1	0.127	0
28.9451	23	4	1	0.1534	1
28.9451	23	3	0	0.0265	2
28.9452	23	1	0	0.1474	6
28.961	23	2	1	0.1632	1
28.961	23	4	0	0.0159	3
29.0175	23	3	1	0.0724	0
29.0481	23	2	0	0.0871	6
29.0975	23	1	1	0.1523	1
29.0975	23	3	0	0.08	3
29.1235	23	4	1	0.1625	1
29.209	23	2	1	0.1609	1
29.209	23	1	0	0.1115	2
29.209	23	4	0	0.0855	3
29.2577	23	3	1	0.1602	0
29.2781	23	2	0	0.0691	6
29.3332	23	1	1	0.1242	1
29.3332	23	3	0	0.0755	3
29.3754	23	3	1	0.0422	0
29.3972	23	4	1	0.1882	1
29.3972	23	3	0	0.0218	2
29.3973	23	1	0	0.0641	6
29.4173	23	3	1	0.0201	0
29.4173	23	4	0	0.0201	2
29.4174	23	1	1	0.0201	0
29.4174	23	3	0	0.0001	3
29.4305	23	2	1	0.1524	1
29.4305	23	1	0	0.0131	2
29.5453	23	3	1	0.1279	0
29.5766	23	4	1	0.1593	1
29.5766	23	3	0	0.0313	2
29.5767	23	2	0	0.1462	6
29.5914	23	1	1	0.1609	1
29.7314	23	4	0	0.1548	6
29.7447	23	3	1	0.1681	1
29.7448	23	2	1	0.1681	1
29.7448	23	1	0	0.1534	2
29.815	23	3	0	0.0703	6
29.8351	23	3	1	0.0201	0
29.8353	23	2	0	0.0905	6
29.8787	23	1	1	0.1339	1
29.8787	23	3	0	0.0436	3
29.9384	23	4	1	0.207	1
29.9965	23	2	1	0.1612	1
29.9965	23	1	0	0.1178	2
29.9965	23	4	0	0.0581	3
30.0476	23	3	1	0.1689	1
30.0956	23	2	0	0.0991	6
30.1466	23	1	1	0.1501	1
30.1466	23	3	0	0.099	3
30.1862	23	4	1	0.1897	1
30.2661	23	2	1	0.1705	1
30.2661	23	1	0	0.1195	2
30.2661	23	4	0	0.0799	3
30.3154	23	3	1	0.1688	1
30.395	23	2	0	0.1289	6
30.4327	23	1	1	0.1666	1
30.4327	23	3	0	0.1173	3
30.4521	23	4	1	0.186	1
30.5789	23	2	1	0.1839	1
30.5789	23	1	0	0.1462	2
30.5789	23	4	0	0.1268	3
30.6136	23	3	1	0.1809	1
30.6621	23	2	0	0.0832	6
30.7088	23	1	1	0.1299	1
30.7088	23	3	0	0.0952	3
30.793	23	4	1	0.2141	1
30.8296	23	2	1	0.1675	1
30.8296	23	1	0	0.1208	2
30.8296	23	4	0	0.0366	3
30.8819	23	3	1	0.1731	1
31.012	23	4	1	0.1824	1
31.012	23	3	0	0.1301	2
31.0121	23	2	0	0.1825	6
31.0123	23	1	1	0.1827	1
31.0893	23	4	0	0.0773	6
31.1295	23	3	1	0.1175	0
31.1475	23	1	0	0.1352	6
31.1543	23	2	1	0.1422	1
31.2117	23	3	0	0.0822	6
31.2318	23	3	1	0.0201	0
31.232	23	2	0	0.0777	6
31.277	23	1	1	0.1295	1
31.277	23	3	0	0.0452	3
31.3003	23	4	1	0.211	1
31.4038	23	2	1	0.1718	1
31.4038	23	1	0	0.1268	2
31.4038	23	4	0	0.1035	3
31.4528	23	3	1	0.1758	1
31.479	23	2	0	0.0752	6
31.5246	23	1	1	0.1208	1
31.5246	23	3	0	0.0718	3
31.5949	23	3	1	0.0703	0
31.6047	23	4	1	0.2009	1
31.6047	23	3	0	0.0098	2
31.6048	23	1	0	0.0802	6
31.6248	23	3	1	0.0201	0
31.6248	23	4	0	0.0201	2
31.6249	23	1	1	0.0201	0
31.6249	23	3	0	0.0001	3
31.6331	23	2	1	0.1541	1
31.6331	23	1	0	0.0082	2
31.7388	23	4	1	0.114	0
31.7731	23	3	1	0.1482	1
31.7731	23	4	0	0.0343	2
31.7732	23	2	0	0.1401	6
31.7932	23	4	1	0.0201	0
31.7932	23	3	0	0.0201	2
31.7933	23	2	1	0.0201	0
31.7933	23	4	0	0.0001	3
31.7944	23	1	1	0.1613	1
31.7944	23	2	0	0.0011	2
31.8537	23	4	1	0.0604	0
31.8918	23	1	0	0.0974	6
31.9499	23	2	1	0.1555	1
31.9499	23	4	0	0.0962	3
31.9527	23	3	1	0.1595	1
32.0067	23	2	0	0.0568	6
32.0068	23	4	1	0.0569	0
32.0068	23	3	0	0.0541	2
32.0267	23	2	1	0.02	0
32.0267	23	4	0	0.0199	3
32.0385	23	1	1	0.1467	1
32.0385	23	2	0	0.0118	2
32.0539	23	4	1	0.0272	0
32.0775	23	1	0	0.039	6
32.1221	23	2	1	0.0836	0
32.1221	23	4	0	0.0682	3
32.1421	23	4	1	0.02	0
32.1763	23	2	0	0.0542	6
32.1814	23	3	1	0.1746	1
32.1814	23	4	0	0.0393	2
32.1815	23	1	1	0.104	0
32.1815	23	3	0	0.0001	3
32.2014	23	4	1	0.02	0
32.2015	23	3	1	0.02	1
32.2015	23	4	0	0.0001	2
32.2016	23	1	0	0.0201	6
32.2017	23	2	1	0.0254	0
32.2774	23	3	0	0.0759	6
32.3116	23	4	1	0.1101	0
32.3272	23	2	0	0.1255	6
32.336	23	1	1	0.1344	0
32.3645	23	4	0	0.0529	6
32.3845	23	4	1	0.02	0
32.3847	23	1	0	0.0487	6
32.4369	23	2	1	0.1097	1
32.4369	23	4	0	0.0524	3
32.458	23	3	1	0.1806	1
32.4975	23	2	0	0.0606	6
32.4976	23	1	1	0.1129	0
32.4976	23	3	0	0.0396	3
32.547	23	4	1	0.1101	0
32.5751	23	1	0	0.0775	6
32.6276	23	2	1	0.1301	1
32.6276	23	4	0	0.0806	3
32.6636	23	3	1	0.166	1
32.73	23	1	1	0.1549	1
32.73	23	2	0	0.1024	2
32.73	23	3	0	0.0664	3
32.7831	23	4	1	0.1555	1
32.8341	23	1	0	0.1041	6
32.8794	23	2	1	0.1494	1
32.8794	23	4	0	0.0963	3
32.9037	23	3	1	0.1737	1
33.0027	23	1	1	0.1686	1
33.0027	23	2	0	0.1233	2
33.0027	23	3	0	0.099	3
33.045	23	4	1	0.1656	1
33.1137	23	1	0	0.111	6
33.1586	23	2	1	0.1559	1
33.1586	23	4	0	0.1136	3
33.1952	23	3	1	0.1925	1
33.2922	23	1	1	0.1785	1
33.2922	23	2	0	0.1336	2
33.2922	23	3	0	0.097	3
33.3327	23	4	1	0.1741	1
33.4814	23	3	1	0.1892	1
33.4814	23	4	0	0.1487	2
33.4815	23	1	0	0.1893	6
33.4873	23	2	1	0.1951	1
33.5699	23	3	0	0.0885	6
33.5899	23	3	1	0.02	0
33.5901	23	2	0	0.1028	6
33.6244	23	1	1	0.1429	1
33.6244	23	3	0	0.0345	3
33.6911	23	3	1	0.0667	0
33.725	23	4	1	0.2436	1
33.725	23	3	0	0.0339	2
33.7251	23	2	1	0.135	0
33.7251	23	1	0	0.1007	2
33.7251	23	4	0	0.0001	3
33.7451	23	4	1	0.02	1
33.7818	23	2	0	0.0567	6
33.7819	23	1	1	0.0568	0
33.8181	23	4	0	0.073	6
33.8642	23	3	1	0.1392	0
33.8839	23	1	0	0.102	6
33.895	23	2	1	0.1132	0
33.9306	23	3	0	0.0664	6
33.9506	23	3	1	0.02	0
33.9508	23	2	0	0.0558	6
33.9978	23	1	1	0.1139	1
33.9978	23	3	0	0.0472	3
34.0193	23	4	1	0.2012	1
34.0943	23	1	0	0.0965	6
34.0944	23	2	1	0.1436	0
34.0944	23	4	0	0.0751	3
34.1442	23	3	1	0.1464	0
34.1712	23	2	0	0.0768	6
34.2199	23	1	1	0.1256	1
34.2199	23	3	0	0.0757	3
34.2766	23	4	1	0.1822	1
34.3201	23	2	1	0.1489	1
34.3201	23	1	0	0.1002	2
34.3201	23	4	0	0.0435	3
34.3768	23	3	1	0.1569	1
34.4649	23	2	0	0.1448	6
34.4856	23	1	1	0.1655	1
34.4856	23	3	0	0.1088	3
34.4896	23	4	1	0.1695	1
34.5731	23	1	0	0.0875	6
34.5732	23	3	1	0.0876	0
34.5732	23	4	0	0.0836	2
34.5931	23	1	1	0.02	0
34.5931	23	3	0	0.0199	3
34.6131	23	3	1	0.02	0
34.615	23	2	1	0.1501	1
34.615	23	1	0	0.0219	2
34.6728	23	3	0	0.0597	6
34.6928	23	3	1	0.02	0
34.693	23	2	0	0.078	6
34.7362	23	1	1	0.1212	1
34.7362	23	3	0	0.0434	3
34.7733	23	4	1	0.2001	1
34.8441	23	1	0	0.1079	6
34.8442	23	2	1	0.1512	0
34.8442	23	4	0	0.0709	3
34.8949	23	3	1	0.1587	0
34.9231	23	2	0	0.0789	6
34.9698	23	1	1	0.1257	1
34.9698	23	3	0	0.0749	3
35.0254	23	4	1	0.1812	1
35.0782	23	2	1	0.1551	1
35.0782	23	1	0	0.1084	2
35.0782	23	4	0	0.0528	3
35.1282	23	3	1	0.1584	1
35.2532	23	1	1	0.175	1
35.2532	23	2	0	0.175	2
35.2532	23	3	0	0.125	3
35.2554	23	4	1	0.1772	1
35.3268	23	1	0	0.0736	6
35.3468	23	1	1	0.02	0
35.347	23	4	0	0.0916	6
35.3745	23	3	1	0.1213	0
35.3858	23	2	1	0.1326	1
35.3858	23	1	0	0.039	2
35.473	23	3	0	0.0985	6
35.493	23	3	1	0.02	0
35.4932	23	2	0	0.1074	6
35.5293	23	1	1	0.1435	1
35.5293	23	3	0	0.0363	3
35.5442	23	4	1	0.1972	1
35.6645	23	2	1	0.1713	1
35.6645	23	1	0	0.1352	2
35.6645	23	4	0	0.1203	3
35.6988	23	3	1	0.1695	1
35.7418	23	2	0	0.0773	6
35.7885	23	1	1	0.124	1
35.7885	23	3	0	0.0897	3
35.851	23	3	1	0.0625	0
35.8641	23	4	1	0.1996	1
35.8641	23	3	0	0.0131	2
35.8642	23	1	0	0.0757	6
35.8841	23	3	1	0.02	0
35.8841	23	4	0	0.02	2
35.8842	23	1	1	0.02	0
35.8842	23	3	0	0.0001	3
35.8958	23	2	1	0.154	1
35.8958	23	1	0	0.0116	2
36.017	23	4	1	0.1329	0
36.0373	23	3	1	0.1531	1
36.0373	23	4	0	0.0203	2
36.0374	23	2	0	0.1416	6
36.0567	23	1	1	0.1609	1
36.0567	23	3	0	0.0194	3
36.1125	23	4	1	0.0752	0
36.148	23	1	0	0.0913	6
36.193	23	2	1	0.1556	1
36.193	23	4	0	0.0805	3
36.2188	23	3	1	0.1621	1
36.3046	23	1	1	0.1566	1
36.3046	23	2	0	0.1116	2
36.3046	23	3	0	0.0858	3
36.3399	23	4	1	0.1469	0
36.358	23	1	0	0.0534	6
36.4021	23	2	1	0.0975	0
36.4021	23	4	0	0.0622	3
36.4221	23	4	1	0.02	0
36.4526	23	2	0	0.0505	6
36.4732	23	1	1	0.1152	0
36.4846	23	3	1	0.18	1
36.4846	23	4	0	0.0625	2
36.4847	23	2	1	0.0321	0
36.4847	23	1	0	0.0115	2
36.5046	23	3	1	0.02	1
36.6599	23	4	1	0.1753	1
36.6599	23	3	0	0.1553	2
36.66	23	2	0	0.1753	6
36.6631	23	1	1	0.1784	1
36.781	23	4	0	0.1211	6
36.801	23	4	1	0.02	0
36.8012	23	1	0	0.1381	6
36.8403	23	2	1	0.1803	1
36.8403	23	4	0	0.0393	3
36.8842	23	3	1	0.2243	1
36.9531	23	2	0	0.1128	6
36.9532	23	4	1	0.1129	0
36.9532	23	3	0	0.069	2
36.9675	23	1	1	0.1663	1
37.0268	23	4	0	0.0736	6
37.0468	23	4	1	0.02	0
37.047	23	1	0	0.0795	6
37.0732	23	2	1	0.1201	1
37.0732	23	4	0	0.0264	3
37.156	23	3	1	0.2028	1
37.2165	23	1	1	0.1695	1
37.2165	23	2	0	0.1433	2
37.2165	23	3	0	0.0605	3
37.2397	23	4	1	0.1665	1
37.4129	23	3	1	0.1964	1
37.4129	23	4	0	0.1732	2
37.413	23	1	0	0.1965	6
37.4159	23	2	1	0.1994	1
37.5708	23	3	0	0.1579	6
37.6001	23	4	1	0.1872	0
37.6129	23	1	1	0.1999	1
37.6129	23	2	0	0.197	2
37.6665	23	4	0	0.0664	6
37.6865	23	4	1	0.02	0
37.6867	23	1	0	0.0738	6
37.7306	23	2	1	0.1177	1
37.7306	23	4	0	0.0441	3
37.7506	23	4	1	0.02	0
37.7926	23	3	1	0.2218	1
37.7926	23	4	0	0.042	2
37.7927	23	1	1	0.106	0
37.7927	23	2	0	0.0621	2
37.7927	23	3	0	0.0001	3
37.8127	23	3	1	0.02	1
37.8451	23	1	0	0.0524	6
37.8452	23	2	1	0.0525	0
37.8941	23	3	0	0.0814	6
37.9353	23	4	1	0.1427	0
37.9541	23	2	0	0.1089	6
37.9642	23	1	1	0.1191	1
38.0024	23	4	0	0.0671	6
38.0224	23	4	1	0.02	0
38.0226	23	1	0	0.0584	6
38.0653	23	2	1	0.1112	1
38.0653	23	4	0	0.0429	3
38.085	23	3	1	0.1909	1
38.1666	23	2	0	0.1013	6
38.1667	23	1	1	0.1441	0
38.1667	23	3	0	0.0817	3
38.2136	23	4	1	0.1483	0
38.2405	23	1	0	0.0738	6
38.2872	23	2	1	0.1206	1
38.2872	23	4	0	0.0736	3
38.3464	23	4	1	0.0592	0
38.3465	23	3	1	0.1798	1
38.3465	23	4	0	0.0001	2
38.3466	23	2	0	0.0594	6
38.3665	23	4	1	0.02	0
38.3665	23	3	0	0.02	2
38.3666	23	2	1	0.02	0
38.3666	23	4	0	0.0001	3
38.3866	23	4	1	0.02	0
38.3868	23	1	1	0.1463	1
38.3868	23	2	0	0.0202	2
38.4461	23	4	0	0.0595	6
38.4831	23	3	1	0.1166	0
38.5009	23	1	0	0.1141	6
38.501	23	2	1	0.1142	0
38.5271	23	3	0	0.044	6
38.5471	23	3	1	0.02	0
38.5473	23	2	0	0.0463	6
38.5677	23	1	1	0.0668	0
38.5677	23	3	0	0.0206	3
38.5877	23	3	1	0.02	0
38.6198	23	4	1	0.1737	1
38.6198	23	3	0	0.0321	2
38.6199	23	2	1	0.0726	0
38.6199	23	1	0	0.0522	2
38.6199	23	4	0	0.0001	3
38.6398	23	3	1	0.02	0
38.6399	23	4	1	0.02	1
38.6399	23	3	0	0.0001	2
38.64	23	2	0	0.0201	6
38.6401	23	1	1	0.0202	0
38.6941	23	4	0	0.0542	6
38.7306	23	3	1	0.0907	0
38.7479	23	1	0	0.1078	6
38.7505	23	2	1	0.1105	0
38.7797	23	3	0	0.0491	6
38.7997	23	3	1	0.02	0
38.7999	23	2	0	0.0494	6
38.8507	23	1	1	0.1028	1
38.8507	23	3	0	0.051	3
38.8693	23	4	1	0.1752	1
38.9011	23	1	0	0.0504	6
38.9012	23	2	1	0.1013	0
38.9012	23	4	0	0.0319	3
38.9513	23	3	1	0.1006	0
38.9829	23	2	0	0.0817	6
39.0331	23	1	1	0.132	1
39.0331	23	3	0	0.0818	3
39.0614	23	4	1	0.1602	1
39.1336	23	2	1	0.1507	1
39.1336	23	1	0	0.1005	2
39.1336	23	4	0	0.0722	3
39.1831	23	3	1	0.15	0
39.2148	23	2	0	0.0812	6
39.2628	23	1	1	0.1292	1
39.2628	23	3	0	0.0797	3
39.3065	23	4	1	0.1729	1
39.3653	23	2	1	0.1505	1
39.3653	23	1	0	0.1025	2
39.3653	23	4	0	0.0588	3
39.4182	23	3	1	0.1554	1
39.4701	23	2	0	0.1048	6
39.5116	23	1	1	0.1463	1
39.5116	23	3	0	0.0934	3
39.5381	23	4	1	0.1728	1
39.6358	23	2	1	0.1657	1
39.6358	23	1	0	0.1242	2
39.6358	23	4	0	0.0977	3
39.6707	23	3	1	0.1591	1
39.7523	23	2	0	0.1165	6
39.7921	23	1	1	0.1563	1
39.7921	23	3	0	0.1214	3
39.8217	23	4	1	0.1859	1
39.9255	23	2	1	0.1732	1
39.9255	23	1	0	0.1334	2
39.9255	23	4	0	0.1038	3
39.9629	23	3	1	0.1708	1
40.0691	23	2	0	0.1436	6
40.0995	23	1	1	0.174	1
40.0995	23	3	0	0.1366	3
40.1218	23	4	1	0.1963	1
40.2463	23	2	1	0.1772	1
40.2463	23	1	0	0.1468	2
40.2463	23	4	0	0.1245	3
40.276	23	3	1	0.1765	1
40.3283	23	2	0	0.082	6
40.3741	23	1	1	0.1278	1
40.3741	23	3	0	0.0981	3
40.4377	23	3	1	0.0636	0
40.4505	23	4	1	0.2042	1
40.4505	23	3	0	0.0128	2
40.4506	23	1	0	0.0765	6
40.4705	23	3	1	0.02	0
40.4705	23	4	0	0.02	2
40.4706	23	1	1	0.02	0
40.4706	23	3	0	0.0001	3
40.486	23	2	1	0.1577	1
40.486	23	1	0	0.0154	2
40.6107	23	4	1	0.1402	0
40.6244	23	3	1	0.1538	1
40.6244	23	4	0	0.0137	2
40.6245	23	2	0	0.1385	6
40.6444	23	4	1	0.02	0
40.6444	23	3	0	0.02	2
40.6445	23	2	1	0.02	0
40.6445	23	4	0	0.0001	3
40.6497	23	1	1	0.1637	1
40.6497	23	2	0	0.0052	2
40.7184	23	4	1	0.0739	0
40.7709	23	1	0	0.1212	6
40.8045	23	3	1	0.1601	1
40.8045	23	4	0	0.0861	2
40.8046	23	2	1	0.1549	0
40.8609	23	3	0	0.0564	6
40.8872	23	4	1	0.0827	0
40.9029	23	2	0	0.0983	6
40.9084	23	1	1	0.1375	1
40.9361	23	4	0	0.0489	6
40.9561	23	4	1	0.02	0
40.9563	23	1	0	0.0479	6
41.0036	23	2	1	0.1007	1
41.0036	23	4	0	0.0475	3
41.0236	23	4	1	0.02	0
41.0314	23	3	1	0.1705	1
41.0314	23	4	0	0.0078	2
41.0315	23	2	0	0.0279	6
41.0514	23	4	1	0.02	0
41.0514	23	3	0	0.02	2
41.0515	23	2	1	0.02	0
41.0515	23	4	0	0.0001	3
41.0776	23	4	1	0.0261	0
41.0856	23	1	1	0.1293	1
41.0856	23	2	0	0.0341	2
41.1734	23	4	0	0.0958	6
41.2026	23	3	1	0.1512	0
41.2188	23	1	0	0.1332	6
41.2202	23	2	1	0.1346	1
41.2714	23	3	0	0.0688	6
41.2914	23	3	1	0.02	0
41.2916	23	2	0	0.0714	6
41.3363	23	1	1	0.1175	1
41.3363	23	3	0	0.0449	3
41.3519	23	4	1	0.1785	1
41.4079	23	1	0	0.0716	6
41.408	23	2	1	0.1164	0
41.408	23	4	0	0.0561	3
41.4523	23	3	1	0.116	0
41.4796	23	2	0	0.0716	6
41.5263	23	1	1	0.1184	1
41.5263	23	3	0	0.074	3
41.5796	23	4	1	0.1716	1
41.6233	23	2	1	0.1437	1
41.6233	23	1	0	0.097	2
41.6233	23	4	0	0.0437	3
41.6765	23	3	1	0.1502	1
41.739	23	2	0	0.1157	6
41.7721	23	1	1	0.1488	1
41.7721	23	3	0	0.0956	3
41.7926	23	4	1	0.1693	1
41.9014	23	2	1	0.1624	1
41.9014	23	1	0	0.1293	2
41.9014	23	4	0	0.1088	3
41.9369	23	3	1	0.1648	1
41.9912	23	2	0	0.0898	6
42.0347	23	1	1	0.1333	1
42.0347	23	3	0	0.0978	3
42.0933	23	4	1	0.1919	1
42.1586	23	2	1	0.1674	1
42.1586	23	1	0	0.1239	2
42.1586	23	4	0	0.0653	3
42.2001	23	3	1	0.1654	1
42.3106	23	2	0	0.152	6
42.33	23	1	1	0.1714	1
42.33	23	3	0	0.1299	3
42.3455	23	4	1	0.1869	1
42.4665	23	1	0	0.1365	6
42.4666	23	3	1	0.1366	0
42.4666	23	4	0	0.1211	2
42.4744	23	2	1	0.1638	1
42.5413	23	3	0	0.0747	6
42.5613	23	3	1	0.02	0
42.5615	23	2	0	0.0871	6
42.5854	23	1	1	0.1189	1
42.5854	23	3	0	0.0241	3
42.6707	23	4	1	0.2041	1
42.7224	23	2	1	0.1609	1
42.7224	23	1	0	0.137	2
42.7224	23	4	0	0.0517	3
42.749	23	3	1	0.1636	1
42.8658	23	2	0	0.1434	6
42.8906	23	1	1	0.1682	1
42.8906	23	3	0	0.1416	3
42.9108	23	4	1	0.1884	1
43.0421	23	2	1	0.1763	1
43.0421	23	1	0	0.1515	2
43.0421	23	4	0	0.1313	3
43.0615	23	3	1	0.1709	1
43.1247	23	2	0	0.0826	6
43.1663	23	1	1	0.1242	1
43.1663	23	3	0	0.1048	3
43.245	23	3	1	0.0787	0
43.2468	23	4	1	0.2047	1
43.2468	23	3	0	0.0018	2
43.2469	23	1	0	0.0806	6
43.2668	23	3	1	0.02	0
43.2668	23	4	0	0.02	2
43.2669	23	1	1	0.02	0
43.2669	23	3	0	0.0001	3
43.2859	23	2	1	0.1612	1
43.2859	23	1	0	0.019	2
43.3914	23	3	1	0.1245	1
43.4249	23	4	1	0.1581	1
43.4249	23	3	0	0.0335	2
43.425	23	2	0	0.1391	6
43.4458	23	1	1	0.1599	1
43.5288	23	4	0	0.1039	6
43.5488	23	4	1	0.02	0
43.549	23	1	0	0.1032	6
43.5813	23	2	1	0.1563	1
43.5813	23	4	0	0.0325	3
43.6002	23	3	1	0.1753	1
43.6764	23	2	0	0.0951	6
43.6765	23	4	1	0.0952	0
43.6765	23	3	0	0.0763	2
43.6964	23	2	1	0.02	0
43.6964	23	4	0	0.0199	3
43.7023	23	1	1	0.1533	1
43.7023	23	2	0	0.0059	2
43.7229	23	4	1	0.0265	0
43.7495	23	1	0	0.0472	6
43.7874	23	2	1	0.0851	0
43.7874	23	4	0	0.0645	3
43.8074	23	4	1	0.02	0
43.8461	23	2	0	0.0587	6
43.8578	23	1	1	0.1083	0
43.8606	23	3	1	0.1841	1
43.8606	23	4	0	0.0532	2
43.8661	23	2	1	0.02	0
43.9177	23	3	0	0.0571	6
43.9405	23	4	1	0.0799	0
43.9459	23	1	1	0.0881	1
43.9459	23	2	0	0.0798	2
44.0214	23	4	0	0.0809	6
44.0414	23	4	1	0.02	0
44.0416	23	1	0	0.0957	6
44.078	23	2	1	0.1321	1
44.078	23	4	0	0.0366	3
44.0992	23	3	1	0.1815	1
44.1787	23	2	0	0.1007	6
44.1788	23	1	1	0.1372	0
44.1788	23	3	0	0.0796	3
44.2211	23	4	1	0.1431	0
44.2456	23	1	0	0.0668	6
44.2873	23	2	1	0.1086	1
44.2873	23	4	0	0.0662	3
44.323	23	4	1	0.0357	0
44.3615	23	3	1	0.1827	1
44.3615	23	4	0	0.0385	2
44.3616	23	1	1	0.116	0
44.3616	23	2	0	0.0743	2
44.3616	23	3	0	0.0001	3
44.3816	23	3	1	0.02	1
44.4292	23	1	0	0.0676	6
44.4293	23	2	1	0.0677	0
44.4853	23	3	0	0.1037	6
44.5127	23	4	1	0.1512	1
44.5373	23	2	0	0.108	6
44.5402	23	1	1	0.111	1
44.594	23	4	0	0.0813	6
44.614	23	4	1	0.02	0
44.6142	23	1	0	0.074	6
44.6507	23	2	1	0.1134	1
44.6507	23	4	0	0.0367	3
44.6633	23	3	1	0.178	1
44.7496	23	2	0	0.0989	6
44.7497	23	1	1	0.1355	0
44.7497	23	3	0	0.0864	3
44.7936	23	4	1	0.1429	0
44.8206	23	1	0	0.0709	6
44.8625	23	2	1	0.1129	1
44.8625	23	4	0	0.0689	3
44.9121	23	4	1	0.0496	0
44.9269	23	3	1	0.1772	1
44.9269	23	4	0	0.0148	2
44.927	23	2	0	0.0645	6
44.9469	23	4	1	0.02	0
44.9469	23	3	0	0.02	2
44.947	23	2	1	0.02	0
44.947	23	4	0	0.0001	3
44.9589	23	1	1	0.1383	1
44.9589	23	2	0	0.0119	2
45.0764	23	3	1	0.1295	0
45.087	23	4	1	0.14	1
45.087	23	3	0	0.0106	2
45.0871	23	1	0	0.1282	6
45.107	23	3	1	0.02	0
45.107	23	4	0	0.02	2
45.1071	23	1	1	0.02	0
45.1071	23	3	0	0.0001	3
45.1151	23	2	1	0.1562	1
45.1151	23	1	0	0.008	2
45.1815	23	3	1	0.0744	0
45.238	23	2	0	0.1229	6
45.2604	23	4	1	0.1534	1
45.2604	23	3	0	0.0789	2
45.2605	23	1	1	0.1454	0
45.3203	23	4	0	0.0599	6
45.3489	23	3	1	0.0885	0
45.3649	23	1	0	0.1044	6
45.368	23	2	1	0.13	1
45.3999	23	3	0	0.051	6
45.4199	23	3	1	0.02	0
45.4201	23	2	0	0.0521	6
45.4638	23	1	1	0.0989	0
45.4638	23	3	0	0.0439	3
45.4838	23	3	1	0.02	0
45.4905	23	4	1	0.1702	1
45.4905	23	3	0	0.0067	2
45.4906	23	2	1	0.0705	0
45.4906	23	1	0	0.0268	2
45.4906	23	4	0	0.0001	3
45.5105	23	3	1	0.02	0
45.5106	23	4	1	0.02	1
45.5106	23	3	0	0.0001	2
45.5107	23	2	0	0.0201	6
45.5108	23	1	1	0.0202	0
45.6143	23	4	0	0.1037	6
45.6378	23	3	1	0.1272	0
45.6526	23	2	1	0.1419	1
45.6526	23	1	0	0.1418	2
45.6996	23	3	0	0.0618	6
45.7196	23	3	1	0.02	0
45.7198	23	2	0	0.0672	6
45.7638	23	1	1	0.1112	1
45.7638	23	3	0	0.0442	3
45.7838	23	3	1	0.02	0
45.789	23	4	1	0.1747	1
45.789	23	3	0	0.0052	2
45.7891	23	2	1	0.0693	0
45.7891	23	1	0	0.0253	2
45.7891	23	4	0	0.0001	3
45.809	23	3	1	0.02	0
45.8091	23	4	1	0.02	1
45.8091	23	3	0	0.0001	2
45.8092	23	2	0	0.0201	6
45.8093	23	1	1	0.0202	0
45.9519	23	4	0	0.1428	6
45.9599	23	3	1	0.1508	1
45.9684	23	2	1	0.1592	1
45.9684	23	1	0	0.1591	2
46.0253	23	3	0	0.0654	6
46.0453	23	3	1	0.02	0
46.0455	23	2	0	0.0771	6
46.0823	23	1	1	0.1139	1
46.0823	23	3	0	0.037	3
46.1023	23	3	1	0.02	0
46.1446	23	4	1	0.1927	1
46.1446	23	3	0	0.0423	2
46.1447	23	2	1	0.0992	0
46.1447	23	1	0	0.0624	2
46.1447	23	4	0	0.0001	3
46.1647	23	4	1	0.02	1
46.1943	23	2	0	0.0496	6
46.1944	23	1	1	0.0497	0
46.2397	23	4	0	0.075	6
46.2757	23	3	1	0.1311	0
46.2951	23	1	0	0.1007	6
46.3008	23	2	1	0.1065	0
46.3365	23	3	0	0.0608	6
46.3565	23	3	1	0.02	0
46.3567	23	2	0	0.0559	6
46.398	23	1	1	0.1029	1
46.398	23	3	0	0.0415	3
46.4152	23	4	1	0.1755	1
46.4711	23	1	0	0.0731	6
46.4712	23	2	1	0.1145	0
46.4712	23	4	0	0.056	3
46.5153	23	3	1	0.1173	0
46.5449	23	2	0	0.0737	6
46.5879	23	1	1	0.1168	1
46.5879	23	3	0	0.0726	3
46.637	23	4	1	0.1658	1
46.6863	23	2	1	0.1414	1
46.6863	23	1	0	0.0984	2
46.6863	23	4	0	0.0493	3
46.7373	23	3	1	0.1494	1
46.7965	23	2	0	0.1102	6
46.8293	23	1	1	0.143	1
46.8293	23	3	0	0.092	3
46.8564	23	4	1	0.1701	1
46.953	23	2	1	0.1565	1
46.953	23	1	0	0.1237	2
46.953	23	4	0	0.0966	3
46.9859	23	3	1	0.1566	1
47.0591	23	2	0	0.1061	6
47.0978	23	1	1	0.1448	1
47.0978	23	3	0	0.1119	3
47.1415	23	4	1	0.1885	1
47.2257	23	2	1	0.1666	1
47.2257	23	1	0	0.1279	2
47.2257	23	4	0	0.0842	3
47.2611	23	3	1	0.1633	1
47.3861	23	2	0	0.1604	6
47.4027	23	1	1	0.177	1
47.4027	23	3	0	0.1416	3
47.4181	23	4	1	0.1924	1
47.5209	23	1	0	0.1182	6
47.521	23	3	1	0.1183	0
47.521	23	4	0	0.1029	2
47.5433	23	2	1	0.1572	1
47.5804	23	3	0	0.0594	6
47.6004	23	3	1	0.02	0
47.6006	23	2	0	0.0573	6
47.6152	23	1	1	0.0943	1
47.6152	23	3	0	0.0148	3
47.7097	23	4	1	0.1887	1
47.7584	23	2	1	0.1578	1
47.7584	23	1	0	0.1432	2
47.7584	23	4	0	0.0487	3
47.7664	23	3	1	0.1512	1
47.9312	23	2	0	0.1728	6
47.9313	23	4	1	0.1729	0
47.9313	23	3	0	0.1649	2
47.9432	23	1	1	0.1848	1
47.991	23	4	0	0.0597	6
48.011	23	4	1	0.02	0
48.0112	23	1	0	0.068	6
48.0333	23	2	1	0.1021	1
48.0333	23	4	0	0.0223	3
48.0533	23	4	1	0.02	0
48.113	23	2	0	0.0797	6
48.1242	23	1	1	0.113	0
48.134	23	3	1	0.2027	1
48.134	23	4	0	0.0807	2
48.1341	23	2	1	0.0211	0
48.1341	23	1	0	0.0099	2
48.154	23	3	1	0.02	1
48.248	23	2	0	0.1139	6
48.2481	23	4	1	0.1141	0
48.2481	23	3	0	0.0941	2
48.268	23	2	1	0.02	0
48.268	23	4	0	0.0199	3
48.2838	23	1	1	0.1497	1
48.2838	23	2	0	0.0158	2
48.2934	23	4	1	0.0254	0
48.3217	23	1	0	0.0379	6
48.3475	23	2	1	0.0637	0
48.3475	23	4	0	0.0541	3
48.3675	23	4	1	0.02	0
48.4067	23	2	0	0.0592	6
48.4068	23	1	1	0.0851	0
48.4244	23	3	1	0.1763	1
48.4244	23	4	0	0.0569	2
48.4267	23	2	1	0.02	0
48.4785	23	3	0	0.0541	6
48.5115	23	4	1	0.0871	0
48.5305	23	2	0	0.1038	6
48.5328	23	1	1	0.126	0
48.5659	23	4	0	0.0544	6
48.5859	23	4	1	0.02	0
48.5861	23	1	0	0.0533	6
48.6295	23	2	1	0.099	1
48.6295	23	4	0	0.0436	3
48.6477	23	3	1	0.1692	1
48.6913	23	2	0	0.0618	6
48.6914	23	1	1	0.1053	0
48.6914	23	3	0	0.0437	3
48.7338	23	4	1	0.1043	0
48.763	23	1	0	0.0716	6
48.8051	23	2	1	0.1138	1
48.8051	23	4	0	0.0713	3
48.8512	23	3	1	0.1598	1
48.8994	23	1	1	0.1364	1
48.8994	23	2	0	0.0943	2
48.8994	23	3	0	0.0482	3
48.9521	23	4	1	0.147	1
49.0019	23	1	0	0.1025	6
49.0369	23	2	1	0.1375	1
49.0369	23	4	0	0.0848	3
49.0613	23	3	1	0.1619	1
49.1556	23	1	1	0.1537	1
49.1556	23	2	0	0.1187	2
49.1556	23	3	0	0.0943	3
49.189	23	4	1	0.1521	1
49.2528	23	1	0	0.0972	6
49.2901	23	2	1	0.1345	1
49.2901	23	4	0	0.1011	3
49.3423	23	3	1	0.1867	1
49.4173	23	1	1	0.1645	1
49.4173	23	2	0	0.1272	2
49.4173	23	3	0	0.075	3
49.4524	23	4	1	0.1623	1
49.5983	23	2	1	0.181	1
49.5983	23	1	0	0.181	2
49.5983	23	4	0	0.1459	3
49.6095	23	3	1	0.1922	1
49.6948	23	2	0	0.0965	6
49.6949	23	4	1	0.0966	0
49.6949	23	3	0	0.0854	2
49.7148	23	2	1	0.02	0
49.7148	23	4	0	0.0199	3
49.7348	23	4	1	0.02	0
49.74	23	1	1	0.1417	1
49.74	23	2	0	0.0252	2
49.7957	23	4	0	0.0609	6
49.8157	23	4	1	0.02	0
49.8159	23	1	0	0.0759	6
49.8492	23	2	1	0.1092	1
49.8492	23	4	0	0.0335	3
49.8903	23	3	1	0.1954	1
49.9641	23	1	1	0.1482	1
49.9641	23	2	0	0.1149	2
49.9641	23	3	0	0.0738	3
50.0044	23	4	1	0.1552	1
50.0508	23	1	0	0.0867	6
50.0891	23	2	1	0.125	1
50.0891	23	4	0	0.0847	3
50.1425	23	3	1	0.1784	1
50.2044	23	1	1	0.1536	1
50.2044	23	2	0	0.1153	2
50.2044	23	3	0	0.0619	3
50.2396	23	4	1	0.1505	1
50.3667	23	1	0	0.1623	6
50.3728	23	2	1	0.1684	1
50.3728	23	4	0	0.1332	3
50.3847	23	3	1	0.1803	1
50.484	23	2	0	0.1112	6
50.4841	23	4	1	0.1113	0
50.4841	23	3	0	0.0994	2
50.504	23	2	1	0.02	0
50.504	23	4	0	0.0199	3
50.5122	23	1	1	0.1455	1
50.5122	23	2	0	0.0082	2
50.5359	23	4	1	0.0319	0
50.5683	23	1	0	0.0561	6
50.6126	23	2	1	0.1004	1
50.6126	23	4	0	0.0767	3
50.6398	23	4	1	0.0272	0
50.6722	23	3	1	0.1881	1
50.6722	23	4	0	0.0324	2
50.6723	23	1	1	0.104	0
50.6723	23	2	0	0.0597	2
50.6723	23	3	0	0.0001	3
50.6923	23	3	1	0.02	1
50.7475	23	1	0	0.0752	6
50.7476	23	2	1	0.0753	0
50.8094	23	3	0	0.1171	6
50.825	23	4	1	0.1528	1
50.8567	23	2	0	0.1091	6
50.8569	23	1	1	0.1094	1
50.9208	23	4	0	0.0958	6
50.9408	23	4	1	0.02	0
50.941	23	1	0	0.0841	6
50.974	23	2	1	0.1173	1
50.974	23	4	0	0.0332	3
50.9809	23	3	1	0.1715	1
51.0673	23	2	0	0.0933	6
51.0674	23	1	1	0.1264	0
51.0674	23	3	0	0.0865	3
51.1059	23	4	1	0.1319	0
51.1329	23	1	0	0.0655	6
51.1713	23	2	1	0.104	1
51.1713	23	4	0	0.0654	3
51.2232	23	4	1	0.0519	0
51.2417	23	3	1	0.1743	1
51.2417	23	4	0	0.0185	2
51.2418	23	2	0	0.0705	6
51.2617	23	4	1	0.02	0
51.2617	23	3	0	0.02	2
51.2618	23	2	1	0.02	0
51.2618	23	4	0	0.0001	3
51.2729	23	1	1	0.14	1
51.2729	23	2	0	0.0111	2
51.4007	23	4	1	0.1389	1
51.4142	23	3	1	0.1525	1
51.4142	23	4	0	0.0135	2
51.4143	23	1	0	0.1414	6
51.4264	23	2	1	0.1535	1
51.5902	23	4	1	0.176	1
51.5902	23	3	0	0.176	2
51.5903	23	2	0	0.1639	6
51.5973	23	1	1	0.183	1
51.665	23	4	0	0.0748	6
51.7012	23	3	1	0.111	0
51.7227	23	1	0	0.1254	6
51.7228	23	2	1	0.1325	0
51.7526	23	3	0	0.0514	6
51.7726	23	3	1	0.02	0
51.7728	23	2	0	0.05	6
51.781	23	1	1	0.0583	0
51.781	23	3	0	0.0084	3
51.801	23	3	1	0.02	0
51.8468	23	4	1	0.1818	1
51.8468	23	3	0	0.0458	2
51.8469	23	2	1	0.0741	0
51.8469	23	1	0	0.0659	2
51.8469	23	4	0	0.0001	3
51.8668	23	3	1	0.02	0
51.8669	23	4	1	0.02	1
51.8669	23	3	0	0.0001	2
51.867	23	2	0	0.0201	6
51.8671	23	1	1	0.0202	0
51.9166	23	4	0	0.0497	6
51.9488	23	3	1	0.0819	0
51.9688	23	1	0	0.1017	6
51.9689	23	2	1	0.1019	0
51.9998	23	3	0	0.051	6
52.0198	23	3	1	0.02	0
52.02	23	2	0	0.0511	6
52.0486	23	1	1	0.0798	0
52.0486	23	3	0	0.0288	3
52.0686	23	3	1	0.02	0
52.0774	23	4	1	0.1608	1
52.0774	23	3	0	0.0088	2
52.0775	23	1	0	0.0289	6
52.0974	23	3	1	0.02	0
52.0974	23	4	0	0.02	2
52.0975	23	1	1	0.02	0
52.0975	23	3	0	0.0001	3
52.1269	23	3	1	0.0294	0
52.1416	23	2	1	0.1216	1
52.1416	23	1	0	0.0441	2
52.2542	23	4	1	0.1568	1
52.2542	23	3	0	0.1273	2
52.2543	23	2	0	0.1127	6
52.2743	23	2	1	0.02	0
52.2743	23	4	0	0.0201	3
52.294	23	1	1	0.1524	1
52.294	23	2	0	0.0197	2
52.3282	23	4	1	0.0539	0
52.3798	23	1	0	0.0858	6
52.4253	23	2	1	0.1313	1
52.4253	23	4	0	0.0971	3
52.4325	23	3	1	0.1783	1
52.5131	23	2	0	0.0878	6
52.5132	23	1	1	0.1334	0
52.5132	23	3	0	0.0807	3
52.5517	23	4	1	0.1264	0
52.5803	23	1	0	0.0671	6
52.6205	23	2	1	0.1074	1
52.6205	23	4	0	0.0688	3
52.6591	23	4	1	0.0386	0
52.6848	23	3	1	0.1716	1
52.6848	23	4	0	0.0257	2
52.6849	23	1	1	0.1046	0
52.6849	23	2	0	0.0644	2
52.6849	23	3	0	0.0001	3
52.7049	23	3	1	0.02	1
52.7604	23	1	0	0.0755	6
52.7605	23	2	1	0.0756	0
52.8194	23	3	0	0.1145	6
52.8368	23	4	1	0.152	1
52.8662	23	2	0	0.1057	6
52.868	23	1	1	0.1076	1
52.9234	23	4	0	0.0866	6
52.9434	23	4	1	0.02	0
52.9436	23	1	0	0.0756	6
52.9774	23	2	1	0.1112	1
52.9774	23	4	0	0.034	3
52.9875	23	3	1	0.1681	1
53.0654	23	2	0	0.088	6
53.0655	23	1	1	0.1219	0
53.0655	23	3	0	0.078	3
53.1063	23	4	1	0.1289	0
53.1351	23	1	0	0.0696	6
53.1731	23	2	1	0.1077	1
53.1731	23	4	0	0.0668	3
53.2277	23	4	1	0.0546	0
53.2336	23	3	1	0.1681	1
53.2336	23	4	0	0.0059	2
53.2337	23	2	0	0.0606	6
53.2536	23	4	1	0.02	0
53.2536	23	3	0	0.02	2
53.2537	23	2	1	0.02	0
53.2537	23	4	0	0.0001	3
53.2701	23	1	1	0.135	1
53.2701	23	2	0	0.0164	2
53.3863	23	4	1	0.1326	1
53.4015	23	3	1	0.1479	1
53.4015	23	4	0	0.0152	2
53.4016	23	1	0	0.1315	6
53.4186	23	2	1	0.1485	1
53.5615	23	3	0	0.16	6
53.5641	23	4	1	0.1626	1
53.5642	23	1	1	0.1626	0
53.5642	23	2	0	0.1456	2
53.6121	23	4	0	0.048	6
53.6465	23	3	1	0.085	0
53.6677	23	1	0	0.1035	6
53.6678	23	2	1	0.1036	0
53.6948	23	3	0	0.0483	6
53.7148	23	3	1	0.02	0
53.715	23	2	0	0.0472	6
53.7311	23	1	1	0.0634	0
53.7311	23	3	0	0.0163	3
53.7511	23	3	1	0.02	0
53.7776	23	4	1	0.1655	1
53.7776	23	3	0	0.0265	2
53.7777	23	2	1	0.0627	0
53.7777	23	1	0	0.0466	2
53.7777	23	4	0	0.0001	3
53.7976	23	3	1	0.02	0
53.7977	23	4	1	0.02	1
53.7977	23	3	0	0.0001	2
53.7978	23	2	0	0.0201	6
53.7979	23	1	1	0.0202	0
53.8634	23	4	0	0.0657	6
53.8943	23	3	1	0.0966	0
53.9128	23	1	0	0.1149	6
53.9165	23	2	1	0.1187	0
53.9503	23	3	0	0.056	6
53.9703	23	3	1	0.02	0
53.9705	23	2	0	0.054	6
54.011	23	1	1	0.0982	1
54.011	23	3	0	0.0407	3
54.031	23	3	1	0.02	0
54.0314	23	4	1	0.168	1
54.0314	23	3	0	0.0004	2
54.0315	23	1	0	0.0205	6
54.0514	23	3	1	0.02	0
54.0514	23	4	0	0.02	2
54.0515	23	1	1	0.02	0
54.0515	23	3	0	0.0001	3
54.0831	23	3	1	0.0316	0
54.0964	23	2	1	0.1259	1
54.0964	23	1	0	0.0449	2
54.2011	23	3	0	0.118	6
54.2044	23	4	1	0.153	1
54.2325	23	1	1	0.1361	1
54.2325	23	2	0	0.1361	2
54.2978	23	4	0	0.0934	6
54.3178	23	4	1	0.02	0
54.318	23	1	0	0.0855	6
54.3508	23	2	1	0.1183	1
54.3508	23	4	0	0.033	3
54.3907	23	3	1	0.1896	1
54.4475	23	2	0	0.0967	6
54.4476	23	1	1	0.1296	0
54.4476	23	3	0	0.0569	3
54.4898	23	4	1	0.139	0
54.5221	23	1	0	0.0745	6
54.5629	23	2	1	0.1154	1
54.5629	23	4	0	0.0731	3
54.6143	23	3	1	0.1667	1
54.6615	23	1	1	0.1394	1
54.6615	23	2	0	0.0986	2
54.6615	23	3	0	0.0472	3
54.7052	23	4	1	0.1423	1
54.7692	23	1	0	0.1077	6
54.7994	23	2	1	0.1379	1
54.7994	23	4	0	0.0942	3
54.8269	23	3	1	0.1654	1
54.9221	23	1	1	0.1529	1
54.9221	23	2	0	0.1227	2
54.9221	23	3	0	0.0952	3
54.9529	23	4	1	0.1535	1
55.0314	23	1	0	0.1093	6
55.0654	23	2	1	0.1433	1
55.0654	23	4	0	0.1125	3
55.1046	23	3	1	0.1825	1
55.1961	23	1	1	0.1647	1
55.1961	23	2	0	0.1307	2
55.1961	23	3	0	0.0915	3
55.2251	23	4	1	0.1597	1
55.3373	23	1	0	0.1412	6
55.3612	23	2	1	0.1651	1
55.3612	23	4	0	0.1361	3
55.3925	23	3	1	0.1964	1
55.5137	23	1	1	0.1764	1
55.5137	23	2	0	0.1525	2
55.5137	23	3	0	0.1212	3
55.5298	23	4	1	0.1686	1
55.6424	23	1	0	0.1287	6
55.673	23	2	1	0.1593	1
55.673	23	4	0	0.1432	3
55.7234	23	3	1	0.2097	1
55.8182	23	1	1	0.1758	1
55.8182	23	2	0	0.1452	2
55.8182	23	3	0	0.0948	3
55.8461	23	4	1	0.1731	1
56.0027	23	1	0	0.1845	6
56.008	23	2	1	0.1898	1
56.008	23	4	0	0.1619	3
56.0251	23	3	1	0.2069	1
56.1171	23	2	0	0.1091	6
56.1172	23	4	1	0.1092	0
56.1172	23	3	0	0.0921	2
56.1371	23	2	1	0.02	0
56.1371	23	4	0	0.0199	3
56.1489	23	1	1	0.1462	1
56.1489	23	2	0	0.0118	2
56.1715	23	4	1	0.0344	0
56.2066	23	1	0	0.0577	6
56.2509	23	2	1	0.102	1
56.2509	23	4	0	0.0794	3
56.2759	23	4	1	0.025	0
56.3088	23	3	1	0.1916	1
56.3088	23	4	0	0.0329	2
56.3089	23	1	1	0.1023	0
56.3089	23	2	0	0.058	2
56.3089	23	3	0	0.0001	3
56.3289	23	3	1	0.02	1
56.3834	23	1	0	0.0745	6
56.3835	23	2	1	0.0746	0
56.4365	23	3	0	0.1076	6
56.4629	23	4	1	0.1541	1
56.4874	23	2	0	0.1039	6
56.4878	23	1	1	0.1044	1
56.5418	23	4	0	0.0789	6
56.5618	23	4	1	0.02	0
56.562	23	1	0	0.0742	6
56.595	23	2	1	0.1076	1
56.595	23	4	0	0.0332	3
56.6058	23	3	1	0.1693	1
56.6872	23	2	0	0.0922	6
56.6873	23	1	1	0.1253	0
56.6873	23	3	0	0.0815	3
56.7257	23	4	1	0.1307	0
56.7547	23	1	0	0.0674	6
56.7924	23	2	1	0.1052	1
56.7924	23	4	0	0.0667	3
56.8364	23	4	1	0.044	0
56.8523	23	3	1	0.165	1
56.8523	23	4	0	0.0159	2
56.8524	23	2	0	0.06	6
56.8723	23	4	1	0.02	0
56.8723	23	3	0	0.02	2
56.8724	23	2	1	0.02	0
56.8724	23	4	0	0.0001	3
56.8858	23	1	1	0.1311	1
56.8858	23	2	0	0.0134	2
57.0041	23	4	1	0.1317	1
57.02	23	3	1	0.1477	1
57.02	23	4	0	0.0159	2
57.0201	23	1	0	0.1343	6
57.0361	23	2	1	0.1503	1
57.1865	23	4	1	0.1665	1
57.1865	23	3	0	0.1665	2
57.1955	23	1	1	0.1754	1
57.1955	23	2	0	0.1594	2
57.2459	23	4	0	0.0594	6
57.2796	23	3	1	0.0931	0
57.3028	23	1	0	0.1073	6
57.3029	23	2	1	0.1074	0
57.3308	23	3	0	0.0512	6
57.3508	23	3	1	0.02	0
57.351	23	2	0	0.0481	6
57.3732	23	1	1	0.0704	0
57.3732	23	3	0	0.0224	3
57.3932	23	3	1	0.02	0
57.4185	23	4	1	0.1726	1
57.4185	23	3	0	0.0253	2
57.4186	23	1	0	0.0454	6
57.4385	23	3	1	0.02	0
57.4385	23	4	0	0.02	2
57.4386	23	1	1	0.02	0
57.4386	23	3	0	0.0001	3
57.4625	23	3	1	0.0239	0
57.47	23	2	1	0.119	1
57.47	23	1	0	0.0314	2
57.6076	23	4	1	0.1691	1
57.6076	23	3	0	0.1451	2
57.6077	23	2	0	0.1377	6
57.6276	23	3	1	0.02	0
57.6276	23	4	0	0.02	2
57.6277	23	2	1	0.02	0
57.6412	23	1	1	0.1712	1
57.6412	23	2	0	0.0135	2
57.6412	23	3	0	0.0136	3
57.7128	23	4	1	0.0852	0
57.7668	23	1	0	0.1256	6
57.7992	23	2	1	0.158	1
57.7992	23	4	0	0.0864	3
57.8277	23	3	1	0.1865	1
57.9317	23	1	1	0.1649	1
57.9317	23	2	0	0.1325	2
57.9317	23	3	0	0.104	3
57.9637	23	4	1	0.1645	1
58.0202	23	1	0	0.0885	6
58.0572	23	2	1	0.1255	1
58.0572	23	4	0	0.0935	3
58.1241	23	4	1	0.0669	0
58.1244	23	3	1	0.1927	1
58.1244	23	4	0	0.0003	2
58.1245	23	2	0	0.0673	6
58.1444	23	4	1	0.02	0
58.1444	23	3	0	0.02	2
58.1445	23	2	1	0.02	0
58.1445	23	4	0	0.0001	3
58.1688	23	4	1	0.0243	0
58.1711	23	1	1	0.1509	1
58.1711	23	2	0	0.0266	2
58.2492	23	4	0	0.0804	6
58.2771	23	3	1	0.1327	0
58.2977	23	1	0	0.1266	6
58.2978	23	2	1	0.1267	0
58.3297	23	3	0	0.0526	6
58.3497	23	3	1	0.02	0
58.3499	23	2	0	0.0521	6
58.363	23	1	1	0.0653	0
58.363	23	3	0	0.0133	3
58.383	23	3	1	0.02	0
58.4146	23	4	1	0.1654	1
58.4146	23	3	0	0.0316	2
58.4147	23	1	0	0.0517	6
58.4346	23	3	1	0.02	0
58.4346	23	4	0	0.02	2
58.4347	23	1	1	0.02	0
58.4347	23	3	0	0.0001	3
58.4575	23	3	1	0.0228	0
58.4657	23	2	1	0.1158	1
58.4657	23	1	0	0.031	2
58.6004	23	4	1	0.1658	1
58.6004	23	3	0	0.1429	2
58.6005	23	1	1	0.1348	0
58.6005	23	2	0	0.1348	2
58.6204	23	4	1	0.02	1
58.6796	23	1	0	0.0791	6
58.6797	23	3	1	0.0793	0
58.6797	23	4	0	0.0593	2
58.6996	23	1	1	0.02	0
58.6996	23	3	0	0.0199	3
58.7196	23	3	1	0.02	0
58.7256	23	1	0	0.026	6
58.727	23	2	1	0.1265	1
58.7664	23	3	0	0.0468	6
58.7864	23	3	1	0.02	0
58.7866	23	2	0	0.0596	6
58.825	23	1	1	0.0994	1
58.825	23	3	0	0.0386	3
58.845	23	3	1	0.02	0
58.8458	23	4	1	0.1661	1
58.8458	23	3	0	0.0008	2
58.8459	23	2	1	0.0593	0
58.8459	23	1	0	0.0209	2
58.8459	23	4	0	0.0001	3
58.8658	23	3	1	0.02	0
58.8659	23	4	1	0.02	1
58.8659	23	3	0	0.0001	2
58.866	23	2	0	0.0201	6
58.8661	23	1	1	0.0202	0
58.9866	23	4	0	0.1207	6
59.001	23	3	1	0.1351	1
59.0081	23	2	1	0.1421	1
59.0081	23	1	0	0.142	2
59.0695	23	3	0	0.0685	6
59.0895	23	3	1	0.02	0
59.0897	23	2	0	0.0816	6
59.12	23	1	1	0.1119	1
59.12	23	3	0	0.0305	3
59.1635	23	4	1	0.1769	1
59.2224	23	1	0	0.1024	6
59.2225	23	2	1	0.1328	0
59.2225	23	4	0	0.059	3
59.2623	23	3	1	0.1423	1
59.2962	23	2	0	0.0737	6
59.3351	23	1	1	0.1127	1
59.3351	23	3	0	0.0728	3
59.3831	23	4	1	0.1606	1
59.4344	23	2	1	0.1382	1
59.4344	23	1	0	0.0993	2
59.4344	23	4	0	0.0513	3
59.4747	23	3	1	0.1396	1
59.5379	23	2	0	0.1035	6
59.5685	23	1	1	0.1341	1
59.5685	23	3	0	0.0938	3
59.5973	23	4	1	0.1629	1
59.6862	23	2	1	0.1483	1
59.6862	23	1	0	0.1177	2
59.6862	23	4	0	0.0889	3
59.7182	23	3	1	0.1497	1
59.7925	23	2	0	0.1063	6
59.8264	23	1	1	0.1402	1
59.8264	23	3	0	0.1082	3
59.8643	23	4	1	0.1781	1
59.9483	23	2	1	0.1558	1
59.9483	23	1	0	0.1219	2
59.9483	23	4	0	0.084	3
59.9846	23	3	1	0.1582	1
60.0503	23	2	0	0.102	6
60.0848	23	1	1	0.1365	1
60.0848	23	3	0	0.1002	3
60.1278	23	4	1	0.1795	1
60.2043	23	2	1	0.154	1
60.2043	23	1	0	0.1195	2
60.2043	23	4	0	0.0765	3
60.2424	23	3	1	0.1576	1
60.31	23	2	0	0.1057	6
60.3406	23	1	1	0.1363	1
60.3406	23	3	0	0.0982	3
60.3871	23	4	1	0.1828	1
60.471	23	2	1	0.161	1
60.471	23	1	0	0.1304	2
60.471	23	4	0	0.0839	3
60.4955	23	3	1	0.1549	1
60.6684	23	4	1	0.1974	1
60.6684	23	3	0	0.1729	2
60.6685	23	2	0	0.1975	6
60.6689	23	1	1	0.1979	1
60.7936	23	4	0	0.1252	6
60.8217	23	3	1	0.1533	0
60.8327	23	2	1	0.1642	1
60.8327	23	1	0	0.1638	2
60.8929	23	3	0	0.0712	6
60.9129	23	3	1	0.02	0
60.9131	23	2	0	0.0804	6
60.9432	23	1	1	0.1105	1
60.9432	23	3	0	0.0303	3
60.9796	23	3	1	0.0364	0
60.9979	23	4	1	0.2043	1
60.9979	23	3	0	0.0183	2
60.998	23	1	0	0.0548	6
60.9981	23	2	1	0.085	0
60.9981	23	4	0	0.0002	3
61.0181	23	4	1	0.02	1
61.0628	23	2	0	0.0647	6
61.0629	23	1	1	0.0649	0
61.12	23	4	0	0.1019	6
61.1464	23	3	1	0.1485	0
61.167	23	2	1	0.1042	1
61.167	23	1	0	0.1041	2
61.2212	23	3	0	0.0748	6
61.2412	23	3	1	0.02	0
61.2414	23	2	0	0.0744	6
61.2724	23	1	1	0.1054	1
61.2724	23	3	0	0.0312	3
61.2824	23	4	1	0.1624	1
61.3596	23	1	0	0.0872	6
61.3597	23	2	1	0.1183	0
61.3597	23	4	0	0.0773	3
61.3988	23	3	1	0.1264	0
61.4287	23	2	0	0.069	6
61.4644	23	1	1	0.1048	1
61.4644	23	3	0	0.0656	3
61.5123	23	3	1	0.0479	0
61.5226	23	4	1	0.1629	1
61.5226	23	3	0	0.0103	2
61.5227	23	1	0	0.0583	6
61.5426	23	3	1	0.02	0
61.5426	23	4	0	0.02	2
61.5427	23	1	1	0.02	0
61.5427	23	3	0	0.0001	3
61.5606	23	2	1	0.1319	1
61.5606	23	1	0	0.0179	2
61.6779	23	3	1	0.1352	1
61.6886	23	4	1	0.146	1
61.6886	23	3	0	0.0107	2
61.6887	23	2	0	0.1281	6
61.7087	23	2	1	0.02	0
61.7087	23	4	0	0.0201	3
61.7096	23	1	1	0.149	1
61.7096	23	2	0	0.0009	2
61.7629	23	4	1	0.0542	0
61.8278	23	1	0	0.1182	6
61.8381	23	3	1	0.1495	1
61.8381	23	4	0	0.0752	2
61.8382	23	2	1	0.1286	0
61.8962	23	3	0	0.0581	6
61.9227	23	4	1	0.0846	0
61.9417	23	2	0	0.1035	6
61.943	23	1	1	0.1152	0
61.9766	23	4	0	0.0539	6
61.9966	23	4	1	0.02	0
61.9968	23	1	0	0.0538	6
62.0213	23	2	1	0.0796	0
62.0213	23	4	0	0.0247	3
62.0413	23	4	1	0.02	0
62.0519	23	3	1	0.1557	1
62.0519	23	4	0	0.0106	2
62.052	23	2	0	0.0307	6
62.0719	23	4	1	0.02	0
62.0719	23	3	0	0.02	2
62.072	23	2	1	0.02	0
62.072	23	4	0	0.0001	3
62.0984	23	4	1	0.0264	0
62.1117	23	1	1	0.1149	1
62.1117	23	2	0	0.0397	2
62.2246	23	3	1	0.1527	1
62.2246	23	4	0	0.1262	2
62.2247	23	1	0	0.113	6
62.2447	23	1	1	0.02	0
62.2447	23	3	0	0.0201	3
62.2647	23	3	1	0.02	0
62.2653	23	2	1	0.1536	1
62.2653	23	1	0	0.0206	2
62.4088	23	3	0	0.1441	6
62.4089	23	1	1	0.1436	0
62.4089	23	2	0	0.1436	2
62.4089	23	4	1	0.1843	0
62.4693	23	1	0	0.0604	6
62.4893	23	1	1	0.02	0
62.4895	23	4	0	0.0806	6
62.513	23	3	1	0.1042	0
62.5227	23	2	1	0.1138	1
62.5227	23	1	0	0.0334	2
62.5849	23	3	0	0.0719	6
62.585	23	1	1	0.0623	0
62.585	23	2	0	0.0623	2
62.585	23	4	1	0.0955	0
62.6415	23	1	0	0.0565	6
62.6615	23	1	1	0.02	0
62.6617	23	4	0	0.0767	6
62.6825	23	3	1	0.0976	0
62.6926	23	2	1	0.1076	1
62.6926	23	1	0	0.0311	2
62.7562	23	3	0	0.0737	6
62.7762	23	3	1	0.02	0
62.7764	23	2	0	0.0838	6
62.8029	23	1	1	0.1103	1
62.8029	23	3	0	0.0267	3
62.8278	23	4	1	0.1661	1
62.9115	23	2	1	0.1351	1
62.9115	23	1	0	0.1086	2
62.9115	23	4	0	0.0837	3
62.9486	23	3	1	0.1457	1
62.987	23	2	0	0.0755	6
63.0245	23	1	1	0.113	1
63.0245	23	3	0	0.0759	3
63.0749	23	4	1	0.1634	1
63.1231	23	2	1	0.1361	1
63.1231	23	1	0	0.0986	2
63.1231	23	4	0	0.0482	3
63.1661	23	3	1	0.1416	1
63.2326	23	2	0	0.1095	6
63.2601	23	1	1	0.137	1
63.2601	23	3	0	0.094	3
63.2851	23	4	1	0.162	1
63.3791	23	2	1	0.1465	1
63.3791	23	1	0	0.119	2
63.3791	23	4	0	0.094	3
63.412	23	3	1	0.1519	1
63.4701	23	2	0	0.091	6
63.5036	23	1	1	0.1245	1
63.5036	23	3	0	0.0916	3
63.5542	23	4	1	0.1751	1
63.6227	23	2	1	0.1526	1
63.6227	23	1	0	0.1191	2
63.6227	23	4	0	0.0685	3
63.6581	23	3	1	0.1545	1
63.749	23	2	0	0.1263	6
63.7717	23	1	1	0.149	1
63.7717	23	3	0	0.1136	3
63.8003	23	4	1	0.1776	1
63.9077	23	2	1	0.1587	1
63.9077	23	1	0	0.136	2
63.9077	23	4	0	0.1074	3
63.929	23	3	1	0.1573	1
64.0098	23	2	0	0.1021	6
64.0413	23	1	1	0.1336	1
64.0413	23	3	0	0.1123	3
64.0953	23	4	1	0.1876	1
64.1651	23	2	1	0.1553	1
64.1651	23	1	0	0.1238	2
64.1651	23	4	0	0.0698	3
64.1977	23	3	1	0.1564	1
64.2928	23	2	0	0.1277	6
64.3163	23	1	1	0.1512	1
64.3163	23	3	0	0.1186	3
64.345	23	4	1	0.1799	1
64.4522	23	2	1	0.1594	1
64.4522	23	1	0	0.1359	2
64.4522	23	4	0	0.1072	3
64.4788	23	3	1	0.1625	1
64.5546	23	2	0	0.1024	6
64.5858	23	1	1	0.1336	1
64.5858	23	3	0	0.107	3
64.6455	23	4	1	0.1933	1
64.7095	23	2	1	0.1549	1
64.7095	23	1	0	0.1237	2
64.7095	23	4	0	0.064	3
64.7423	23	3	1	0.1565	1
64.8503	23	2	0	0.1408	6
64.87	23	1	1	0.1605	1
64.87	23	3	0	0.1277	3
64.8872	23	4	1	0.1777	1
64.9944	23	1	0	0.1244	6
64.9945	23	2	1	0.1442	0
64.9945	23	4	0	0.1073	3
65.024	23	3	1	0.154	1
65.0602	23	2	0	0.0657	6
65.0927	23	1	1	0.0983	1
65.0927	23	3	0	0.0687	3
65.1173	23	3	1	0.0246	0
65.1742	23	4	1	0.1797	1
65.1742	23	3	0	0.0569	2
65.1743	23	2	1	0.1141	0
65.1743	23	1	0	0.0816	2
65.1743	23	4	0	0.0001	3
65.1943	23	4	1	0.02	1
65.239	23	2	0	0.0647	6
65.2391	23	1	1	0.0648	0
65.294	23	4	0	0.0997	6
65.3153	23	3	1	0.1411	1
65.3399	23	2	1	0.1009	1
65.3399	23	1	0	0.1008	2
65.3897	23	3	0	0.0744	6
65.4097	23	3	1	0.02	0
65.4099	23	2	0	0.07	6
65.44	23	1	1	0.1001	1
65.44	23	3	0	0.0303	3
65.4502	23	4	1	0.1562	1
65.5309	23	1	0	0.0909	6
65.531	23	2	1	0.1211	0
65.531	23	4	0	0.0808	3
65.5655	23	3	1	0.1255	0
65.595	23	2	0	0.064	6
65.6301	23	1	1	0.0992	1
65.6301	23	3	0	0.0646	3
65.6682	23	3	1	0.0381	0
65.6863	23	4	1	0.1553	1
65.6863	23	3	0	0.0181	2
65.6864	23	1	0	0.0563	6
65.7063	23	3	1	0.02	0
65.7063	23	4	0	0.02	2
65.7064	23	1	1	0.02	0
65.7064	23	3	0	0.0001	3
65.7214	23	2	1	0.1264	1
65.7214	23	1	0	0.015	2
65.8365	23	3	1	0.1301	1
65.8503	23	4	1	0.144	1
65.8503	23	3	0	0.0138	2
65.8504	23	2	0	0.129	6
65.8694	23	1	1	0.148	1
66.0108	23	3	1	0.1605	1
66.0108	23	4	0	0.1605	2
66.0206	23	2	1	0.1702	1
66.0206	23	1	0	0.1512	2
66.0803	23	3	0	0.0695	6
66.1113	23	4	1	0.1005	0
66.1346	23	2	0	0.114	6
66.1347	23	1	1	0.1141	0
66.1676	23	4	0	0.0563	6
66.1876	23	4	1	0.02	0
66.1878	23	1	0	0.0531	6
66.2005	23	2	1	0.0659	0
66.2005	23	4	0	0.0129	3
66.2205	23	4	1	0.02	0
66.2478	23	3	1	0.1675	1
66.2478	23	4	0	0.0273	2
66.2479	23	1	1	0.0601	0
66.2479	23	2	0	0.0474	2
66.2479	23	3	0	0.0001	3
66.2678	23	4	1	0.02	0
66.2679	23	3	1	0.02	1
66.2679	23	4	0	0.0001	2
66.268	23	1	0	0.0201	6
66.2681	23	2	1	0.0202	0
66.3396	23	3	0	0.0717	6
66.367	23	4	1	0.0991	0
66.3834	23	1	1	0.1154	1
66.3834	23	2	0	0.1153	2
66.4303	23	4	0	0.0633	6
66.4503	23	4	1	0.02	0
66.4505	23	1	0	0.0671	6
66.486	23	2	1	0.1026	1
66.486	23	4	0	0.0357	3
66.503	23	3	1	0.1634	1
66.5459	23	2	0	0.0599	6
66.546	23	1	1	0.0955	0
66.546	23	3	0	0.043	3
66.585	23	4	1	0.099	0
66.6161	23	1	0	0.0701	6
66.6522	23	2	1	0.1063	1
66.6522	23	4	0	0.0672	3
66.6995	23	3	1	0.1535	1
66.7465	23	1	1	0.1304	1
66.7465	23	2	0	0.0943	2
66.7465	23	3	0	0.047	3
66.7869	23	4	1	0.1347	1
66.845	23	1	0	0.0985	6
66.876	23	2	1	0.1295	1
66.876	23	4	0	0.0891	3
66.8995	23	3	1	0.153	1
66.9827	23	1	1	0.1377	1
66.9827	23	2	0	0.1067	2
66.9827	23	3	0	0.0832	3
67.0203	23	4	1	0.1443	1
67.0589	23	1	0	0.0762	6
67.0936	23	2	1	0.1109	1
67.0936	23	4	0	0.0733	3
67.1473	23	3	1	0.1646	1
67.1943	23	1	1	0.1354	1
67.1943	23	2	0	0.1007	2
67.1943	23	3	0	0.047	3
67.2339	23	4	1	0.1403	1
67.3112	23	1	0	0.1169	6
67.3357	23	2	1	0.1414	1
67.3357	23	4	0	0.1018	3
67.3583	23	3	1	0.164	1
67.4557	23	1	1	0.1445	1
67.4557	23	2	0	0.12	2
67.4557	23	3	0	0.0974	3
67.4811	23	4	1	0.1454	1
67.5417	23	1	0	0.086	6
67.5736	23	2	1	0.1179	1
67.5736	23	4	0	0.0925	3
67.6359	23	3	1	0.1802	1
67.6862	23	1	1	0.1445	1
67.6862	23	2	0	0.1126	2
67.6862	23	3	0	0.0503	3
67.7243	23	4	1	0.1507	1
67.8115	23	1	0	0.1253	6
67.8316	23	2	1	0.1454	1
67.8316	23	4	0	0.1073	3
67.8609	23	3	1	0.1747	1
67.9652	23	1	1	0.1537	1
67.9652	23	2	0	0.1336	2
67.9652	23	3	0	0.1043	3
67.9858	23	4	1	0.1542	1
68.0822	23	1	0	0.117	6
68.109	23	2	1	0.1438	1
68.109	23	4	0	0.1232	3
68.1574	23	3	1	0.1922	1
68.2427	23	1	1	0.1605	1
68.2427	23	2	0	0.1337	2
68.2427	23	3	0	0.0853	3
68.2668	23	4	1	0.1578	1
68.4144	23	1	0	0.1717	6
68.4232	23	2	1	0.1805	1
68.4232	23	4	0	0.1564	3
68.4389	23	3	1	0.1962	1
68.5286	23	2	0	0.1054	6
68.5287	23	4	1	0.1055	0
68.5287	23	3	0	0.0898	2
68.5515	23	1	1	0.1371	1
68.589	23	4	0	0.0603	6
68.609	23	4	1	0.02	0
68.6092	23	1	0	0.0577	6
68.6134	23	2	1	0.0848	1
68.6134	23	4	0	0.0044	3
68.7041	23	3	1	0.1754	1
68.7536	23	4	1	0.1402	1
68.7536	23	3	0	0.0495	2
68.7537	23	2	0	0.1403	6
68.7559	23	1	1	0.1467	1
68.9371	23	2	1	0.1834	1
68.9371	23	1	0	0.1812	2
68.9371	23	4	0	0.1835	3
68.9395	23	3	1	0.1859	1
69.023	23	2	0	0.0859	6
69.0581	23	1	1	0.121	1
69.0581	23	3	0	0.1186	3
69.0781	23	3	1	0.02	0
69.1298	23	1	0	0.0717	6
69.14	23	2	1	0.117	1
69.1538	23	4	1	0.2167	1
69.1538	23	3	0	0.0757	2
69.1539	23	1	1	0.0241	0
69.1539	23	2	0	0.0139	2
69.1738	23	4	1	0.02	1
69.2608	23	1	0	0.1069	6
69.2609	23	3	1	0.1071	0
69.2609	23	4	0	0.0871	2
69.2808	23	1	1	0.02	0
69.2808	23	3	0	0.0199	3
69.2938	23	2	1	0.1399	1
69.2938	23	1	0	0.013	2
69.3035	23	3	1	0.0227	0
69.3376	23	2	0	0.0438	6
69.3602	23	1	1	0.0664	0
69.3602	23	3	0	0.0567	3
69.3802	23	3	1	0.02	0
69.4278	23	1	0	0.0676	6
69.4279	23	2	1	0.0903	0
69.4313	23	4	1	0.1704	1
69.4313	23	3	0	0.0511	2
69.4478	23	1	1	0.02	0
69.5064	23	4	0	0.0751	6
69.5244	23	3	1	0.0931	0
69.5263	23	2	1	0.0984	1
69.5263	23	1	0	0.0785	2
69.5905	23	3	0	0.0661	6
69.5906	23	1	1	0.0643	0
69.5906	23	2	0	0.0643	2
69.5906	23	4	1	0.0842	0
69.6484	23	1	0	0.0578	6
69.6587	23	3	1	0.0682	0
69.6587	23	4	0	0.0681	2
69.6684	23	1	1	0.02	0
69.6684	23	3	0	0.0097	3
69.6884	23	3	1	0.02	0
69.698	23	2	1	0.1074	1
69.698	23	1	0	0.0296	2
69.7433	23	3	0	0.0549	6
69.7633	23	3	1	0.02	0
69.7635	23	2	0	0.0655	6
69.7925	23	1	1	0.0945	1
69.7925	23	3	0	0.0292	3
69.8136	23	4	1	0.1549	1
69.8769	23	1	0	0.0844	6
69.877	23	2	1	0.1135	0
69.877	23	4	0	0.0634	3
69.9174	23	3	1	0.1249	0
69.9517	23	2	0	0.0747	6
69.9856	23	1	1	0.1087	1
69.9856	23	3	0	0.0682	3
70.0296	23	4	1	0.1526	1
70.0767	23	2	1	0.125	1
70.0767	23	1	0	0.0911	2
70.0767	23	4	0	0.0471	3
70.1198	23	3	1	0.1342	1
70.1839	23	2	0	0.1072	6
70.2082	23	1	1	0.1315	1
70.2082	23	3	0	0.0884	3
70.2327	23	4	1	0.156	1
70.3256	23	2	1	0.1417	1
70.3256	23	1	0	0.1174	2
70.3256	23	4	0	0.0929	3
70.3521	23	3	1	0.1439	1
70.4244	23	2	0	0.0988	6
70.4531	23	1	1	0.1275	1
70.4531	23	3	0	0.101	3
70.5023	23	4	1	0.1767	1
70.5785	23	2	1	0.1541	1
70.5785	23	1	0	0.1254	2
70.5785	23	4	0	0.0762	3
70.6039	23	3	1	0.1508	1
70.7487	23	2	0	0.1702	6
70.7534	23	1	1	0.1749	1
70.7534	23	3	0	0.1495	3
70.7674	23	4	1	0.1889	1
70.8583	23	1	0	0.1049	6
70.8584	23	3	1	0.105	0
70.8584	23	4	0	0.091	2
70.8783	23	1	1	0.02	0
70.8783	23	3	0	0.0199	3
70.8848	23	2	1	0.1361	1
70.8848	23	1	0	0.0065	2
70.9036	23	3	1	0.0253	0
70.9397	23	2	0	0.0549	6
70.9795	23	1	1	0.0947	1
70.9795	23	3	0	0.0759	3
70.9995	23	3	1	0.02	0
71.034	23	4	1	0.1756	1
71.034	23	3	0	0.0345	2
71.0341	23	2	1	0.0944	0
71.0341	23	1	0	0.0546	2
71.0341	23	4	0	0.0001	3
71.0541	23	4	1	0.02	1
71.1002	23	2	0	0.0661	6
71.1003	23	1	1	0.0662	0
71.1651	23	4	0	0.111	6
71.1728	23	3	1	0.1388	1
71.2038	23	2	1	0.1036	1
71.2038	23	1	0	0.1035	2
71.2685	23	3	0	0.0957	6
71.2686	23	1	1	0.0648	0
71.2686	23	2	0	0.0648	2
71.2686	23	4	1	0.1035	0
71.3332	23	1	0	0.0646	6
71.3333	23	3	1	0.0648	0
71.3333	23	4	0	0.0647	2
71.3532	23	1	1	0.02	0
71.3532	23	3	0	0.0199	3
71.3732	23	3	1	0.02	0
71.3742	23	2	1	0.1056	1
71.3742	23	1	0	0.021	2
71.4324	23	3	0	0.0592	6
71.4524	23	3	1	0.02	0
71.4526	23	2	0	0.0784	6
71.4778	23	1	1	0.1036	1
71.4778	23	3	0	0.0254	3
71.4983	23	4	1	0.165	1
71.5767	23	2	1	0.1241	1
71.5767	23	1	0	0.0989	2
71.5767	23	4	0	0.0784	3
71.6162	23	3	1	0.1384	1
71.6519	23	2	0	0.0752	6
71.6844	23	1	1	0.1077	1
71.6844	23	3	0	0.0682	3
71.7368	23	4	1	0.1601	1
71.784	23	2	1	0.1321	1
71.784	23	1	0	0.0996	2
71.784	23	4	0	0.0472	3
71.8234	23	3	1	0.139	1
71.8979	23	2	0	0.1139	6
71.9187	23	1	1	0.1347	1
71.9187	23	3	0	0.0953	3
71.9417	23	4	1	0.1577	1
72.0422	23	2	1	0.1443	1
72.0422	23	1	0	0.1235	2
72.0422	23	4	0	0.1005	3
72.0624	23	3	1	0.1437	1
72.1373	23	2	0	0.0951	6
72.1669	23	1	1	0.1247	1
72.1669	23	3	0	0.1045	3
72.2191	23	4	1	0.1769	1
72.2857	23	2	1	0.1484	1
72.2857	23	1	0	0.1188	2
72.2857	23	4	0	0.0666	3
72.3185	23	3	1	0.1516	1
72.4238	23	2	0	0.1381	6
72.4419	23	1	1	0.1562	1
72.4419	23	3	0	0.1234	3
72.4597	23	4	1	0.174	1
72.5602	23	1	0	0.1183	6
72.5603	23	2	1	0.1365	0
72.5603	23	4	0	0.1006	3
72.5881	23	3	1	0.1462	1
72.623	23	2	0	0.0627	6
72.6526	23	1	1	0.0924	1
72.6526	23	3	0	0.0645	3
72.6728	23	3	1	0.0202	0
72.7316	23	4	1	0.1713	1
72.7316	23	3	0	0.0588	2
72.7317	23	2	1	0.1087	0
72.7317	23	1	0	0.0791	2
72.7317	23	4	0	0.0001	3
72.7517	23	4	1	0.02	1
72.7938	23	2	0	0.0621	6
72.7939	23	1	1	0.0622	0
72.8551	23	4	0	0.1034	6
72.8657	23	3	1	0.1341	1
72.8944	23	2	1	0.1006	1
72.8944	23	1	0	0.1005	2
72.9489	23	3	0	0.0832	6
72.949	23	1	1	0.0546	0
72.949	23	2	0	0.0546	2
72.949	23	4	1	0.0939	0
73.0095	23	1	0	0.0605	6
73.0096	23	3	1	0.0607	0
73.0096	23	4	0	0.0606	2
73.0295	23	1	1	0.02	0
73.0295	23	3	0	0.0199	3
73.0495	23	3	1	0.02	0
73.0509	23	2	1	0.1019	1
73.0509	23	1	0	0.0214	2
73.1014	23	3	0	0.0519	6
73.1015	23	1	1	0.0506	0
73.1015	23	2	0	0.0506	2
73.1015	23	4	1	0.0919	0
73.1633	23	1	0	0.0618	6
73.1634	23	3	1	0.062	0
73.1634	23	4	0	0.0619	2
73.1833	23	1	1	0.02	0
73.1833	23	3	0	0.0199	3
73.2033	23	3	1	0.02	0
73.2068	23	2	1	0.1053	1
73.2068	23	1	0	0.0235	2
73.2505	23	3	0	0.0472	6
73.2506	23	1	1	0.0438	0
73.2506	23	2	0	0.0438	2
73.2506	23	4	1	0.0872	0
73.3042	23	1	0	0.0536	6
73.308	23	3	1	0.0575	0
73.308	23	4	0	0.0574	2
73.3242	23	1	1	0.02	0
73.3242	23	3	0	0.0162	3
73.3442	23	3	1	0.02	0
73.3519	23	2	1	0.1013	1
73.3519	23	1	0	0.0277	2
73.3939	23	3	0	0.0497	6
73.4139	23	3	1	0.02	0
73.4141	23	2	0	0.0622	6
73.4423	23	1	1	0.0904	1
73.4423	23	3	0	0.0284	3
73.4568	23	4	1	0.1488	1
73.5245	23	1	0	0.0822	6
73.5246	23	2	1	0.1105	0
73.5246	23	4	0	0.0678	3
73.5602	23	3	1	0.1179	0
73.5922	23	2	0	0.0676	6
73.6254	23	1	1	0.1009	1
73.6254	23	3	0	0.0652	3
73.6704	23	4	1	0.1458	1
73.7207	23	2	1	0.1285	1
73.7207	23	1	0	0.0953	2
73.7207	23	4	0	0.0503	3
73.7602	23	3	1	0.1348	1
73.836	23	2	0	0.1153	6
73.8574	23	1	1	0.1367	1
73.8574	23	3	0	0.0972	3
73.8782	23	4	1	0.1575	1
73.978	23	2	1	0.142	1
73.978	23	1	0	0.1206	2
73.978	23	4	0	0.0998	3
74.0004	23	3	1	0.143	1
74.0583	23	2	0	0.0803	6
74.0886	23	1	1	0.1106	1
74.0886	23	3	0	0.0882	3
74.1467	23	3	1	0.0581	0
74.1535	23	4	1	0.1755	1
74.1535	23	3	0	0.0068	2
74.1536	23	1	0	0.065	6
74.1735	23	3	1	0.02	0
74.1735	23	4	0	0.02	2
74.1736	23	1	1	0.02	0
74.1736	23	3	0	0.0001	3
74.1936	23	3	1	0.02	0
74.1946	23	2	1	0.1363	1
74.1946	23	1	0	0.021	2
74.2789	23	3	0	0.0853	6
74.303	23	4	1	0.1295	0
74.3214	23	1	1	0.1268	1
74.3214	23	2	0	0.1268	2
74.3576	23	4	0	0.0546	6
74.3776	23	4	1	0.02	0
74.3778	23	1	0	0.0564	6
74.3905	23	2	1	0.0691	0
74.3905	23	4	0	0.0129	3
74.4105	23	4	1	0.02	0
74.4365	23	3	1	0.1576	1
74.4365	23	4	0	0.026	2
74.4366	23	2	0	0.0461	6
74.4565	23	4	1	0.02	0
74.4565	23	3	0	0.02	2
74.4566	23	2	1	0.02	0
74.4566	23	4	0	0.0001	3
74.4784	23	4	1	0.0218	0
74.4879	23	1	1	0.1101	1
74.4879	23	2	0	0.0313	2
74.614	23	3	1	0.1575	1
74.614	23	4	0	0.1356	2
74.6141	23	2	1	0.1262	0
74.6141	23	1	0	0.1262	2
74.6879	23	3	0	0.0739	6
74.7139	23	4	1	0.0999	0
74.7362	23	1	1	0.1221	1
74.7362	23	2	0	0.1221	2
74.7732	23	4	0	0.0593	6
74.7932	23	4	1	0.02	0
74.7934	23	1	0	0.0572	6
74.8188	23	2	1	0.0826	0
74.8188	23	4	0	0.0256	3
74.8388	23	4	1	0.02	0
74.848	23	3	1	0.1601	1
74.848	23	4	0	0.0092	2
74.8481	23	2	0	0.0293	6
74.868	23	4	1	0.02	0
74.868	23	3	0	0.02	2
74.8681	23	2	1	0.02	0
74.8681	23	4	0	0.0001	3
74.8968	23	4	1	0.0287	0
74.9111	23	1	1	0.1177	1
74.9111	23	2	0	0.043	2
75.0227	23	3	1	0.1547	1
75.0227	23	4	0	0.1259	2
75.0228	23	1	0	0.1117	6
75.0428	23	1	1	0.02	0
75.0428	23	3	0	0.0201	3
75.0628	23	3	1	0.02	0
75.065	23	2	1	0.1539	1
75.065	23	1	0	0.0222	2
75.1911	23	3	0	0.1283	6
75.1912	23	1	1	0.1262	0
75.1912	23	2	0	0.1262	2
75.1912	23	4	1	0.1685	0
75.2518	23	1	0	0.0606	6
75.26	23	3	1	0.0689	0
75.26	23	4	0	0.0688	2
75.2718	23	1	1	0.02	0
75.2718	23	3	0	0.0118	3
75.2918	23	3	1	0.02	0
75.3012	23	2	1	0.11	1
75.3012	23	1	0	0.0294	2
75.3488	23	3	0	0.057	6
75.3688	23	3	1	0.02	0
75.369	23	2	0	0.0678	6
75.3953	23	1	1	0.0941	1
75.3953	23	3	0	0.0265	3
75.4249	23	4	1	0.1649	1
75.4905	23	2	1	0.1215	1
75.4905	23	1	0	0.0952	2
75.4905	23	4	0	0.0656	3
75.5278	23	3	1	0.1325	0
75.5621	23	2	0	0.0716	6
75.5951	23	1	1	0.1046	1
75.5951	23	3	0	0.0673	3
75.6414	23	4	1	0.1509	1
75.6868	23	2	1	0.1247	1
75.6868	23	1	0	0.0917	2
75.6868	23	4	0	0.0454	3
75.7278	23	3	1	0.1327	1
75.7918	23	2	0	0.105	6
75.8151	23	1	1	0.1283	1
75.8151	23	3	0	0.0873	3
75.8391	23	4	1	0.1523	1
75.9307	23	2	1	0.1389	1
75.9307	23	1	0	0.1156	2
75.9307	23	4	0	0.0916	3
75.9547	23	3	1	0.1396	1
76.0303	23	2	0	0.0996	6
76.0597	23	1	1	0.129	1
76.0597	23	3	0	0.105	3
76.1044	23	4	1	0.1737	1
76.1769	23	2	1	0.1466	1
76.1769	23	1	0	0.1172	2
76.1769	23	4	0	0.0725	3
76.2068	23	3	1	0.1471	1
76.2886	23	2	0	0.1117	6
76.3152	23	1	1	0.1383	1
76.3152	23	3	0	0.1084	3
76.3517	23	4	1	0.1748	1
76.4341	23	2	1	0.1455	1
76.4341	23	1	0	0.1189	2
76.4341	23	4	0	0.0824	3
76.4625	23	3	1	0.1473	1
76.5364	23	2	0	0.1023	6
76.5644	23	1	1	0.1303	1
76.5644	23	3	0	0.1019	3
76.6067	23	4	1	0.1726	1
76.6799	23	2	1	0.1435	1
76.6799	23	1	0	0.1155	2
76.6799	23	4	0	0.0732	3
76.7117	23	3	1	0.1473	1
76.7825	23	2	0	0.1026	6
76.8091	23	1	1	0.1292	1
76.8091	23	3	0	0.0974	3
76.8498	23	4	1	0.1699	1
76.9304	23	2	1	0.1479	1
76.9304	23	1	0	0.1213	2
76.9304	23	4	0	0.0806	3
76.9583	23	3	1	0.1492	1
77.0438	23	2	0	0.1134	6
77.0677	23	1	1	0.1373	1
77.0677	23	3	0	0.1094	3
77.1037	23	4	1	0.1733	1
77.1975	23	2	1	0.1537	1
77.1975	23	1	0	0.1298	2
77.1975	23	4	0	0.0938	3
77.2212	23	3	1	0.1535	1
77.3183	23	2	0	0.1208	6
77.3428	23	1	1	0.1453	1
77.3428	23	3	0	0.1216	3
77.3807	23	4	1	0.1832	1
77.4688	23	2	1	0.1505	1
77.4688	23	1	0	0.126	2
77.4688	23	4	0	0.0881	3
77.493	23	3	1	0.1502	1
77.5775	23	2	0	0.1087	6
77.603	23	1	1	0.1342	1
77.603	23	3	0	0.11	3
77.6543	23	4	1	0.1855	1
77.7264	23	2	1	0.1489	1
77.7264	23	1	0	0.1234	2
77.7264	23	4	0	0.0721	3
77.7571	23	3	1	0.1541	1
77.8428	23	2	0	0.1164	6
77.8662	23	1	1	0.1398	1
77.8662	23	3	0	0.1091	3
77.9002	23	4	1	0.1738	1
77.9944	23	2	1	0.1516	1
77.9944	23	1	0	0.1282	2
77.9944	23	4	0	0.0942	3
78.021	23	3	1	0.1548	1
78.0942	23	2	0	0.0998	6
78.1207	23	1	1	0.1263	1
78.1207	23	3	0	0.0997	3
78.1725	23	4	1	0.1781	1
78.2389	23	2	1	0.1447	1
78.2389	23	1	0	0.1182	2
78.2389	23	4	0	0.0664	3
78.2673	23	3	1	0.1466	1
78.3539	23	2	0	0.115	6
78.3762	23	1	1	0.1373	1
78.3762	23	3	0	0.1089	3
78.4099	23	4	1	0.171	1
78.5063	23	2	1	0.1524	1
78.5063	23	1	0	0.1301	2
78.5063	23	4	0	0.0964	3
78.5279	23	3	1	0.1517	1
78.6105	23	2	0	0.1042	6
78.6366	23	1	1	0.1303	1
78.6366	23	3	0	0.1087	3
78.6843	23	4	1	0.178	1
78.7636	23	2	1	0.1531	1
78.7636	23	1	0	0.127	2
78.7636	23	4	0	0.0793	3
78.7919	23	3	1	0.1553	1
78.8741	23	2	0	0.1105	6
78.8981	23	1	1	0.1345	1
78.8981	23	3	0	0.1062	3
78.9385	23	4	1	0.1749	1
79.0263	23	2	1	0.1522	1
79.0263	23	1	0	0.1282	2
79.0263	23	4	0	0.0878	3
79.0526	23	3	1	0.1545	1
79.1347	23	2	0	0.1084	6
79.1587	23	1	1	0.1324	1
79.1587	23	3	0	0.1061	3
79.2052	23	4	1	0.1789	1
79.2863	23	2	1	0.1516	1
79.2863	23	1	0	0.1276	2
79.2863	23	4	0	0.0811	3
79.31	23	3	1	0.1513	1
79.4335	23	2	0	0.1472	6
79.4476	23	1	1	0.1613	1
79.4476	23	3	0	0.1376	3
79.472	23	4	1	0.1857	1
79.5795	23	2	1	0.146	1
79.5795	23	1	0	0.1319	2
79.5795	23	4	0	0.1075	3
79.6027	23	3	1	0.1551	1
79.6458	23	2	0	0.0663	6
79.6747	23	1	1	0.0952	1
79.6747	23	3	0	0.072	3
79.6967	23	3	1	0.022	0
79.7518	23	4	1	0.1723	1
79.7518	23	3	0	0.0551	2
79.7519	23	2	1	0.1061	0
79.7519	23	1	0	0.0772	2
79.7519	23	4	0	0.0001	3
79.7719	23	4	1	0.02	1
79.8182	23	2	0	0.0663	6
79.8183	23	1	1	0.0664	0
79.8713	23	4	0	0.0994	6
79.8913	23	3	1	0.1395	1
79.915	23	2	1	0.0968	1
79.915	23	1	0	0.0967	2
79.9626	23	3	0	0.0713	6
79.9627	23	1	1	0.0477	0
79.9627	23	2	0	0.0477	2
79.9627	23	4	1	0.0914	0
80.02	23	1	0	0.0573	6
80.0201	23	3	1	0.0575	0
80.0201	23	4	0	0.0574	2
80.04	23	1	1	0.02	0
80.04	23	3	0	0.0199	3
80.06	23	3	1	0.02	0
80.0623	23	2	1	0.0996	1
80.0623	23	1	0	0.0223	2
80.1054	23	3	0	0.0454	6
80.1254	23	3	1	0.02	0
80.1256	23	2	0	0.0633	6
80.1517	23	1	1	0.0894	1
80.1517	23	3	0	0.0263	3
80.1665	23	4	1	0.1464	1
80.2371	23	2	1	0.1115	1
80.2371	23	1	0	0.0854	2
80.2371	23	4	0	0.0706	3
80.2748	23	3	1	0.1231	0
80.3081	23	2	0	0.071	6
80.3393	23	1	1	0.1022	1
80.3393	23	3	0	0.0645	3
80.3853	23	4	1	0.1482	1
80.4328	23	2	1	0.1247	1
80.4328	23	1	0	0.0935	2
80.4328	23	4	0	0.0475	3
80.469	23	3	1	0.1297	1
80.542	23	2	0	0.1092	6
80.563	23	1	1	0.1302	1
80.563	23	3	0	0.094	3
80.5824	23	4	1	0.1496	1
80.6774	23	2	1	0.1354	1
80.6774	23	1	0	0.1144	2
80.6774	23	4	0	0.095	3
80.7	23	3	1	0.137	1
80.7548	23	2	0	0.0774	6
80.7845	23	1	1	0.1071	1
80.7845	23	3	0	0.0845	3
80.8415	23	4	1	0.1641	1
80.8895	23	2	1	0.1347	1
80.8895	23	1	0	0.105	2
80.8895	23	4	0	0.048	3
80.9217	23	3	1	0.1372	1
81.0007	23	2	0	0.1112	6
81.022	23	1	1	0.1325	1
81.022	23	3	0	0.1003	3
81.0501	23	4	1	0.1606	1
81.1423	23	2	1	0.1416	1
81.1423	23	1	0	0.1203	2
81.1423	23	4	0	0.0922	3
81.1687	23	3	1	0.1467	1
81.2359	23	2	0	0.0936	6
81.2643	23	1	1	0.122	1
81.2643	23	3	0	0.0956	3
81.3125	23	4	1	0.1702	1
81.3742	23	2	1	0.1383	1
81.3742	23	1	0	0.1099	2
81.3742	23	4	0	0.0617	3
81.4099	23	3	1	0.1456	1
81.4781	23	2	0	0.1039	6
81.5031	23	1	1	0.1289	1
81.5031	23	3	0	0.0932	3
81.5374	23	4	1	0.1632	1
81.6217	23	2	1	0.1436	1
81.6217	23	1	0	0.1186	2
81.6217	23	4	0	0.0843	3
81.6448	23	3	1	0.1417	1
81.7319	23	2	0	0.1102	6
81.7554	23	1	1	0.1337	1
81.7554	23	3	0	0.1106	3
81.7982	23	4	1	0.1765	1
81.8875	23	2	1	0.1556	1
81.8875	23	1	0	0.1321	2
81.8875	23	4	0	0.0893	3
81.9053	23	3	1	0.1499	1
82.0552	23	2	0	0.1677	6
82.0615	23	1	1	0.174	1
82.0615	23	3	0	0.1562	3
82.0785	23	4	1	0.191	1
82.164	23	1	0	0.1025	6
82.1641	23	2	1	0.1089	0
82.1641	23	4	0	0.0856	3
82.1934	23	3	1	0.1319	0
82.2219	23	2	0	0.0578	6
82.2489	23	1	1	0.0849	1
82.2489	23	3	0	0.0555	3
82.2689	23	3	1	0.02	0
82.3268	23	2	1	0.1049	1
82.3268	23	1	0	0.0779	2
82.3289	23	4	1	0.1648	1
82.3289	23	3	0	0.06	2
82.3676	23	2	0	0.0408	6
82.3677	23	1	1	0.0409	0
82.4207	23	4	0	0.0918	6
82.443	23	3	1	0.1141	0
82.4621	23	2	1	0.0945	1
82.4621	23	1	0	0.0944	2
82.5098	23	3	0	0.0668	6
82.5099	23	1	1	0.0478	0
82.5099	23	2	0	0.0478	2
82.5099	23	4	1	0.0892	0
82.5651	23	1	0	0.0552	6
82.5661	23	3	1	0.0563	0
82.5661	23	4	0	0.0562	2
82.5851	23	1	1	0.02	0
82.5851	23	3	0	0.019	3
82.6051	23	3	1	0.02	0
82.6075	23	2	1	0.0976	1
82.6075	23	1	0	0.0224	2
82.6446	23	3	0	0.0395	6
82.6447	23	1	1	0.0372	0
82.6447	23	2	0	0.0372	2
82.6447	23	4	1	0.0786	0
82.6957	23	1	0	0.051	6
82.7006	23	3	1	0.056	0
82.7006	23	4	0	0.0559	2
82.7157	23	1	1	0.02	0
82.7157	23	3	0	0.0151	3
82.7357	23	3	1	0.02	0
82.7389	23	2	1	0.0942	1
82.7389	23	1	0	0.0232	2
82.7826	23	3	0	0.0469	6
82.8026	23	3	1	0.02	0
82.8028	23	2	0	0.0639	6
82.8291	23	1	1	0.0902	1
82.8291	23	3	0	0.0265	3
82.838	23	4	1	0.1374	1
82.9074	23	1	0	0.0783	6
82.9075	23	2	1	0.1047	0
82.9075	23	4	0	0.0695	3
82.939	23	3	1	0.1099	0
82.9706	23	2	0	0.0631	6
83.0016	23	1	1	0.0942	1
83.0016	23	3	0	0.0626	3
83.0382	23	3	1	0.0366	0
83.048	23	4	1	0.1405	1
83.048	23	3	0	0.0098	2
83.0481	23	1	0	0.0465	6
83.068	23	3	1	0.02	0
83.068	23	4	0	0.02	2
83.0681	23	1	1	0.02	0
83.0681	23	3	0	0.0001	3
83.0881	23	3	1	0.02	0
83.0895	23	2	1	0.1189	1
83.0895	23	1	0	0.0214	2
83.1961	23	3	0	0.108	6
83.2066	23	4	1	0.1386	1
83.2159	23	1	1	0.1264	1
83.2159	23	2	0	0.1264	2
83.2673	23	4	0	0.0607	6
83.2674	23	2	1	0.0515	0
83.2674	23	1	0	0.0515	2
83.2674	23	3	1	0.0713	0
83.3052	23	2	0	0.0378	6
83.3252	23	2	1	0.02	0
83.3254	23	3	0	0.058	6
83.3478	23	4	1	0.0805	0
83.361	23	1	1	0.0936	1
83.361	23	2	0	0.0358	2
83.4078	23	4	0	0.06	6
83.4079	23	2	1	0.0469	0
83.4079	23	1	0	0.0469	2
83.4079	23	3	1	0.0825	0
83.4604	23	2	0	0.0525	6
83.4674	23	4	1	0.0596	0
83.4674	23	3	0	0.0595	2
83.4804	23	2	1	0.02	0
83.4804	23	4	0	0.013	3
83.5004	23	4	1	0.02	0
83.5062	23	1	1	0.0983	1
83.5062	23	2	0	0.0258	2
83.547	23	4	0	0.0466	6
83.5471	23	2	1	0.0409	0
83.5471	23	1	0	0.0409	2
83.5471	23	3	1	0.0797	0
83.5972	23	2	0	0.0501	6
83.5992	23	4	1	0.0522	0
83.5992	23	3	0	0.0521	2
83.6172	23	2	1	0.02	0
83.6172	23	4	0	0.018	3
83.6372	23	4	1	0.02	0
83.6412	23	1	1	0.0941	1
83.6412	23	2	0	0.024	2
83.6841	23	4	0	0.0469	6
83.6842	23	2	1	0.043	0
83.6842	23	1	0	0.043	2
83.6842	23	3	1	0.085	0
83.7369	23	2	0	0.0527	6
83.737	23	4	1	0.0529	0
83.737	23	3	0	0.0528	2
83.7569	23	2	1	0.02	0
83.7569	23	4	0	0.0199	3
83.7769	23	4	1	0.02	0
83.7772	23	1	1	0.093	1
83.7772	23	2	0	0.0203	2
83.8188	23	4	0	0.0419	6
83.8189	23	2	1	0.0417	0
83.8189	23	1	0	0.0417	2
83.8189	23	3	1	0.0819	0
83.8731	23	2	0	0.0542	6
83.8732	23	4	1	0.0544	0
83.8732	23	3	0	0.0543	2
83.8931	23	2	1	0.02	0
83.8931	23	4	0	0.0199	3
83.9122	23	1	1	0.0933	1
83.9122	23	2	0	0.0191	2
83.9182	23	4	1	0.0251	0
83.9583	23	1	0	0.0461	6
83.9993	23	2	1	0.0871	1
83.9993	23	4	0	0.0811	3
84.017	23	3	1	0.1438	1
84.0613	23	1	1	0.103	1
84.0613	23	2	0	0.062	2
84.0613	23	3	0	0.0443	3
84.102	23	4	1	0.1027	0
84.1437	23	1	0	0.0824	6
84.1699	23	2	1	0.1086	1
84.1699	23	4	0	0.0679	3
84.1982	23	3	1	0.1369	1
84.2748	23	1	1	0.1311	1
84.2748	23	2	0	0.1049	2
84.2748	23	3	0	0.0766	3
84.3033	23	4	1	0.1334	1
84.3764	23	1	0	0.1016	6
84.401	23	2	1	0.1262	1
84.401	23	4	0	0.0977	3
84.43	23	3	1	0.1552	1
84.5194	23	1	1	0.143	1
84.5194	23	2	0	0.1184	2
84.5194	23	3	0	0.0894	3
84.5443	23	4	1	0.1433	1
84.6143	23	1	0	0.0949	6
84.642	23	2	1	0.1226	1
84.642	23	4	0	0.0977	3
84.6869	23	3	1	0.1675	1
84.7563	23	1	1	0.142	1
84.7563	23	2	0	0.1143	2
84.7563	23	3	0	0.0694	3
84.786	23	4	1	0.144	1
84.8558	23	1	0	0.0995	6
84.88	23	2	1	0.1237	1
84.88	23	4	0	0.094	3
84.9229	23	3	1	0.1666	1
84.9961	23	1	1	0.1403	1
84.9961	23	2	0	0.1161	2
84.9961	23	3	0	0.0732	3
85.0254	23	4	1	0.1454	1
85.1098	23	1	0	0.1137	6
85.1302	23	2	1	0.1341	1
85.1302	23	4	0	0.1048	3
85.1686	23	3	1	0.1725	1
85.2614	23	1	1	0.1516	1
85.2614	23	2	0	0.1312	2
85.2614	23	3	0	0.0928	3
85.2812	23	4	1	0.151	1
85.3763	23	1	0	0.1149	6
85.3985	23	2	1	0.1371	1
85.3985	23	4	0	0.1173	3
85.4399	23	3	1	0.1785	1
85.5238	23	1	1	0.1475	1
85.5238	23	2	0	0.1253	2
85.5238	23	3	0	0.0839	3
85.5456	23	4	1	0.1471	1
85.6293	23	1	0	0.1055	6
85.6529	23	2	1	0.1291	1
85.6529	23	4	0	0.1073	3
85.6986	23	3	1	0.1748	1
85.7798	23	1	1	0.1505	1
85.7798	23	2	0	0.1269	2
85.7798	23	3	0	0.0812	3
85.7994	23	4	1	0.1465	1
85.9036	23	1	0	0.1238	6
85.9239	23	2	1	0.1441	1
85.9239	23	4	0	0.1245	3
85.9549	23	3	1	0.1751	1
86.0472	23	1	1	0.1436	1
86.0472	23	2	0	0.1233	2
86.0472	23	3	0	0.0923	3
86.0695	23	4	1	0.1456	1
86.1335	23	1	0	0.0863	6
86.1603	23	2	1	0.1131	1
86.1603	23	4	0	0.0908	3
86.2193	23	3	1	0.1721	1
86.2723	23	1	1	0.1388	1
86.2723	23	2	0	0.112	2
86.2723	23	3	0	0.053	3
86.3002	23	4	1	0.1399	1
86.3918	23	1	0	0.1195	6
86.409	23	2	1	0.1367	1
86.409	23	4	0	0.1088	3
86.4407	23	3	1	0.1684	1
86.5415	23	1	1	0.1497	1
86.5415	23	2	0	0.1325	2
86.5415	23	3	0	0.1008	3
86.5534	23	4	1	0.1444	1
86.6512	23	1	0	0.1097	6
86.6735	23	2	1	0.132	1
86.6735	23	4	0	0.1201	3
86.7246	23	3	1	0.1831	1
86.8063	23	1	1	0.1551	1
86.8063	23	2	0	0.1328	2
86.8063	23	3	0	0.0817	3
86.8268	23	4	1	0.1533	1
86.9366	23	1	0	0.1303	6
86.9532	23	2	1	0.1469	1
86.9532	23	4	0	0.1264	3
86.9928	23	3	1	0.1865	1
87.0899	23	1	1	0.1533	1
87.0899	23	2	0	0.1367	2
87.0899	23	3	0	0.0971	3
87.1105	23	4	1	0.1573	1
87.2077	23	1	0	0.1178	6
87.229	23	2	1	0.1391	1
87.229	23	4	0	0.1185	3
87.2776	23	3	1	0.1877	1
87.3587	23	1	1	0.151	1
87.3587	23	2	0	0.1297	2
87.3587	23	3	0	0.0811	3
87.3813	23	4	1	0.1523	1
87.473	23	1	0	0.1143	6
87.4948	23	2	1	0.1361	1
87.4948	23	4	0	0.1135	3
87.5335	23	3	1	0.1748	1
87.6163	23	1	1	0.1433	1
87.6163	23	2	0	0.1215	2
87.6163	23	3	0	0.0828	3
87.6413	23	4	1	0.1465	1
87.7299	23	1	0	0.1136	6
87.7522	23	2	1	0.1359	1
87.7522	23	4	0	0.1109	3
87.7946	23	3	1	0.1783	1
87.8733	23	1	1	0.1434	1
87.8733	23	2	0	0.1211	2
87.8733	23	3	0	0.0787	3
87.8994	23	4	1	0.1472	1
87.9777	23	1	0	0.1044	6
87.9994	23	2	1	0.1261	1
87.9994	23	4	0	0.1	3
88.0497	23	3	1	0.1764	1
88.1217	23	1	1	0.144	1
88.1217	23	2	0	0.1223	2
88.1217	23	3	0	0.072	3
88.1474	23	4	1	0.148	1
88.2392	23	1	0	0.1175	6
88.2582	23	2	1	0.1365	1
88.2582	23	4	0	0.1108	3
88.2946	23	3	1	0.1729	1
88.3884	23	1	1	0.1492	1
88.3884	23	2	0	0.1302	2
88.3884	23	3	0	0.0938	3
88.4053	23	4	1	0.1471	1
88.4974	23	1	0	0.109	6
88.5193	23	2	1	0.1309	1
88.5193	23	4	0	0.114	3
88.5658	23	3	1	0.1774	1
88.6445	23	1	1	0.1471	1
88.6445	23	2	0	0.1252	2
88.6445	23	3	0	0.0787	3
88.6658	23	4	1	0.1465	1
88.7921	23	1	0	0.1476	6
88.805	23	2	1	0.1605	1
88.805	23	4	0	0.1392	3
88.8308	23	3	1	0.1863	1
88.9329	23	2	0	0.1279	6
88.933	23	1	1	0.1409	0
88.933	23	3	0	0.1022	3
88.9536	23	4	1	0.1486	1
88.9977	23	1	0	0.0647	6
89.0265	23	2	1	0.0936	1
89.0265	23	4	0	0.0729	3
89.0465	23	4	1	0.02	0
89.0965	23	3	1	0.1635	1
89.0965	23	4	0	0.05	2
89.0966	23	1	1	0.0989	0
89.0966	23	2	0	0.0701	2
89.0966	23	3	0	0.0001	3
89.1166	23	3	1	0.02	1
89.1578	23	1	0	0.0612	6
89.1579	23	2	1	0.0613	0
89.2188	23	3	0	0.1022	6
89.2286	23	4	1	0.1321	1
89.2548	23	1	1	0.097	1
89.2548	23	2	0	0.0969	2
89.3085	23	4	0	0.0799	6
89.3086	23	2	1	0.0538	0
89.3086	23	1	0	0.0538	2
89.3086	23	3	1	0.0898	0
89.3687	23	2	0	0.0601	6
89.3688	23	4	1	0.0603	0
89.3688	23	3	0	0.0602	2
89.3887	23	2	1	0.02	0
89.3887	23	4	0	0.0199	3
89.406	23	1	1	0.0974	1
89.406	23	2	0	0.0173	2
89.4136	23	4	1	0.0249	0
89.4545	23	1	0	0.0485	6
89.4943	23	2	1	0.0883	1
89.4943	23	4	0	0.0807	3
89.5143	23	4	1	0.02	0
89.5166	23	3	1	0.1478	1
89.5166	23	4	0	0.0023	2
89.5167	23	2	0	0.0224	6
89.5168	23	1	1	0.0623	0
89.5168	23	3	0	0.0002	3
89.5366	23	4	1	0.02	0
89.5368	23	3	1	0.02	1
89.5368	23	4	0	0.0002	2
89.5369	23	1	0	0.0201	6
89.537	23	2	1	0.0203	0
89.66	23	4	1	0.1232	1
89.66	23	3	0	0.1232	2
89.6601	23	2	0	0.1231	6
89.6801	23	2	1	0.02	0
89.6801	23	4	0	0.0201	3
89.6855	23	1	1	0.1486	1
89.6855	23	2	0	0.0054	2
89.7283	23	4	1	0.0482	0
89.7946	23	1	0	0.1091	6
89.8207	23	2	1	0.1352	1
89.8207	23	4	0	0.0924	3
89.8243	23	3	1	0.1643	1
89.9016	23	2	0	0.0809	6
89.9017	23	1	1	0.1071	0
89.9017	23	3	0	0.0774	3
89.936	23	4	1	0.1153	0
89.9663	23	1	0	0.0646	6
89.9931	23	2	1	0.0915	1
89.9931	23	4	0	0.0571	3
90.0152	23	4	1	0.0221	0
90.0588	23	3	1	0.1571	1
90.0588	23	4	0	0.0436	2
90.0589	23	1	1	0.0926	0
90.0589	23	2	0	0.0658	2
90.0589	23	3	0	0.0001	3
90.0789	23	3	1	0.02	1
90.1288	23	1	0	0.0699	6
90.1289	23	2	1	0.07	0
90.1905	23	3	0	0.1116	6
90.1938	23	4	1	0.135	1
90.2273	23	1	1	0.0985	1
90.2273	23	2	0	0.0984	2
90.2787	23	4	0	0.0849	6
90.2788	23	2	1	0.0515	0
90.2788	23	1	0	0.0515	2
90.2788	23	3	1	0.0883	0
90.3363	23	2	0	0.0575	6
90.3364	23	4	1	0.0577	0
90.3364	23	3	0	0.0576	2
90.3563	23	2	1	0.02	0
90.3563	23	4	0	0.0199	3
90.3734	23	1	1	0.0946	1
90.3734	23	2	0	0.0171	2
90.3775	23	4	1	0.0212	0
90.4186	23	1	0	0.0452	6
90.4591	23	2	1	0.0857	1
90.4591	23	4	0	0.0816	3
90.4791	23	3	1	0.1427	1
90.4791	23	4	1	0.02	0
90.4791	23	3	0	0	2
90.4991	23	3	1	0.02	1
90.4991	23	4	0	0.02	2
90.5261	23	1	1	0.1075	1
90.5261	23	2	0	0.067	2
90.5261	23	3	0	0.027	3
90.5716	23	4	1	0.0725	0
90.6203	23	1	0	0.0942	6
90.6405	23	2	1	0.1144	1
90.6405	23	4	0	0.0689	3
90.6629	23	3	1	0.1368	1
90.7502	23	1	1	0.1299	1
90.7502	23	2	0	0.1097	2
90.7502	23	3	0	0.0873	3
90.7731	23	4	1	0.1326	1
90.8485	23	1	0	0.0983	6
90.8733	23	2	1	0.1231	1
90.8733	23	4	0	0.1002	3
90.9118	23	3	1	0.1616	1
90.9883	23	1	1	0.1398	1
90.9883	23	2	0	0.115	2
90.9883	23	3	0	0.0765	3
91.0137	23	4	1	0.1404	1
91.0857	23	1	0	0.0974	6
91.1095	23	2	1	0.1212	1
91.1095	23	4	0	0.0958	3
91.1554	23	3	1	0.1671	1
91.225	23	1	1	0.1393	1
91.225	23	2	0	0.1155	2
91.225	23	3	0	0.0696	3
91.2519	23	4	1	0.1424	1
91.334	23	1	0	0.109	6
91.3565	23	2	1	0.1315	1
91.3565	23	4	0	0.1046	3
91.3895	23	3	1	0.1645	1
91.4714	23	1	1	0.1374	1
91.4714	23	2	0	0.1149	2
91.4714	23	3	0	0.0819	3
91.4976	23	4	1	0.1411	1
91.5646	23	1	0	0.0932	6
91.5888	23	2	1	0.1174	1
91.5888	23	4	0	0.0912	3
91.6366	23	3	1	0.1652	1
91.7045	23	1	1	0.1399	1
91.7045	23	2	0	0.1157	2
91.7045	23	3	0	0.0679	3
91.7333	23	4	1	0.1445	1
91.8128	23	1	0	0.1083	6
91.8353	23	2	1	0.1308	1
91.8353	23	4	0	0.102	3
91.8668	23	3	1	0.1623	1
91.9569	23	1	1	0.1441	1
91.9569	23	2	0	0.1216	2
91.9569	23	3	0	0.0901	3
91.9776	23	4	1	0.1423	1
92.0578	23	1	0	0.1009	6
92.0802	23	2	1	0.1233	1
92.0802	23	4	0	0.1026	3
92.1304	23	3	1	0.1735	1
92.1961	23	1	1	0.1383	1
92.1961	23	2	0	0.1159	2
92.1961	23	3	0	0.0657	3
92.226	23	4	1	0.1458	1
92.3091	23	1	0	0.113	6
92.3314	23	2	1	0.1353	1
92.3314	23	4	0	0.1054	3
92.3622	23	3	1	0.1661	1
92.4469	23	1	1	0.1378	1
92.4469	23	2	0	0.1155	2
92.4469	23	3	0	0.0847	3
92.4728	23	4	1	0.1414	1
92.5241	23	1	0	0.0772	6
92.5501	23	2	1	0.1032	1
92.5501	23	4	0	0.0773	3
92.5964	23	4	1	0.0463	0
92.6097	23	3	1	0.1628	1
92.6097	23	4	0	0.0133	2
92.6098	23	2	0	0.0597	6
92.6297	23	4	1	0.02	0
92.6297	23	3	0	0.02	2
92.6298	23	2	1	0.02	0
92.6298	23	4	0	0.0001	3
92.6498	23	4	1	0.02	0
92.651	23	1	1	0.1269	1
92.651	23	2	0	0.0212	2
92.7502	23	4	0	0.1004	6
92.7714	23	3	1	0.1417	0
92.7779	23	2	1	0.1269	1
92.7779	23	1	0	0.1269	2
92.8303	23	3	0	0.0589	6
92.8304	23	1	1	0.0525	0
92.8304	23	2	0	0.0525	2
92.8304	23	4	1	0.0802	0
92.8699	23	1	0	0.0395	6
92.8899	23	1	1	0.02	0
92.8901	23	4	0	0.0597	6
92.9127	23	3	1	0.0824	0
92.9208	23	2	1	0.0904	1
92.9208	23	1	0	0.0309	2
92.9733	23	3	0	0.0606	6
92.9734	23	1	1	0.0526	0
92.9734	23	2	0	0.0526	2
92.9734	23	4	1	0.0833	0
93.0322	23	1	0	0.0588	6
93.0323	23	3	1	0.059	0
93.0323	23	4	0	0.0589	2
93.0522	23	1	1	0.02	0
93.0522	23	3	0	0.0199	3
93.0722	23	3	1	0.02	0
93.0743	23	2	1	0.1009	1
93.0743	23	1	0	0.0221	2
93.1112	23	3	0	0.039	6
93.1113	23	1	1	0.037	0
93.1113	23	2	0	0.037	2
93.1113	23	4	1	0.079	0
93.1578	23	1	0	0.0465	6
93.1616	23	3	1	0.0504	0
93.1616	23	4	0	0.0503	2
93.1778	23	1	1	0.02	0
93.1778	23	3	0	0.0162	3
93.1978	23	3	1	0.02	0
93.2029	23	2	1	0.0916	1
93.2029	23	1	0	0.0251	2
93.2425	23	3	0	0.0447	6
93.2426	23	1	1	0.0397	0
93.2426	23	2	0	0.0397	2
93.2426	23	4	1	0.081	0
93.295	23	1	0	0.0524	6
93.2951	23	3	1	0.0526	0
93.2951	23	4	0	0.0525	2
93.315	23	1	1	0.02	0
93.315	23	3	0	0.0199	3
93.3325	23	2	1	0.0899	1
93.3325	23	1	0	0.0175	2
93.335	23	3	1	0.02	0
93.3746	23	2	0	0.0421	6
93.407	23	1	1	0.0745	0
93.407	23	3	0	0.072	3
93.427	23	3	1	0.02	0
93.429	23	4	1	0.1339	1
93.429	23	3	0	0.002	2
93.4291	23	1	0	0.0221	6
93.449	23	3	1	0.02	0
93.449	23	4	0	0.02	2
93.4491	23	1	1	0.02	0
93.4491	23	3	0	0.0001	3
93.472	23	3	1	0.0229	0
93.4786	23	2	1	0.104	1
93.4786	23	1	0	0.0295	2
93.5887	23	4	1	0.1397	1
93.5887	23	3	0	0.1167	2
93.5888	23	2	0	0.1102	6
93.609	23	1	1	0.1304	1
93.6575	23	4	0	0.0688	6
93.6576	23	2	1	0.0688	0
93.6576	23	1	0	0.0486	2
93.6576	23	3	1	0.0689	0
93.719	23	2	0	0.0614	6
93.7191	23	4	1	0.0616	0
93.7191	23	3	0	0.0615	2
93.739	23	2	1	0.02	0
93.739	23	4	0	0.0199	3
93.7585	23	1	1	0.1009	1
93.7585	23	2	0	0.0195	2
93.7612	23	4	1	0.0222	0
93.8036	23	1	0	0.0451	6
93.8272	23	2	1	0.0687	0
93.8272	23	4	0	0.066	3
93.8472	23	4	1	0.02	0
93.8669	23	3	1	0.1478	1
93.8669	23	4	0	0.0197	2
93.867	23	1	1	0.0634	0
93.867	23	2	0	0.0398	2
93.867	23	3	0	0.0001	3
93.8869	23	4	1	0.02	0
93.887	23	3	1	0.02	1
93.887	23	4	0	0.0001	2
93.8871	23	1	0	0.0201	6
93.8872	23	2	1	0.0202	0
93.9965	23	3	0	0.1095	6
94.0016	23	4	1	0.1146	1
94.0081	23	1	1	0.121	1
94.0081	23	2	0	0.1209	2
94.0677	23	4	0	0.0661	6
94.0678	23	2	1	0.0597	0
94.0678	23	1	0	0.0597	2
94.0678	23	3	1	0.0713	0
94.1184	23	2	0	0.0506	6
94.1185	23	4	1	0.0508	0
94.1185	23	3	0	0.0507	2
94.1384	23	2	1	0.02	0
94.1384	23	4	0	0.0199	3
94.1584	23	4	1	0.02	0
94.1637	23	1	1	0.0959	1
94.1637	23	2	0	0.0253	2
94.2051	23	4	0	0.0467	6
94.2052	23	2	1	0.0415	0
94.2052	23	1	0	0.0415	2
94.2052	23	3	1	0.0867	0
94.2553	23	2	0	0.0501	6
94.2554	23	4	1	0.0503	0
94.2554	23	3	0	0.0502	2
94.2753	23	2	1	0.02	0
94.2753	23	4	0	0.0199	3
94.2951	23	1	1	0.0899	1
94.2951	23	2	0	0.0198	2
94.2972	23	4	1	0.0219	0
94.3387	23	1	0	0.0436	6
94.3769	23	2	1	0.0818	0
94.3769	23	4	0	0.0797	3
94.3951	23	3	1	0.1397	1
94.4415	23	1	1	0.1028	1
94.4415	23	2	0	0.0646	2
94.4415	23	3	0	0.0464	3
94.4789	23	4	1	0.102	0
94.5192	23	1	0	0.0777	6
94.5444	23	2	1	0.1029	1
94.5444	23	4	0	0.0655	3
94.5752	23	3	1	0.1337	1
94.6428	23	1	1	0.1236	1
94.6428	23	2	0	0.0984	2
94.6428	23	3	0	0.0676	3
94.6678	23	4	1	0.1234	1
94.7495	23	1	0	0.1067	6
94.7696	23	2	1	0.1268	1
94.7696	23	4	0	0.1018	3
94.7924	23	3	1	0.1496	1
94.8805	23	1	1	0.131	1
94.8805	23	2	0	0.1109	2
94.8805	23	3	0	0.0881	3
94.9034	23	4	1	0.1338	1
94.9658	23	1	0	0.0853	6
94.9934	23	2	1	0.1129	1
94.9934	23	4	0	0.09	3
95.0398	23	3	1	0.1593	1
95.0957	23	1	1	0.1299	1
95.0957	23	2	0	0.1023	2
95.0957	23	3	0	0.0559	3
95.1301	23	4	1	0.1367	1
95.196	23	1	0	0.1003	6
95.2201	23	2	1	0.1244	1
95.2201	23	4	0	0.09	3
95.2504	23	3	1	0.1547	1
95.3241	23	1	1	0.1281	1
95.3241	23	2	0	0.104	2
95.3241	23	3	0	0.0737	3
95.3579	23	4	1	0.1378	1
95.4109	23	1	0	0.0868	6
95.4369	23	2	1	0.1128	1
95.4369	23	4	0	0.079	3
95.4821	23	3	1	0.158	1
95.5424	23	1	1	0.1315	1
95.5424	23	2	0	0.1055	2
95.5424	23	3	0	0.0603	3
95.5689	23	4	1	0.132	1
95.6483	23	1	0	0.1059	6
95.6684	23	2	1	0.126	1
95.6684	23	4	0	0.0995	3
95.7036	23	3	1	0.1612	1
95.7886	23	1	1	0.1403	1
95.7886	23	2	0	0.1202	2
95.7886	23	3	0	0.085	3
95.8058	23	4	1	0.1374	1
95.9002	23	1	0	0.1116	6
95.9196	23	2	1	0.131	1
95.9196	23	4	0	0.1138	3
95.9615	23	3	1	0.1729	1
96.0418	23	1	1	0.1416	1
96.0418	23	2	0	0.1222	2
96.0418	23	3	0	0.0803	3
96.0661	23	4	1	0.1465	1
96.1415	23	1	0	0.0997	6
96.1637	23	2	1	0.1219	1
96.1637	23	4	0	0.0976	3
96.2116	23	3	1	0.1698	1
96.2845	23	1	1	0.143	1
96.2845	23	2	0	0.1208	2
96.2845	23	3	0	0.0729	3
96.309	23	4	1	0.1453	1
96.3965	23	1	0	0.112	6
96.4159	23	2	1	0.1314	1
96.4159	23	4	0	0.1069	3
96.4546	23	3	1	0.1701	1
96.5354	23	1	1	0.1389	1
96.5354	23	2	0	0.1195	2
96.5354	23	3	0	0.0808	3
96.5591	23	4	1	0.1432	1
96.6415	23	1	0	0.1061	6
96.6625	23	2	1	0.1271	1
96.6625	23	4	0	0.1034	3
96.7056	23	3	1	0.1702	1
96.7809	23	1	1	0.1394	1
96.7809	23	2	0	0.1184	2
96.7809	23	3	0	0.0753	3
96.8057	23	4	1	0.1432	1
96.8874	23	1	0	0.1065	6
96.9076	23	2	1	0.1267	1
96.9076	23	4	0	0.1019	3
96.9455	23	3	1	0.1646	1
97.0261	23	1	1	0.1387	1
97.0261	23	2	0	0.1185	2
97.0261	23	3	0	0.0806	3
97.0487	23	4	1	0.1411	1
97.1285	23	1	0	0.1024	6
97.1484	23	2	1	0.1223	1
97.1484	23	4	0	0.0997	3
97.1967	23	3	1	0.1706	1
97.2698	23	1	1	0.1413	1
97.2698	23	2	0	0.1214	2
97.2698	23	3	0	0.0731	3
97.2939	23	4	1	0.1455	1
97.3931	23	1	0	0.1233	6
97.4092	23	2	1	0.1394	1
97.4092	23	4	0	0.1153	3
97.4385	23	3	1	0.1687	1
97.5334	23	1	1	0.1403	1
97.5334	23	2	0	0.1242	2
97.5334	23	3	0	0.0949	3
97.5519	23	4	1	0.1427	1
97.618	23	1	0	0.0846	6
97.6424	23	2	1	0.109	1
97.6424	23	4	0	0.0905	3
97.6989	23	3	1	0.1655	1
97.7478	23	1	1	0.1298	1
97.7478	23	2	0	0.1054	2
97.7478	23	3	0	0.0489	3
97.7816	23	4	1	0.1392	1
97.8592	23	1	0	0.1114	6
97.8769	23	2	1	0.1291	1
97.8769	23	4	0	0.0953	3
97.9075	23	3	1	0.1597	1
97.9951	23	1	1	0.1359	1
97.9951	23	2	0	0.1182	2
97.9951	23	3	0	0.0876	3
98.0166	23	4	1	0.1397	1
98.0919	23	1	0	0.0968	6
98.1138	23	2	1	0.1187	1
98.1138	23	4	0	0.0972	3
98.1621	23	3	1	0.167	1
98.2279	23	1	1	0.136	1
98.2279	23	2	0	0.1141	2
98.2279	23	3	0	0.0658	3
98.2558	23	4	1	0.142	1
98.3436	23	1	0	0.1157	6
98.361	23	2	1	0.1331	1
98.361	23	4	0	0.1052	3
98.3949	23	3	1	0.167	1
98.4787	23	1	1	0.1351	1
98.4787	23	2	0	0.1177	2
98.4787	23	3	0	0.0838	3
98.4989	23	4	1	0.1379	1
98.5721	23	1	0	0.0934	6
98.5942	23	2	1	0.1155	1
98.5942	23	4	0	0.0953	3
98.6424	23	3	1	0.1637	1
98.7097	23	1	1	0.1376	1
98.7097	23	2	0	0.1155	2
98.7097	23	3	0	0.0673	3
98.7344	23	4	1	0.1402	1
98.8251	23	1	0	0.1154	6
98.8425	23	2	1	0.1328	1
98.8425	23	4	0	0.1081	3
98.8715	23	3	1	0.1618	1
98.9625	23	1	1	0.1374	1
98.9625	23	2	0	0.12	2
98.9625	23	3	0	0.091	3
98.981	23	4	1	0.1385	1
99.0502	23	1	0	0.0877	6
99.0737	23	2	1	0.1112	1
99.0737	23	4	0	0.0927	3
99.1249	23	3	1	0.1624	1
99.1844	23	1	1	0.1342	1
99.1844	23	2	0	0.1107	2
99.1844	23	3	0	0.0595	3
99.2118	23	4	1	0.1381	1
99.2913	23	1	0	0.1069	6
99.31	23	2	1	0.1256	1
99.31	23	4	0	0.0982	3
99.3424	23	3	1	0.158	1
99.4301	23	1	1	0.1388	1
99.4301	23	2	0	0.1201	2
99.4301	23	3	0	0.0877	3
99.4515	23	4	1	0.1415	1
99.5321	23	1	0	0.102	6
99.5542	23	2	1	0.1241	1
99.5542	23	4	0	0.1027	3
99.5953	23	3	1	0.1652	1
99.6688	23	1	1	0.1367	1
99.6688	23	2	0	0.1146	2
99.6688	23	3	0	0.0735	3
99.694	23	4	1	0.1398	1
99.7654	23	1	0	0.0966	6
99.7879	23	2	1	0.1191	1
99.7879	23	4	0	0.0939	3
99.8294	23	3	1	0.1606	1
99.8968	23	1	1	0.1314	1
99.8968	23	2	0	0.1089	2
99.8968	23	3	0	0.0674	3
99.9269	23	4	1	0.139	1
