0	59.84	1	-1	0	inf
0.027	59.8064	4	-1	0.027	inf
0.052	59.0537	1	0.052	-1	19.2308
0.069	59.1463	2	-1	0.069	19.2308
0.073	58.8409	4	0.046	-1	19.2308
0.085	58.8736	3	-1	0.085	19.2308
0.113	57.588	2	0.044	-1	19.2308
0.123	57.6974	1	-1	0.071	19.2308
0.128	57.3429	3	0.043	-1	19.2308
0.146	57.488	4	-1	0.073	19.2308
0.173	56.6419	1	0.05	-1	8.26446
0.185	56.8219	2	-1	0.072	8.26446
0.19	56.4985	4	0.044	-1	8.26446
0.206	56.6848	3	-1	0.078	8.26446
0.234	55.7415	2	0.049	-1	8.26446
0.246	55.9614	1	-1	0.073	8.26446
0.251	55.64	3	0.045	-1	8.26446
0.268	55.8917	4	-1	0.078	8.26446
0.296	55.0267	1	0.05	-1	8.13008
0.308	55.2799	2	-1	0.074	8.13008
0.312	55.0392	4	0.044	-1	8.13008
0.33	55.3492	3	-1	0.079	8.13008
0.358	54.6044	2	0.05	-1	8.13008
0.371	54.8998	1	-1	0.075	8.13008
0.376	54.6078	3	0.046	-1	8.13008
0.393	54.9253	4	-1	0.081	8.13008
0.421	54.1897	1	0.05	-1	8
0.433	54.4847	2	-1	0.075	8
0.438	54.2014	4	0.045	-1	8
0.456	54.5685	3	-1	0.08	8
0.485	53.9979	2	0.052	-1	8
0.497	54.3005	1	-1	0.076	8
0.502	54.0143	3	0.046	-1	8
0.52	54.3931	4	-1	0.082	8
0.549	53.7831	1	0.052	-1	7.8125
0.561	54.096	2	-1	0.076	7.8125
0.566	53.8199	4	0.046	-1	7.8125
0.584	54.2118	3	-1	0.082	7.8125
0.613	53.6282	2	0.052	-1	7.8125
0.625	53.9494	1	-1	0.076	7.8125
0.63	53.6717	3	0.046	-1	7.8125
0.648	54.0758	4	-1	0.082	7.8125
0.677	53.4344	1	0.052	-1	7.8125
0.69	53.7885	2	-1	0.077	7.8125
0.695	53.518	4	0.047	-1	7.8125
0.712	53.9064	3	-1	0.082	7.8125
0.742	53.2886	2	0.052	-1	7.8125
0.754	53.6259	1	-1	0.077	7.8125
0.759	53.3558	3	0.047	-1	7.8125
0.777	53.7821	4	-1	0.082	7.8125
0.806	53.123	1	0.052	-1	7.75194
0.819	53.493	2	-1	0.077	7.75194
0.824	53.229	4	0.047	-1	7.75194
0.841	53.6366	3	-1	0.082	7.75194
0.871	52.9916	2	0.052	-1	7.75194
0.883	53.3428	1	-1	0.077	7.75194
0.888	53.0804	3	0.047	-1	7.75194
0.906	53.5256	4	-1	0.082	7.75194
0.936	52.9594	1	0.053	-1	7.69231
0.948	53.3104	2	-1	0.077	7.69231
0.953	53.0461	4	0.047	-1	7.69231
0.971	53.4916	3	-1	0.083	7.69231
1.001	52.9216	2	0.053	-1	7.69231
1.013	53.2754	1	-1	0.077	7.69231
1.018	53.0144	3	0.047	-1	7.69231
1.036	53.4632	4	-1	0.083	7.69231
1.066	52.9046	1	0.053	-1	7.69231
1.079	53.2867	2	-1	0.078	7.69231
1.084	53.0209	4	0.048	-1	7.69231
1.102	53.4668	3	-1	0.084	7.69231
1.131	52.9128	2	0.052	-1	7.69231
1.144	53.2953	1	-1	0.078	7.69231
1.149	53.0359	3	0.047	-1	7.69231
1.167	53.4811	4	-1	0.083	7.69231
1.196	52.9681	1	0.052	-1	7.69231
1.208	53.3208	2	-1	0.077	7.69231
1.213	53.0562	4	0.046	-1	7.69231
1.231	53.504	3	-1	0.082	7.69231
1.261	52.9122	2	0.053	-1	7.69231
1.274	53.2922	1	-1	0.078	7.69231
1.279	53.0292	3	0.048	-1	7.69231
1.296	53.4493	4	-1	0.083	7.69231
1.326	52.7782	1	0.052	-1	7.69231
1.339	53.168	2	-1	0.078	7.69231
1.344	52.9108	4	0.048	-1	7.69231
1.362	53.3653	3	-1	0.083	7.69231
1.391	52.8322	2	0.052	-1	7.69231
1.404	53.2189	1	-1	0.078	7.69231
1.409	52.9562	3	0.047	-1	7.69231
1.427	53.4077	4	-1	0.083	7.69231
1.456	52.8472	1	0.052	-1	7.69231
1.469	53.2324	2	-1	0.078	7.69231
1.474	52.9736	4	0.047	-1	7.69231
1.492	53.4224	3	-1	0.083	7.69231
1.521	52.901	2	0.052	-1	7.69231
1.534	53.2851	1	-1	0.078	7.69231
1.539	53.0211	3	0.047	-1	7.69231
1.557	53.4692	4	-1	0.083	7.69231
1.586	52.9116	1	0.052	-1	7.69231
1.599	53.2929	2	-1	0.078	7.69231
1.604	53.0318	4	0.047	-1	7.69231
1.622	53.4759	3	-1	0.083	7.69231
1.651	52.9554	2	0.052	-1	7.69231
1.663	53.3092	1	-1	0.077	7.69231
1.668	53.0473	3	0.046	-1	7.69231
1.686	53.4962	4	-1	0.082	7.69231
1.716	52.9208	1	0.053	-1	7.69231
1.729	53.3004	2	-1	0.078	7.69231
1.734	53.0345	4	0.048	-1	7.69231
1.752	53.4773	3	-1	0.084	7.69231
1.781	52.935	2	0.052	-1	7.69231
1.793	53.29	1	-1	0.077	7.69231
1.798	53.0329	3	0.046	-1	7.69231
1.816	53.4824	4	-1	0.082	7.69231
1.846	52.9409	1	0.053	-1	7.69231
1.859	53.3204	2	-1	0.078	7.69231
1.864	53.0496	4	0.048	-1	7.69231
1.882	53.4931	3	-1	0.084	7.69231
1.911	52.9111	2	0.052	-1	7.69231
1.923	53.2656	1	-1	0.077	7.69231
1.928	53.0131	3	0.046	-1	7.69231
1.946	53.4613	4	-1	0.082	7.69231
1.975	52.8528	1	0.052	-1	7.75194
1.989	53.2671	2	-1	0.078	7.75194
1.994	52.9987	4	0.048	-1	7.75194
